(8764, 8765, 8766) 193450.0
(847, 848, 849) 204834.0
(8836, 8837, 8838) 133370.0
(4647, 4648, 4649) 168215.0
(6312, 6313, 6314) 163611.0
(1890, 1891, 1892) 158234.0
(638, 639, 640) 145324.0
(5927, 5928, 5929) 169607.0
(6313, 6314, 6315) 201309.0
(1885, 1886, 1887) 151736.0
(2317, 2318, 2319) 195254.0
(2593, 2594, 2595) 168992.0
(1348, 1349, 1350) 167533.0
(6115, 6116, 6117) 154228.0
(3318, 3319, 3320) 138071.0
(2298, 2299, 2300) 195470.0
(3233, 3234, 3235) 145525.0
(4663, 4664, 4665) 188918.0
(8183, 8184, 8185) 158059.0
(605, 606, 607) 157066.0
(9808, 9809, 9810) 166688.0
(3223, 3224, 3225) 164906.0
(2212, 2213, 2214) 203266.0
(411, 412, 413) 150474.0
(1727, 1728, 1729) 155029.0
(6412, 6413, 6414) 188939.0
(2230, 2231, 2232) 152430.0
(2052, 2053, 2054) 154294.0
(8561, 8562, 8563) 189219.0
(190, 191, 192) 144367.0
(2082, 2083, 2084) 176938.0
(5889, 5890, 5891) 229270.0
(1703, 1704, 1705) 159791.0
(3987, 3988, 3989) 152020.0
(9276, 9277, 9278) 180266.0
(2715, 2716, 2717) 175758.0
(702, 703, 704) 189407.0
(1154, 1155, 1156) 223205.0
(3256, 3257, 3258) 172694.0
(4371, 4372, 4373) 169071.0
(7537, 7538, 7539) 184219.0
(3482, 3483, 3484) 135326.0
(567, 568, 569) 192514.0
(2123, 2124, 2125) 166299.0
(7014, 7015, 7016) 199249.0
(200, 201, 202) 176217.0
(4060, 4061, 4062) 183167.0
(1754, 1755, 1756) 225048.0
(6352, 6353, 6354) 149709.0
(9746, 9747, 9748) 151792.0
(1235, 1236, 1237) 165900.0
(5771, 5772, 5773) 166117.0
(4908, 4909, 4910) 175039.0
(9562, 9563, 9564) 173535.0
(7627, 7628, 7629) 203952.0
(7471, 7472, 7473) 151844.0
(4601, 4602, 4603) 191405.0
(4293, 4294, 4295) 157201.0
(312, 313, 314) 169963.0
(6544, 6545, 6546) 167356.0
(1310, 1311, 1312) 141879.0
(2119, 2120, 2121) 139833.0
(7057, 7058, 7059) 194548.0
(3502, 3503, 3504) 153479.0
(2256, 2257, 2258) 211158.0
(2935, 2936, 2937) 201618.0
(9068, 9069, 9070) 187309.0
(6440, 6441, 6442) 181461.0
(8273, 8274, 8275) 159320.0
(4195, 4196, 4197) 147584.0
(6141, 6142, 6143) 187748.0
(7994, 7995, 7996) 127169.0
(503, 504, 505) 164687.0
(512, 513, 514) 159346.0
(2959, 2960, 2961) 190157.0
(8828, 8829, 8830) 141094.0
(3417, 3418, 3419) 163212.0
(5380, 5381, 5382) 157053.0
(339, 340, 341) 155515.0
(3906, 3907, 3908) 175224.0
(1226, 1227, 1228) 192522.0
(3886, 3887, 3888) 160912.0
(849, 850, 851) 157842.0
(171, 172, 173) 163386.0
(3668, 3669, 3670) 172142.0
(774, 775, 776) 174862.0
(1684, 1685, 1686) 195193.0
(2652, 2653, 2654) 195337.0
(1698, 1699, 1700) 198675.0
(8842, 8843, 8844) 154330.0
(6941, 6942, 6943) 185912.0
(7775, 7776, 7777) 165609.0
(8799, 8800, 8801) 168541.0
(6060, 6061, 6062) 240979.0
(7313, 7314, 7315) 235814.0
(355, 356, 357) 163638.0
(5006, 5007, 5008) 187132.0
(59, 60, 61) 148623.0
(1951, 1952, 1953) 180960.0
(3969, 3970, 3971) 162174.0
(9495, 9496, 9497) 180091.0
(4707, 4708, 4709) 149326.0
(1287, 1288, 1289) 169655.0
(8132, 8133, 8134) 176143.0
(1982, 1983, 1984) 144536.0
(4357, 4358, 4359) 173131.0
(1718, 1719, 1720) 164513.0
(1954, 1955, 1956) 138321.0
(8796, 8797, 8798) 163182.0
(7894, 7895, 7896) 147781.0
(9067, 9068, 9069) 161315.0
(7063, 7064, 7065) 196626.0
(3678, 3679, 3680) 194828.0
(7392, 7393, 7394) 189252.0
(6756, 6757, 6758) 153248.0
(8380, 8381, 8382) 156970.0
(7920, 7921, 7922) 210108.0
(3331, 3332, 3333) 142892.0
(7838, 7839, 7840) 173947.0
(7771, 7772, 7773) 161300.0
(6426, 6427, 6428) 175333.0
(2959, 2960, 2961) 190157.0
(1131, 1132, 1133) 156528.0
(9932, 9933, 9934) 166928.0
(9876, 9877, 9878) 193116.0
(3756, 3757, 3758) 151855.0
(1797, 1798, 1799) 139950.0
(9786, 9787, 9788) 191945.0
(1551, 1552, 1553) 152573.0
(7293, 7294, 7295) 159809.0
(342, 343, 344) 187219.0
(6951, 6952, 6953) 165426.0
(1956, 1957, 1958) 139296.0
(3837, 3838, 3839) 172489.0
(843, 844, 845) 156702.0
(910, 911, 912) 183944.0
(3435, 3436, 3437) 173237.0
(6218, 6219, 6220) 165674.0
(6898, 6899, 6900) 159659.0
(4618, 4619, 4620) 153478.0
(2998, 2999, 3000) 163558.0
(9451, 9452, 9453) 193632.0
(9251, 9252, 9253) 177126.0
(2165, 2166, 2167) 185409.0
(5807, 5808, 5809) 145842.0
(1142, 1143, 1144) 162782.0
(5240, 5241, 5242) 172899.0
(1468, 1469, 1470) 176439.0
(415, 416, 417) 177565.0
(2596, 2597, 2598) 193361.0
(3087, 3088, 3089) 140009.0
(3732, 3733, 3734) 207114.0
(5291, 5292, 5293) 159871.0
(6177, 6178, 6179) 148392.0
(550, 551, 552) 143654.0
(1779, 1780, 1781) 149015.0
(5816, 5817, 5818) 186759.0
(8049, 8050, 8051) 178785.0
(4370, 4371, 4372) 190588.0
(6428, 6429, 6430) 154629.0
(5655, 5656, 5657) 149690.0
(6120, 6121, 6122) 174674.0
(9136, 9137, 9138) 189759.0
(5162, 5163, 5164) 191417.0
(3942, 3943, 3944) 139366.0
(1390, 1391, 1392) 165482.0
(5392, 5393, 5394) 185432.0
(9675, 9676, 9677) 170247.0
(1089, 1090, 1091) 198430.0
(8335, 8336, 8337) 199696.0
(8034, 8035, 8036) 150491.0
(345, 346, 347) 187864.0
(7152, 7153, 7154) 157192.0
(933, 934, 935) 166211.0
(9245, 9246, 9247) 177393.0
(7969, 7970, 7971) 164050.0
(7519, 7520, 7521) 224318.0
(4954, 4955, 4956) 157205.0
(6066, 6067, 6068) 157318.0
(7303, 7304, 7305) 165717.0
(8932, 8933, 8934) 192529.0
(5923, 5924, 5925) 186299.0
(6240, 6241, 6242) 202931.0
(532, 533, 534) 179888.0
(9648, 9649, 9650) 206139.0
(6440, 6441, 6442) 181461.0
(3843, 3844, 3845) 160732.0
(6158, 6159, 6160) 175841.0
(27, 28, 29) 163770.0
(2916, 2917, 2918) 126945.0
(6058, 6059, 6060) 185862.0
(4864, 4865, 4866) 159894.0
(3065, 3066, 3067) 121286.0
(9120, 9121, 9122) 189466.0
(4016, 4017, 4018) 163193.0
(4306, 4307, 4308) 129194.0
(3356, 3357, 3358) 161832.0
(5211, 5212, 5213) 174333.0
(4759, 4760, 4761) 154653.0
(5550, 5551, 5552) 179435.0
(9051, 9052, 9053) 183495.0
(6047, 6048, 6049) 232069.0
(2749, 2750, 2751) 158712.0
(1816, 1817, 1818) 178210.0
(6366, 6367, 6368) 179868.0
(997, 998, 999) 129564.0
(5571, 5572, 5573) 153931.0
(9232, 9233, 9234) 168266.0
(1601, 1602, 1603) 191367.0
(2333, 2334, 2335) 192263.0
(1469, 1470, 1471) 146159.0
(1987, 1988, 1989) 194302.0
(5619, 5620, 5621) 134099.0
(9083, 9084, 9085) 174283.0
(5372, 5373, 5374) 157134.0
(6402, 6403, 6404) 157837.0
(1745, 1746, 1747) 164989.0
(5742, 5743, 5744) 180123.0
(9402, 9403, 9404) 201787.0
(1873, 1874, 1875) 197440.0
(1490, 1491, 1492) 150050.0
(2936, 2937, 2938) 190031.0
(9863, 9864, 9865) 165903.0
(6264, 6265, 6266) 189907.0
(5896, 5897, 5898) 219350.0
(9844, 9845, 9846) 163029.0
(9298, 9299, 9300) 191166.0
(3046, 3047, 3048) 212411.0
(3311, 3312, 3313) 207031.0
(3785, 3786, 3787) 198088.0
(6523, 6524, 6525) 172541.0
(6591, 6592, 6593) 154859.0
(2921, 2922, 2923) 176252.0
(983, 984, 985) 164697.0
(5222, 5223, 5224) 193730.0
(8940, 8941, 8942) 171505.0
(7118, 7119, 7120) 192085.0
(2704, 2705, 2706) 180534.0
(4298, 4299, 4300) 137829.0
(64, 65, 66) 179938.0
(2073, 2074, 2075) 166746.0
(4725, 4726, 4727) 173646.0
(6476, 6477, 6478) 128391.0
(3864, 3865, 3866) 214538.0
(88, 89, 90) 154888.0
(8118, 8119, 8120) 157060.0
(3098, 3099, 3100) 166799.0
(1967, 1968, 1969) 173823.0
(7632, 7633, 7634) 142007.0
(4727, 4728, 4729) 185804.0
(7981, 7982, 7983) 210525.0
(9188, 9189, 9190) 142391.0
(1977, 1978, 1979) 194387.0
(4459, 4460, 4461) 181801.0
(7847, 7848, 7849) 170330.0
(4175, 4176, 4177) 178067.0
(1635, 1636, 1637) 200364.0
(1813, 1814, 1815) 139775.0
(1685, 1686, 1687) 160027.0
(4901, 4902, 4903) 146714.0
(9284, 9285, 9286) 171616.0
(9376, 9377, 9378) 189092.0
(251, 252, 253) 154553.0
(3773, 3774, 3775) 151907.0
(3152, 3153, 3154) 189225.0
(3452, 3453, 3454) 175169.0
(2291, 2292, 2293) 194089.0
(597, 598, 599) 130270.0
(4720, 4721, 4722) 159998.0
(8070, 8071, 8072) 140089.0
(6480, 6481, 6482) 162702.0
(3659, 3660, 3661) 141420.0
(1597, 1598, 1599) 153478.0
(1384, 1385, 1386) 152952.0
(9959, 9960, 9961) 142963.0
(7050, 7051, 7052) 182513.0
(2371, 2372, 2373) 179178.0
(9414, 9415, 9416) 188485.0
(1460, 1461, 1462) 134170.0
(129, 130, 131) 158188.0
(9165, 9166, 9167) 144537.0
(7415, 7416, 7417) 221373.0
(1365, 1366, 1367) 206811.0
(7408, 7409, 7410) 171649.0
(1646, 1647, 1648) 174764.0
(6413, 6414, 6415) 190403.0
(367, 368, 369) 201928.0
(3098, 3099, 3100) 166799.0
(4892, 4893, 4894) 193797.0
(6153, 6154, 6155) 191778.0
(7118, 7119, 7120) 192085.0
(7658, 7659, 7660) 224164.0
(7902, 7903, 7904) 143140.0
(4738, 4739, 4740) 183816.0
(8267, 8268, 8269) 174536.0
(7686, 7687, 7688) 209547.0
(1936, 1937, 1938) 189341.0
(794, 795, 796) 163638.0
(2797, 2798, 2799) 214477.0
(1387, 1388, 1389) 182423.0
(6668, 6669, 6670) 173605.0
(4905, 4906, 4907) 163674.0
(2518, 2519, 2520) 222030.0
(2176, 2177, 2178) 174467.0
(1893, 1894, 1895) 178204.0
(6540, 6541, 6542) 162960.0
(888, 889, 890) 182262.0
(5708, 5709, 5710) 161927.0
(8348, 8349, 8350) 137718.0
(381, 382, 383) 174919.0
(9062, 9063, 9064) 163968.0
(7978, 7979, 7980) 205602.0
(7177, 7178, 7179) 202760.0
(6144, 6145, 6146) 153679.0
(927, 928, 929) 187613.0
(7513, 7514, 7515) 157592.0
(5155, 5156, 5157) 155852.0
(737, 738, 739) 182390.0
(5527, 5528, 5529) 208743.0
(1179, 1180, 1181) 148700.0
(1848, 1849, 1850) 238532.0
(7103, 7104, 7105) 134561.0
(7171, 7172, 7173) 153992.0
(7482, 7483, 7484) 169653.0
(5043, 5044, 5045) 152051.0
(4463, 4464, 4465) 149568.0
(6832, 6833, 6834) 176205.0
(3967, 3968, 3969) 143215.0
(2965, 2966, 2967) 167873.0
(4527, 4528, 4529) 120176.0
(7121, 7122, 7123) 150148.0
(3222, 3223, 3224) 171475.0
(6067, 6068, 6069) 179149.0
(8605, 8606, 8607) 139433.0
(7865, 7866, 7867) 177590.0
(6426, 6427, 6428) 175333.0
(1868, 1869, 1870) 207451.0
(5853, 5854, 5855) 226156.0
(4644, 4645, 4646) 170634.0
(8903, 8904, 8905) 157244.0
(4057, 4058, 4059) 218775.0
(3098, 3099, 3100) 166799.0
(2523, 2524, 2525) 150538.0
(7685, 7686, 7687) 152394.0
(7902, 7903, 7904) 143140.0
(7237, 7238, 7239) 166107.0
(4279, 4280, 4281) 147849.0
(1862, 1863, 1864) 209537.0
(7417, 7418, 7419) 166716.0
(4364, 4365, 4366) 154442.0
(1832, 1833, 1834) 158710.0
(9105, 9106, 9107) 195338.0
(5897, 5898, 5899) 250838.0
(5071, 5072, 5073) 188562.0
(592, 593, 594) 196142.0
(5271, 5272, 5273) 168986.0
(3841, 3842, 3843) 177036.0
(2658, 2659, 2660) 176032.0
(917, 918, 919) 178553.0
(7289, 7290, 7291) 222322.0
(6182, 6183, 6184) 145190.0
(2262, 2263, 2264) 164761.0
(1274, 1275, 1276) 201398.0
(9652, 9653, 9654) 158653.0
(6245, 6246, 6247) 138327.0
(4944, 4945, 4946) 155231.0
(9604, 9605, 9606) 153095.0
(5506, 5507, 5508) 226731.0
(9467, 9468, 9469) 211807.0
(5282, 5283, 5284) 190295.0
(1182, 1183, 1184) 189384.0
(9178, 9179, 9180) 161720.0
(4450, 4451, 4452) 192131.0
(5789, 5790, 5791) 159913.0
(1167, 1168, 1169) 163211.0
(6357, 6358, 6359) 199133.0
(6553, 6554, 6555) 153112.0
(9014, 9015, 9016) 156381.0
(6117, 6118, 6119) 175183.0
(6067, 6068, 6069) 179149.0
(96, 97, 98) 154912.0
(5733, 5734, 5735) 134009.0
(149, 150, 151) 207781.0
(1485, 1486, 1487) 193107.0
(1742, 1743, 1744) 204080.0
(6005, 6006, 6007) 190108.0
(3466, 3467, 3468) 133668.0
(4505, 4506, 4507) 149969.0
(4265, 4266, 4267) 219149.0
(3671, 3672, 3673) 155507.0
(4784, 4785, 4786) 164983.0
(2692, 2693, 2694) 158581.0
(320, 321, 322) 186314.0
(9003, 9004, 9005) 155162.0
(9703, 9704, 9705) 196974.0
(4736, 4737, 4738) 199183.0
(2194, 2195, 2196) 155302.0
(591, 592, 593) 162949.0
(2310, 2311, 2312) 238050.0
(6051, 6052, 6053) 185516.0
(7741, 7742, 7743) 135573.0
(1947, 1948, 1949) 179389.0
(378, 379, 380) 164456.0
(1916, 1917, 1918) 153252.0
(5781, 5782, 5783) 204538.0
(8507, 8508, 8509) 155082.0
(1926, 1927, 1928) 152659.0
(9094, 9095, 9096) 204052.0
(4793, 4794, 4795) 146870.0
(1294, 1295, 1296) 154288.0
(7344, 7345, 7346) 168208.0
(9194, 9195, 9196) 144787.0
(2973, 2974, 2975) 173067.0
(9492, 9493, 9494) 180592.0
(2789, 2790, 2791) 142029.0
(6053, 6054, 6055) 222412.0
(4280, 4281, 4282) 136322.0
(6594, 6595, 6596) 183814.0
(2431, 2432, 2433) 225029.0
(6967, 6968, 6969) 204255.0
(4204, 4205, 4206) 165863.0
(2467, 2468, 2469) 177450.0
(5059, 5060, 5061) 169656.0
(4677, 4678, 4679) 170651.0
(2189, 2190, 2191) 160982.0
(2999, 3000, 3001) 208245.0
(7687, 7688, 7689) 185469.0
(4902, 4903, 4904) 170807.0
(4423, 4424, 4425) 206288.0
(4450, 4451, 4452) 192131.0
(4288, 4289, 4290) 150240.0
(2416, 2417, 2418) 170082.0
(4348, 4349, 4350) 169237.0
(7652, 7653, 7654) 180230.0
(1552, 1553, 1554) 161147.0
(8278, 8279, 8280) 152684.0
(2174, 2175, 2176) 166807.0
(362, 363, 364) 161587.0
(9882, 9883, 9884) 152845.0
(2742, 2743, 2744) 160807.0
(610, 611, 612) 171046.0
(6190, 6191, 6192) 192722.0
(2465, 2466, 2467) 154489.0
(2626, 2627, 2628) 161658.0
(332, 333, 334) 153469.0
(8619, 8620, 8621) 208036.0
(9378, 9379, 9380) 171276.0
(9908, 9909, 9910) 157174.0
(4695, 4696, 4697) 186461.0
(8887, 8888, 8889) 164144.0
(7089, 7090, 7091) 152071.0
(8488, 8489, 8490) 197141.0
(3826, 3827, 3828) 216556.0
(6594, 6595, 6596) 183814.0
(226, 227, 228) 231642.0
(5445, 5446, 5447) 167678.0
(5094, 5095, 5096) 172383.0
(4423, 4424, 4425) 206288.0
(9692, 9693, 9694) 221437.0
(9851, 9852, 9853) 154881.0
(1090, 1091, 1092) 203072.0
(6377, 6378, 6379) 183607.0
(944, 945, 946) 161371.0
(6109, 6110, 6111) 180091.0
(6510, 6511, 6512) 166790.0
(5936, 5937, 5938) 169708.0
(8363, 8364, 8365) 191311.0
(4920, 4921, 4922) 218482.0
(9977, 9978, 9979) 180125.0
(9212, 9213, 9214) 152777.0
(9003, 9004, 9005) 155162.0
(8016, 8017, 8018) 174963.0
(9389, 9390, 9391) 212970.0
(6369, 6370, 6371) 171198.0
(2681, 2682, 2683) 193416.0
(9714, 9715, 9716) 194693.0
(4531, 4532, 4533) 138977.0
(7544, 7545, 7546) 197286.0
(1798, 1799, 1800) 203824.0
(2113, 2114, 2115) 176709.0
(6284, 6285, 6286) 197392.0
(8993, 8994, 8995) 143931.0
(8932, 8933, 8934) 192529.0
(3244, 3245, 3246) 188450.0
(3606, 3607, 3608) 184821.0
(2840, 2841, 2842) 149805.0
(2009, 2010, 2011) 217491.0
(7969, 7970, 7971) 164050.0
(3053, 3054, 3055) 168357.0
(474, 475, 476) 133206.0
(3402, 3403, 3404) 187854.0
(4683, 4684, 4685) 184366.0
(8568, 8569, 8570) 173275.0
(3017, 3018, 3019) 177019.0
(4357, 4358, 4359) 173131.0
(5891, 5892, 5893) 166530.0
(3997, 3998, 3999) 177131.0
(5911, 5912, 5913) 172222.0
(3485, 3486, 3487) 154020.0
(3971, 3972, 3973) 173062.0
(131, 132, 133) 192520.0
(9296, 9297, 9298) 150714.0
(2706, 2707, 2708) 158573.0
(6623, 6624, 6625) 182326.0
(6533, 6534, 6535) 178767.0
(3763, 3764, 3765) 169580.0
(2525, 2526, 2527) 166040.0
(2022, 2023, 2024) 147391.0
(1595, 1596, 1597) 181479.0
(8348, 8349, 8350) 137718.0
(16, 17, 18) 182754.0
(8816, 8817, 8818) 202891.0
(4917, 4918, 4919) 196774.0
(499, 500, 501) 194175.0
(841, 842, 843) 132597.0
(9915, 9916, 9917) 208091.0
(9593, 9594, 9595) 205769.0
(9708, 9709, 9710) 176717.0
(1743, 1744, 1745) 164287.0
(3039, 3040, 3041) 199162.0
(1561, 1562, 1563) 178419.0
(5588, 5589, 5590) 186261.0
(8980, 8981, 8982) 153475.0
(6551, 6552, 6553) 207984.0
(6907, 6908, 6909) 167694.0
(81, 82, 83) 153439.0
(3209, 3210, 3211) 193259.0
(2791, 2792, 2793) 163461.0
(9173, 9174, 9175) 183514.0
(6659, 6660, 6661) 181095.0
(7309, 7310, 7311) 197958.0
(2469, 2470, 2471) 207778.0
(408, 409, 410) 208680.0
(3045, 3046, 3047) 207342.0
(655, 656, 657) 206776.0
(19, 20, 21) 148685.0
(4911, 4912, 4913) 142750.0
(8757, 8758, 8759) 147843.0
(7718, 7719, 7720) 176283.0
(1457, 1458, 1459) 171947.0
(1951, 1952, 1953) 180960.0
(3874, 3875, 3876) 169643.0
(2790, 2791, 2792) 225292.0
(8501, 8502, 8503) 166421.0
(6718, 6719, 6720) 147872.0
(1925, 1926, 1927) 178414.0
(2580, 2581, 2582) 194391.0
(392, 393, 394) 180360.0
(9932, 9933, 9934) 166928.0
(1086, 1087, 1088) 154355.0
(5280, 5281, 5282) 130564.0
(1061, 1062, 1063) 188923.0
(1434, 1435, 1436) 149135.0
(810, 811, 812) 197044.0
(2388, 2389, 2390) 166914.0
(225, 226, 227) 157886.0
(945, 946, 947) 245606.0
(3459, 3460, 3461) 157064.0
(2568, 2569, 2570) 176777.0
(727, 728, 729) 152379.0
(2002, 2003, 2004) 154603.0
(2408, 2409, 2410) 150773.0
(1371, 1372, 1373) 161282.0
(8139, 8140, 8141) 145723.0
(2855, 2856, 2857) 228208.0
(3768, 3769, 3770) 141627.0
(7075, 7076, 7077) 193902.0
(3498, 3499, 3500) 200787.0
(5856, 5857, 5858) 219675.0
(8076, 8077, 8078) 135059.0
(8535, 8536, 8537) 172172.0
(1469, 1470, 1471) 146159.0
(8260, 8261, 8262) 196084.0
(26, 27, 28) 156480.0
(7816, 7817, 7818) 195693.0
(8993, 8994, 8995) 143931.0
(8330, 8331, 8332) 156943.0
(6873, 6874, 6875) 176135.0
(2504, 2505, 2506) 198537.0
(9266, 9267, 9268) 178381.0
(1144, 1145, 1146) 184618.0
(8983, 8984, 8985) 191100.0
(6844, 6845, 6846) 153618.0
(6956, 6957, 6958) 167946.0
(8135, 8136, 8137) 159389.0
(5444, 5445, 5446) 193418.0
(4442, 4443, 4444) 159009.0
(3380, 3381, 3382) 171548.0
(1344, 1345, 1346) 141263.0
(9543, 9544, 9545) 161965.0
(553, 554, 555) 152337.0
(8736, 8737, 8738) 118434.0
(668, 669, 670) 170118.0
(4672, 4673, 4674) 213631.0
(6360, 6361, 6362) 187507.0
(9438, 9439, 9440) 201438.0
(1983, 1984, 1985) 120824.0
(9467, 9468, 9469) 211807.0
(1429, 1430, 1431) 141676.0
(3699, 3700, 3701) 203891.0
(2157, 2158, 2159) 155557.0
(6971, 6972, 6973) 170849.0
(8590, 8591, 8592) 161961.0
(265, 266, 267) 146047.0
(9093, 9094, 9095) 190623.0
(388, 389, 390) 183253.0
(3875, 3876, 3877) 169053.0
(3753, 3754, 3755) 205624.0
(9798, 9799, 9800) 170694.0
(221, 222, 223) 167606.0
(7069, 7070, 7071) 204452.0
(3208, 3209, 3210) 163349.0
(9686, 9687, 9688) 181439.0
(1409, 1410, 1411) 185253.0
(4921, 4922, 4923) 202429.0
(281, 282, 283) 156474.0
(2600, 2601, 2602) 190499.0
(9896, 9897, 9898) 175468.0
(4381, 4382, 4383) 170389.0
(8678, 8679, 8680) 204551.0
(3750, 3751, 3752) 175495.0
(1244, 1245, 1246) 144245.0
(1796, 1797, 1798) 136983.0
(4465, 4466, 4467) 218585.0
(1851, 1852, 1853) 184109.0
(3959, 3960, 3961) 156568.0
(6367, 6368, 6369) 164825.0
(3055, 3056, 3057) 159750.0
(3632, 3633, 3634) 149290.0
(4773, 4774, 4775) 168757.0
(3758, 3759, 3760) 166913.0
(8161, 8162, 8163) 171708.0
(1639, 1640, 1641) 137078.0
(5791, 5792, 5793) 180945.0
(8085, 8086, 8087) 194523.0
(600, 601, 602) 140107.0
(747, 748, 749) 157543.0
(1521, 1522, 1523) 122761.0
(9545, 9546, 9547) 224517.0
(921, 922, 923) 182632.0
(6688, 6689, 6690) 153258.0
(2803, 2804, 2805) 149398.0
(1230, 1231, 1232) 172896.0
(4406, 4407, 4408) 205088.0
(7417, 7418, 7419) 166716.0
(8507, 8508, 8509) 155082.0
(5921, 5922, 5923) 167675.0
(2649, 2650, 2651) 161329.0
(237, 238, 239) 162870.0
(893, 894, 895) 151660.0
(6316, 6317, 6318) 204604.0
(9337, 9338, 9339) 157480.0
(3810, 3811, 3812) 177289.0
(8003, 8004, 8005) 215076.0
(2535, 2536, 2537) 148730.0
(2582, 2583, 2584) 149087.0
(8040, 8041, 8042) 215108.0
(5226, 5227, 5228) 149474.0
(7066, 7067, 7068) 187539.0
(2750, 2751, 2752) 163936.0
(1274, 1275, 1276) 201398.0
(351, 352, 353) 173698.0
(1822, 1823, 1824) 175119.0
(2711, 2712, 2713) 173956.0
(2699, 2700, 2701) 146575.0
(5954, 5955, 5956) 184451.0
(4967, 4968, 4969) 170382.0
(9693, 9694, 9695) 191181.0
(2640, 2641, 2642) 191717.0
(2562, 2563, 2564) 207501.0
(7819, 7820, 7821) 161684.0
(3859, 3860, 3861) 166524.0
(4913, 4914, 4915) 155087.0
(8479, 8480, 8481) 200449.0
(1707, 1708, 1709) 148712.0
(6250, 6251, 6252) 183005.0
(719, 720, 721) 173229.0
(8998, 8999, 9000) 214057.0
(5397, 5398, 5399) 160288.0
(8405, 8406, 8407) 185335.0
(5922, 5923, 5924) 184074.0
(3635, 3636, 3637) 197258.0
(3340, 3341, 3342) 187216.0
(5381, 5382, 5383) 140477.0
(867, 868, 869) 187991.0
(311, 312, 313) 160697.0
(608, 609, 610) 179311.0
(5037, 5038, 5039) 147992.0
(941, 942, 943) 156846.0
(4675, 4676, 4677) 160438.0
(2030, 2031, 2032) 201043.0
(7044, 7045, 7046) 203254.0
(2651, 2652, 2653) 160024.0
(69, 70, 71) 158581.0
(5604, 5605, 5606) 176735.0
(9969, 9970, 9971) 183699.0
(7417, 7418, 7419) 166716.0
(3084, 3085, 3086) 153566.0
(4520, 4521, 4522) 229987.0
(2965, 2966, 2967) 167873.0
(2446, 2447, 2448) 196539.0
(5307, 5308, 5309) 199906.0
(5271, 5272, 5273) 168986.0
(7034, 7035, 7036) 141842.0
(9997, 9998, 9999) 209488.0
(8251, 8252, 8253) 179252.0
(8238, 8239, 8240) 167826.0
(7069, 7070, 7071) 204452.0
(9792, 9793, 9794) 191114.0
(3380, 3381, 3382) 171548.0
(5430, 5431, 5432) 174583.0
(2531, 2532, 2533) 182952.0
(8366, 8367, 8368) 180045.0
(9730, 9731, 9732) 201945.0
(7900, 7901, 7902) 159302.0
(5984, 5985, 5986) 205662.0
(1285, 1286, 1287) 188687.0
(8509, 8510, 8511) 174875.0
(1435, 1436, 1437) 172556.0
(7298, 7299, 7300) 238096.0
(9116, 9117, 9118) 172974.0
(5330, 5331, 5332) 163450.0
(944, 945, 946) 161371.0
(2124, 2125, 2126) 187385.0
(6280, 6281, 6282) 152170.0
(8441, 8442, 8443) 153147.0
(7628, 7629, 7630) 181884.0
(683, 684, 685) 161076.0
(2315, 2316, 2317) 182977.0
(617, 618, 619) 149384.0
(9275, 9276, 9277) 173621.0
(9357, 9358, 9359) 178645.0
(2422, 2423, 2424) 156423.0
(7399, 7400, 7401) 178784.0
(8306, 8307, 8308) 180757.0
(3959, 3960, 3961) 156568.0
(3101, 3102, 3103) 132273.0
(4253, 4254, 4255) 171123.0
(7546, 7547, 7548) 150596.0
(5066, 5067, 5068) 240947.0
(2634, 2635, 2636) 189086.0
(2261, 2262, 2263) 171909.0
(2793, 2794, 2795) 155147.0
(6180, 6181, 6182) 150326.0
(8151, 8152, 8153) 221348.0
(5603, 5604, 5605) 137677.0
(3277, 3278, 3279) 153987.0
(1235, 1236, 1237) 165900.0
(4052, 4053, 4054) 155804.0
(7494, 7495, 7496) 129230.0
(8629, 8630, 8631) 173487.0
(2166, 2167, 2168) 146680.0
(114, 115, 116) 234856.0
(6209, 6210, 6211) 190361.0
(1739, 1740, 1741) 198450.0
(9668, 9669, 9670) 180488.0
(8704, 8705, 8706) 180551.0
(5486, 5487, 5488) 190850.0
(362, 363, 364) 161587.0
(4068, 4069, 4070) 199380.0
(256, 257, 258) 167782.0
(2339, 2340, 2341) 182656.0
(1762, 1763, 1764) 205815.0
(2918, 2919, 2920) 144928.0
(5133, 5134, 5135) 157114.0
(3984, 3985, 3986) 173091.0
(6196, 6197, 6198) 219598.0
(9119, 9120, 9121) 200225.0
(7268, 7269, 7270) 202022.0
(3798, 3799, 3800) 201318.0
(6461, 6462, 6463) 153085.0
(3718, 3719, 3720) 146971.0
(1687, 1688, 1689) 164596.0
(5011, 5012, 5013) 146081.0
(1651, 1652, 1653) 196306.0
(4062, 4063, 4064) 173461.0
(1104, 1105, 1106) 185552.0
(8528, 8529, 8530) 162890.0
(9600, 9601, 9602) 177600.0
(4625, 4626, 4627) 209273.0
(3525, 3526, 3527) 181438.0
(2098, 2099, 2100) 185935.0
(1028, 1029, 1030) 164917.0
(9223, 9224, 9225) 178918.0
(2240, 2241, 2242) 148835.0
(8879, 8880, 8881) 168572.0
(5229, 5230, 5231) 187810.0
(8119, 8120, 8121) 175343.0
(8999, 9000, 9001) 167855.0
(3482, 3483, 3484) 135326.0
(5515, 5516, 5517) 196317.0
(6170, 6171, 6172) 158353.0
(4437, 4438, 4439) 153919.0
(4029, 4030, 4031) 149065.0
(8525, 8526, 8527) 181739.0
(8776, 8777, 8778) 176155.0
(9352, 9353, 9354) 153095.0
(9438, 9439, 9440) 201438.0
(7053, 7054, 7055) 157013.0
(3007, 3008, 3009) 174824.0
(6544, 6545, 6546) 167356.0
(5112, 5113, 5114) 211474.0
(333, 334, 335) 176216.0
(5616, 5617, 5618) 196350.0
(583, 584, 585) 183498.0
(426, 427, 428) 163955.0
(7529, 7530, 7531) 210667.0
(4628, 4629, 4630) 166028.0
(6360, 6361, 6362) 187507.0
(2655, 2656, 2657) 208676.0
(5124, 5125, 5126) 168744.0
(8468, 8469, 8470) 181615.0
