(1203, 1204, 1205) 7976.0
(3856, 3857, 3858) 10255.0
(5561, 5562, 5563) 4936.0
(5357, 5358, 5359) 6761.0
(5399, 5400, 5401) 5624.0
(9435, 9436, 9437) 8805.0
(8963, 8964, 8965) 5908.0
(1197, 1198, 1199) 7977.0
(6726, 6727, 6728) 15878.0
(8198, 8199, 8200) 9917.0
(410, 411, 412) 5588.0
(3957, 3958, 3959) 8142.0
(5952, 5953, 5954) 6725.0
(6400, 6401, 6402) 6397.0
(2078, 2079, 2080) 5976.0
(7837, 7838, 7839) 6674.0
(3883, 3884, 3885) 7503.0
(7614, 7615, 7616) 9758.0
(3459, 3460, 3461) 5609.0
(7489, 7490, 7491) 7750.0
(9596, 9597, 9598) 8067.0
(4978, 4979, 4980) 7079.0
(5388, 5389, 5390) 6746.0
(3031, 3032, 3033) 8321.0
(1174, 1175, 1176) 8238.0
(2065, 2066, 2067) 8174.0
(9214, 9215, 9216) 7536.0
(6848, 6849, 6850) 5146.0
(1765, 1766, 1767) 5360.0
(7507, 7508, 7509) 8066.0
(5849, 5850, 5851) 7112.0
(9932, 9933, 9934) 7124.0
(5216, 5217, 5218) 8989.0
(3445, 3446, 3447) 5807.0
(4465, 4466, 4467) 8797.0
(2606, 2607, 2608) 7276.0
(4339, 4340, 4341) 7550.0
(9591, 9592, 9593) 9569.0
(3762, 3763, 3764) 5932.0
(2118, 2119, 2120) 7970.0
(747, 748, 749) 9018.0
(5272, 5273, 5274) 9258.0
(4298, 4299, 4300) 7733.0
(5854, 5855, 5856) 6103.0
(5313, 5314, 5315) 6616.0
(2391, 2392, 2393) 5582.0
(7831, 7832, 7833) 9953.0
(6611, 6612, 6613) 7724.0
(4605, 4606, 4607) 7135.0
(510, 511, 512) 10781.0
(851, 852, 853) 6663.0
(6305, 6306, 6307) 10630.0
(3709, 3710, 3711) 5048.0
(6454, 6455, 6456) 7085.0
(3537, 3538, 3539) 7218.0
(8807, 8808, 8809) 5295.0
(610, 611, 612) 7406.0
(3528, 3529, 3530) 8018.0
(4941, 4942, 4943) 5231.0
(2291, 2292, 2293) 7395.0
(3274, 3275, 3276) 6440.0
(4528, 4529, 4530) 7402.0
(5082, 5083, 5084) 5954.0
(7506, 7507, 7508) 8642.0
(3499, 3500, 3501) 8929.0
(6152, 6153, 6154) 8644.0
(3606, 3607, 3608) 5541.0
(3539, 3540, 3541) 10412.0
(798, 799, 800) 6620.0
(8841, 8842, 8843) 6168.0
(3231, 3232, 3233) 10435.0
(5695, 5696, 5697) 7180.0
(730, 731, 732) 9018.0
(8222, 8223, 8224) 8877.0
(4028, 4029, 4030) 8552.0
(6308, 6309, 6310) 7863.0
(9909, 9910, 9911) 9529.0
(9396, 9397, 9398) 8816.0
(3773, 3774, 3775) 8116.0
(4579, 4580, 4581) 6864.0
(8893, 8894, 8895) 7004.0
(8718, 8719, 8720) 7613.0
(8780, 8781, 8782) 8281.0
(6942, 6943, 6944) 5998.0
(7592, 7593, 7594) 5729.0
(1317, 1318, 1319) 6460.0
(2140, 2141, 2142) 6776.0
(9030, 9031, 9032) 8489.0
(5610, 5611, 5612) 7957.0
(4787, 4788, 4789) 6786.0
(4916, 4917, 4918) 7481.0
(6974, 6975, 6976) 4639.0
(7480, 7481, 7482) 7136.0
(403, 404, 405) 6810.0
(885, 886, 887) 6281.0
(4006, 4007, 4008) 8294.0
(1451, 1452, 1453) 5754.0
(5111, 5112, 5113) 7442.0
(4230, 4231, 4232) 10560.0
(4009, 4010, 4011) 8039.0
(7677, 7678, 7679) 8202.0
(3244, 3245, 3246) 7355.0
(3239, 3240, 3241) 9572.0
(8159, 8160, 8161) 8768.0
(2525, 2526, 2527) 8220.0
(5373, 5374, 5375) 6819.0
(6184, 6185, 6186) 8621.0
(3060, 3061, 3062) 5575.0
(9395, 9396, 9397) 6553.0
(4806, 4807, 4808) 7581.0
(4341, 4342, 4343) 9128.0
(2518, 2519, 2520) 10245.0
(5543, 5544, 5545) 5293.0
(5874, 5875, 5876) 9937.0
(4646, 4647, 4648) 6767.0
(2737, 2738, 2739) 6524.0
(7481, 7482, 7483) 6289.0
(4281, 4282, 4283) 5461.0
(716, 717, 718) 6666.0
(9948, 9949, 9950) 9168.0
(2872, 2873, 2874) 7544.0
(9617, 9618, 9619) 5763.0
(3582, 3583, 3584) 7028.0
(4001, 4002, 4003) 7721.0
(3107, 3108, 3109) 7444.0
(5672, 5673, 5674) 9645.0
(7481, 7482, 7483) 6289.0
(777, 778, 779) 7829.0
(2037, 2038, 2039) 8217.0
(6433, 6434, 6435) 6332.0
(8711, 8712, 8713) 4921.0
(6476, 6477, 6478) 6307.0
(7721, 7722, 7723) 7074.0
(8356, 8357, 8358) 7215.0
(8051, 8052, 8053) 8832.0
(2752, 2753, 2754) 7264.0
(4740, 4741, 4742) 9110.0
(1944, 1945, 1946) 6706.0
(9181, 9182, 9183) 7508.0
(8877, 8878, 8879) 7286.0
(4582, 4583, 4584) 7139.0
(8735, 8736, 8737) 9400.0
(5390, 5391, 5392) 8873.0
(5319, 5320, 5321) 6768.0
(8547, 8548, 8549) 7411.0
(960, 961, 962) 8775.0
(3972, 3973, 3974) 10905.0
(3517, 3518, 3519) 7950.0
(2022, 2023, 2024) 7364.0
(8274, 8275, 8276) 7988.0
(9581, 9582, 9583) 8826.0
(7240, 7241, 7242) 8598.0
(4635, 4636, 4637) 11656.0
(7526, 7527, 7528) 6713.0
(6099, 6100, 6101) 8285.0
(7734, 7735, 7736) 7378.0
(6256, 6257, 6258) 6221.0
(3030, 3031, 3032) 9395.0
(7839, 7840, 7841) 7904.0
(4767, 4768, 4769) 5525.0
(1541, 1542, 1543) 7808.0
(5304, 5305, 5306) 7130.0
(493, 494, 495) 9303.0
(5257, 5258, 5259) 7540.0
(9284, 9285, 9286) 6661.0
(4045, 4046, 4047) 7246.0
(3390, 3391, 3392) 8184.0
(8648, 8649, 8650) 6278.0
(9851, 9852, 9853) 10469.0
(1160, 1161, 1162) 9694.0
(1736, 1737, 1738) 6655.0
(2633, 2634, 2635) 8231.0
(2659, 2660, 2661) 8178.0
(2591, 2592, 2593) 8950.0
(8721, 8722, 8723) 7972.0
(7845, 7846, 7847) 6192.0
(7811, 7812, 7813) 7503.0
(3900, 3901, 3902) 8435.0
(720, 721, 722) 7354.0
(115, 116, 117) 11241.0
(4542, 4543, 4544) 7529.0
(2768, 2769, 2770) 6414.0
(1743, 1744, 1745) 5670.0
(3485, 3486, 3487) 6526.0
(4056, 4057, 4058) 9452.0
(4670, 4671, 4672) 4750.0
(1843, 1844, 1845) 8578.0
(8741, 8742, 8743) 7525.0
(9221, 9222, 9223) 9908.0
(2666, 2667, 2668) 8747.0
(2337, 2338, 2339) 7974.0
(6807, 6808, 6809) 6086.0
(9090, 9091, 9092) 7383.0
(5594, 5595, 5596) 6246.0
(6698, 6699, 6700) 8439.0
(4339, 4340, 4341) 7550.0
(799, 800, 801) 11003.0
(422, 423, 424) 7672.0
(2567, 2568, 2569) 9167.0
(4, 5, 6) 7545.0
(1578, 1579, 1580) 6127.0
(8252, 8253, 8254) 7861.0
(2943, 2944, 2945) 5578.0
(2405, 2406, 2407) 5187.0
(1893, 1894, 1895) 9773.0
(3638, 3639, 3640) 12272.0
(5855, 5856, 5857) 4259.0
(7539, 7540, 7541) 7575.0
(909, 910, 911) 7100.0
(510, 511, 512) 10781.0
(6444, 6445, 6446) 6786.0
(1398, 1399, 1400) 10484.0
(9856, 9857, 9858) 6503.0
(2805, 2806, 2807) 7074.0
(4440, 4441, 4442) 7271.0
(3988, 3989, 3990) 9036.0
(7146, 7147, 7148) 5744.0
(210, 211, 212) 5618.0
(4405, 4406, 4407) 6273.0
(7984, 7985, 7986) 6011.0
(3178, 3179, 3180) 10148.0
(4965, 4966, 4967) 7582.0
(5865, 5866, 5867) 7916.0
(6478, 6479, 6480) 6117.0
(286, 287, 288) 6154.0
(9184, 9185, 9186) 8349.0
(8764, 8765, 8766) 9270.0
(1600, 1601, 1602) 9343.0
(4747, 4748, 4749) 7301.0
(3519, 3520, 3521) 7140.0
(2364, 2365, 2366) 6496.0
(7888, 7889, 7890) 7516.0
(6070, 6071, 6072) 6342.0
(6531, 6532, 6533) 8571.0
(6704, 6705, 6706) 9074.0
(9751, 9752, 9753) 10900.0
(3073, 3074, 3075) 12114.0
(6579, 6580, 6581) 6116.0
(8779, 8780, 8781) 8188.0
(5591, 5592, 5593) 7253.0
(6570, 6571, 6572) 7244.0
(5036, 5037, 5038) 7753.0
(2947, 2948, 2949) 6384.0
(1507, 1508, 1509) 8011.0
(1852, 1853, 1854) 13668.0
(9925, 9926, 9927) 7838.0
(8789, 8790, 8791) 5883.0
(5951, 5952, 5953) 6163.0
(8878, 8879, 8880) 8416.0
(8014, 8015, 8016) 6203.0
(5505, 5506, 5507) 6276.0
(969, 970, 971) 7909.0
(672, 673, 674) 5628.0
(5866, 5867, 5868) 4657.0
(753, 754, 755) 9082.0
(825, 826, 827) 6315.0
(5831, 5832, 5833) 8985.0
(2392, 2393, 2394) 5232.0
(2084, 2085, 2086) 4395.0
(4012, 4013, 4014) 6049.0
(5375, 5376, 5377) 10041.0
(3433, 3434, 3435) 9512.0
(8711, 8712, 8713) 4921.0
(736, 737, 738) 7110.0
(7000, 7001, 7002) 5517.0
(7864, 7865, 7866) 6177.0
(2267, 2268, 2269) 9694.0
(549, 550, 551) 9069.0
(5865, 5866, 5867) 7916.0
(7747, 7748, 7749) 7132.0
(7499, 7500, 7501) 5717.0
(6443, 6444, 6445) 7188.0
(7182, 7183, 7184) 6451.0
(6902, 6903, 6904) 8011.0
(2018, 2019, 2020) 10699.0
(1370, 1371, 1372) 5516.0
(8085, 8086, 8087) 8676.0
(533, 534, 535) 8612.0
(8689, 8690, 8691) 7408.0
(8040, 8041, 8042) 9249.0
(4969, 4970, 4971) 7777.0
(6678, 6679, 6680) 12053.0
(7843, 7844, 7845) 8695.0
(7178, 7179, 7180) 7900.0
(1353, 1354, 1355) 6680.0
(5609, 5610, 5611) 7534.0
(7354, 7355, 7356) 9425.0
(2990, 2991, 2992) 8391.0
(3672, 3673, 3674) 5980.0
(4240, 4241, 4242) 6767.0
(161, 162, 163) 6792.0
(4709, 4710, 4711) 7532.0
(4474, 4475, 4476) 8593.0
(2732, 2733, 2734) 6727.0
(4380, 4381, 4382) 7372.0
(4000, 4001, 4002) 9651.0
(3607, 3608, 3609) 8273.0
(1116, 1117, 1118) 8110.0
(4963, 4964, 4965) 6370.0
(5014, 5015, 5016) 11004.0
(783, 784, 785) 8068.0
(4761, 4762, 4763) 7911.0
(8887, 8888, 8889) 6815.0
(8051, 8052, 8053) 8832.0
(6451, 6452, 6453) 9048.0
(5516, 5517, 5518) 7464.0
(8827, 8828, 8829) 9061.0
(2945, 2946, 2947) 6484.0
(9356, 9357, 9358) 6456.0
(8903, 8904, 8905) 5260.0
(7673, 7674, 7675) 4713.0
(2724, 2725, 2726) 10548.0
(1892, 1893, 1894) 5646.0
(3337, 3338, 3339) 5393.0
(5108, 5109, 5110) 7872.0
(6069, 6070, 6071) 7821.0
(5925, 5926, 5927) 6473.0
(139, 140, 141) 7540.0
(7422, 7423, 7424) 6043.0
(8553, 8554, 8555) 8617.0
(6936, 6937, 6938) 5993.0
(6413, 6414, 6415) 6772.0
(9138, 9139, 9140) 7383.0
(9388, 9389, 9390) 6470.0
(1909, 1910, 1911) 6042.0
(4133, 4134, 4135) 7150.0
(184, 185, 186) 9849.0
(6129, 6130, 6131) 6032.0
(918, 919, 920) 5373.0
(5362, 5363, 5364) 6499.0
(5137, 5138, 5139) 7573.0
(9652, 9653, 9654) 5375.0
(3943, 3944, 3945) 7261.0
(5148, 5149, 5150) 12917.0
(7438, 7439, 7440) 5476.0
(4599, 4600, 4601) 8131.0
(4876, 4877, 4878) 9494.0
(8979, 8980, 8981) 9369.0
(6157, 6158, 6159) 6263.0
(2656, 2657, 2658) 5836.0
(9027, 9028, 9029) 5837.0
(1176, 1177, 1178) 9957.0
(5567, 5568, 5569) 7524.0
(8586, 8587, 8588) 7838.0
(3099, 3100, 3101) 10266.0
(7857, 7858, 7859) 9247.0
(9652, 9653, 9654) 5375.0
(7040, 7041, 7042) 9617.0
(8981, 8982, 8983) 4960.0
(987, 988, 989) 7887.0
(8768, 8769, 8770) 8363.0
(1785, 1786, 1787) 7742.0
(4566, 4567, 4568) 6793.0
(575, 576, 577) 7992.0
(5887, 5888, 5889) 6933.0
(6805, 6806, 6807) 6412.0
(3534, 3535, 3536) 5761.0
(3294, 3295, 3296) 9042.0
(368, 369, 370) 7739.0
(9924, 9925, 9926) 6065.0
(544, 545, 546) 8270.0
(9263, 9264, 9265) 5233.0
(1669, 1670, 1671) 8320.0
(3800, 3801, 3802) 8658.0
(9811, 9812, 9813) 9040.0
(2673, 2674, 2675) 7328.0
(3147, 3148, 3149) 7879.0
(6801, 6802, 6803) 6308.0
(4946, 4947, 4948) 7944.0
(3954, 3955, 3956) 7115.0
(2678, 2679, 2680) 8949.0
(2836, 2837, 2838) 6082.0
(7402, 7403, 7404) 6309.0
(7623, 7624, 7625) 8086.0
(436, 437, 438) 8547.0
(9269, 9270, 9271) 10761.0
(8995, 8996, 8997) 6597.0
(7612, 7613, 7614) 4861.0
(1651, 1652, 1653) 8404.0
(6947, 6948, 6949) 11716.0
(6225, 6226, 6227) 6756.0
(2844, 2845, 2846) 7924.0
(9926, 9927, 9928) 5115.0
(1336, 1337, 1338) 8480.0
(2403, 2404, 2405) 7618.0
(8054, 8055, 8056) 6976.0
(787, 788, 789) 5411.0
(8614, 8615, 8616) 5098.0
(4612, 4613, 4614) 7092.0
(4468, 4469, 4470) 9532.0
(1358, 1359, 1360) 8196.0
(1185, 1186, 1187) 8552.0
(500, 501, 502) 9402.0
(6017, 6018, 6019) 7463.0
(2127, 2128, 2129) 7298.0
(4475, 4476, 4477) 5891.0
(8489, 8490, 8491) 7068.0
(6821, 6822, 6823) 6548.0
(2624, 2625, 2626) 9351.0
(9833, 9834, 9835) 6197.0
(8924, 8925, 8926) 6600.0
(8587, 8588, 8589) 6877.0
(2542, 2543, 2544) 6222.0
(2670, 2671, 2672) 8033.0
(1154, 1155, 1156) 13383.0
(7372, 7373, 7374) 8435.0
(2004, 2005, 2006) 5546.0
(6246, 6247, 6248) 7039.0
(4709, 4710, 4711) 7532.0
(6232, 6233, 6234) 6458.0
(7524, 7525, 7526) 6736.0
(256, 257, 258) 6947.0
(7434, 7435, 7436) 6446.0
(6080, 6081, 6082) 10521.0
(5621, 5622, 5623) 7332.0
(8898, 8899, 8900) 7069.0
(5516, 5517, 5518) 7464.0
(166, 167, 168) 8523.0
(4325, 4326, 4327) 6647.0
(5819, 5820, 5821) 7787.0
(1869, 1870, 1871) 7302.0
(8456, 8457, 8458) 8114.0
(9806, 9807, 9808) 7724.0
(6457, 6458, 6459) 7093.0
(3672, 3673, 3674) 5980.0
(1000, 1001, 1002) 11310.0
(6731, 6732, 6733) 8149.0
(6285, 6286, 6287) 7178.0
(6537, 6538, 6539) 7757.0
(5738, 5739, 5740) 8918.0
(8730, 8731, 8732) 9995.0
(8637, 8638, 8639) 10200.0
(6232, 6233, 6234) 6458.0
(4832, 4833, 4834) 8730.0
(7339, 7340, 7341) 7603.0
(265, 266, 267) 7849.0
(9749, 9750, 9751) 6019.0
(5945, 5946, 5947) 7713.0
(2921, 2922, 2923) 9419.0
(4492, 4493, 4494) 4969.0
(5749, 5750, 5751) 9111.0
(9833, 9834, 9835) 6197.0
(8031, 8032, 8033) 8175.0
(4110, 4111, 4112) 9398.0
(1611, 1612, 1613) 7505.0
(1223, 1224, 1225) 8085.0
(8777, 8778, 8779) 8311.0
(9642, 9643, 9644) 8962.0
(7813, 7814, 7815) 6959.0
(9365, 9366, 9367) 7840.0
(4880, 4881, 4882) 7984.0
(1318, 1319, 1320) 7681.0
(8552, 8553, 8554) 7997.0
(5449, 5450, 5451) 6695.0
(4143, 4144, 4145) 8026.0
(7593, 7594, 7595) 8757.0
(2716, 2717, 2718) 5138.0
(3353, 3354, 3355) 7405.0
(6945, 6946, 6947) 10580.0
(9277, 9278, 9279) 5847.0
(5606, 5607, 5608) 6792.0
(3658, 3659, 3660) 8057.0
(8257, 8258, 8259) 7087.0
(1213, 1214, 1215) 5680.0
(5118, 5119, 5120) 7475.0
(5150, 5151, 5152) 8240.0
(2266, 2267, 2268) 6387.0
(8522, 8523, 8524) 6640.0
(8214, 8215, 8216) 10227.0
(9150, 9151, 9152) 7488.0
(6550, 6551, 6552) 8427.0
(7629, 7630, 7631) 9265.0
(9522, 9523, 9524) 7200.0
(524, 525, 526) 10096.0
(5611, 5612, 5613) 8015.0
(4778, 4779, 4780) 6626.0
(8541, 8542, 8543) 7126.0
(8179, 8180, 8181) 4421.0
(6756, 6757, 6758) 9159.0
(5206, 5207, 5208) 7292.0
(282, 283, 284) 10077.0
(8722, 8723, 8724) 8342.0
(5043, 5044, 5045) 10062.0
(7164, 7165, 7166) 6484.0
(3976, 3977, 3978) 6020.0
(7707, 7708, 7709) 7378.0
(4154, 4155, 4156) 7806.0
(5686, 5687, 5688) 11260.0
(6595, 6596, 6597) 5943.0
(393, 394, 395) 5927.0
(7271, 7272, 7273) 6266.0
(1619, 1620, 1621) 10149.0
(4001, 4002, 4003) 7721.0
(938, 939, 940) 6070.0
(6664, 6665, 6666) 6550.0
(4760, 4761, 4762) 8691.0
(8339, 8340, 8341) 10936.0
(152, 153, 154) 8007.0
(1691, 1692, 1693) 7044.0
(3325, 3326, 3327) 7342.0
(8139, 8140, 8141) 8155.0
(9515, 9516, 9517) 6165.0
(5900, 5901, 5902) 5826.0
(4340, 4341, 4342) 4787.0
(999, 1000, 1001) 6848.0
(2217, 2218, 2219) 6903.0
(4778, 4779, 4780) 6626.0
(2540, 2541, 2542) 10103.0
(6421, 6422, 6423) 4745.0
(7258, 7259, 7260) 6319.0
(4614, 4615, 4616) 8999.0
(1333, 1334, 1335) 8071.0
(676, 677, 678) 8427.0
(8266, 8267, 8268) 9005.0
(580, 581, 582) 6011.0
(216, 217, 218) 7678.0
(4744, 4745, 4746) 7792.0
(518, 519, 520) 8295.0
(2808, 2809, 2810) 4598.0
(1777, 1778, 1779) 7963.0
(2822, 2823, 2824) 6856.0
(9070, 9071, 9072) 6221.0
(1749, 1750, 1751) 5845.0
(5149, 5150, 5151) 5948.0
(1799, 1800, 1801) 7258.0
(8731, 8732, 8733) 6719.0
(6299, 6300, 6301) 8693.0
(6277, 6278, 6279) 8381.0
(587, 588, 589) 4989.0
(5761, 5762, 5763) 8197.0
(5263, 5264, 5265) 9840.0
(2926, 2927, 2928) 8062.0
(5833, 5834, 5835) 8461.0
(8106, 8107, 8108) 7355.0
(8558, 8559, 8560) 9269.0
(7437, 7438, 7439) 9743.0
(4122, 4123, 4124) 6196.0
(210, 211, 212) 5618.0
(7018, 7019, 7020) 7947.0
(582, 583, 584) 8074.0
(2180, 2181, 2182) 5332.0
(819, 820, 821) 8068.0
(8995, 8996, 8997) 6597.0
(8161, 8162, 8163) 7178.0
(3135, 3136, 3137) 6136.0
(6137, 6138, 6139) 6681.0
(2794, 2795, 2796) 6446.0
(3122, 3123, 3124) 9706.0
(2905, 2906, 2907) 9048.0
(2745, 2746, 2747) 8067.0
(69, 70, 71) 6170.0
(6751, 6752, 6753) 8131.0
(5320, 5321, 5322) 7904.0
(7411, 7412, 7413) 9783.0
(6818, 6819, 6820) 6499.0
(9299, 9300, 9301) 9080.0
(9197, 9198, 9199) 5793.0
(8309, 8310, 8311) 6016.0
(6525, 6526, 6527) 7196.0
(2485, 2486, 2487) 5063.0
(2968, 2969, 2970) 9293.0
(3659, 3660, 3661) 8322.0
(2528, 2529, 2530) 7230.0
(4137, 4138, 4139) 9218.0
(4996, 4997, 4998) 9228.0
(5160, 5161, 5162) 7286.0
(5812, 5813, 5814) 6480.0
(9527, 9528, 9529) 10244.0
(7827, 7828, 7829) 7381.0
(3251, 3252, 3253) 9456.0
(3298, 3299, 3300) 6479.0
(3757, 3758, 3759) 6955.0
(9847, 9848, 9849) 7455.0
(2774, 2775, 2776) 11151.0
(1650, 1651, 1652) 7569.0
(1250, 1251, 1252) 6838.0
(534, 535, 536) 4723.0
(2966, 2967, 2968) 6401.0
(3551, 3552, 3553) 5881.0
(9678, 9679, 9680) 8963.0
(1738, 1739, 1740) 6253.0
(1375, 1376, 1377) 4956.0
(8458, 8459, 8460) 6872.0
(9467, 9468, 9469) 6629.0
(7304, 7305, 7306) 8227.0
(2739, 2740, 2741) 6251.0
(7184, 7185, 7186) 8893.0
(9578, 9579, 9580) 11360.0
(5457, 5458, 5459) 7229.0
(3621, 3622, 3623) 7672.0
(9504, 9505, 9506) 8347.0
(3321, 3322, 3323) 10490.0
(7656, 7657, 7658) 4734.0
(9400, 9401, 9402) 6131.0
(7177, 7178, 7179) 8038.0
(157, 158, 159) 8204.0
(4304, 4305, 4306) 6550.0
(2415, 2416, 2417) 10190.0
(1627, 1628, 1629) 7150.0
(8918, 8919, 8920) 8208.0
(4221, 4222, 4223) 9123.0
(5868, 5869, 5870) 6783.0
(1098, 1099, 1100) 8500.0
(4152, 4153, 4154) 9490.0
(2244, 2245, 2246) 7559.0
(2398, 2399, 2400) 5497.0
(712, 713, 714) 7385.0
(7720, 7721, 7722) 7668.0
(9874, 9875, 9876) 9161.0
(1045, 1046, 1047) 9846.0
(7601, 7602, 7603) 8313.0
(936, 937, 938) 6296.0
(2100, 2101, 2102) 11089.0
(8402, 8403, 8404) 7035.0
(2775, 2776, 2777) 7644.0
(2656, 2657, 2658) 5836.0
(5071, 5072, 5073) 9404.0
(8094, 8095, 8096) 7710.0
(5063, 5064, 5065) 9636.0
(8888, 8889, 8890) 6475.0
(858, 859, 860) 7624.0
(5034, 5035, 5036) 5062.0
(7067, 7068, 7069) 6353.0
(8549, 8550, 8551) 6354.0
(6583, 6584, 6585) 7988.0
(2260, 2261, 2262) 6828.0
(6812, 6813, 6814) 6914.0
(3330, 3331, 3332) 5815.0
(3231, 3232, 3233) 10435.0
(5799, 5800, 5801) 11023.0
(748, 749, 750) 5379.0
(8611, 8612, 8613) 5502.0
(6063, 6064, 6065) 5789.0
(7491, 7492, 7493) 6952.0
(9729, 9730, 9731) 5314.0
(1302, 1303, 1304) 6180.0
(9762, 9763, 9764) 8335.0
(6266, 6267, 6268) 7688.0
(7824, 7825, 7826) 8106.0
(4843, 4844, 4845) 11409.0
(9203, 9204, 9205) 4675.0
(7163, 7164, 7165) 9457.0
(9722, 9723, 9724) 6614.0
(3194, 3195, 3196) 7387.0
(6910, 6911, 6912) 6320.0
(4686, 4687, 4688) 9416.0
(437, 438, 439) 7424.0
(9095, 9096, 9097) 9319.0
(7398, 7399, 7400) 5811.0
(9783, 9784, 9785) 5543.0
(537, 538, 539) 8552.0
(5174, 5175, 5176) 4819.0
(8250, 8251, 8252) 7812.0
(7527, 7528, 7529) 8968.0
(5208, 5209, 5210) 8836.0
(923, 924, 925) 5696.0
(4207, 4208, 4209) 4555.0
(111, 112, 113) 7743.0
(2958, 2959, 2960) 6684.0
(2771, 2772, 2773) 6552.0
(3917, 3918, 3919) 6035.0
(6230, 6231, 6232) 5224.0
(8520, 8521, 8522) 6071.0
(6073, 6074, 6075) 4698.0
(5344, 5345, 5346) 8960.0
(23, 24, 25) 6203.0
(2187, 2188, 2189) 7668.0
(1124, 1125, 1126) 12455.0
(7633, 7634, 7635) 7128.0
(6721, 6722, 6723) 7193.0
(8661, 8662, 8663) 6588.0
(2970, 2971, 2972) 8653.0
(8716, 8717, 8718) 6701.0
(1432, 1433, 1434) 9328.0
(9446, 9447, 9448) 7540.0
(6896, 6897, 6898) 7587.0
(1910, 1911, 1912) 8870.0
(1542, 1543, 1544) 8093.0
(7313, 7314, 7315) 8287.0
(9100, 9101, 9102) 8302.0
(844, 845, 846) 8553.0
(5237, 5238, 5239) 7243.0
(7784, 7785, 7786) 5169.0
(2677, 2678, 2679) 5917.0
(7729, 7730, 7731) 4885.0
(1787, 1788, 1789) 6609.0
(6626, 6627, 6628) 9265.0
(6944, 6945, 6946) 8078.0
(3628, 3629, 3630) 8880.0
(7428, 7429, 7430) 7102.0
(8317, 8318, 8319) 7032.0
(5898, 5899, 5900) 6565.0
(3350, 3351, 3352) 5586.0
(7393, 7394, 7395) 8868.0
(4316, 4317, 4318) 5843.0
(2676, 2677, 2678) 8014.0
(1705, 1706, 1707) 6900.0
(2146, 2147, 2148) 8106.0
(8294, 8295, 8296) 10753.0
(6710, 6711, 6712) 8710.0
(474, 475, 476) 8241.0
(1086, 1087, 1088) 6628.0
(2318, 2319, 2320) 8887.0
(1931, 1932, 1933) 7346.0
(3292, 3293, 3294) 4562.0
(5203, 5204, 5205) 8981.0
(6315, 6316, 6317) 8854.0
(2812, 2813, 2814) 6883.0
(6488, 6489, 6490) 8712.0
(6058, 6059, 6060) 6715.0
(7345, 7346, 7347) 6983.0
(6963, 6964, 6965) 8135.0
(339, 340, 341) 9634.0
(5301, 5302, 5303) 7117.0
(661, 662, 663) 5394.0
(426, 427, 428) 8336.0
(7133, 7134, 7135) 7234.0
(5731, 5732, 5733) 7437.0
(7646, 7647, 7648) 11429.0
(4166, 4167, 4168) 7536.0
(1068, 1069, 1070) 9214.0
(9140, 9141, 9142) 9643.0
(3571, 3572, 3573) 7424.0
(9376, 9377, 9378) 7584.0
(8454, 8455, 8456) 7718.0
(5234, 5235, 5236) 5484.0
(4216, 4217, 4218) 7994.0
(2125, 2126, 2127) 8632.0
(4696, 4697, 4698) 5942.0
(1607, 1608, 1609) 5773.0
(1918, 1919, 1920) 8164.0
(4622, 4623, 4624) 6453.0
(4432, 4433, 4434) 6696.0
(6290, 6291, 6292) 4748.0
(3783, 3784, 3785) 7315.0
(2028, 2029, 2030) 5824.0
(1520, 1521, 1522) 10709.0
(1358, 1359, 1360) 8196.0
(5076, 5077, 5078) 7571.0
(4843, 4844, 4845) 11409.0
(7732, 7733, 7734) 7532.0
(43, 44, 45) 6661.0
(5034, 5035, 5036) 5062.0
(672, 673, 674) 5628.0
(6884, 6885, 6886) 7472.0
(5453, 5454, 5455) 12704.0
(8355, 8356, 8357) 7773.0
(358, 359, 360) 6409.0
(6478, 6479, 6480) 6117.0
(4202, 4203, 4204) 7034.0
(2402, 2403, 2404) 8461.0
(597, 598, 599) 7892.0
(2064, 2065, 2066) 10572.0
(8373, 8374, 8375) 7218.0
(7864, 7865, 7866) 6177.0
(8281, 8282, 8283) 8684.0
(5627, 5628, 5629) 6596.0
(7169, 7170, 7171) 8486.0
(6349, 6350, 6351) 6196.0
(3867, 3868, 3869) 7112.0
(2979, 2980, 2981) 4617.0
(5581, 5582, 5583) 5491.0
(1601, 1602, 1603) 7954.0
(57, 58, 59) 7547.0
(8586, 8587, 8588) 7838.0
(4844, 4845, 4846) 8026.0
(7000, 7001, 7002) 5517.0
(8196, 8197, 8198) 7936.0
(9314, 9315, 9316) 9316.0
(4623, 4624, 4625) 9402.0
(3021, 3022, 3023) 6651.0
(7634, 7635, 7636) 6174.0
(2051, 2052, 2053) 8066.0
(4698, 4699, 4700) 6745.0
(6180, 6181, 6182) 8712.0
(7174, 7175, 7176) 7254.0
(6790, 6791, 6792) 11342.0
(6714, 6715, 6716) 8231.0
(7925, 7926, 7927) 7863.0
(3914, 3915, 3916) 9492.0
(2953, 2954, 2955) 6388.0
(8299, 8300, 8301) 8017.0
(7564, 7565, 7566) 7554.0
(5370, 5371, 5372) 8783.0
(6681, 6682, 6683) 7263.0
(3248, 3249, 3250) 7933.0
(6341, 6342, 6343) 8981.0
(740, 741, 742) 8869.0
(2270, 2271, 2272) 7595.0
(4347, 4348, 4349) 6665.0
(9833, 9834, 9835) 6197.0
(1572, 1573, 1574) 5677.0
(9380, 9381, 9382) 7643.0
(9340, 9341, 9342) 10053.0
(6655, 6656, 6657) 7045.0
(6009, 6010, 6011) 8060.0
(1279, 1280, 1281) 7351.0
(2574, 2575, 2576) 9824.0
(9013, 9014, 9015) 7325.0
(8315, 8316, 8317) 8188.0
(2404, 2405, 2406) 9621.0
(4167, 4168, 4169) 6823.0
(2585, 2586, 2587) 10288.0
(5031, 5032, 5033) 7925.0
(2247, 2248, 2249) 7831.0
(7445, 7446, 7447) 7031.0
(8678, 8679, 8680) 9167.0
(4926, 4927, 4928) 5834.0
(7059, 7060, 7061) 6876.0
(3524, 3525, 3526) 7796.0
(7013, 7014, 7015) 6034.0
(8944, 8945, 8946) 7174.0
(6710, 6711, 6712) 8710.0
(4417, 4418, 4419) 7569.0
(2800, 2801, 2802) 9172.0
(9857, 9858, 9859) 8452.0
(5152, 5153, 5154) 8128.0
(1441, 1442, 1443) 7399.0
(7167, 7168, 7169) 8254.0
(9568, 9569, 9570) 7581.0
(4646, 4647, 4648) 6767.0
(5231, 5232, 5233) 8254.0
(5941, 5942, 5943) 9398.0
(183, 184, 185) 6324.0
(305, 306, 307) 6065.0
(6272, 6273, 6274) 8743.0
(9114, 9115, 9116) 9433.0
(8140, 8141, 8142) 7620.0
(4124, 4125, 4126) 7916.0
(9000, 9001, 9002) 7587.0
(6626, 6627, 6628) 9265.0
(7587, 7588, 7589) 9681.0
(9990, 9991, 9992) 7530.0
(3791, 3792, 3793) 10737.0
(3112, 3113, 3114) 8214.0
(2178, 2179, 2180) 8674.0
(372, 373, 374) 8170.0
(4692, 4693, 4694) 8037.0
(9323, 9324, 9325) 8004.0
(2178, 2179, 2180) 8674.0
(2090, 2091, 2092) 7849.0
(3122, 3123, 3124) 9706.0
(5197, 5198, 5199) 7317.0
(7319, 7320, 7321) 9284.0
(6548, 6549, 6550) 7462.0
(9950, 9951, 9952) 8772.0
(2147, 2148, 2149) 9365.0
(9175, 9176, 9177) 6541.0
(5603, 5604, 5605) 5510.0
(4419, 4420, 4421) 6937.0
(9207, 9208, 9209) 11536.0
(4632, 4633, 4634) 5555.0
(903, 904, 905) 6272.0
(3670, 3671, 3672) 6950.0
(8593, 8594, 8595) 12061.0
(4851, 4852, 4853) 7927.0
(9086, 9087, 9088) 10144.0
(2571, 2572, 2573) 8644.0
(382, 383, 384) 5627.0
(5123, 5124, 5125) 9958.0
(2385, 2386, 2387) 6910.0
(7778, 7779, 7780) 10786.0
(8071, 8072, 8073) 7176.0
(4856, 4857, 4858) 4735.0
(5629, 5630, 5631) 6285.0
(401, 402, 403) 5434.0
(8577, 8578, 8579) 7732.0
(8230, 8231, 8232) 7430.0
(7835, 7836, 7837) 6670.0
(6617, 6618, 6619) 7628.0
(9829, 9830, 9831) 6487.0
(9533, 9534, 9535) 6712.0
(7223, 7224, 7225) 9934.0
(9538, 9539, 9540) 11498.0
(1263, 1264, 1265) 8735.0
(1218, 1219, 1220) 8456.0
(9187, 9188, 9189) 8199.0
(2078, 2079, 2080) 5976.0
(751, 752, 753) 8274.0
(6982, 6983, 6984) 10015.0
(3484, 3485, 3486) 7735.0
(7823, 7824, 7825) 9002.0
(6837, 6838, 6839) 6785.0
(311, 312, 313) 7352.0
(6851, 6852, 6853) 7998.0
(3056, 3057, 3058) 7058.0
(9846, 9847, 9848) 7979.0
(9645, 9646, 9647) 6711.0
(666, 667, 668) 5457.0
(3088, 3089, 3090) 8059.0
(3711, 3712, 3713) 6090.0
(1055, 1056, 1057) 6298.0
(2334, 2335, 2336) 8357.0
(3110, 3111, 3112) 12674.0
(3941, 3942, 3943) 9203.0
(3449, 3450, 3451) 6370.0
(6858, 6859, 6860) 8404.0
(3876, 3877, 3878) 7084.0
(180, 181, 182) 4624.0
(296, 297, 298) 10110.0
(9191, 9192, 9193) 10334.0
(1312, 1313, 1314) 10128.0
(515, 516, 517) 7711.0
(7395, 7396, 7397) 8381.0
(3185, 3186, 3187) 8152.0
(9763, 9764, 9765) 8719.0
(1109, 1110, 1111) 5257.0
(6815, 6816, 6817) 7201.0
(8489, 8490, 8491) 7068.0
(1865, 1866, 1867) 8480.0
(397, 398, 399) 12371.0
(9669, 9670, 9671) 9664.0
(2467, 2468, 2469) 7743.0
(4389, 4390, 4391) 10550.0
(3336, 3337, 3338) 5761.0
(6958, 6959, 6960) 7373.0
(8722, 8723, 8724) 8342.0
(7259, 7260, 7261) 10331.0
(3227, 3228, 3229) 7408.0
(835, 836, 837) 7150.0
(3230, 3231, 3232) 8598.0
(7618, 7619, 7620) 6118.0
(5213, 5214, 5215) 6499.0
(1660, 1661, 1662) 7247.0
(5091, 5092, 5093) 7585.0
(2043, 2044, 2045) 6650.0
(7841, 7842, 7843) 6573.0
(6519, 6520, 6521) 5896.0
(2011, 2012, 2013) 7678.0
(806, 807, 808) 7634.0
(6938, 6939, 6940) 5780.0
(7219, 7220, 7221) 8233.0
(7461, 7462, 7463) 7683.0
(936, 937, 938) 6296.0
(1770, 1771, 1772) 8423.0
(3312, 3313, 3314) 9365.0
(8554, 8555, 8556) 8948.0
(2500, 2501, 2502) 6097.0
(2326, 2327, 2328) 9231.0
(1022, 1023, 1024) 8230.0
(7391, 7392, 7393) 5867.0
(4736, 4737, 4738) 7448.0
(3601, 3602, 3603) 9345.0
(9747, 9748, 9749) 5971.0
(2995, 2996, 2997) 8869.0
(409, 410, 411) 7400.0
(2228, 2229, 2230) 10473.0
(1537, 1538, 1539) 6454.0
(1825, 1826, 1827) 11059.0
(6184, 6185, 6186) 8621.0
(6970, 6971, 6972) 7159.0
(6919, 6920, 6921) 9464.0
(7745, 7746, 7747) 6377.0
(9159, 9160, 9161) 6739.0
(9386, 9387, 9388) 8213.0
(2281, 2282, 2283) 7318.0
(6455, 6456, 6457) 7506.0
(4842, 4843, 4844) 7138.0
(1649, 1650, 1651) 5302.0
(6357, 6358, 6359) 6865.0
(1406, 1407, 1408) 7673.0
(6716, 6717, 6718) 7329.0
(7362, 7363, 7364) 8693.0
(6796, 6797, 6798) 4719.0
(4652, 4653, 4654) 10310.0
(2244, 2245, 2246) 7559.0
(5575, 5576, 5577) 6549.0
(9364, 9365, 9366) 8397.0
(5568, 5569, 5570) 9701.0
(2587, 2588, 2589) 10700.0
(504, 505, 506) 7046.0
(5413, 5414, 5415) 6659.0
(5317, 5318, 5319) 8646.0
(9538, 9539, 9540) 11498.0
(1943, 1944, 1945) 5915.0
(3123, 3124, 3125) 6775.0
(475, 476, 477) 6975.0
(3029, 3030, 3031) 8865.0
(7933, 7934, 7935) 8992.0
(420, 421, 422) 7212.0
(5199, 5200, 5201) 7608.0
(8732, 8733, 8734) 8193.0
(1232, 1233, 1234) 8874.0
(5996, 5997, 5998) 6084.0
(2039, 2040, 2041) 5357.0
(8298, 8299, 8300) 5370.0
(5549, 5550, 5551) 6062.0
(3258, 3259, 3260) 8153.0
(2700, 2701, 2702) 6148.0
(5916, 5917, 5918) 12779.0
(1479, 1480, 1481) 7979.0
(865, 866, 867) 6700.0
(9322, 9323, 9324) 8914.0
(4828, 4829, 4830) 6898.0
(8304, 8305, 8306) 6729.0
(8394, 8395, 8396) 6423.0
(6681, 6682, 6683) 7263.0
(9420, 9421, 9422) 8612.0
(3640, 3641, 3642) 9108.0
(1525, 1526, 1527) 8358.0
(939, 940, 941) 9053.0
(8692, 8693, 8694) 5474.0
(542, 543, 544) 7264.0
(1257, 1258, 1259) 7506.0
(2892, 2893, 2894) 8813.0
(621, 622, 623) 5861.0
(843, 844, 845) 8367.0
(5956, 5957, 5958) 10455.0
(318, 319, 320) 9886.0
(8164, 8165, 8166) 7386.0
(2542, 2543, 2544) 6222.0
