(4501, 4502, 4503) 270.0
(7169, 7170, 7171) 239.0
(4237, 4238, 4239) 286.0
(7372, 7373, 7374) 296.0
(1678, 1679, 1680) 167.0
(7808, 7809, 7810) 248.0
(7640, 7641, 7642) 401.0
(8232, 8233, 8234) 257.0
(5415, 5416, 5417) 324.0
(2793, 2794, 2795) 273.0
(7199, 7200, 7201) 144.0
(5821, 5822, 5823) 373.0
(7681, 7682, 7683) 197.0
(5473, 5474, 5475) 220.0
(4329, 4330, 4331) 531.0
(8287, 8288, 8289) 258.0
(9035, 9036, 9037) 218.0
(999, 1000, 1001) 236.0
(7821, 7822, 7823) 161.0
(4407, 4408, 4409) 241.0
(3084, 3085, 3086) 281.0
(7615, 7616, 7617) 340.0
(7123, 7124, 7125) 241.0
(8159, 8160, 8161) 340.0
(6215, 6216, 6217) 215.0
(1414, 1415, 1416) 248.0
(1951, 1952, 1953) 283.0
(4521, 4522, 4523) 409.0
(4606, 4607, 4608) 208.0
(5387, 5388, 5389) 370.0
(7700, 7701, 7702) 458.0
(1784, 1785, 1786) 399.0
(3381, 3382, 3383) 219.0
(1333, 1334, 1335) 178.0
(6262, 6263, 6264) 135.0
(322, 323, 324) 231.0
(2947, 2948, 2949) 233.0
(3377, 3378, 3379) 232.0
(6359, 6360, 6361) 212.0
(7288, 7289, 7290) 199.0
(375, 376, 377) 363.0
(5311, 5312, 5313) 191.0
(6236, 6237, 6238) 226.0
(8200, 8201, 8202) 187.0
(1358, 1359, 1360) 209.0
(1699, 1700, 1701) 272.0
(348, 349, 350) 249.0
(3269, 3270, 3271) 227.0
(4052, 4053, 4054) 298.0
(1286, 1287, 1288) 518.0
(627, 628, 629) 202.0
(3363, 3364, 3365) 172.0
(2755, 2756, 2757) 308.0
(4021, 4022, 4023) 229.0
(9959, 9960, 9961) 277.0
(2687, 2688, 2689) 401.0
(3467, 3468, 3469) 315.0
(2721, 2722, 2723) 323.0
(2299, 2300, 2301) 205.0
(5059, 5060, 5061) 286.0
(1498, 1499, 1500) 213.0
(8523, 8524, 8525) 177.0
(5910, 5911, 5912) 343.0
(9199, 9200, 9201) 120.0
(8909, 8910, 8911) 239.0
(7192, 7193, 7194) 340.0
(4561, 4562, 4563) 293.0
(1400, 1401, 1402) 252.0
(6560, 6561, 6562) 317.0
(8520, 8521, 8522) 273.0
(4919, 4920, 4921) 262.0
(8383, 8384, 8385) 328.0
(5788, 5789, 5790) 230.0
(2618, 2619, 2620) 264.0
(7016, 7017, 7018) 416.0
(9637, 9638, 9639) 501.0
(7578, 7579, 7580) 283.0
(6508, 6509, 6510) 295.0
(7366, 7367, 7368) 179.0
(7061, 7062, 7063) 298.0
(555, 556, 557) 213.0
(8037, 8038, 8039) 222.0
(1504, 1505, 1506) 220.0
(4934, 4935, 4936) 382.0
(212, 213, 214) 219.0
(3606, 3607, 3608) 213.0
(917, 918, 919) 227.0
(4737, 4738, 4739) 276.0
(129, 130, 131) 273.0
(8951, 8952, 8953) 198.0
(4477, 4478, 4479) 290.0
(5604, 5605, 5606) 291.0
(5731, 5732, 5733) 243.0
(264, 265, 266) 208.0
(649, 650, 651) 292.0
(177, 178, 179) 250.0
(6, 7, 8) 150.0
(9295, 9296, 9297) 280.0
(988, 989, 990) 337.0
(9578, 9579, 9580) 153.0
(7964, 7965, 7966) 210.0
(1546, 1547, 1548) 278.0
(2363, 2364, 2365) 222.0
(9158, 9159, 9160) 184.0
(1345, 1346, 1347) 270.0
(9055, 9056, 9057) 279.0
(3538, 3539, 3540) 280.0
(472, 473, 474) 248.0
(7244, 7245, 7246) 338.0
(5948, 5949, 5950) 149.0
(4835, 4836, 4837) 385.0
(604, 605, 606) 271.0
(259, 260, 261) 176.0
(2338, 2339, 2340) 222.0
(3993, 3994, 3995) 232.0
(3411, 3412, 3413) 203.0
(8416, 8417, 8418) 568.0
(4450, 4451, 4452) 307.0
(5841, 5842, 5843) 137.0
(301, 302, 303) 331.0
(9193, 9194, 9195) 371.0
(400, 401, 402) 302.0
(3912, 3913, 3914) 169.0
(3690, 3691, 3692) 348.0
(8076, 8077, 8078) 183.0
(6844, 6845, 6846) 310.0
(1173, 1174, 1175) 221.0
(3715, 3716, 3717) 209.0
(2891, 2892, 2893) 259.0
(7317, 7318, 7319) 278.0
(6940, 6941, 6942) 321.0
(3530, 3531, 3532) 371.0
(9171, 9172, 9173) 242.0
(2130, 2131, 2132) 198.0
(1400, 1401, 1402) 252.0
(4702, 4703, 4704) 300.0
(4026, 4027, 4028) 329.0
(126, 127, 128) 281.0
(5801, 5802, 5803) 201.0
(3377, 3378, 3379) 232.0
(3935, 3936, 3937) 371.0
(406, 407, 408) 308.0
(8563, 8564, 8565) 194.0
(9926, 9927, 9928) 193.0
(8345, 8346, 8347) 259.0
(771, 772, 773) 298.0
(4453, 4454, 4455) 168.0
(9895, 9896, 9897) 431.0
(2622, 2623, 2624) 255.0
(5033, 5034, 5035) 120.0
(3931, 3932, 3933) 306.0
(3288, 3289, 3290) 391.0
(2417, 2418, 2419) 104.0
(4274, 4275, 4276) 248.0
(568, 569, 570) 302.0
(1320, 1321, 1322) 272.0
(5194, 5195, 5196) 298.0
(714, 715, 716) 157.0
(5712, 5713, 5714) 499.0
(4938, 4939, 4940) 269.0
(2228, 2229, 2230) 306.0
(8366, 8367, 8368) 300.0
(7997, 7998, 7999) 457.0
(498, 499, 500) 223.0
(2922, 2923, 2924) 295.0
(2377, 2378, 2379) 399.0
(9127, 9128, 9129) 415.0
(8259, 8260, 8261) 298.0
(4217, 4218, 4219) 175.0
(2176, 2177, 2178) 351.0
(7476, 7477, 7478) 302.0
(9090, 9091, 9092) 203.0
(1745, 1746, 1747) 562.0
(5328, 5329, 5330) 125.0
(8491, 8492, 8493) 294.0
(8408, 8409, 8410) 317.0
(4576, 4577, 4578) 263.0
(1496, 1497, 1498) 292.0
(7027, 7028, 7029) 265.0
(7557, 7558, 7559) 360.0
(1990, 1991, 1992) 186.0
(2354, 2355, 2356) 217.0
(8806, 8807, 8808) 337.0
(7533, 7534, 7535) 264.0
(3274, 3275, 3276) 398.0
(5469, 5470, 5471) 229.0
(3807, 3808, 3809) 233.0
(8568, 8569, 8570) 147.0
(846, 847, 848) 492.0
(750, 751, 752) 255.0
(8193, 8194, 8195) 184.0
(8931, 8932, 8933) 304.0
(6332, 6333, 6334) 224.0
(5776, 5777, 5778) 210.0
(3045, 3046, 3047) 185.0
(6278, 6279, 6280) 215.0
(4464, 4465, 4466) 254.0
(2500, 2501, 2502) 180.0
(9987, 9988, 9989) 188.0
(7970, 7971, 7972) 241.0
(537, 538, 539) 409.0
