(1657, 1658, 1659) 9095.0
(4893, 4894, 4895) 11292.0
(1870, 1871, 1872) 8368.0
(3364, 3365, 3366) 9125.0
(2218, 2219, 2220) 7281.0
(4875, 4876, 4877) 7023.0
(2727, 2728, 2729) 8188.0
(6801, 6802, 6803) 6540.0
(4052, 4053, 4054) 9436.0
(6065, 6066, 6067) 7166.0
(8264, 8265, 8266) 8898.0
(5016, 5017, 5018) 7920.0
(3558, 3559, 3560) 10128.0
(6408, 6409, 6410) 8548.0
(9402, 9403, 9404) 7305.0
(7329, 7330, 7331) 7622.0
(1796, 1797, 1798) 9248.0
(7680, 7681, 7682) 7730.0
(1987, 1988, 1989) 9369.0
(9708, 9709, 9710) 8641.0
(1446, 1447, 1448) 10001.0
(9389, 9390, 9391) 9579.0
(8995, 8996, 8997) 6914.0
(6902, 6903, 6904) 9268.0
(2764, 2765, 2766) 8142.0
(7624, 7625, 7626) 10206.0
(3121, 3122, 3123) 9570.0
(2752, 2753, 2754) 8553.0
(567, 568, 569) 9230.0
(2913, 2914, 2915) 9087.0
(1975, 1976, 1977) 8262.0
(9365, 9366, 9367) 11294.0
(9522, 9523, 9524) 8715.0
(6019, 6020, 6021) 7956.0
(5991, 5992, 5993) 9364.0
(4806, 4807, 4808) 10023.0
(5505, 5506, 5507) 7428.0
(8458, 8459, 8460) 7446.0
(2117, 2118, 2119) 8638.0
(707, 708, 709) 6855.0
(2566, 2567, 2568) 7752.0
(3977, 3978, 3979) 7953.0
(7036, 7037, 7038) 5930.0
(3043, 3044, 3045) 8186.0
(4068, 4069, 4070) 10354.0
(5613, 5614, 5615) 10013.0
(791, 792, 793) 8112.0
(742, 743, 744) 9818.0
(6336, 6337, 6338) 14040.0
(1385, 1386, 1387) 12663.0
(2347, 2348, 2349) 10047.0
(3224, 3225, 3226) 7579.0
(23, 24, 25) 6735.0
(6356, 6357, 6358) 11595.0
(1239, 1240, 1241) 5608.0
(235, 236, 237) 7399.0
(4885, 4886, 4887) 8621.0
(3263, 3264, 3265) 10079.0
(2797, 2798, 2799) 9657.0
(4850, 4851, 4852) 10924.0
(291, 292, 293) 5813.0
(1788, 1789, 1790) 7197.0
(512, 513, 514) 9494.0
(9401, 9402, 9403) 8807.0
(5365, 5366, 5367) 6531.0
(4805, 4806, 4807) 6865.0
(7536, 7537, 7538) 9572.0
(5268, 5269, 5270) 7206.0
(7576, 7577, 7578) 6261.0
(3671, 3672, 3673) 6707.0
(533, 534, 535) 8745.0
(2406, 2407, 2408) 8199.0
(48, 49, 50) 6176.0
(7131, 7132, 7133) 7734.0
(7849, 7850, 7851) 10528.0
(832, 833, 834) 15488.0
(6108, 6109, 6110) 8286.0
(3632, 3633, 3634) 9298.0
(6632, 6633, 6634) 12140.0
(9017, 9018, 9019) 7082.0
(6849, 6850, 6851) 8018.0
(550, 551, 552) 7507.0
(830, 831, 832) 7035.0
(3785, 3786, 3787) 8498.0
(6011, 6012, 6013) 8270.0
(236, 237, 238) 8861.0
(839, 840, 841) 11263.0
(5245, 5246, 5247) 6602.0
(6572, 6573, 6574) 10400.0
(4660, 4661, 4662) 11694.0
(5044, 5045, 5046) 8451.0
(3096, 3097, 3098) 6288.0
(299, 300, 301) 8535.0
(280, 281, 282) 9955.0
(2326, 2327, 2328) 10011.0
(5710, 5711, 5712) 8584.0
(2844, 2845, 2846) 10078.0
(2174, 2175, 2176) 9682.0
(2337, 2338, 2339) 8550.0
(3735, 3736, 3737) 7506.0
(2786, 2787, 2788) 8750.0
(7680, 7681, 7682) 7730.0
(7517, 7518, 7519) 7532.0
(3794, 3795, 3796) 6073.0
(6680, 6681, 6682) 8327.0
(6217, 6218, 6219) 10994.0
(5808, 5809, 5810) 9469.0
(2091, 2092, 2093) 7561.0
(169, 170, 171) 6182.0
(5106, 5107, 5108) 14455.0
(548, 549, 550) 7984.0
(2865, 2866, 2867) 8916.0
(6554, 6555, 6556) 7721.0
(2295, 2296, 2297) 5939.0
(3818, 3819, 3820) 9958.0
(7240, 7241, 7242) 9506.0
(172, 173, 174) 9306.0
(4727, 4728, 4729) 6051.0
(8617, 8618, 8619) 15611.0
(2630, 2631, 2632) 10400.0
(7977, 7978, 7979) 9889.0
(6129, 6130, 6131) 6634.0
(9208, 9209, 9210) 10974.0
(7405, 7406, 7407) 7774.0
(5208, 5209, 5210) 9770.0
(9747, 9748, 9749) 6802.0
(6757, 6758, 6759) 6690.0
(1874, 1875, 1876) 9565.0
(1225, 1226, 1227) 8409.0
(5766, 5767, 5768) 8379.0
(462, 463, 464) 9840.0
(4086, 4087, 4088) 7731.0
(2165, 2166, 2167) 10681.0
(4952, 4953, 4954) 10691.0
(7190, 7191, 7192) 10727.0
(9878, 9879, 9880) 8057.0
(6691, 6692, 6693) 10730.0
(2663, 2664, 2665) 9398.0
(4597, 4598, 4599) 6583.0
(4413, 4414, 4415) 9094.0
(4667, 4668, 4669) 7450.0
(3020, 3021, 3022) 10207.0
(527, 528, 529) 7588.0
(3139, 3140, 3141) 8345.0
(6579, 6580, 6581) 6436.0
(5333, 5334, 5335) 6191.0
(4570, 4571, 4572) 8929.0
(6600, 6601, 6602) 11168.0
(482, 483, 484) 8360.0
(4642, 4643, 4644) 9670.0
(6028, 6029, 6030) 7468.0
(3090, 3091, 3092) 12113.0
(2940, 2941, 2942) 7990.0
(1815, 1816, 1817) 9302.0
(430, 431, 432) 8054.0
(6233, 6234, 6235) 8117.0
(5832, 5833, 5834) 7506.0
(5703, 5704, 5705) 7310.0
(5936, 5937, 5938) 7801.0
(4356, 4357, 4358) 10845.0
(1219, 1220, 1221) 9116.0
(7911, 7912, 7913) 10257.0
(5081, 5082, 5083) 8504.0
(8380, 8381, 8382) 6758.0
(7474, 7475, 7476) 9108.0
(7706, 7707, 7708) 9189.0
(834, 835, 836) 9708.0
(6642, 6643, 6644) 10253.0
(8396, 8397, 8398) 8614.0
(8961, 8962, 8963) 12450.0
(9621, 9622, 9623) 9120.0
(3061, 3062, 3063) 11937.0
(1656, 1657, 1658) 8183.0
(1350, 1351, 1352) 12720.0
(1042, 1043, 1044) 9105.0
(172, 173, 174) 9306.0
(2703, 2704, 2705) 12244.0
(604, 605, 606) 8993.0
(5995, 5996, 5997) 8493.0
(46, 47, 48) 7910.0
(3700, 3701, 3702) 10051.0
(3167, 3168, 3169) 11990.0
(1659, 1660, 1661) 10028.0
(1067, 1068, 1069) 13228.0
(9514, 9515, 9516) 12247.0
(4788, 4789, 4790) 9748.0
(5980, 5981, 5982) 8061.0
(7029, 7030, 7031) 10671.0
(3499, 3500, 3501) 11330.0
(6543, 6544, 6545) 10956.0
(9218, 9219, 9220) 10025.0
(5817, 5818, 5819) 10198.0
(766, 767, 768) 7388.0
(5071, 5072, 5073) 10266.0
(1336, 1337, 1338) 9387.0
(8086, 8087, 8088) 11104.0
(5545, 5546, 5547) 11210.0
(5151, 5152, 5153) 7690.0
(2651, 2652, 2653) 7678.0
(4280, 4281, 4282) 9063.0
(4009, 4010, 4011) 9620.0
