(6763, 6764, 6765) 13508.0
(4410, 4411, 4412) 13161.0
(3244, 3245, 3246) 9488.0
(8864, 8865, 8866) 9394.0
(7375, 7376, 7377) 8454.0
(5065, 5066, 5067) 9545.0
(1315, 1316, 1317) 9892.0
(6884, 6885, 6886) 8969.0
(9877, 9878, 9879) 11932.0
(8305, 8306, 8307) 8483.0
(4884, 4885, 4886) 8051.0
(1692, 1693, 1694) 11178.0
(3067, 3068, 3069) 9889.0
(6394, 6395, 6396) 8939.0
(1263, 1264, 1265) 11967.0
(343, 344, 345) 7670.0
(1589, 1590, 1591) 9995.0
(4449, 4450, 4451) 9367.0
(3589, 3590, 3591) 8211.0
(7511, 7512, 7513) 10003.0
(6186, 6187, 6188) 8119.0
(212, 213, 214) 7753.0
(3626, 3627, 3628) 8258.0
(9366, 9367, 9368) 13392.0
(2184, 2185, 2186) 9059.0
(9277, 9278, 9279) 8891.0
(7413, 7414, 7415) 12413.0
(9924, 9925, 9926) 6936.0
(4341, 4342, 4343) 12774.0
(6598, 6599, 6600) 8267.0
(3563, 3564, 3565) 8162.0
(8593, 8594, 8595) 13609.0
(7481, 7482, 7483) 8707.0
(4458, 4459, 4460) 11616.0
(5724, 5725, 5726) 10634.0
(5633, 5634, 5635) 8549.0
(5642, 5643, 5644) 10540.0
(1873, 1874, 1875) 8107.0
(8555, 8556, 8557) 11169.0
(3860, 3861, 3862) 14309.0
(9059, 9060, 9061) 11658.0
(9689, 9690, 9691) 12879.0
(8628, 8629, 8630) 13146.0
(286, 287, 288) 7728.0
(9544, 9545, 9546) 9731.0
(1683, 1684, 1685) 7756.0
(7625, 7626, 7627) 8960.0
(8427, 8428, 8429) 9092.0
(5423, 5424, 5425) 12480.0
(353, 354, 355) 10697.0
(6516, 6517, 6518) 9745.0
(6569, 6570, 6571) 11239.0
(2723, 2724, 2725) 7710.0
(7806, 7807, 7808) 9874.0
(6114, 6115, 6116) 9006.0
(8749, 8750, 8751) 9534.0
(1001, 1002, 1003) 7232.0
(8397, 8398, 8399) 8986.0
(7281, 7282, 7283) 9874.0
(6521, 6522, 6523) 10763.0
(5863, 5864, 5865) 10144.0
(764, 765, 766) 8729.0
(503, 504, 505) 11141.0
(1295, 1296, 1297) 11383.0
(8273, 8274, 8275) 10085.0
(7292, 7293, 7294) 10323.0
(5009, 5010, 5011) 10861.0
(5150, 5151, 5152) 9250.0
(8568, 8569, 8570) 9838.0
(1747, 1748, 1749) 12276.0
(8985, 8986, 8987) 7801.0
(4092, 4093, 4094) 7828.0
(5607, 5608, 5609) 12573.0
(4069, 4070, 4071) 11665.0
(5168, 5169, 5170) 7693.0
(7776, 7777, 7778) 7934.0
(9212, 9213, 9214) 8886.0
(1957, 1958, 1959) 9637.0
(8238, 8239, 8240) 10751.0
(551, 552, 553) 11333.0
(4626, 4627, 4628) 9702.0
(5815, 5816, 5817) 6163.0
(6965, 6966, 6967) 8637.0
(3922, 3923, 3924) 8886.0
(5321, 5322, 5323) 7507.0
(4342, 4343, 4344) 10936.0
(1142, 1143, 1144) 11937.0
(4569, 4570, 4571) 9665.0
(5207, 5208, 5209) 8146.0
(5348, 5349, 5350) 9656.0
(1970, 1971, 1972) 6903.0
(5775, 5776, 5777) 9026.0
(3594, 3595, 3596) 6857.0
(7519, 7520, 7521) 11269.0
(1839, 1840, 1841) 10965.0
(7658, 7659, 7660) 10557.0
(6658, 6659, 6660) 10338.0
(3772, 3773, 3774) 12010.0
(7149, 7150, 7151) 11104.0
(8748, 8749, 8750) 7499.0
(6975, 6976, 6977) 7203.0
(8184, 8185, 8186) 10051.0
(3462, 3463, 3464) 9939.0
(4149, 4150, 4151) 9172.0
(4476, 4477, 4478) 6011.0
(7829, 7830, 7831) 10040.0
(7082, 7083, 7084) 10004.0
(2310, 2311, 2312) 10319.0
(8027, 8028, 8029) 10025.0
(1834, 1835, 1836) 8363.0
(7729, 7730, 7731) 6545.0
(1840, 1841, 1842) 12561.0
(9697, 9698, 9699) 7167.0
(6256, 6257, 6258) 7923.0
(9400, 9401, 9402) 7834.0
(1163, 1164, 1165) 10646.0
(2647, 2648, 2649) 16085.0
(8642, 8643, 8644) 9851.0
(3015, 3016, 3017) 11368.0
(1676, 1677, 1678) 7977.0
(8567, 8568, 8569) 14076.0
(8236, 8237, 8238) 8507.0
(67, 68, 69) 13114.0
(5471, 5472, 5473) 9882.0
(4302, 4303, 4304) 9821.0
(9540, 9541, 9542) 10064.0
(6211, 6212, 6213) 8980.0
(1667, 1668, 1669) 6443.0
(7505, 7506, 7507) 7515.0
(6009, 6010, 6011) 10942.0
(4758, 4759, 4760) 8230.0
(4223, 4224, 4225) 9598.0
(1458, 1459, 1460) 9914.0
(7707, 7708, 7709) 9048.0
(7051, 7052, 7053) 8251.0
(7783, 7784, 7785) 12512.0
(2931, 2932, 2933) 7959.0
(3950, 3951, 3952) 15736.0
(6067, 6068, 6069) 11414.0
(7708, 7709, 7710) 8097.0
(385, 386, 387) 10422.0
(7755, 7756, 7757) 8375.0
(2543, 2544, 2545) 10466.0
(8842, 8843, 8844) 7998.0
(5062, 5063, 5064) 11146.0
(2379, 2380, 2381) 7510.0
(4265, 4266, 4267) 9215.0
(9720, 9721, 9722) 13980.0
(9614, 9615, 9616) 12595.0
(5217, 5218, 5219) 11459.0
(3226, 3227, 3228) 12707.0
(5200, 5201, 5202) 9710.0
(9900, 9901, 9902) 9663.0
(4352, 4353, 4354) 7603.0
(4060, 4061, 4062) 10213.0
(4226, 4227, 4228) 9556.0
(102, 103, 104) 16742.0
(7902, 7903, 7904) 7784.0
(1050, 1051, 1052) 13267.0
(1517, 1518, 1519) 12709.0
(6254, 6255, 6256) 12529.0
(7847, 7848, 7849) 10540.0
(5244, 5245, 5246) 8784.0
(3548, 3549, 3550) 8474.0
(8983, 8984, 8985) 11107.0
(3120, 3121, 3122) 8798.0
(5579, 5580, 5581) 9963.0
(2552, 2553, 2554) 8414.0
(6331, 6332, 6333) 7901.0
(5286, 5287, 5288) 9924.0
(4687, 4688, 4689) 6962.0
(7150, 7151, 7152) 9255.0
(2749, 2750, 2751) 7546.0
(1377, 1378, 1379) 10299.0
(324, 325, 326) 12410.0
(3807, 3808, 3809) 8110.0
(8973, 8974, 8975) 10104.0
(3128, 3129, 3130) 9849.0
(6349, 6350, 6351) 8130.0
(9631, 9632, 9633) 8042.0
(864, 865, 866) 10019.0
(3462, 3463, 3464) 9939.0
(5698, 5699, 5700) 9917.0
(7467, 7468, 7469) 9839.0
(3623, 3624, 3625) 9653.0
(1266, 1267, 1268) 8304.0
(6952, 6953, 6954) 9919.0
(2668, 2669, 2670) 10687.0
(5658, 5659, 5660) 8812.0
(6254, 6255, 6256) 12529.0
(99, 100, 101) 12854.0
(1410, 1411, 1412) 11055.0
(1946, 1947, 1948) 7801.0
(2285, 2286, 2287) 11617.0
(2057, 2058, 2059) 9775.0
(3280, 3281, 3282) 10421.0
(9910, 9911, 9912) 9838.0
(4811, 4812, 4813) 14156.0
(2366, 2367, 2368) 7976.0
(3634, 3635, 3636) 10170.0
(1109, 1110, 1111) 6778.0
