(801, 802, 803) 5385.0
(5861, 5862, 5863) 13749.0
(9161, 9162, 9163) 9595.0
(3316, 3317, 3318) 10548.0
(2828, 2829, 2830) 13707.0
(5205, 5206, 5207) 9375.0
(2560, 2561, 2562) 9390.0
(1735, 1736, 1737) 12923.0
(3456, 3457, 3458) 11484.0
(9913, 9914, 9915) 15656.0
(9336, 9337, 9338) 7047.0
(2495, 2496, 2497) 11962.0
(6565, 6566, 6567) 8818.0
(6567, 6568, 6569) 7340.0
(3115, 3116, 3117) 12771.0
(6829, 6830, 6831) 12241.0
(9958, 9959, 9960) 10019.0
(6845, 6846, 6847) 7329.0
(1256, 1257, 1258) 10840.0
(7049, 7050, 7051) 10386.0
(4035, 4036, 4037) 7584.0
(2127, 2128, 2129) 8183.0
(5397, 5398, 5399) 10569.0
(4464, 4465, 4466) 6786.0
(526, 527, 528) 8744.0
(724, 725, 726) 10339.0
(9860, 9861, 9862) 10822.0
(8350, 8351, 8352) 14640.0
(1858, 1859, 1860) 7344.0
(1641, 1642, 1643) 7322.0
(6334, 6335, 6336) 10241.0
(9243, 9244, 9245) 10986.0
(7996, 7997, 7998) 12345.0
(2317, 2318, 2319) 11917.0
(121, 122, 123) 12892.0
(9547, 9548, 9549) 8353.0
(583, 584, 585) 12254.0
(2101, 2102, 2103) 10918.0
(7519, 7520, 7521) 11536.0
(6219, 6220, 6221) 11187.0
(5776, 5777, 5778) 11227.0
(3984, 3985, 3986) 11049.0
(8970, 8971, 8972) 10585.0
(504, 505, 506) 11314.0
(5483, 5484, 5485) 11051.0
(646, 647, 648) 13129.0
(8891, 8892, 8893) 11498.0
(553, 554, 555) 9310.0
(3419, 3420, 3421) 14419.0
(1710, 1711, 1712) 6469.0
(4992, 4993, 4994) 8609.0
(64, 65, 66) 9425.0
(843, 844, 845) 9882.0
(9951, 9952, 9953) 8990.0
(2518, 2519, 2520) 13221.0
(2764, 2765, 2766) 10947.0
(5, 6, 7) 10789.0
(885, 886, 887) 11347.0
(7316, 7317, 7318) 10339.0
(6279, 6280, 6281) 9564.0
(5725, 5726, 5727) 12454.0
(749, 750, 751) 8513.0
(2666, 2667, 2668) 13204.0
(6432, 6433, 6434) 9690.0
(2559, 2560, 2561) 11228.0
(8202, 8203, 8204) 11917.0
(751, 752, 753) 13167.0
(166, 167, 168) 12308.0
(7040, 7041, 7042) 13501.0
(8131, 8132, 8133) 12416.0
(1481, 1482, 1483) 17078.0
(4906, 4907, 4908) 9899.0
(6708, 6709, 6710) 9043.0
(2654, 2655, 2656) 13170.0
(7735, 7736, 7737) 11157.0
(6948, 6949, 6950) 7083.0
(5010, 5011, 5012) 9522.0
(3762, 3763, 3764) 9587.0
(8220, 8221, 8222) 12066.0
(1637, 1638, 1639) 11518.0
(1244, 1245, 1246) 9947.0
(8646, 8647, 8648) 9092.0
(6244, 6245, 6246) 14051.0
(9719, 9720, 9721) 14472.0
(4712, 4713, 4714) 11404.0
(9523, 9524, 9525) 7869.0
(8567, 8568, 8569) 15443.0
(6038, 6039, 6040) 8507.0
(7788, 7789, 7790) 11134.0
(4491, 4492, 4493) 8748.0
(8022, 8023, 8024) 10338.0
(9150, 9151, 9152) 10051.0
(7919, 7920, 7921) 10121.0
(4835, 4836, 4837) 9433.0
(6342, 6343, 6344) 10062.0
(794, 795, 796) 9712.0
(9788, 9789, 9790) 9774.0
(4821, 4822, 4823) 9232.0
(5829, 5830, 5831) 11145.0
(7960, 7961, 7962) 8373.0
(3796, 3797, 3798) 11734.0
(929, 930, 931) 8618.0
(5396, 5397, 5398) 9727.0
(7400, 7401, 7402) 10905.0
(4938, 4939, 4940) 9679.0
(9370, 9371, 9372) 9904.0
(8063, 8064, 8065) 5851.0
(2535, 2536, 2537) 8490.0
(857, 858, 859) 8541.0
(8029, 8030, 8031) 10395.0
(8135, 8136, 8137) 5395.0
(8446, 8447, 8448) 12203.0
(8565, 8566, 8567) 9970.0
(5689, 5690, 5691) 9964.0
(9010, 9011, 9012) 10758.0
(5958, 5959, 5960) 15445.0
(7429, 7430, 7431) 10975.0
(5466, 5467, 5468) 9064.0
(1457, 1458, 1459) 12419.0
(1011, 1012, 1013) 14287.0
(8530, 8531, 8532) 13391.0
(2836, 2837, 2838) 10115.0
(7382, 7383, 7384) 7747.0
(5360, 5361, 5362) 9727.0
(1022, 1023, 1024) 11341.0
(4297, 4298, 4299) 11255.0
(6489, 6490, 6491) 13185.0
(815, 816, 817) 12077.0
(3475, 3476, 3477) 13544.0
(4309, 4310, 4311) 6734.0
(2924, 2925, 2926) 10014.0
(2676, 2677, 2678) 10656.0
(3227, 3228, 3229) 8958.0
(8189, 8190, 8191) 11338.0
(153, 154, 155) 15200.0
(5396, 5397, 5398) 9727.0
(89, 90, 91) 10680.0
(3395, 3396, 3397) 9928.0
(8929, 8930, 8931) 15227.0
(1342, 1343, 1344) 10866.0
(732, 733, 734) 12013.0
(3906, 3907, 3908) 13147.0
(4460, 4461, 4462) 8945.0
(4784, 4785, 4786) 8070.0
(6564, 6565, 6566) 11641.0
(606, 607, 608) 6559.0
(3202, 3203, 3204) 10169.0
(9622, 9623, 9624) 10422.0
(9615, 9616, 9617) 12490.0
(2297, 2298, 2299) 13368.0
(8138, 8139, 8140) 10534.0
(8907, 8908, 8909) 13434.0
(309, 310, 311) 13387.0
(3076, 3077, 3078) 11263.0
(1150, 1151, 1152) 12975.0
(3211, 3212, 3213) 8778.0
(2740, 2741, 2742) 5798.0
(3466, 3467, 3468) 9209.0
(2774, 2775, 2776) 12620.0
(6158, 6159, 6160) 10897.0
(5917, 5918, 5919) 9992.0
(4983, 4984, 4985) 9367.0
(4104, 4105, 4106) 10654.0
(6388, 6389, 6390) 9386.0
(5749, 5750, 5751) 13317.0
(3639, 3640, 3641) 9295.0
(4254, 4255, 4256) 7930.0
(1140, 1141, 1142) 11754.0
(8885, 8886, 8887) 10715.0
(8001, 8002, 8003) 14011.0
(9844, 9845, 9846) 11578.0
(3491, 3492, 3493) 15097.0
(2920, 2921, 2922) 11980.0
(6028, 6029, 6030) 8849.0
(650, 651, 652) 10832.0
(6939, 6940, 6941) 8426.0
(5212, 5213, 5214) 8210.0
(2432, 2433, 2434) 8732.0
(2602, 2603, 2604) 10351.0
(7942, 7943, 7944) 13760.0
(9816, 9817, 9818) 12017.0
(4022, 4023, 4024) 10442.0
(1324, 1325, 1326) 12210.0
(2299, 2300, 2301) 11058.0
(8817, 8818, 8819) 9145.0
(9822, 9823, 9824) 8770.0
(6019, 6020, 6021) 9373.0
(9512, 9513, 9514) 10922.0
(3281, 3282, 3283) 6099.0
(8201, 8202, 8203) 9682.0
(818, 819, 820) 14779.0
(7608, 7609, 7610) 13981.0
(7056, 7057, 7058) 13018.0
(6117, 6118, 6119) 11639.0
(615, 616, 617) 13461.0
(8707, 8708, 8709) 10910.0
(5804, 5805, 5806) 14124.0
(19, 20, 21) 9901.0
(5481, 5482, 5483) 14361.0
(5418, 5419, 5420) 11021.0
(7841, 7842, 7843) 12601.0
