(8507, 8508, 8509) 8983.0
(3722, 3723, 3724) 11795.0
(9440, 9441, 9442) 10457.0
(9574, 9575, 9576) 14601.0
(1166, 1167, 1168) 9593.0
(9594, 9595, 9596) 12761.0
(6841, 6842, 6843) 12915.0
(6879, 6880, 6881) 9045.0
(9477, 9478, 9479) 13287.0
(2784, 2785, 2786) 12654.0
(4963, 4964, 4965) 12339.0
(7270, 7271, 7272) 9264.0
(1816, 1817, 1818) 13493.0
(5396, 5397, 5398) 10440.0
(1603, 1604, 1605) 11887.0
(5714, 5715, 5716) 12562.0
(8605, 8606, 8607) 9510.0
(6368, 6369, 6370) 13172.0
(4723, 4724, 4725) 13101.0
(3175, 3176, 3177) 12932.0
(867, 868, 869) 10900.0
(9865, 9866, 9867) 8511.0
(1787, 1788, 1789) 9525.0
(7826, 7827, 7828) 14023.0
(2082, 2083, 2084) 12697.0
(1159, 1160, 1161) 12604.0
(6942, 6943, 6944) 8247.0
(9507, 9508, 9509) 10330.0
(4627, 4628, 4629) 10438.0
(3566, 3567, 3568) 10947.0
(5227, 5228, 5229) 13685.0
(4840, 4841, 4842) 10091.0
(3341, 3342, 3343) 8993.0
(2118, 2119, 2120) 13309.0
(6042, 6043, 6044) 14700.0
(4659, 4660, 4661) 11316.0
(6984, 6985, 6986) 12840.0
(2897, 2898, 2899) 10360.0
(1959, 1960, 1961) 15059.0
(3279, 3280, 3281) 10003.0
(2483, 2484, 2485) 11569.0
(996, 997, 998) 9127.0
(8590, 8591, 8592) 10003.0
(9516, 9517, 9518) 13016.0
(4383, 4384, 4385) 14412.0
(4472, 4473, 4474) 12856.0
(4785, 4786, 4787) 16011.0
(4089, 4090, 4091) 11854.0
(8939, 8940, 8941) 11994.0
(2455, 2456, 2457) 16072.0
(4676, 4677, 4678) 11080.0
(8144, 8145, 8146) 10836.0
(5556, 5557, 5558) 12195.0
(8260, 8261, 8262) 11844.0
(5652, 5653, 5654) 13979.0
(9551, 9552, 9553) 9902.0
(2061, 2062, 2063) 8505.0
(2245, 2246, 2247) 14385.0
(8362, 8363, 8364) 13160.0
(7607, 7608, 7609) 13468.0
(4332, 4333, 4334) 10703.0
(4073, 4074, 4075) 13410.0
(7606, 7607, 7608) 10283.0
(6969, 6970, 6971) 9691.0
(4126, 4127, 4128) 13849.0
(369, 370, 371) 12640.0
(6598, 6599, 6600) 10535.0
(7435, 7436, 7437) 8585.0
(8432, 8433, 8434) 9748.0
(5781, 5782, 5783) 9726.0
(2785, 2786, 2787) 8347.0
(4730, 4731, 4732) 10819.0
(2150, 2151, 2152) 10818.0
(7850, 7851, 7852) 11006.0
(6604, 6605, 6606) 9612.0
(4148, 4149, 4150) 12364.0
(2678, 2679, 2680) 12244.0
(2806, 2807, 2808) 9146.0
(9322, 9323, 9324) 16922.0
(510, 511, 512) 16296.0
(5376, 5377, 5378) 10249.0
(4429, 4430, 4431) 15900.0
(1739, 1740, 1741) 9858.0
(8994, 8995, 8996) 11275.0
(3443, 3444, 3445) 12426.0
(5842, 5843, 5844) 6759.0
(4259, 4260, 4261) 13618.0
(3704, 3705, 3706) 13544.0
(3289, 3290, 3291) 10760.0
(4357, 4358, 4359) 15881.0
(8479, 8480, 8481) 11227.0
(4667, 4668, 4669) 9521.0
(8616, 8617, 8618) 10858.0
(7655, 7656, 7657) 7946.0
(4918, 4919, 4920) 9528.0
(663, 664, 665) 10055.0
(7423, 7424, 7425) 9828.0
(8380, 8381, 8382) 8669.0
(677, 678, 679) 9888.0
(4946, 4947, 4948) 13801.0
(1806, 1807, 1808) 12418.0
(5276, 5277, 5278) 7232.0
(7037, 7038, 7039) 11605.0
(4930, 4931, 4932) 14553.0
(2111, 2112, 2113) 13215.0
(2633, 2634, 2635) 15367.0
(8194, 8195, 8196) 11078.0
(4444, 4445, 4446) 10065.0
(8594, 8595, 8596) 10758.0
(6700, 6701, 6702) 13196.0
(8046, 8047, 8048) 8879.0
(8610, 8611, 8612) 14038.0
(9101, 9102, 9103) 14019.0
(2333, 2334, 2335) 10007.0
(7003, 7004, 7005) 8244.0
(2856, 2857, 2858) 8862.0
(5755, 5756, 5757) 10831.0
(1089, 1090, 1091) 15789.0
(8193, 8194, 8195) 11016.0
(3735, 3736, 3737) 11006.0
(8770, 8771, 8772) 12849.0
(8606, 8607, 8608) 13865.0
(4657, 4658, 4659) 11393.0
(6678, 6679, 6680) 15169.0
(7080, 7081, 7082) 9354.0
(9928, 9929, 9930) 11885.0
(9276, 9277, 9278) 8775.0
(4094, 4095, 4096) 9521.0
(5673, 5674, 5675) 9123.0
(2816, 2817, 2818) 15406.0
(2467, 2468, 2469) 11121.0
(2233, 2234, 2235) 14816.0
(4575, 4576, 4577) 12564.0
(3911, 3912, 3913) 10942.0
(4231, 4232, 4233) 10033.0
(1472, 1473, 1474) 10440.0
(2412, 2413, 2414) 10024.0
(3066, 3067, 3068) 8979.0
(2267, 2268, 2269) 18208.0
(6116, 6117, 6118) 9028.0
(8883, 8884, 8885) 14414.0
(3944, 3945, 3946) 13425.0
(8182, 8183, 8184) 17379.0
(4413, 4414, 4415) 13209.0
(4231, 4232, 4233) 10033.0
(5639, 5640, 5641) 10617.0
(4558, 4559, 4560) 15255.0
(8699, 8700, 8701) 10805.0
(201, 202, 203) 15547.0
(3432, 3433, 3434) 6657.0
(4061, 4062, 4063) 11220.0
(6165, 6166, 6167) 13794.0
(3635, 3636, 3637) 13671.0
(4671, 4672, 4673) 10573.0
(1669, 1670, 1671) 10294.0
(8472, 8473, 8474) 10064.0
(4800, 4801, 4802) 10405.0
(7253, 7254, 7255) 11756.0
(5029, 5030, 5031) 14530.0
(7479, 7480, 7481) 12325.0
(8068, 8069, 8070) 13311.0
(2696, 2697, 2698) 14196.0
(5298, 5299, 5300) 13994.0
(3162, 3163, 3164) 13284.0
(6286, 6287, 6288) 10944.0
(3142, 3143, 3144) 10739.0
(3404, 3405, 3406) 12699.0
(8228, 8229, 8230) 11806.0
(8102, 8103, 8104) 13219.0
(3817, 3818, 3819) 17104.0
(8240, 8241, 8242) 11960.0
(5886, 5887, 5888) 8694.0
(8790, 8791, 8792) 10015.0
(4412, 4413, 4414) 14789.0
(4406, 4407, 4408) 15855.0
(4855, 4856, 4857) 10834.0
(2219, 2220, 2221) 12799.0
(444, 445, 446) 11025.0
(2654, 2655, 2656) 15312.0
(110, 111, 112) 10480.0
(4923, 4924, 4925) 11617.0
(5213, 5214, 5215) 10397.0
(2086, 2087, 2088) 16528.0
(1146, 1147, 1148) 18861.0
(966, 967, 968) 15311.0
(2302, 2303, 2304) 10388.0
(5952, 5953, 5954) 12141.0
(3004, 3005, 3006) 14520.0
(2456, 2457, 2458) 10813.0
(9755, 9756, 9757) 8178.0
(2989, 2990, 2991) 11027.0
(738, 739, 740) 16761.0
(5724, 5725, 5726) 13976.0
(582, 583, 584) 13488.0
(2189, 2190, 2191) 9725.0
(6035, 6036, 6037) 15160.0
(4886, 4887, 4888) 19216.0
(9374, 9375, 9376) 13693.0
(6100, 6101, 6102) 17960.0
(9647, 9648, 9649) 13186.0
(5580, 5581, 5582) 14551.0
