(9538, 9539, 9540) 17954.0
(1085, 1086, 1087) 10475.0
(1910, 1911, 1912) 12348.0
(2556, 2557, 2558) 9943.0
(6026, 6027, 6028) 17976.0
(3338, 3339, 3340) 9896.0
(3850, 3851, 3852) 14423.0
(9577, 9578, 9579) 14003.0
(5204, 5205, 5206) 10225.0
(6214, 6215, 6216) 17384.0
(6605, 6606, 6607) 15870.0
(3850, 3851, 3852) 14423.0
(9433, 9434, 9435) 12256.0
(8726, 8727, 8728) 9466.0
(5578, 5579, 5580) 11660.0
(3959, 3960, 3961) 12253.0
(7376, 7377, 7378) 13743.0
(902, 903, 904) 10003.0
(1006, 1007, 1008) 13726.0
(3862, 3863, 3864) 15558.0
(6743, 6744, 6745) 10686.0
(507, 508, 509) 13304.0
(6189, 6190, 6191) 10594.0
(8663, 8664, 8665) 9154.0
(6567, 6568, 6569) 10409.0
(5339, 5340, 5341) 14407.0
(3367, 3368, 3369) 13668.0
(1067, 1068, 1069) 18384.0
(1000, 1001, 1002) 17015.0
(1130, 1131, 1132) 10683.0
(417, 418, 419) 17499.0
(2526, 2527, 2528) 12284.0
(237, 238, 239) 18076.0
(5106, 5107, 5108) 20718.0
(7740, 7741, 7742) 9513.0
(1715, 1716, 1717) 10999.0
(6349, 6350, 6351) 10133.0
(9119, 9120, 9121) 10334.0
(2815, 2816, 2817) 17643.0
(3003, 3004, 3005) 11793.0
(5314, 5315, 5316) 12802.0
(5719, 5720, 5721) 10307.0
(6788, 6789, 6790) 11989.0
(190, 191, 192) 13235.0
(8419, 8420, 8421) 18187.0
(9224, 9225, 9226) 18289.0
(8833, 8834, 8835) 15892.0
(4570, 4571, 4572) 11821.0
(7401, 7402, 7403) 10469.0
(8754, 8755, 8756) 14986.0
(511, 512, 513) 11062.0
(5752, 5753, 5754) 14297.0
(5744, 5745, 5746) 11154.0
(1925, 1926, 1927) 16265.0
(6123, 6124, 6125) 15164.0
(6728, 6729, 6730) 7752.0
(3266, 3267, 3268) 17676.0
(9504, 9505, 9506) 11300.0
(77, 78, 79) 20750.0
(6430, 6431, 6432) 10177.0
(1244, 1245, 1246) 12754.0
(1841, 1842, 1843) 19235.0
(419, 420, 421) 12692.0
(7937, 7938, 7939) 14342.0
(6454, 6455, 6456) 11801.0
(8196, 8197, 8198) 17482.0
(8786, 8787, 8788) 10229.0
(6552, 6553, 6554) 16574.0
(6152, 6153, 6154) 11835.0
(2354, 2355, 2356) 9698.0
(1455, 1456, 1457) 11901.0
(2215, 2216, 2217) 17103.0
(8441, 8442, 8443) 12611.0
(4829, 4830, 4831) 9704.0
(4219, 4220, 4221) 12862.0
(435, 436, 437) 11753.0
(5695, 5696, 5697) 10475.0
(1888, 1889, 1890) 15075.0
(9497, 9498, 9499) 11342.0
(5687, 5688, 5689) 11358.0
(9030, 9031, 9032) 12868.0
(1591, 1592, 1593) 17920.0
(8099, 8100, 8101) 13391.0
(1584, 1585, 1586) 13447.0
(9104, 9105, 9106) 13871.0
(4233, 4234, 4235) 12630.0
(5438, 5439, 5440) 11937.0
(8609, 8610, 8611) 16231.0
(9517, 9518, 9519) 19260.0
(8676, 8677, 8678) 11843.0
(7914, 7915, 7916) 14612.0
(597, 598, 599) 13632.0
(2226, 2227, 2228) 8442.0
(3198, 3199, 3200) 13404.0
(210, 211, 212) 13245.0
(1989, 1990, 1991) 13081.0
(6262, 6263, 6264) 11313.0
(8770, 8771, 8772) 14042.0
(4534, 4535, 4536) 13714.0
(1035, 1036, 1037) 15282.0
(4814, 4815, 4816) 16977.0
(4339, 4340, 4341) 13063.0
(4134, 4135, 4136) 12600.0
(8157, 8158, 8159) 11754.0
(4249, 4250, 4251) 7540.0
(7316, 7317, 7318) 11763.0
(1779, 1780, 1781) 11174.0
(5707, 5708, 5709) 16944.0
(2897, 2898, 2899) 11837.0
(9785, 9786, 9787) 16605.0
(3114, 3115, 3116) 19464.0
(595, 596, 597) 10402.0
(2718, 2719, 2720) 13499.0
(6068, 6069, 6070) 10414.0
(5041, 5042, 5043) 12400.0
(5932, 5933, 5934) 11034.0
(731, 732, 733) 18363.0
(6474, 6475, 6476) 11606.0
(3194, 3195, 3196) 15473.0
(9924, 9925, 9926) 11807.0
(981, 982, 983) 14570.0
(8824, 8825, 8826) 10746.0
(5992, 5993, 5994) 12177.0
(3950, 3951, 3952) 17001.0
(6815, 6816, 6817) 11025.0
(7971, 7972, 7973) 11116.0
(268, 269, 270) 9891.0
(1705, 1706, 1707) 11136.0
(4954, 4955, 4956) 17159.0
(7712, 7713, 7714) 13635.0
(6333, 6334, 6335) 16584.0
(1741, 1742, 1743) 10662.0
(5513, 5514, 5515) 14612.0
(8358, 8359, 8360) 11490.0
(3324, 3325, 3326) 10438.0
(1054, 1055, 1056) 9642.0
(9995, 9996, 9997) 13691.0
(7042, 7043, 7044) 15171.0
(3367, 3368, 3369) 13668.0
(8716, 8717, 8718) 13886.0
(55, 56, 57) 9396.0
(9102, 9103, 9104) 11914.0
(7809, 7810, 7811) 14587.0
(1014, 1015, 1016) 15711.0
(5542, 5543, 5544) 17541.0
(2010, 2011, 2012) 12416.0
(5475, 5476, 5477) 9269.0
(4239, 4240, 4241) 10509.0
(3727, 3728, 3729) 9855.0
(9261, 9262, 9263) 11157.0
(6922, 6923, 6924) 14972.0
(6819, 6820, 6821) 9704.0
(8376, 8377, 8378) 9495.0
(6946, 6947, 6948) 13894.0
(2465, 2466, 2467) 12549.0
(9404, 9405, 9406) 11714.0
(7480, 7481, 7482) 12533.0
(6807, 6808, 6809) 11765.0
(6296, 6297, 6298) 13849.0
(4126, 4127, 4128) 14976.0
(3115, 3116, 3117) 15590.0
(8782, 8783, 8784) 15053.0
(8778, 8779, 8780) 12620.0
(3550, 3551, 3552) 14987.0
(7955, 7956, 7957) 12752.0
(3275, 3276, 3277) 9209.0
(9012, 9013, 9014) 12433.0
(2239, 2240, 2241) 15482.0
(6769, 6770, 6771) 12511.0
(5079, 5080, 5081) 13063.0
(7912, 7913, 7914) 13094.0
(7249, 7250, 7251) 15430.0
(4261, 4262, 4263) 15637.0
(6029, 6030, 6031) 11411.0
(4225, 4226, 4227) 13744.0
(9677, 9678, 9679) 20981.0
(3802, 3803, 3804) 13549.0
(3409, 3410, 3411) 8516.0
(8517, 8518, 8519) 13304.0
(9105, 9106, 9107) 13110.0
(7939, 7940, 7941) 12945.0
(7051, 7052, 7053) 13742.0
(4503, 4504, 4505) 13965.0
(4464, 4465, 4466) 9330.0
(1327, 1328, 1329) 9242.0
(6469, 6470, 6471) 14070.0
(3179, 3180, 3181) 13029.0
(9876, 9877, 9878) 13384.0
(9491, 9492, 9493) 12936.0
(2929, 2930, 2931) 14078.0
(1224, 1225, 1226) 12956.0
(7689, 7690, 7691) 10609.0
(7300, 7301, 7302) 20559.0
(5891, 5892, 5893) 17324.0
(4329, 4330, 4331) 19148.0
(5819, 5820, 5821) 12501.0
(2201, 2202, 2203) 15853.0
(8984, 8985, 8986) 14816.0
(4016, 4017, 4018) 12976.0
(3978, 3979, 3980) 12491.0
(2861, 2862, 2863) 13374.0
(3325, 3326, 3327) 13727.0
(7896, 7897, 7898) 13527.0
(3103, 3104, 3105) 10106.0
(7732, 7733, 7734) 14745.0
(7259, 7260, 7261) 18089.0
(9306, 9307, 9308) 15212.0
(2801, 2802, 2803) 17325.0
(6413, 6414, 6415) 11045.0
(8113, 8114, 8115) 10096.0
(3226, 3227, 3228) 19028.0
(9693, 9694, 9695) 14592.0
(3756, 3757, 3758) 10284.0
(6428, 6429, 6430) 12304.0
(4773, 4774, 4775) 12422.0
(1587, 1588, 1589) 10848.0
(4989, 4990, 4991) 19942.0
(8962, 8963, 8964) 15977.0
(7948, 7949, 7950) 11620.0
(7087, 7088, 7089) 9894.0
(5291, 5292, 5293) 15044.0
(2527, 2528, 2529) 16060.0
(8827, 8828, 8829) 15782.0
(7287, 7288, 7289) 13265.0
(6505, 6506, 6507) 9200.0
(1765, 1766, 1767) 9765.0
(2596, 2597, 2598) 11887.0
(1347, 1348, 1349) 15878.0
(3676, 3677, 3678) 9695.0
(4726, 4727, 4728) 14871.0
(5458, 5459, 5460) 14273.0
(9362, 9363, 9364) 13440.0
(2848, 2849, 2850) 14429.0
(4628, 4629, 4630) 17426.0
(4636, 4637, 4638) 10550.0
(3588, 3589, 3590) 12667.0
(3734, 3735, 3736) 15696.0
(1325, 1326, 1327) 11201.0
(2669, 2670, 2671) 14076.0
(5689, 5690, 5691) 12629.0
(953, 954, 955) 14924.0
(9561, 9562, 9563) 12924.0
(2454, 2455, 2456) 9784.0
(6025, 6026, 6027) 10702.0
(96, 97, 98) 9418.0
(3147, 3148, 3149) 12255.0
(5273, 5274, 5275) 13449.0
(7252, 7253, 7254) 16326.0
(9754, 9755, 9756) 15870.0
(2313, 2314, 2315) 15586.0
(8242, 8243, 8244) 11817.0
(566, 567, 568) 16233.0
(7228, 7229, 7230) 8697.0
(9296, 9297, 9298) 13167.0
(6950, 6951, 6952) 11673.0
(1154, 1155, 1156) 18077.0
(1638, 1639, 1640) 19788.0
(9580, 9581, 9582) 18225.0
(5477, 5478, 5479) 12858.0
(4747, 4748, 4749) 13674.0
(1922, 1923, 1924) 16530.0
(5884, 5885, 5886) 12360.0
(7518, 7519, 7520) 15017.0
(7222, 7223, 7224) 8875.0
(1543, 1544, 1545) 12309.0
(722, 723, 724) 17571.0
(2479, 2480, 2481) 14765.0
(6906, 6907, 6908) 11804.0
(7060, 7061, 7062) 16045.0
(2503, 2504, 2505) 19808.0
(8909, 8910, 8911) 22860.0
(7352, 7353, 7354) 11262.0
(5536, 5537, 5538) 15369.0
(3158, 3159, 3160) 10368.0
(9429, 9430, 9431) 10388.0
(6594, 6595, 6596) 11382.0
(4759, 4760, 4761) 11714.0
(5260, 5261, 5262) 11241.0
(8569, 8570, 8571) 7802.0
(816, 817, 818) 16530.0
(7575, 7576, 7577) 12811.0
(2293, 2294, 2295) 10763.0
(9917, 9918, 9919) 12638.0
(2854, 2855, 2856) 9706.0
(5370, 5371, 5372) 15690.0
(2124, 2125, 2126) 13517.0
(4204, 4205, 4206) 8596.0
(8583, 8584, 8585) 11016.0
(6313, 6314, 6315) 13125.0
(4594, 4595, 4596) 15324.0
(5752, 5753, 5754) 14297.0
(7649, 7650, 7651) 15064.0
(3538, 3539, 3540) 15615.0
(5598, 5599, 5600) 12858.0
(6301, 6302, 6303) 11906.0
(4370, 4371, 4372) 12062.0
(6197, 6198, 6199) 9955.0
(8493, 8494, 8495) 12944.0
(7102, 7103, 7104) 9916.0
(1569, 1570, 1571) 14828.0
(4225, 4226, 4227) 13744.0
(2861, 2862, 2863) 13374.0
(2643, 2644, 2645) 9994.0
(1695, 1696, 1697) 14385.0
(8051, 8052, 8053) 15396.0
(528, 529, 530) 14707.0
(5998, 5999, 6000) 10437.0
(4718, 4719, 4720) 15260.0
(6363, 6364, 6365) 15315.0
(1614, 1615, 1616) 15669.0
(7379, 7380, 7381) 12436.0
(3051, 3052, 3053) 10386.0
(4024, 4025, 4026) 13316.0
(5114, 5115, 5116) 9863.0
(2473, 2474, 2475) 19305.0
(9508, 9509, 9510) 10709.0
(1235, 1236, 1237) 10488.0
(9148, 9149, 9150) 20932.0
(6567, 6568, 6569) 10409.0
(4088, 4089, 4090) 14273.0
(9471, 9472, 9473) 11947.0
(2247, 2248, 2249) 14093.0
(9246, 9247, 9248) 15675.0
(6011, 6012, 6013) 11575.0
(7526, 7527, 7528) 13530.0
(5693, 5694, 5695) 10269.0
(7170, 7171, 7172) 17007.0
(8356, 8357, 8358) 15259.0
(6815, 6816, 6817) 11025.0
(9763, 9764, 9765) 18359.0
(2473, 2474, 2475) 19305.0
(1352, 1353, 1354) 14837.0
(5431, 5432, 5433) 12334.0
(246, 247, 248) 13753.0
(5715, 5716, 5717) 14024.0
(7117, 7118, 7119) 13696.0
(3427, 3428, 3429) 14499.0
(7060, 7061, 7062) 16045.0
(914, 915, 916) 13537.0
(4543, 4544, 4545) 11710.0
(8669, 8670, 8671) 11104.0
(8649, 8650, 8651) 16436.0
(2234, 2235, 2236) 17271.0
(6438, 6439, 6440) 12804.0
(4783, 4784, 4785) 12155.0
(7063, 7064, 7065) 14102.0
(9384, 9385, 9386) 12287.0
(7226, 7227, 7228) 13560.0
(7037, 7038, 7039) 13033.0
(7086, 7087, 7088) 11359.0
(2546, 2547, 2548) 12690.0
(3446, 3447, 3448) 11880.0
(8868, 8869, 8870) 14491.0
(7886, 7887, 7888) 13113.0
(1486, 1487, 1488) 13825.0
(899, 900, 901) 9640.0
(6658, 6659, 6660) 16197.0
(4294, 4295, 4296) 11480.0
(3172, 3173, 3174) 14697.0
(3979, 3980, 3981) 13930.0
(8694, 8695, 8696) 12887.0
(6001, 6002, 6003) 12674.0
(2517, 2518, 2519) 17769.0
(4449, 4450, 4451) 12080.0
(7045, 7046, 7047) 15984.0
(5387, 5388, 5389) 14128.0
(5285, 5286, 5287) 11524.0
(3352, 3353, 3354) 15684.0
(6016, 6017, 6018) 11482.0
(1731, 1732, 1733) 12967.0
(2900, 2901, 2902) 9487.0
(9968, 9969, 9970) 11070.0
(3481, 3482, 3483) 15905.0
(2079, 2080, 2081) 12197.0
(2034, 2035, 2036) 18386.0
(291, 292, 293) 9195.0
(52, 53, 54) 12749.0
(4755, 4756, 4757) 11565.0
(281, 282, 283) 15459.0
(9511, 9512, 9513) 10271.0
(9851, 9852, 9853) 18888.0
(4264, 4265, 4266) 12774.0
(7836, 7837, 7838) 11587.0
(1815, 1816, 1817) 15492.0
(2261, 2262, 2263) 8544.0
(5028, 5029, 5030) 16118.0
(8303, 8304, 8305) 10877.0
(5608, 5609, 5610) 10772.0
(9827, 9828, 9829) 14354.0
(954, 955, 956) 16900.0
(1176, 1177, 1178) 20001.0
(1447, 1448, 1449) 13232.0
(5185, 5186, 5187) 13734.0
(6020, 6021, 6022) 12996.0
(8361, 8362, 8363) 13726.0
(2640, 2641, 2642) 13637.0
(5274, 5275, 5276) 12989.0
(3293, 3294, 3295) 14428.0
(4050, 4051, 4052) 13242.0
(3247, 3248, 3249) 10943.0
(4971, 4972, 4973) 12814.0
(7322, 7323, 7324) 16064.0
(2914, 2915, 2916) 15554.0
(8917, 8918, 8919) 15644.0
(2165, 2166, 2167) 15796.0
(5120, 5121, 5122) 14078.0
(7417, 7418, 7419) 10383.0
(1126, 1127, 1128) 11624.0
(3978, 3979, 3980) 12491.0
(156, 157, 158) 12266.0
(921, 922, 923) 18146.0
(8905, 8906, 8907) 14036.0
(8639, 8640, 8641) 9970.0
(8360, 8361, 8362) 10950.0
(3267, 3268, 3269) 11167.0
(7117, 7118, 7119) 13696.0
(5754, 5755, 5756) 9595.0
(3478, 3479, 3480) 21741.0
(5728, 5729, 5730) 11095.0
(9845, 9846, 9847) 14818.0
(2929, 2930, 2931) 14078.0
(682, 683, 684) 9861.0
(2325, 2326, 2327) 11563.0
(2881, 2882, 2883) 9793.0
(7205, 7206, 7207) 14423.0
(4987, 4988, 4989) 9238.0
(7227, 7228, 7229) 10133.0
(4663, 4664, 4665) 16213.0
(4787, 4788, 4789) 12143.0
(2011, 2012, 2013) 13872.0
(7698, 7699, 7700) 15942.0
(291, 292, 293) 9195.0
(4525, 4526, 4527) 12199.0
(3832, 3833, 3834) 12020.0
(4087, 4088, 4089) 13950.0
(8505, 8506, 8507) 11017.0
(74, 75, 76) 11479.0
(4271, 4272, 4273) 11048.0
(7112, 7113, 7114) 11166.0
(8600, 8601, 8602) 15298.0
(2104, 2105, 2106) 11762.0
(2586, 2587, 2588) 12914.0
(8309, 8310, 8311) 11271.0
(1825, 1826, 1827) 18573.0
(7528, 7529, 7530) 13588.0
(9501, 9502, 9503) 19159.0
(6805, 6806, 6807) 12194.0
(2804, 2805, 2806) 15018.0
(1859, 1860, 1861) 10581.0
(8497, 8498, 8499) 14908.0
(3177, 3178, 3179) 9498.0
(6603, 6604, 6605) 10325.0
(7377, 7378, 7379) 16783.0
(9651, 9652, 9653) 10574.0
(3319, 3320, 3321) 19204.0
(5303, 5304, 5305) 12997.0
(6125, 6126, 6127) 14468.0
(8239, 8240, 8241) 9964.0
(2072, 2073, 2074) 12191.0
(5146, 5147, 5148) 15855.0
(8497, 8498, 8499) 14908.0
(3511, 3512, 3513) 11037.0
(4501, 4502, 4503) 13537.0
(4047, 4048, 4049) 10077.0
(9081, 9082, 9083) 13929.0
(8850, 8851, 8852) 8992.0
(1651, 1652, 1653) 18027.0
(4493, 4494, 4495) 10174.0
(1045, 1046, 1047) 16071.0
(7141, 7142, 7143) 15705.0
(2345, 2346, 2347) 12075.0
(4856, 4857, 4858) 11445.0
(2555, 2556, 2557) 14985.0
(3840, 3841, 3842) 15569.0
(431, 432, 433) 13377.0
(9310, 9311, 9312) 12140.0
(4813, 4814, 4815) 14753.0
(6930, 6931, 6932) 10216.0
(9199, 9200, 9201) 10499.0
(5708, 5709, 5710) 14498.0
(6011, 6012, 6013) 11575.0
(7597, 7598, 7599) 17872.0
(2936, 2937, 2938) 13079.0
(5121, 5122, 5123) 13665.0
(5043, 5044, 5045) 15855.0
(7415, 7416, 7417) 11823.0
(4746, 4747, 4748) 12324.0
(9480, 9481, 9482) 13975.0
(2868, 2869, 2870) 15021.0
(4737, 4738, 4739) 14156.0
(5474, 5475, 5476) 10346.0
(2792, 2793, 2794) 12729.0
(3309, 3310, 3311) 9818.0
(4304, 4305, 4306) 11675.0
(2543, 2544, 2545) 14788.0
(5491, 5492, 5493) 11381.0
(9573, 9574, 9575) 11608.0
(4892, 4893, 4894) 14630.0
(4442, 4443, 4444) 11366.0
(37, 38, 39) 11643.0
(9398, 9399, 9400) 14163.0
(7665, 7666, 7667) 14352.0
(8414, 8415, 8416) 13061.0
(4982, 4983, 4984) 13929.0
(3055, 3056, 3057) 12662.0
(6283, 6284, 6285) 10076.0
(9451, 9452, 9453) 10971.0
(2415, 2416, 2417) 13334.0
(9001, 9002, 9003) 17897.0
(6710, 6711, 6712) 15452.0
(3710, 3711, 3712) 18071.0
(7314, 7315, 7316) 14350.0
(542, 543, 544) 11531.0
(7608, 7609, 7610) 15404.0
(3132, 3133, 3134) 12648.0
(2946, 2947, 2948) 11380.0
(2359, 2360, 2361) 12577.0
(7584, 7585, 7586) 13955.0
(3856, 3857, 3858) 14758.0
(2984, 2985, 2986) 14734.0
(4408, 4409, 4410) 15157.0
(5652, 5653, 5654) 15227.0
(4004, 4005, 4006) 10913.0
(6972, 6973, 6974) 12224.0
(446, 447, 448) 11568.0
(3464, 3465, 3466) 13129.0
(4938, 4939, 4940) 11564.0
(8442, 8443, 8444) 14190.0
(5714, 5715, 5716) 14113.0
(8745, 8746, 8747) 9888.0
(5821, 5822, 5823) 15911.0
(2873, 2874, 2875) 11609.0
(1798, 1799, 1800) 9569.0
(770, 771, 772) 10670.0
(7471, 7472, 7473) 11496.0
(6735, 6736, 6737) 9577.0
(2729, 2730, 2731) 12624.0
(2845, 2846, 2847) 12279.0
(3708, 3709, 3710) 11681.0
(5049, 5050, 5051) 12468.0
(3471, 3472, 3473) 16745.0
(8437, 8438, 8439) 16466.0
(8789, 8790, 8791) 10545.0
(8631, 8632, 8633) 13503.0
(5754, 5755, 5756) 9595.0
(6395, 6396, 6397) 10460.0
(9157, 9158, 9159) 13528.0
(3204, 3205, 3206) 13382.0
(507, 508, 509) 13304.0
(9561, 9562, 9563) 12924.0
(9666, 9667, 9668) 11256.0
(431, 432, 433) 13377.0
(5091, 5092, 5093) 10778.0
(9589, 9590, 9591) 18229.0
(332, 333, 334) 10011.0
(5535, 5536, 5537) 11424.0
(3931, 3932, 3933) 15912.0
(8936, 8937, 8938) 15243.0
(9836, 9837, 9838) 13600.0
(7057, 7058, 7059) 13068.0
(8372, 8373, 8374) 15091.0
(2949, 2950, 2951) 12652.0
(7135, 7136, 7137) 12869.0
(8507, 8508, 8509) 10648.0
(7896, 7897, 7898) 13527.0
(9300, 9301, 9302) 15195.0
(4472, 4473, 4474) 14406.0
(6126, 6127, 6128) 14526.0
(8282, 8283, 8284) 10975.0
(5363, 5364, 5365) 11727.0
(9285, 9286, 9287) 9894.0
(1789, 1790, 1791) 16779.0
(336, 337, 338) 9985.0
(7171, 7172, 7173) 9267.0
(3442, 3443, 3444) 12670.0
(660, 661, 662) 15859.0
(2281, 2282, 2283) 13554.0
(7220, 7221, 7222) 14797.0
(4385, 4386, 4387) 14655.0
(2164, 2165, 2166) 13510.0
(2882, 2883, 2884) 9183.0
(9511, 9512, 9513) 10271.0
(5611, 5612, 5613) 15400.0
(3330, 3331, 3332) 11653.0
(9932, 9933, 9934) 14126.0
(242, 243, 244) 11285.0
(4791, 4792, 4793) 9118.0
(3752, 3753, 3754) 10289.0
(6750, 6751, 6752) 12617.0
(7893, 7894, 7895) 13086.0
(5239, 5240, 5241) 8757.0
(4463, 4464, 4465) 10394.0
(7455, 7456, 7457) 14432.0
(6892, 6893, 6894) 10719.0
(2033, 2034, 2035) 12244.0
(7439, 7440, 7441) 12527.0
(5634, 5635, 5636) 12217.0
(6445, 6446, 6447) 17498.0
(2146, 2147, 2148) 13610.0
(230, 231, 232) 16187.0
(7501, 7502, 7503) 9039.0
(3574, 3575, 3576) 14948.0
(4784, 4785, 4786) 9441.0
(9238, 9239, 9240) 16435.0
(5249, 5250, 5251) 11358.0
(7477, 7478, 7479) 13183.0
(8942, 8943, 8944) 12013.0
(3275, 3276, 3277) 9209.0
(4494, 4495, 4496) 13251.0
(9806, 9807, 9808) 13825.0
(0, 1, 2) 13487.0
(2122, 2123, 2124) 17419.0
(2885, 2886, 2887) 14342.0
(4880, 4881, 4882) 13552.0
(1207, 1208, 1209) 12753.0
(9924, 9925, 9926) 11807.0
(3432, 3433, 3434) 7350.0
(6422, 6423, 6424) 11484.0
(851, 852, 853) 12906.0
(3379, 3380, 3381) 12740.0
(3239, 3240, 3241) 15009.0
(2611, 2612, 2613) 12670.0
(1968, 1969, 1970) 12946.0
(6073, 6074, 6075) 12610.0
(784, 785, 786) 10519.0
(1731, 1732, 1733) 12967.0
(7089, 7090, 7091) 10612.0
(1708, 1709, 1710) 13815.0
(9653, 9654, 9655) 12416.0
(1341, 1342, 1343) 16099.0
(4043, 4044, 4045) 11084.0
(9386, 9387, 9388) 14626.0
(3082, 3083, 3084) 13132.0
(7688, 7689, 7690) 7137.0
(75, 76, 77) 14013.0
(6656, 6657, 6658) 14562.0
(382, 383, 384) 12581.0
(8694, 8695, 8696) 12887.0
(2737, 2738, 2739) 12830.0
(6876, 6877, 6878) 13986.0
(4096, 4097, 4098) 13922.0
(4892, 4893, 4894) 14630.0
(7728, 7729, 7730) 16515.0
(1674, 1675, 1676) 16727.0
(8893, 8894, 8895) 14750.0
(9907, 9908, 9909) 15478.0
(7644, 7645, 7646) 11555.0
(6156, 6157, 6158) 10011.0
(4973, 4974, 4975) 15293.0
(8314, 8315, 8316) 13309.0
(5116, 5117, 5118) 18522.0
(8788, 8789, 8790) 12116.0
(5279, 5280, 5281) 11869.0
(3847, 3848, 3849) 17858.0
(3110, 3111, 3112) 18707.0
(7422, 7423, 7424) 10013.0
(4781, 4782, 4783) 15296.0
(7090, 7091, 7092) 16439.0
(6363, 6364, 6365) 15315.0
(6945, 6946, 6947) 16353.0
(2083, 2084, 2085) 11901.0
(3785, 3786, 3787) 13296.0
(5889, 5890, 5891) 17651.0
(8516, 8517, 8518) 16540.0
(5223, 5224, 5225) 16751.0
(9209, 9210, 9211) 11563.0
(6579, 6580, 6581) 11126.0
(2024, 2025, 2026) 12549.0
(8008, 8009, 8010) 20166.0
(7374, 7375, 7376) 10773.0
(8633, 8634, 8635) 17213.0
(2005, 2006, 2007) 12422.0
(8062, 8063, 8064) 14739.0
(4978, 4979, 4980) 11742.0
(7391, 7392, 7393) 9786.0
(5204, 5205, 5206) 10225.0
(2987, 2988, 2989) 15819.0
(5369, 5370, 5371) 15596.0
(1897, 1898, 1899) 13314.0
(7436, 7437, 7438) 14254.0
(8760, 8761, 8762) 13763.0
(4452, 4453, 4454) 14903.0
(8800, 8801, 8802) 12073.0
(2770, 2771, 2772) 11038.0
(7159, 7160, 7161) 15383.0
(4101, 4102, 4103) 12459.0
(8502, 8503, 8504) 9706.0
(6837, 6838, 6839) 12654.0
(863, 864, 865) 11608.0
(9956, 9957, 9958) 16748.0
(7212, 7213, 7214) 13579.0
(8589, 8590, 8591) 13746.0
(1018, 1019, 1020) 15276.0
(5305, 5306, 5307) 12086.0
(4130, 4131, 4132) 13999.0
(1121, 1122, 1123) 16738.0
(5863, 5864, 5865) 14025.0
(2605, 2606, 2607) 11770.0
(2518, 2519, 2520) 15615.0
(9194, 9195, 9196) 14096.0
(5670, 5671, 5672) 14779.0
(9724, 9725, 9726) 10651.0
(6219, 6220, 6221) 13990.0
(5065, 5066, 5067) 12073.0
(7741, 7742, 7743) 13363.0
(6852, 6853, 6854) 13694.0
(9366, 9367, 9368) 18153.0
(5842, 5843, 5844) 7585.0
(5271, 5272, 5273) 11274.0
(8989, 8990, 8991) 12733.0
(2325, 2326, 2327) 11563.0
(2535, 2536, 2537) 9880.0
(7475, 7476, 7477) 11442.0
(9670, 9671, 9672) 14303.0
(4130, 4131, 4132) 13999.0
(229, 230, 231) 16886.0
(3830, 3831, 3832) 17858.0
(4098, 4099, 4100) 17105.0
(7402, 7403, 7404) 12312.0
(6749, 6750, 6751) 12035.0
(181, 182, 183) 12799.0
(7231, 7232, 7233) 8805.0
(9409, 9410, 9411) 10307.0
(395, 396, 397) 13281.0
(4790, 4791, 4792) 12963.0
(3612, 3613, 3614) 12187.0
(592, 593, 594) 11412.0
(9106, 9107, 9108) 10417.0
(157, 158, 159) 12201.0
(862, 863, 864) 11881.0
(9159, 9160, 9161) 10944.0
(6587, 6588, 6589) 14911.0
(8766, 8767, 8768) 9383.0
(3398, 3399, 3400) 12671.0
(9517, 9518, 9519) 19260.0
(3444, 3445, 3446) 15131.0
(305, 306, 307) 10747.0
(7704, 7705, 7706) 10677.0
(7535, 7536, 7537) 11346.0
(4672, 4673, 4674) 17804.0
(3279, 3280, 3281) 10787.0
(4168, 4169, 4170) 11729.0
(6385, 6386, 6387) 12701.0
(9330, 9331, 9332) 13170.0
(9501, 9502, 9503) 19159.0
(3551, 3552, 3553) 11980.0
(9076, 9077, 9078) 16711.0
(5882, 5883, 5884) 15056.0
(5778, 5779, 5780) 11339.0
(3005, 3006, 3007) 10648.0
(2086, 2087, 2088) 18798.0
(6140, 6141, 6142) 12636.0
(1226, 1227, 1228) 14605.0
(5371, 5372, 5373) 16659.0
(4245, 4246, 4247) 23479.0
(1127, 1128, 1129) 15212.0
(9123, 9124, 9125) 15301.0
(6077, 6078, 6079) 12102.0
(6543, 6544, 6545) 17561.0
(7451, 7452, 7453) 10553.0
(4132, 4133, 4134) 15271.0
(3728, 3729, 3730) 12571.0
(6021, 6022, 6023) 13564.0
(2996, 2997, 2998) 15927.0
(7130, 7131, 7132) 14240.0
(2423, 2424, 2425) 13905.0
(3737, 3738, 3739) 18039.0
(5920, 5921, 5922) 11084.0
(2313, 2314, 2315) 15586.0
(8584, 8585, 8586) 12179.0
(7974, 7975, 7976) 15209.0
(3183, 3184, 3185) 14117.0
(9072, 9073, 9074) 14968.0
(9555, 9556, 9557) 15454.0
(8654, 8655, 8656) 13830.0
(6379, 6380, 6381) 16108.0
(4665, 4666, 4667) 21293.0
(6230, 6231, 6232) 8497.0
(746, 747, 748) 12420.0
(804, 805, 806) 10674.0
(1564, 1565, 1566) 11560.0
(9950, 9951, 9952) 15205.0
(5884, 5885, 5886) 12360.0
(1459, 1460, 1461) 11022.0
(565, 566, 567) 15732.0
(7814, 7815, 7816) 10868.0
(1955, 1956, 1957) 16426.0
(3049, 3050, 3051) 11388.0
(2022, 2023, 2024) 14006.0
(1360, 1361, 1362) 13976.0
(4891, 4892, 4893) 12286.0
(777, 778, 779) 16738.0
(7002, 7003, 7004) 13150.0
(9711, 9712, 9713) 12399.0
(6502, 6503, 6504) 19980.0
(6341, 6342, 6343) 13489.0
(5837, 5838, 5839) 11540.0
(5433, 5434, 5435) 14049.0
(5478, 5479, 5480) 13859.0
(5191, 5192, 5193) 12455.0
(632, 633, 634) 10497.0
(3126, 3127, 3128) 12022.0
(7104, 7105, 7106) 12407.0
(855, 856, 857) 10939.0
(3887, 3888, 3889) 12651.0
(9006, 9007, 9008) 14577.0
(1736, 1737, 1738) 10905.0
(2795, 2796, 2797) 13499.0
(134, 135, 136) 14413.0
(5430, 5431, 5432) 19722.0
(6727, 6728, 6729) 10883.0
(6273, 6274, 6275) 10829.0
(254, 255, 256) 13917.0
(2370, 2371, 2372) 13985.0
(627, 628, 629) 8960.0
(7622, 7623, 7624) 10086.0
(5766, 5767, 5768) 14699.0
(4463, 4464, 4465) 10394.0
(3460, 3461, 3462) 9838.0
(1675, 1676, 1677) 20817.0
(8283, 8284, 8285) 13980.0
(9966, 9967, 9968) 19487.0
(2987, 2988, 2989) 15819.0
(1157, 1158, 1159) 12810.0
(2965, 2966, 2967) 9453.0
(9159, 9160, 9161) 10944.0
(2222, 2223, 2224) 16317.0
(6635, 6636, 6637) 8060.0
(1399, 1400, 1401) 10633.0
(8242, 8243, 8244) 11817.0
(1177, 1178, 1179) 15476.0
(5797, 5798, 5799) 15042.0
(3314, 3315, 3316) 11509.0
(1160, 1161, 1162) 16424.0
(5395, 5396, 5397) 13275.0
(5273, 5274, 5275) 13449.0
(3037, 3038, 3039) 15210.0
(6668, 6669, 6670) 12881.0
(7293, 7294, 7295) 14903.0
(645, 646, 647) 15199.0
(1784, 1785, 1786) 12938.0
(2126, 2127, 2128) 10971.0
(7146, 7147, 7148) 10213.0
(5549, 5550, 5551) 9980.0
(9036, 9037, 9038) 13302.0
(3421, 3422, 3423) 10554.0
(8392, 8393, 8394) 10166.0
(3786, 3787, 3788) 12254.0
(3959, 3960, 3961) 12253.0
(4603, 4604, 4605) 13206.0
(6893, 6894, 6895) 11148.0
(8690, 8691, 8692) 14271.0
(6094, 6095, 6096) 13707.0
(599, 600, 601) 11138.0
(5114, 5115, 5116) 9863.0
(9312, 9313, 9314) 9077.0
(3632, 3633, 3634) 12034.0
(2095, 2096, 2097) 14408.0
(4462, 4463, 4464) 9695.0
(3863, 3864, 3865) 14137.0
(3604, 3605, 3606) 11651.0
(5504, 5505, 5506) 11588.0
(7526, 7527, 7528) 13530.0
(9522, 9523, 9524) 12239.0
(4131, 4132, 4133) 12315.0
(2278, 2279, 2280) 12616.0
(8054, 8055, 8056) 12382.0
(9272, 9273, 9274) 9823.0
(5438, 5439, 5440) 11937.0
(3950, 3951, 3952) 17001.0
(8969, 8970, 8971) 9523.0
(1628, 1629, 1630) 11306.0
(3726, 3727, 3728) 10944.0
(8993, 8994, 8995) 13856.0
(8507, 8508, 8509) 10648.0
(8859, 8860, 8861) 13407.0
(6133, 6134, 6135) 13652.0
(8080, 8081, 8082) 10538.0
(6404, 6405, 6406) 13011.0
(5899, 5900, 5901) 17153.0
(8018, 8019, 8020) 19197.0
(8064, 8065, 8066) 11790.0
(1465, 1466, 1467) 13411.0
(8679, 8680, 8681) 10431.0
(9008, 9009, 9010) 12842.0
(9305, 9306, 9307) 9916.0
(3086, 3087, 3088) 10096.0
(1899, 1900, 1901) 13233.0
(3596, 3597, 3598) 15492.0
(7260, 7261, 7262) 12077.0
(2202, 2203, 2204) 12636.0
(4570, 4571, 4572) 11821.0
(1122, 1123, 1124) 11854.0
(421, 422, 423) 13409.0
(9718, 9719, 9720) 12829.0
(3067, 3068, 3069) 17453.0
(2049, 2050, 2051) 11964.0
(3365, 3366, 3367) 11733.0
(1038, 1039, 1040) 14094.0
(9936, 9937, 9938) 10898.0
(4324, 4325, 4326) 16057.0
(5866, 5867, 5868) 10065.0
(6290, 6291, 6292) 8469.0
(1636, 1637, 1638) 11344.0
(9107, 9108, 9109) 8970.0
(7424, 7425, 7426) 15689.0
(4236, 4237, 4238) 15244.0
(9478, 9479, 9480) 16634.0
(6565, 6566, 6567) 10618.0
(3003, 3004, 3005) 11793.0
(967, 968, 969) 12069.0
