(1347, 1348, 1349) 16714.0
(102, 103, 104) 22567.0
(2270, 2271, 2272) 12996.0
(2553, 2554, 2555) 14432.0
(1016, 1017, 1018) 14056.0
(3931, 3932, 3933) 17639.0
(3385, 3386, 3387) 11604.0
(4762, 4763, 4764) 14387.0
(4862, 4863, 4864) 11017.0
(3735, 3736, 3737) 12708.0
(5563, 5564, 5565) 9125.0
(2819, 2820, 2821) 14358.0
(2970, 2971, 2972) 14752.0
(5725, 5726, 5727) 15396.0
(1814, 1815, 1816) 11464.0
(2390, 2391, 2392) 15805.0
(2297, 2298, 2299) 15461.0
(7254, 7255, 7256) 11953.0
(9608, 9609, 9610) 12193.0
(1224, 1225, 1226) 13309.0
(2644, 2645, 2646) 13227.0
(5741, 5742, 5743) 18645.0
(876, 877, 878) 14966.0
(1457, 1458, 1459) 14530.0
(612, 613, 614) 15823.0
(7062, 7063, 7064) 14121.0
(8665, 8666, 8667) 16818.0
(2172, 2173, 2174) 15460.0
(1382, 1383, 1384) 9792.0
(6154, 6155, 6156) 17186.0
(4213, 4214, 4215) 13100.0
(3773, 3774, 3775) 11868.0
(7578, 7579, 7580) 13028.0
(689, 690, 691) 19159.0
(7521, 7522, 7523) 16066.0
(1955, 1956, 1957) 17736.0
(6876, 6877, 6878) 15154.0
(7790, 7791, 7792) 17927.0
(4842, 4843, 4844) 17905.0
(9455, 9456, 9457) 12392.0
(7871, 7872, 7873) 13666.0
(9187, 9188, 9189) 16807.0
(2615, 2616, 2617) 11883.0
(7099, 7100, 7101) 16152.0
(8256, 8257, 8258) 13368.0
(8261, 8262, 8263) 9461.0
(9056, 9057, 9058) 10550.0
(9605, 9606, 9607) 13450.0
(539, 540, 541) 14924.0
(4608, 4609, 4610) 18763.0
(9391, 9392, 9393) 12115.0
(8797, 8798, 8799) 15327.0
(4953, 4954, 4955) 21899.0
(3874, 3875, 3876) 16068.0
(391, 392, 393) 14394.0
(7794, 7795, 7796) 13451.0
(5063, 5064, 5065) 16798.0
(1451, 1452, 1453) 12667.0
(9708, 9709, 9710) 13185.0
(8326, 8327, 8328) 11463.0
(3063, 3064, 3065) 14506.0
(4929, 4930, 4931) 15918.0
(6504, 6505, 6506) 14797.0
(5371, 5372, 5373) 18735.0
(4831, 4832, 4833) 19034.0
(299, 300, 301) 13219.0
(4581, 4582, 4583) 16555.0
(3327, 3328, 3329) 15275.0
(7247, 7248, 7249) 12063.0
(9552, 9553, 9554) 11513.0
(1555, 1556, 1557) 15608.0
(4840, 4841, 4842) 10571.0
(2154, 2155, 2156) 15512.0
(3988, 3989, 3990) 15569.0
(8298, 8299, 8300) 10207.0
(4678, 4679, 4680) 14342.0
(8793, 8794, 8795) 16610.0
(2107, 2108, 2109) 15348.0
(5230, 5231, 5232) 15499.0
(5615, 5616, 5617) 16401.0
(8662, 8663, 8664) 16651.0
(2253, 2254, 2255) 12941.0
(4972, 4973, 4974) 13276.0
(4670, 4671, 4672) 11476.0
(5375, 5376, 5377) 19063.0
(7674, 7675, 7676) 15822.0
(7375, 7376, 7377) 12239.0
(151, 152, 153) 14256.0
(8091, 8092, 8093) 19647.0
(7985, 7986, 7987) 17058.0
(9481, 9482, 9483) 12497.0
(5711, 5712, 5713) 14405.0
(4818, 4819, 4820) 12837.0
(9566, 9567, 9568) 16033.0
(8335, 8336, 8337) 18751.0
(1873, 1874, 1875) 15894.0
(5570, 5571, 5572) 12547.0
(9257, 9258, 9259) 12693.0
(4615, 4616, 4617) 12794.0
(4617, 4618, 4619) 10891.0
(6432, 6433, 6434) 14579.0
(7282, 7283, 7284) 15389.0
(4143, 4144, 4145) 14294.0
(977, 978, 979) 15465.0
(2017, 2018, 2019) 11325.0
(8603, 8604, 8605) 12337.0
(8251, 8252, 8253) 15243.0
(3531, 3532, 3533) 17702.0
(4312, 4313, 4314) 13272.0
(9408, 9409, 9410) 15756.0
(4473, 4474, 4475) 10643.0
(8871, 8872, 8873) 13262.0
(2957, 2958, 2959) 14358.0
(455, 456, 457) 13667.0
(1536, 1537, 1538) 11833.0
(5180, 5181, 5182) 18019.0
(8011, 8012, 8013) 14456.0
(839, 840, 841) 17147.0
(8357, 8358, 8359) 13932.0
(3164, 3165, 3166) 13499.0
(3443, 3444, 3445) 14791.0
(9033, 9034, 9035) 19434.0
(9618, 9619, 9620) 13505.0
(5580, 5581, 5582) 16782.0
(1599, 1600, 1601) 15505.0
(9317, 9318, 9319) 13485.0
(7937, 7938, 7939) 15537.0
(4559, 4560, 4561) 15378.0
(3565, 3566, 3567) 13007.0
(7292, 7293, 7294) 16466.0
(3935, 3936, 3937) 14242.0
(133, 134, 135) 12207.0
(6311, 6312, 6313) 15552.0
(5867, 5868, 5869) 11950.0
(9905, 9906, 9907) 12291.0
(1273, 1274, 1275) 15598.0
(1090, 1091, 1092) 15985.0
(3119, 3120, 3121) 12962.0
(3954, 3955, 3956) 13647.0
(5380, 5381, 5382) 19499.0
(6642, 6643, 6644) 15230.0
(1144, 1145, 1146) 13896.0
(3355, 3356, 3357) 14257.0
(8254, 8255, 8256) 15018.0
(1245, 1246, 1247) 12842.0
(2117, 2118, 2119) 13627.0
(1420, 1421, 1422) 15763.0
(7134, 7135, 7136) 10322.0
(2123, 2124, 2125) 13667.0
(9953, 9954, 9955) 10260.0
(3610, 3611, 3612) 18880.0
(3904, 3905, 3906) 10684.0
(9347, 9348, 9349) 13677.0
(6799, 6800, 6801) 13894.0
(7325, 7326, 7327) 12320.0
(7345, 7346, 7347) 13325.0
(8554, 8555, 8556) 14603.0
(1342, 1343, 1344) 14701.0
(5693, 5694, 5695) 11569.0
(3055, 3056, 3057) 13598.0
(844, 845, 846) 20772.0
(6567, 6568, 6569) 10730.0
(5119, 5120, 5121) 14736.0
(1582, 1583, 1584) 13525.0
(1887, 1888, 1889) 13549.0
(2556, 2557, 2558) 10384.0
(1566, 1567, 1568) 11075.0
(3089, 3090, 3091) 16235.0
(8231, 8232, 8233) 16713.0
(6317, 6318, 6319) 13899.0
(9354, 9355, 9356) 15334.0
(6622, 6623, 6624) 15314.0
(2783, 2784, 2785) 10305.0
(1870, 1871, 1872) 11731.0
(8533, 8534, 8535) 9407.0
(1903, 1904, 1905) 13981.0
(9600, 9601, 9602) 11997.0
(9654, 9655, 9656) 13005.0
(3798, 3799, 3800) 13101.0
(7957, 7958, 7959) 14110.0
(8657, 8658, 8659) 17142.0
(669, 670, 671) 17150.0
(9993, 9994, 9995) 15265.0
(6011, 6012, 6013) 12480.0
(921, 922, 923) 18672.0
(3319, 3320, 3321) 21315.0
(4829, 4830, 4831) 10746.0
(1640, 1641, 1642) 16623.0
(8501, 8502, 8503) 15600.0
(2781, 2782, 2783) 14560.0
(3376, 3377, 3378) 12405.0
(104, 105, 106) 16428.0
(5156, 5157, 5158) 16764.0
(6184, 6185, 6186) 13207.0
(6922, 6923, 6924) 15991.0
(409, 410, 411) 15150.0
(8552, 8553, 8554) 14997.0
(7304, 7305, 7306) 18426.0
(5080, 5081, 5082) 14339.0
(9280, 9281, 9282) 16940.0
(6107, 6108, 6109) 12312.0
