(5570, 5571, 5572) 13496.0
(3241, 3242, 3243) 13283.0
(6237, 6238, 6239) 20887.0
(3933, 3934, 3935) 16976.0
(5183, 5184, 5185) 16032.0
(8865, 8866, 8867) 13790.0
(5546, 5547, 5548) 14761.0
(423, 424, 425) 21921.0
(9680, 9681, 9682) 17377.0
(9945, 9946, 9947) 10733.0
(3770, 3771, 3772) 16702.0
(6066, 6067, 6068) 18168.0
(1469, 1470, 1471) 18551.0
(7083, 7084, 7085) 17204.0
(282, 283, 284) 20915.0
(7995, 7996, 7997) 18806.0
(3162, 3163, 3164) 16989.0
(1879, 1880, 1881) 10909.0
(1117, 1118, 1119) 15280.0
(8233, 8234, 8235) 17025.0
(2316, 2317, 2318) 18222.0
(3203, 3204, 3205) 10674.0
(466, 467, 468) 17844.0
(3848, 3849, 3850) 20503.0
(1175, 1176, 1177) 15095.0
(4159, 4160, 4161) 12052.0
(9766, 9767, 9768) 14175.0
(8071, 8072, 8073) 16952.0
(6382, 6383, 6384) 18050.0
(1698, 1699, 1700) 18130.0
(2642, 2643, 2644) 18545.0
(8673, 8674, 8675) 15243.0
(9271, 9272, 9273) 17805.0
(2078, 2079, 2080) 13602.0
(3894, 3895, 3896) 18519.0
(8268, 8269, 8270) 11709.0
(9676, 9677, 9678) 12120.0
(5431, 5432, 5433) 14966.0
(250, 251, 252) 15446.0
(4419, 4420, 4421) 13461.0
(6883, 6884, 6885) 25230.0
(7633, 7634, 7635) 14203.0
(9759, 9760, 9761) 18062.0
(7906, 7907, 7908) 15015.0
(3020, 3021, 3022) 16006.0
(6890, 6891, 6892) 14834.0
(8403, 8404, 8405) 12224.0
(9615, 9616, 9617) 15402.0
(3619, 3620, 3621) 16175.0
(2148, 2149, 2150) 10563.0
(6185, 6186, 6187) 16202.0
(9483, 9484, 9485) 14281.0
(9415, 9416, 9417) 14359.0
(5683, 5684, 5685) 14397.0
(2390, 2391, 2392) 16969.0
(2995, 2996, 2997) 18455.0
(7501, 7502, 7503) 10623.0
(263, 264, 265) 14133.0
(6705, 6706, 6707) 20085.0
(8490, 8491, 8492) 13925.0
(3705, 3706, 3707) 15102.0
(8860, 8861, 8862) 12320.0
(9457, 9458, 9459) 13481.0
(3417, 3418, 3419) 23297.0
(1351, 1352, 1353) 19343.0
(9658, 9659, 9660) 14442.0
(5489, 5490, 5491) 12059.0
(7496, 7497, 7498) 14208.0
(9800, 9801, 9802) 14385.0
(9033, 9034, 9035) 20524.0
(2301, 2302, 2303) 23363.0
(4749, 4750, 4751) 15307.0
(7458, 7459, 7460) 17422.0
(2136, 2137, 2138) 14869.0
(9318, 9319, 9320) 12934.0
(5151, 5152, 5153) 17311.0
(7163, 7164, 7165) 19064.0
(3874, 3875, 3876) 16601.0
(1112, 1113, 1114) 17146.0
(4843, 4844, 4845) 20659.0
(8328, 8329, 8330) 16691.0
(8983, 8984, 8985) 13797.0
(3972, 3973, 3974) 18769.0
(1643, 1644, 1645) 15186.0
(5049, 5050, 5051) 14524.0
(6793, 6794, 6795) 21542.0
(3876, 3877, 3878) 14845.0
(7738, 7739, 7740) 19484.0
(9588, 9589, 9590) 20230.0
(8307, 8308, 8309) 15398.0
(8001, 8002, 8003) 18443.0
(5091, 5092, 5093) 13286.0
(3279, 3280, 3281) 13042.0
(9532, 9533, 9534) 16680.0
(5341, 5342, 5343) 13705.0
(5075, 5076, 5077) 24406.0
(8924, 8925, 8926) 14671.0
(7859, 7860, 7861) 19347.0
(5982, 5983, 5984) 18268.0
(4928, 4929, 4930) 13324.0
(9418, 9419, 9420) 19470.0
(6679, 6680, 6681) 16074.0
(1299, 1300, 1301) 13384.0
(990, 991, 992) 19527.0
(8106, 8107, 8108) 15848.0
(5529, 5530, 5531) 17256.0
(1944, 1945, 1946) 12357.0
(1377, 1378, 1379) 16632.0
(3859, 3860, 3861) 12962.0
(8782, 8783, 8784) 20034.0
(5725, 5726, 5727) 16039.0
(9197, 9198, 9199) 11983.0
(5033, 5034, 5035) 16910.0
(1938, 1939, 1940) 19324.0
(4808, 4809, 4810) 15292.0
(9656, 9657, 9658) 19480.0
(8770, 8771, 8772) 19268.0
(6245, 6246, 6247) 14873.0
(1667, 1668, 1669) 9734.0
(9201, 9202, 9203) 16101.0
(3715, 3716, 3717) 13997.0
(9201, 9202, 9203) 16101.0
(9184, 9185, 9186) 16880.0
(5621, 5622, 5623) 14717.0
(8827, 8828, 8829) 18426.0
(5802, 5803, 5804) 17149.0
(9785, 9786, 9787) 19702.0
(3476, 3477, 3478) 12446.0
(9414, 9415, 9416) 22470.0
(3381, 3382, 3383) 11629.0
(48, 49, 50) 14220.0
(4947, 4948, 4949) 18349.0
(6433, 6434, 6435) 13545.0
(7038, 7039, 7040) 18209.0
(2364, 2365, 2366) 12218.0
(5222, 5223, 5224) 14760.0
(4231, 4232, 4233) 13921.0
(9604, 9605, 9606) 17130.0
(996, 997, 998) 12135.0
(2707, 2708, 2709) 18853.0
(9934, 9935, 9936) 16944.0
(472, 473, 474) 10989.0
(7355, 7356, 7357) 16046.0
(7803, 7804, 7805) 12073.0
(6518, 6519, 6520) 17362.0
(1864, 1865, 1866) 14784.0
(8593, 8594, 8595) 17973.0
(456, 457, 458) 16557.0
(9214, 9215, 9216) 16704.0
(8792, 8793, 8794) 8171.0
(2937, 2938, 2939) 20197.0
(4877, 4878, 4879) 20532.0
(9473, 9474, 9475) 13692.0
(6359, 6360, 6361) 13335.0
(5063, 5064, 5065) 17844.0
(3333, 3334, 3335) 13580.0
(1724, 1725, 1726) 23285.0
(5347, 5348, 5349) 12608.0
(2259, 2260, 2261) 22844.0
(262, 263, 264) 17322.0
(7101, 7102, 7103) 14898.0
(4489, 4490, 4491) 13066.0
(5822, 5823, 5824) 23189.0
(5645, 5646, 5647) 16980.0
(7508, 7509, 7510) 18640.0
(7802, 7803, 7804) 16033.0
(3140, 3141, 3142) 18948.0
(2398, 2399, 2400) 12268.0
(4619, 4620, 4621) 15344.0
(5061, 5062, 5063) 21316.0
(1642, 1643, 1644) 21008.0
(3340, 3341, 3342) 13132.0
(1330, 1331, 1332) 12651.0
(9548, 9549, 9550) 10465.0
(9034, 9035, 9036) 17647.0
(816, 817, 818) 18224.0
(4212, 4213, 4214) 11546.0
(3752, 3753, 3754) 11741.0
(2270, 2271, 2272) 15044.0
(1361, 1362, 1363) 11497.0
(2327, 2328, 2329) 18090.0
(6774, 6775, 6776) 14814.0
(4955, 4956, 4957) 15827.0
(4854, 4855, 4856) 13334.0
(9767, 9768, 9769) 16981.0
(6461, 6462, 6463) 12329.0
(7107, 7108, 7109) 18583.0
(1565, 1566, 1567) 12144.0
(4351, 4352, 4353) 12266.0
(6357, 6358, 6359) 14603.0
(7063, 7064, 7065) 18218.0
(1908, 1909, 1910) 19817.0
(4731, 4732, 4733) 16643.0
(5671, 5672, 5673) 12825.0
(7804, 7805, 7806) 19121.0
(4716, 4717, 4718) 16426.0
(92, 93, 94) 12011.0
(1293, 1294, 1295) 15263.0
(9689, 9690, 9691) 20266.0
(4516, 4517, 4518) 16840.0
(6143, 6144, 6145) 17017.0
