(2987, 2988, 2989) 20156.0
(1995, 1996, 1997) 14762.0
(2135, 2136, 2137) 14157.0
(4505, 4506, 4507) 17833.0
(2415, 2416, 2417) 16211.0
(4957, 4958, 4959) 21625.0
(9462, 9463, 9464) 15015.0
(1361, 1362, 1363) 15124.0
(2999, 3000, 3001) 16616.0
(2966, 2967, 2968) 19368.0
(5421, 5422, 5423) 18422.0
(9153, 9154, 9155) 22292.0
(6951, 6952, 6953) 14837.0
(5855, 5856, 5857) 10404.0
(6179, 6180, 6181) 17676.0
(9906, 9907, 9908) 15409.0
(5850, 5851, 5852) 16871.0
(1434, 1435, 1436) 14337.0
(7622, 7623, 7624) 12325.0
(7125, 7126, 7127) 17147.0
(2265, 2266, 2267) 12558.0
(5263, 5264, 5265) 21266.0
(434, 435, 436) 22442.0
(6868, 6869, 6870) 16514.0
(2669, 2670, 2671) 17739.0
(4226, 4227, 4228) 16014.0
(6578, 6579, 6580) 22702.0
(6479, 6480, 6481) 14507.0
(7316, 7317, 7318) 14147.0
(7581, 7582, 7583) 21351.0
(9916, 9917, 9918) 19904.0
(710, 711, 712) 16499.0
(9993, 9994, 9995) 17284.0
(134, 135, 136) 18689.0
(4787, 4788, 4789) 16097.0
(8851, 8852, 8853) 18499.0
(8227, 8228, 8229) 18009.0
(5972, 5973, 5974) 22239.0
(9837, 9838, 9839) 14672.0
(1306, 1307, 1308) 17531.0
(1840, 1841, 1842) 22661.0
(5573, 5574, 5575) 18843.0
(9215, 9216, 9217) 13604.0
(8400, 8401, 8402) 22140.0
(3172, 3173, 3174) 20822.0
(9270, 9271, 9272) 15232.0
(309, 310, 311) 20575.0
(7670, 7671, 7672) 19213.0
(8289, 8290, 8291) 17588.0
(6414, 6415, 6416) 15974.0
(2860, 2861, 2862) 19591.0
(4553, 4554, 4555) 15463.0
(1501, 1502, 1503) 17994.0
(6579, 6580, 6581) 13700.0
(1054, 1055, 1056) 14809.0
(9334, 9335, 9336) 16449.0
(7385, 7386, 7387) 17780.0
(1874, 1875, 1876) 17896.0
(6653, 6654, 6655) 21842.0
(6433, 6434, 6435) 14714.0
(8404, 8405, 8406) 17133.0
(5945, 5946, 5947) 14868.0
(8243, 8244, 8245) 12138.0
(3513, 3514, 3515) 21973.0
(3761, 3762, 3763) 12835.0
(3639, 3640, 3641) 16640.0
(7709, 7710, 7711) 22588.0
(5919, 5920, 5921) 16682.0
(418, 419, 420) 20060.0
(8389, 8390, 8391) 20589.0
(3491, 3492, 3493) 20509.0
(7631, 7632, 7633) 18787.0
(8716, 8717, 8718) 17130.0
(1563, 1564, 1565) 22285.0
(518, 519, 520) 18230.0
(1298, 1299, 1300) 12444.0
(3985, 3986, 3987) 12986.0
(5713, 5714, 5715) 21871.0
(3698, 3699, 3700) 17086.0
(9771, 9772, 9773) 21994.0
(8421, 8422, 8423) 17682.0
(3004, 3005, 3006) 18343.0
(1248, 1249, 1250) 18240.0
(624, 625, 626) 15086.0
(6782, 6783, 6784) 19507.0
(1891, 1892, 1893) 19563.0
(7502, 7503, 7504) 19344.0
(8938, 8939, 8940) 13920.0
(5935, 5936, 5937) 20606.0
(3816, 3817, 3818) 19241.0
(8219, 8220, 8221) 21225.0
(1654, 1655, 1656) 16608.0
(399, 400, 401) 17508.0
(9500, 9501, 9502) 17012.0
(615, 616, 617) 17038.0
(47, 48, 49) 17510.0
(7128, 7129, 7130) 16133.0
(2594, 2595, 2596) 22387.0
(8143, 8144, 8145) 19619.0
(4861, 4862, 4863) 13947.0
(2407, 2408, 2409) 14600.0
(2261, 2262, 2263) 11575.0
(4632, 4633, 4634) 13746.0
(4467, 4468, 4469) 22768.0
(2837, 2838, 2839) 16418.0
(5333, 5334, 5335) 12989.0
(6482, 6483, 6484) 16518.0
(2159, 2160, 2161) 19138.0
(8205, 8206, 8207) 22237.0
(9399, 9400, 9401) 18002.0
(5598, 5599, 5600) 16930.0
(2507, 2508, 2509) 23869.0
(5665, 5666, 5667) 21431.0
(793, 794, 795) 14084.0
(6673, 6674, 6675) 15551.0
(2840, 2841, 2842) 16353.0
(1342, 1343, 1344) 18049.0
(6020, 6021, 6022) 15330.0
(4688, 4689, 4690) 16623.0
(5762, 5763, 5764) 24023.0
(7879, 7880, 7881) 18602.0
(3879, 3880, 3881) 17613.0
(4130, 4131, 4132) 17538.0
(8037, 8038, 8039) 17863.0
(8975, 8976, 8977) 18954.0
(2896, 2897, 2898) 18804.0
(8647, 8648, 8649) 20854.0
(3027, 3028, 3029) 13515.0
(9659, 9660, 9661) 15650.0
(512, 513, 514) 17511.0
(6136, 6137, 6138) 17660.0
(5281, 5282, 5283) 18018.0
(5335, 5336, 5337) 21747.0
(891, 892, 893) 21631.0
(1708, 1709, 1710) 17216.0
(6323, 6324, 6325) 15960.0
(3661, 3662, 3663) 14982.0
(1836, 1837, 1838) 16082.0
(9013, 9014, 9015) 20379.0
(5592, 5593, 5594) 18600.0
(2401, 2402, 2403) 16628.0
(9388, 9389, 9390) 17764.0
(8841, 8842, 8843) 14548.0
(3736, 3737, 3738) 18358.0
(7488, 7489, 7490) 12937.0
(454, 455, 456) 16083.0
(1508, 1509, 1510) 15061.0
(3386, 3387, 3388) 11031.0
(7883, 7884, 7885) 20253.0
(9632, 9633, 9634) 21812.0
(2907, 2908, 2909) 16363.0
(4320, 4321, 4322) 15454.0
(1827, 1828, 1829) 12497.0
(5427, 5428, 5429) 16718.0
(9544, 9545, 9546) 16884.0
(1012, 1013, 1014) 19843.0
(6551, 6552, 6553) 20635.0
(9093, 9094, 9095) 17441.0
(6693, 6694, 6695) 12591.0
(6002, 6003, 6004) 17041.0
(9202, 9203, 9204) 17662.0
(1586, 1587, 1588) 13668.0
(8537, 8538, 8539) 18074.0
(5631, 5632, 5633) 17965.0
(3565, 3566, 3567) 15800.0
(2722, 2723, 2724) 19866.0
(8564, 8565, 8566) 18964.0
(5004, 5005, 5006) 16654.0
(7562, 7563, 7564) 15660.0
(120, 121, 122) 18374.0
(181, 182, 183) 17704.0
(7334, 7335, 7336) 20827.0
(9019, 9020, 9021) 14731.0
(127, 128, 129) 14675.0
(9786, 9787, 9788) 19476.0
(7951, 7952, 7953) 20427.0
(7552, 7553, 7554) 14138.0
(2535, 2536, 2537) 11412.0
(8814, 8815, 8816) 16423.0
(8862, 8863, 8864) 15225.0
(1208, 1209, 1210) 16164.0
(2420, 2421, 2422) 15966.0
(5553, 5554, 5555) 15673.0
(1403, 1404, 1405) 19988.0
(8583, 8584, 8585) 14401.0
(2825, 2826, 2827) 16166.0
(5743, 5744, 5745) 19437.0
(9450, 9451, 9452) 17724.0
(6458, 6459, 6460) 17032.0
(3594, 3595, 3596) 10194.0
(140, 141, 142) 16440.0
(6517, 6518, 6519) 12323.0
(2609, 2610, 2611) 17114.0
(2651, 2652, 2653) 17010.0
(6146, 6147, 6148) 16800.0
(5100, 5101, 5102) 16891.0
(1278, 1279, 1280) 15978.0
(1958, 1959, 1960) 22645.0
(7596, 7597, 7598) 16864.0
(476, 477, 478) 20669.0
(1976, 1977, 1978) 14111.0
