(1769, 1770, 1771) 16502.0
(5529, 5530, 5531) 19095.0
(1788, 1789, 1790) 16918.0
(9152, 9153, 9154) 19616.0
(9099, 9100, 9101) 24800.0
(2300, 2301, 2302) 14393.0
(7740, 7741, 7742) 15992.0
(5839, 5840, 5841) 19111.0
(2281, 2282, 2283) 17382.0
(4958, 4959, 4960) 18442.0
(5081, 5082, 5083) 17508.0
(5960, 5961, 5962) 20324.0
(3536, 3537, 3538) 17149.0
(5970, 5971, 5972) 24290.0
(448, 449, 450) 25209.0
(8360, 8361, 8362) 14764.0
(2811, 2812, 2813) 16631.0
(7199, 7200, 7201) 18859.0
(577, 578, 579) 22712.0
(7049, 7050, 7051) 15944.0
(6477, 6478, 6479) 19095.0
(7116, 7117, 7118) 17436.0
(79, 80, 81) 21330.0
(8275, 8276, 8277) 20155.0
(2671, 2672, 2673) 16997.0
(6055, 6056, 6057) 15297.0
(1865, 1866, 1867) 22242.0
(8525, 8526, 8527) 20583.0
(9571, 9572, 9573) 20876.0
(3588, 3589, 3590) 19377.0
(7527, 7528, 7529) 16079.0
(7505, 7506, 7507) 17889.0
(619, 620, 621) 16667.0
(3190, 3191, 3192) 23264.0
(6923, 6924, 6925) 15491.0
(6241, 6242, 6243) 23333.0
(4481, 4482, 4483) 16822.0
(8639, 8640, 8641) 14908.0
(10, 11, 12) 17345.0
(3629, 3630, 3631) 21863.0
(5467, 5468, 5469) 17916.0
(8479, 8480, 8481) 17786.0
(2785, 2786, 2787) 11528.0
(3894, 3895, 3896) 21185.0
(4086, 4087, 4088) 17656.0
(4167, 4168, 4169) 13939.0
(8427, 8428, 8429) 15864.0
(6366, 6367, 6368) 16688.0
(882, 883, 884) 18808.0
(8101, 8102, 8103) 23585.0
(5725, 5726, 5727) 19458.0
(6288, 6289, 6290) 15586.0
(2180, 2181, 2182) 11108.0
(5087, 5088, 5089) 13650.0
(7488, 7489, 7490) 13474.0
(263, 264, 265) 15218.0
(8267, 8268, 8269) 12680.0
(7642, 7643, 7644) 13996.0
(8861, 8862, 8863) 20600.0
(3723, 3724, 3725) 20371.0
(8063, 8064, 8065) 12996.0
(6301, 6302, 6303) 20205.0
(7433, 7434, 7435) 20245.0
(7060, 7061, 7062) 25879.0
(4510, 4511, 4512) 15914.0
(9174, 9175, 9176) 15330.0
(7429, 7430, 7431) 18780.0
(1541, 1542, 1543) 17120.0
(8966, 8967, 8968) 18086.0
(5571, 5572, 5573) 22428.0
(7085, 7086, 7087) 19134.0
(7230, 7231, 7232) 16880.0
(4493, 4494, 4495) 13369.0
(228, 229, 230) 18285.0
(7752, 7753, 7754) 17206.0
(2158, 2159, 2160) 19027.0
(2806, 2807, 2808) 15913.0
(391, 392, 393) 18435.0
(741, 742, 743) 11902.0
(2643, 2644, 2645) 17119.0
(3559, 3560, 3561) 18569.0
(1139, 1140, 1141) 15989.0
(3693, 3694, 3695) 15201.0
(2431, 2432, 2433) 17102.0
(5866, 5867, 5868) 15404.0
(9250, 9251, 9252) 19055.0
(9481, 9482, 9483) 14835.0
(2067, 2068, 2069) 19719.0
(5753, 5754, 5755) 16959.0
(729, 730, 731) 20937.0
(9033, 9034, 9035) 26058.0
(9586, 9587, 9588) 17684.0
(9179, 9180, 9181) 28892.0
(4863, 4864, 4865) 15507.0
(8869, 8870, 8871) 18191.0
(5294, 5295, 5296) 20474.0
(177, 178, 179) 13274.0
(3902, 3903, 3904) 17668.0
(6581, 6582, 6583) 28228.0
(9083, 9084, 9085) 13640.0
(4024, 4025, 4026) 17358.0
(4951, 4952, 4953) 18805.0
(4431, 4432, 4433) 24570.0
(8568, 8569, 8570) 19285.0
(4852, 4853, 4854) 18643.0
(5232, 5233, 5234) 22327.0
(7620, 7621, 7622) 18339.0
(6301, 6302, 6303) 20205.0
(3521, 3522, 3523) 19308.0
(3157, 3158, 3159) 18516.0
(5936, 5937, 5938) 16793.0
(8611, 8612, 8613) 17332.0
(6235, 6236, 6237) 27652.0
(4407, 4408, 4409) 20705.0
(6913, 6914, 6915) 19040.0
(4236, 4237, 4238) 21572.0
(8555, 8556, 8557) 17861.0
(2218, 2219, 2220) 16343.0
(8694, 8695, 8696) 17161.0
(5298, 5299, 5300) 22437.0
(6249, 6250, 6251) 17023.0
(6297, 6298, 6299) 19274.0
(4891, 4892, 4893) 19869.0
(1400, 1401, 1402) 23612.0
(6750, 6751, 6752) 19690.0
(9998, 9999, 10000) 22882.0
(2821, 2822, 2823) 17951.0
(3941, 3942, 3943) 26222.0
(4688, 4689, 4690) 17546.0
(8007, 8008, 8009) 18248.0
(9400, 9401, 9402) 18327.0
(2419, 2420, 2421) 19014.0
(606, 607, 608) 13811.0
(537, 538, 539) 19116.0
(3125, 3126, 3127) 15719.0
(8098, 8099, 8100) 14686.0
(3763, 3764, 3765) 17806.0
(4828, 4829, 4830) 18833.0
(5565, 5566, 5567) 20180.0
(3247, 3248, 3249) 18020.0
(9769, 9770, 9771) 19586.0
(9416, 9417, 9418) 13337.0
(5928, 5929, 5930) 19329.0
(2006, 2007, 2008) 16620.0
(1765, 1766, 1767) 15631.0
(540, 541, 542) 24715.0
(4666, 4667, 4668) 20529.0
(9043, 9044, 9045) 17253.0
(1506, 1507, 1508) 25000.0
(6326, 6327, 6328) 19246.0
(6969, 6970, 6971) 14654.0
(1642, 1643, 1644) 23461.0
(8495, 8496, 8497) 25717.0
(8111, 8112, 8113) 17098.0
(795, 796, 797) 17361.0
(7171, 7172, 7173) 16291.0
(1921, 1922, 1923) 19546.0
(9821, 9822, 9823) 14779.0
(8288, 8289, 8290) 24734.0
(1936, 1937, 1938) 21040.0
(7877, 7878, 7879) 11410.0
(7366, 7367, 7368) 22679.0
(8105, 8106, 8107) 15602.0
(13, 14, 15) 18966.0
(5600, 5601, 5602) 18523.0
(8466, 8467, 8468) 21448.0
(3648, 3649, 3650) 15851.0
(3198, 3199, 3200) 16834.0
(90, 91, 92) 19690.0
(9297, 9298, 9299) 20029.0
(6485, 6486, 6487) 18792.0
(3630, 3631, 3632) 20880.0
(9520, 9521, 9522) 14904.0
(771, 772, 773) 17083.0
(1744, 1745, 1746) 22800.0
(6248, 6249, 6250) 16061.0
(2028, 2029, 2030) 17628.0
(7926, 7927, 7928) 17270.0
(3443, 3444, 3445) 19519.0
(1451, 1452, 1453) 17357.0
(3870, 3871, 3872) 19466.0
(1932, 1933, 1934) 26230.0
(1630, 1631, 1632) 17416.0
(2832, 2833, 2834) 20697.0
(2489, 2490, 2491) 11761.0
(7055, 7056, 7057) 18518.0
(9854, 9855, 9856) 18509.0
(7287, 7288, 7289) 22215.0
(2739, 2740, 2741) 16229.0
(2528, 2529, 2530) 20540.0
(1244, 1245, 1246) 18828.0
(7337, 7338, 7339) 18385.0
(8377, 8378, 8379) 17011.0
(7898, 7899, 7900) 20101.0
(6458, 6459, 6460) 18368.0
(1562, 1563, 1564) 21814.0
(5049, 5050, 5051) 16861.0
(7862, 7863, 7864) 20144.0
(1679, 1680, 1681) 22739.0
(5074, 5075, 5076) 16362.0
(7547, 7548, 7549) 21452.0
