(9874, 9875, 9876) 662.0
(210, 211, 212) 804.0
(6061, 6062, 6063) 813.0
(6842, 6843, 6844) 691.0
(8391, 8392, 8393) 1304.0
(6458, 6459, 6460) 756.0
(2036, 2037, 2038) 690.0
(6154, 6155, 6156) 1201.0
(7707, 7708, 7709) 887.0
(8879, 8880, 8881) 782.0
(1515, 1516, 1517) 940.0
(6462, 6463, 6464) 473.0
(6116, 6117, 6118) 671.0
(693, 694, 695) 380.0
(7564, 7565, 7566) 587.0
(6597, 6598, 6599) 921.0
(2384, 2385, 2386) 650.0
(1803, 1804, 1805) 551.0
(1491, 1492, 1493) 565.0
(8271, 8272, 8273) 616.0
(2881, 2882, 2883) 866.0
(9113, 9114, 9115) 684.0
(2809, 2810, 2811) 546.0
(7929, 7930, 7931) 476.0
(8480, 8481, 8482) 953.0
(4058, 4059, 4060) 925.0
(5102, 5103, 5104) 527.0
(4845, 4846, 4847) 488.0
(5042, 5043, 5044) 412.0
(9957, 9958, 9959) 788.0
(8648, 8649, 8650) 609.0
(507, 508, 509) 844.0
(8234, 8235, 8236) 575.0
(6705, 6706, 6707) 458.0
(8599, 8600, 8601) 1293.0
(4049, 4050, 4051) 699.0
(785, 786, 787) 772.0
(6038, 6039, 6040) 583.0
(5992, 5993, 5994) 818.0
(3689, 3690, 3691) 508.0
(8727, 8728, 8729) 449.0
(9757, 9758, 9759) 520.0
(3450, 3451, 3452) 1116.0
(1346, 1347, 1348) 748.0
(5196, 5197, 5198) 885.0
(3969, 3970, 3971) 1170.0
(144, 145, 146) 575.0
(1300, 1301, 1302) 624.0
(303, 304, 305) 715.0
(983, 984, 985) 809.0
(3364, 3365, 3366) 926.0
(6272, 6273, 6274) 867.0
(9201, 9202, 9203) 668.0
(994, 995, 996) 487.0
(855, 856, 857) 924.0
(7218, 7219, 7220) 1182.0
(398, 399, 400) 1011.0
(9190, 9191, 9192) 671.0
(5806, 5807, 5808) 599.0
(3152, 3153, 3154) 792.0
(1416, 1417, 1418) 414.0
(7670, 7671, 7672) 760.0
(5806, 5807, 5808) 599.0
(517, 518, 519) 763.0
(2984, 2985, 2986) 970.0
(3329, 3330, 3331) 554.0
(4148, 4149, 4150) 887.0
(3410, 3411, 3412) 434.0
(9612, 9613, 9614) 379.0
(4529, 4530, 4531) 786.0
(6451, 6452, 6453) 1115.0
(8234, 8235, 8236) 575.0
(7767, 7768, 7769) 878.0
(9443, 9444, 9445) 574.0
(673, 674, 675) 679.0
(611, 612, 613) 794.0
(4395, 4396, 4397) 1186.0
(50, 51, 52) 640.0
(9405, 9406, 9407) 885.0
(9936, 9937, 9938) 429.0
(7010, 7011, 7012) 711.0
(2416, 2417, 2418) 733.0
(2346, 2347, 2348) 507.0
(8947, 8948, 8949) 671.0
(2462, 2463, 2464) 666.0
(7075, 7076, 7077) 807.0
(2805, 2806, 2807) 513.0
(6980, 6981, 6982) 1185.0
(4491, 4492, 4493) 737.0
(4232, 4233, 4234) 995.0
(3081, 3082, 3083) 765.0
(1054, 1055, 1056) 1292.0
(3608, 3609, 3610) 597.0
(804, 805, 806) 542.0
(1226, 1227, 1228) 569.0
(5097, 5098, 5099) 948.0
(6815, 6816, 6817) 923.0
(9329, 9330, 9331) 598.0
(9951, 9952, 9953) 314.0
(5405, 5406, 5407) 511.0
(8332, 8333, 8334) 845.0
(458, 459, 460) 556.0
(8983, 8984, 8985) 608.0
(9686, 9687, 9688) 690.0
(6054, 6055, 6056) 960.0
(1056, 1057, 1058) 884.0
(8192, 8193, 8194) 680.0
(3106, 3107, 3108) 1042.0
(2753, 2754, 2755) 830.0
(4117, 4118, 4119) 917.0
(9108, 9109, 9110) 544.0
(8454, 8455, 8456) 1028.0
(5468, 5469, 5470) 541.0
(3429, 3430, 3431) 624.0
(9370, 9371, 9372) 764.0
(6130, 6131, 6132) 786.0
(963, 964, 965) 490.0
(421, 422, 423) 1102.0
(9447, 9448, 9449) 499.0
(4214, 4215, 4216) 462.0
(6908, 6909, 6910) 710.0
(6669, 6670, 6671) 636.0
(5427, 5428, 5429) 909.0
(9013, 9014, 9015) 705.0
(4858, 4859, 4860) 770.0
(5903, 5904, 5905) 842.0
(9624, 9625, 9626) 550.0
(5400, 5401, 5402) 451.0
(4732, 4733, 4734) 454.0
(8894, 8895, 8896) 991.0
(8559, 8560, 8561) 459.0
(8335, 8336, 8337) 1645.0
(5241, 5242, 5243) 985.0
(4007, 4008, 4009) 999.0
(3184, 3185, 3186) 1240.0
(1889, 1890, 1891) 568.0
(6254, 6255, 6256) 790.0
(6395, 6396, 6397) 640.0
(8724, 8725, 8726) 533.0
(845, 846, 847) 611.0
(9180, 9181, 9182) 1055.0
(1305, 1306, 1307) 652.0
(1779, 1780, 1781) 749.0
(6406, 6407, 6408) 1250.0
(8357, 8358, 8359) 687.0
(7599, 7600, 7601) 349.0
(3920, 3921, 3922) 624.0
(7863, 7864, 7865) 486.0
(7208, 7209, 7210) 538.0
(8570, 8571, 8572) 565.0
(5088, 5089, 5090) 502.0
(1217, 1218, 1219) 1157.0
(8346, 8347, 8348) 648.0
(3768, 3769, 3770) 880.0
(2917, 2918, 2919) 775.0
(6017, 6018, 6019) 864.0
(5013, 5014, 5015) 516.0
(8340, 8341, 8342) 579.0
(8843, 8844, 8845) 912.0
(6377, 6378, 6379) 764.0
(7778, 7779, 7780) 770.0
(5879, 5880, 5881) 1072.0
(1155, 1156, 1157) 817.0
(2016, 2017, 2018) 934.0
(1984, 1985, 1986) 494.0
(7322, 7323, 7324) 768.0
(5121, 5122, 5123) 714.0
(1717, 1718, 1719) 768.0
(3841, 3842, 3843) 663.0
(6172, 6173, 6174) 474.0
(864, 865, 866) 1005.0
(4167, 4168, 4169) 657.0
(5951, 5952, 5953) 870.0
(3241, 3242, 3243) 460.0
(9789, 9790, 9791) 609.0
(9047, 9048, 9049) 955.0
(3396, 3397, 3398) 789.0
(105, 106, 107) 345.0
(9855, 9856, 9857) 1016.0
(6744, 6745, 6746) 920.0
(9185, 9186, 9187) 699.0
(4486, 4487, 4488) 890.0
(9374, 9375, 9376) 742.0
(9942, 9943, 9944) 1082.0
(1502, 1503, 1504) 1021.0
(5001, 5002, 5003) 771.0
(6531, 6532, 6533) 814.0
(6506, 6507, 6508) 564.0
(6883, 6884, 6885) 782.0
(3361, 3362, 3363) 603.0
(9608, 9609, 9610) 917.0
(8475, 8476, 8477) 1893.0
(5676, 5677, 5678) 882.0
(2435, 2436, 2437) 626.0
(8914, 8915, 8916) 652.0
(9432, 9433, 9434) 812.0
(8096, 8097, 8098) 1147.0
(3801, 3802, 3803) 1419.0
(9159, 9160, 9161) 852.0
(8786, 8787, 8788) 1278.0
(625, 626, 627) 1072.0
