(2630, 2631, 2632) 18225.0
(6408, 6409, 6410) 19188.0
(1440, 1441, 1442) 21214.0
(1248, 1249, 1250) 19274.0
(7813, 7814, 7815) 17655.0
(540, 541, 542) 26680.0
(6260, 6261, 6262) 16260.0
(7044, 7045, 7046) 23180.0
(4829, 4830, 4831) 14953.0
(5330, 5331, 5332) 25001.0
(2742, 2743, 2744) 15279.0
(2263, 2264, 2265) 26738.0
(986, 987, 988) 17473.0
(4563, 4564, 4565) 18348.0
(3435, 3436, 3437) 20025.0
(1758, 1759, 1760) 23059.0
(4402, 4403, 4404) 15141.0
(9603, 9604, 9605) 21011.0
(5970, 5971, 5972) 24718.0
(3034, 3035, 3036) 20232.0
(9017, 9018, 9019) 19225.0
(8505, 8506, 8507) 20795.0
(2751, 2752, 2753) 22846.0
(7898, 7899, 7900) 20756.0
(6021, 6022, 6023) 23168.0
(5278, 5279, 5280) 14664.0
(1874, 1875, 1876) 19365.0
(2578, 2579, 2580) 15319.0
(6448, 6449, 6450) 12621.0
(2868, 2869, 2870) 20840.0
(7154, 7155, 7156) 25429.0
(928, 929, 930) 18796.0
(6608, 6609, 6610) 19388.0
(1901, 1902, 1903) 18939.0
(3602, 3603, 3604) 21719.0
(2618, 2619, 2620) 21094.0
(2017, 2018, 2019) 18084.0
(3029, 3030, 3031) 22243.0
(973, 974, 975) 19639.0
(8450, 8451, 8452) 18612.0
(3144, 3145, 3146) 17592.0
(8391, 8392, 8393) 16986.0
(3411, 3412, 3413) 23292.0
(4231, 4232, 4233) 19245.0
(7443, 7444, 7445) 21567.0
(6710, 6711, 6712) 21482.0
(2334, 2335, 2336) 20900.0
(6812, 6813, 6814) 17873.0
(7879, 7880, 7881) 22866.0
(7851, 7852, 7853) 19317.0
(1968, 1969, 1970) 21015.0
(3908, 3909, 3910) 15722.0
(4504, 4505, 4506) 15054.0
(2488, 2489, 2490) 19653.0
(2436, 2437, 2438) 22585.0
(2709, 2710, 2711) 15306.0
(9448, 9449, 9450) 15701.0
(940, 941, 942) 20786.0
(3799, 3800, 3801) 18480.0
(8166, 8167, 8168) 21861.0
(9262, 9263, 9264) 18307.0
(2406, 2407, 2408) 24468.0
(7080, 7081, 7082) 18621.0
(772, 773, 774) 15340.0
(901, 902, 903) 13067.0
(5678, 5679, 5680) 21024.0
(6269, 6270, 6271) 18511.0
(8, 9, 10) 17110.0
(5117, 5118, 5119) 15769.0
(2813, 2814, 2815) 14488.0
(875, 876, 877) 15149.0
(1930, 1931, 1932) 22876.0
(9374, 9375, 9376) 19465.0
(5449, 5450, 5451) 14928.0
(815, 816, 817) 18827.0
(3369, 3370, 3371) 16145.0
(8000, 8001, 8002) 23824.0
(1229, 1230, 1231) 22193.0
(133, 134, 135) 18482.0
(8721, 8722, 8723) 18957.0
(9647, 9648, 9649) 19263.0
(7110, 7111, 7112) 19276.0
(5297, 5298, 5299) 24367.0
(9296, 9297, 9298) 18801.0
(1819, 1820, 1821) 19042.0
(9815, 9816, 9817) 18996.0
(3748, 3749, 3750) 19936.0
(8011, 8012, 8013) 17824.0
(8744, 8745, 8746) 17957.0
(5881, 5882, 5883) 21745.0
(3366, 3367, 3368) 18855.0
(2622, 2623, 2624) 18981.0
(3668, 3669, 3670) 18800.0
(7502, 7503, 7504) 22808.0
(956, 957, 958) 20206.0
(940, 941, 942) 20786.0
(9318, 9319, 9320) 16901.0
(8531, 8532, 8533) 21354.0
(2268, 2269, 2270) 24345.0
(4169, 4170, 4171) 27931.0
(6219, 6220, 6221) 22580.0
(940, 941, 942) 20786.0
(5501, 5502, 5503) 16170.0
(6004, 6005, 6006) 16390.0
(8203, 8204, 8205) 20535.0
(5232, 5233, 5234) 25000.0
(4864, 4865, 4866) 25314.0
(65, 66, 67) 20716.0
(9351, 9352, 9353) 15862.0
(7275, 7276, 7277) 18822.0
(793, 794, 795) 15028.0
(1599, 1600, 1601) 17946.0
(2068, 2069, 2070) 22124.0
(1901, 1902, 1903) 18939.0
(9130, 9131, 9132) 23623.0
(5858, 5859, 5860) 13964.0
(4087, 4088, 4089) 20986.0
(197, 198, 199) 19822.0
(7323, 7324, 7325) 17784.0
(1510, 1511, 1512) 12408.0
(2521, 2522, 2523) 14348.0
(2660, 2661, 2662) 17871.0
(6069, 6070, 6071) 17766.0
(1156, 1157, 1158) 19384.0
(9109, 9110, 9111) 18799.0
(8152, 8153, 8154) 16838.0
(1190, 1191, 1192) 16527.0
(7229, 7230, 7231) 16346.0
(6075, 6076, 6077) 16945.0
(4412, 4413, 4414) 22549.0
(1299, 1300, 1301) 16500.0
(6645, 6646, 6647) 20659.0
(2749, 2750, 2751) 16852.0
(7186, 7187, 7188) 19337.0
(6714, 6715, 6716) 18395.0
(9363, 9364, 9365) 12977.0
(2634, 2635, 2636) 21106.0
(4592, 4593, 4594) 15655.0
(9843, 9844, 9845) 23176.0
(3237, 3238, 3239) 16209.0
(858, 859, 860) 23557.0
(6153, 6154, 6155) 20797.0
(4344, 4345, 4346) 20275.0
(1302, 1303, 1304) 15760.0
(9722, 9723, 9724) 15399.0
(1583, 1584, 1585) 15985.0
(3337, 3338, 3339) 19959.0
(2765, 2766, 2767) 16745.0
(8926, 8927, 8928) 14202.0
(6438, 6439, 6440) 17787.0
(5617, 5618, 5619) 19718.0
(4047, 4048, 4049) 17811.0
(5379, 5380, 5381) 17828.0
(9381, 9382, 9383) 21500.0
(274, 275, 276) 17085.0
(6916, 6917, 6918) 20300.0
(4393, 4394, 4395) 14791.0
(9034, 9035, 9036) 20096.0
(8884, 8885, 8886) 20189.0
(3690, 3691, 3692) 17944.0
(5306, 5307, 5308) 14213.0
(6498, 6499, 6500) 16282.0
(7357, 7358, 7359) 26863.0
(8405, 8406, 8407) 29268.0
(616, 617, 618) 21288.0
(8620, 8621, 8622) 21213.0
(7386, 7387, 7388) 19191.0
(1993, 1994, 1995) 26949.0
(9906, 9907, 9908) 19453.0
(6606, 6607, 6608) 12349.0
(5391, 5392, 5393) 26794.0
(3526, 3527, 3528) 15048.0
(4302, 4303, 4304) 21047.0
(4995, 4996, 4997) 22575.0
(251, 252, 253) 22573.0
(2837, 2838, 2839) 18641.0
(3069, 3070, 3071) 26985.0
(3379, 3380, 3381) 20664.0
(8373, 8374, 8375) 21197.0
(5887, 5888, 5889) 13893.0
(3197, 3198, 3199) 14217.0
(7340, 7341, 7342) 17844.0
(2822, 2823, 2824) 15211.0
(3758, 3759, 3760) 21726.0
(2190, 2191, 2192) 21146.0
(5344, 5345, 5346) 18853.0
(6295, 6296, 6297) 19712.0
(4770, 4771, 4772) 27921.0
(247, 248, 249) 17162.0
(5176, 5177, 5178) 13488.0
(8701, 8702, 8703) 15590.0
(8671, 8672, 8673) 25428.0
(300, 301, 302) 17438.0
(5352, 5353, 5354) 18112.0
(8034, 8035, 8036) 15917.0
(5519, 5520, 5521) 23494.0
(7209, 7210, 7211) 18201.0
(6166, 6167, 6168) 21723.0
(493, 494, 495) 21201.0
(1638, 1639, 1640) 26661.0
(2651, 2652, 2653) 20529.0
(8749, 8750, 8751) 16865.0
(473, 474, 475) 14375.0
(5942, 5943, 5944) 18690.0
(6874, 6875, 6876) 16910.0
(9215, 9216, 9217) 14616.0
(3720, 3721, 3722) 25101.0
(7313, 7314, 7315) 23468.0
(4285, 4286, 4287) 18597.0
(3263, 3264, 3265) 19851.0
(3819, 3820, 3821) 19126.0
(7584, 7585, 7586) 21554.0
(8335, 8336, 8337) 25911.0
(3244, 3245, 3246) 24209.0
(9006, 9007, 9008) 21796.0
(2162, 2163, 2164) 12271.0
(1021, 1022, 1023) 18023.0
(9756, 9757, 9758) 20672.0
(7554, 7555, 7556) 29907.0
(2057, 2058, 2059) 18185.0
(4811, 4812, 4813) 23173.0
(482, 483, 484) 16880.0
(3504, 3505, 3506) 15060.0
(9459, 9460, 9461) 18807.0
(4800, 4801, 4802) 20521.0
(7082, 7083, 7084) 21107.0
(2984, 2985, 2986) 24038.0
(2181, 2182, 2183) 17831.0
(6717, 6718, 6719) 24868.0
(9272, 9273, 9274) 16262.0
(7564, 7565, 7566) 17830.0
(1528, 1529, 1530) 16695.0
(845, 846, 847) 23696.0
(81, 82, 83) 18869.0
(9719, 9720, 9721) 20707.0
(4868, 4869, 4870) 17284.0
(9072, 9073, 9074) 21757.0
(9884, 9885, 9886) 19860.0
(813, 814, 815) 18562.0
(1604, 1605, 1606) 24810.0
(1765, 1766, 1767) 16487.0
(978, 979, 980) 17975.0
(4598, 4599, 4600) 19620.0
(2087, 2088, 2089) 17435.0
(4621, 4622, 4623) 21428.0
(3809, 3810, 3811) 18124.0
(3166, 3167, 3168) 24442.0
(5239, 5240, 5241) 13791.0
(7464, 7465, 7466) 16707.0
(7815, 7816, 7817) 17113.0
(4130, 4131, 4132) 19246.0
(8847, 8848, 8849) 14315.0
(7349, 7350, 7351) 17502.0
(3731, 3732, 3733) 15853.0
(3911, 3912, 3913) 16145.0
(2715, 2716, 2717) 32555.0
(3742, 3743, 3744) 16262.0
(2232, 2233, 2234) 17612.0
(2193, 2194, 2195) 13900.0
(8293, 8294, 8295) 23177.0
(4120, 4121, 4122) 15946.0
(4332, 4333, 4334) 14983.0
(7811, 7812, 7813) 23305.0
(5771, 5772, 5773) 23275.0
(8373, 8374, 8375) 21197.0
(7462, 7463, 7464) 19576.0
(4531, 4532, 4533) 18205.0
(1449, 1450, 1451) 19256.0
(8356, 8357, 8358) 21656.0
(4049, 4050, 4051) 20453.0
(6993, 6994, 6995) 16675.0
(5858, 5859, 5860) 13964.0
(541, 542, 543) 19374.0
(6539, 6540, 6541) 16995.0
(6561, 6562, 6563) 21694.0
(2456, 2457, 2458) 20084.0
(5262, 5263, 5264) 15921.0
(7552, 7553, 7554) 15054.0
(5100, 5101, 5102) 18396.0
(9104, 9105, 9106) 20513.0
(5081, 5082, 5083) 18280.0
(659, 660, 661) 16515.0
(7735, 7736, 7737) 21627.0
(3228, 3229, 3230) 27110.0
(6214, 6215, 6216) 26396.0
(5969, 5970, 5971) 25896.0
(7720, 7721, 7722) 19351.0
(6982, 6983, 6984) 22223.0
(3774, 3775, 3776) 20426.0
(9459, 9460, 9461) 18807.0
(6927, 6928, 6929) 26152.0
(4659, 4660, 4661) 17846.0
(4214, 4215, 4216) 14518.0
(4717, 4718, 4719) 22209.0
(8385, 8386, 8387) 20712.0
(3319, 3320, 3321) 24776.0
(2767, 2768, 2769) 18072.0
(3166, 3167, 3168) 24442.0
(4106, 4107, 4108) 23279.0
(742, 743, 744) 19975.0
(8828, 8829, 8830) 12323.0
(5901, 5902, 5903) 16619.0
(3881, 3882, 3883) 16122.0
(4650, 4651, 4652) 15631.0
(2178, 2179, 2180) 20868.0
(1075, 1076, 1077) 18674.0
(362, 363, 364) 21323.0
(3207, 3208, 3209) 17393.0
(5307, 5308, 5309) 21058.0
(6453, 6454, 6455) 15918.0
(9163, 9164, 9165) 25365.0
(9731, 9732, 9733) 18144.0
(3106, 3107, 3108) 16874.0
(1819, 1820, 1821) 19042.0
(5553, 5554, 5555) 16423.0
(7585, 7586, 7587) 19401.0
(7809, 7810, 7811) 22515.0
(6351, 6352, 6353) 22063.0
(230, 231, 232) 27167.0
(9043, 9044, 9045) 17467.0
(1641, 1642, 1643) 16583.0
(1568, 1569, 1570) 21590.0
(8019, 8020, 8021) 17751.0
(4444, 4445, 4446) 15123.0
(2471, 2472, 2473) 16061.0
(5559, 5560, 5561) 21842.0
(4166, 4167, 4168) 19055.0
(6034, 6035, 6036) 22025.0
(499, 500, 501) 20724.0
(7944, 7945, 7946) 16453.0
(8457, 8458, 8459) 20126.0
(1851, 1852, 1853) 17669.0
(3822, 3823, 3824) 18706.0
(8078, 8079, 8080) 23519.0
(4853, 4854, 4855) 16235.0
(9775, 9776, 9777) 21326.0
(2519, 2520, 2521) 20404.0
(6379, 6380, 6381) 19459.0
(8619, 8620, 8621) 24847.0
(9930, 9931, 9932) 19558.0
(3134, 3135, 3136) 15198.0
(2807, 2808, 2809) 17095.0
(9930, 9931, 9932) 19558.0
(9738, 9739, 9740) 20085.0
(814, 815, 816) 20251.0
(2537, 2538, 2539) 15883.0
(3546, 3547, 3548) 17181.0
(4847, 4848, 4849) 20027.0
(9740, 9741, 9742) 21084.0
(1964, 1965, 1966) 16588.0
(4256, 4257, 4258) 19141.0
(2843, 2844, 2845) 26409.0
(2681, 2682, 2683) 16825.0
(3252, 3253, 3254) 23706.0
(9650, 9651, 9652) 23343.0
(4962, 4963, 4964) 21428.0
(5121, 5122, 5123) 17428.0
(917, 918, 919) 23905.0
(4529, 4530, 4531) 18839.0
(4312, 4313, 4314) 16108.0
(4741, 4742, 4743) 17131.0
(7145, 7146, 7147) 30214.0
(456, 457, 458) 20805.0
(3466, 3467, 3468) 17937.0
(2862, 2863, 2864) 19079.0
(9086, 9087, 9088) 23667.0
(9379, 9380, 9381) 21403.0
(1760, 1761, 1762) 20503.0
(3068, 3069, 3070) 18694.0
(3747, 3748, 3749) 19755.0
(1347, 1348, 1349) 21163.0
(1984, 1985, 1986) 15635.0
(5436, 5437, 5438) 16508.0
(8781, 8782, 8783) 15768.0
(4542, 4543, 4544) 23362.0
(4659, 4660, 4661) 17846.0
(1787, 1788, 1789) 18073.0
(1239, 1240, 1241) 14138.0
(3496, 3497, 3498) 19133.0
(4916, 4917, 4918) 20965.0
(46, 47, 48) 19182.0
(6567, 6568, 6569) 14323.0
(943, 944, 945) 25208.0
(7769, 7770, 7771) 22589.0
(8143, 8144, 8145) 24398.0
(3893, 3894, 3895) 20128.0
(5427, 5428, 5429) 19170.0
(8164, 8165, 8166) 18688.0
(8558, 8559, 8560) 23878.0
(2898, 2899, 2900) 22084.0
(3952, 3953, 3954) 23315.0
(609, 610, 611) 20987.0
(6407, 6408, 6409) 22687.0
(5361, 5362, 5363) 16349.0
(9581, 9582, 9583) 20085.0
(4090, 4091, 4092) 20719.0
(7070, 7071, 7072) 36790.0
(7008, 7009, 7010) 18047.0
(5454, 5455, 5456) 20258.0
(8036, 8037, 8038) 17277.0
(5186, 5187, 5188) 18930.0
(7757, 7758, 7759) 21198.0
(6034, 6035, 6036) 22025.0
(2024, 2025, 2026) 19844.0
(5593, 5594, 5595) 18427.0
(2667, 2668, 2669) 23847.0
(214, 215, 216) 21594.0
(3548, 3549, 3550) 16972.0
(7435, 7436, 7437) 13988.0
(1167, 1168, 1169) 18400.0
(9457, 9458, 9459) 22628.0
(9931, 9932, 9933) 28792.0
(4788, 4789, 4790) 22022.0
(759, 760, 761) 19222.0
(2468, 2469, 2470) 26128.0
(6124, 6125, 6126) 25228.0
(9877, 9878, 9879) 23458.0
(6031, 6032, 6033) 18883.0
(608, 609, 610) 18390.0
(2866, 2867, 2868) 14460.0
(2714, 2715, 2716) 20108.0
(7732, 7733, 7734) 19553.0
(8485, 8486, 8487) 14032.0
(3778, 3779, 3780) 18331.0
(6018, 6019, 6020) 27630.0
(5411, 5412, 5413) 15885.0
(1933, 1934, 1935) 23156.0
(7865, 7866, 7867) 25222.0
(3659, 3660, 3661) 26288.0
(934, 935, 936) 18125.0
(4355, 4356, 4357) 26567.0
(6018, 6019, 6020) 27630.0
(3848, 3849, 3850) 25399.0
(1323, 1324, 1325) 20644.0
(6217, 6218, 6219) 24217.0
(6225, 6226, 6227) 18214.0
(2787, 2788, 2789) 22256.0
(3981, 3982, 3983) 17890.0
(3047, 3048, 3049) 14821.0
(9076, 9077, 9078) 24573.0
(8797, 8798, 8799) 20742.0
(6470, 6471, 6472) 25888.0
(5170, 5171, 5172) 19233.0
(5210, 5211, 5212) 20669.0
(2698, 2699, 2700) 16346.0
(8072, 8073, 8074) 20837.0
(2734, 2735, 2736) 18334.0
(4593, 4594, 4595) 16182.0
(6046, 6047, 6048) 19639.0
(4964, 4965, 4966) 18981.0
(5703, 5704, 5705) 21420.0
(9102, 9103, 9104) 17345.0
(9249, 9250, 9251) 22046.0
(463, 464, 465) 12721.0
(7121, 7122, 7123) 18226.0
(6141, 6142, 6143) 23825.0
(1762, 1763, 1764) 21246.0
(5431, 5432, 5433) 21290.0
(8435, 8436, 8437) 24496.0
(6206, 6207, 6208) 19888.0
(7359, 7360, 7361) 24029.0
(6998, 6999, 7000) 19244.0
(3257, 3258, 3259) 16374.0
(280, 281, 282) 25275.0
(9963, 9964, 9965) 18539.0
(5469, 5470, 5471) 20267.0
(1644, 1645, 1646) 19798.0
(7311, 7312, 7313) 18030.0
(2578, 2579, 2580) 15319.0
(3143, 3144, 3145) 18294.0
(9659, 9660, 9661) 17952.0
(3891, 3892, 3893) 16983.0
(7145, 7146, 7147) 30214.0
(7429, 7430, 7431) 19904.0
(4129, 4130, 4131) 21305.0
(2958, 2959, 2960) 16878.0
(972, 973, 974) 16369.0
(6915, 6916, 6917) 28776.0
(9467, 9468, 9469) 25141.0
(5841, 5842, 5843) 21604.0
(1430, 1431, 1432) 19896.0
(7296, 7297, 7298) 20096.0
(9320, 9321, 9322) 24051.0
(2948, 2949, 2950) 15070.0
(7779, 7780, 7781) 19415.0
(1265, 1266, 1267) 17666.0
(6032, 6033, 6034) 18467.0
(4721, 4722, 4723) 21090.0
(741, 742, 743) 12645.0
(4186, 4187, 4188) 15762.0
(8464, 8465, 8466) 19897.0
(3335, 3336, 3337) 21783.0
(9760, 9761, 9762) 20730.0
(6921, 6922, 6923) 23096.0
(8732, 8733, 8734) 18338.0
(8170, 8171, 8172) 17932.0
(8223, 8224, 8225) 14877.0
(3929, 3930, 3931) 20742.0
(8067, 8068, 8069) 22483.0
(944, 945, 946) 20516.0
(129, 130, 131) 18180.0
(7130, 7131, 7132) 19819.0
(4598, 4599, 4600) 19620.0
(5926, 5927, 5928) 12885.0
(7144, 7145, 7146) 15599.0
(1510, 1511, 1512) 12408.0
(8180, 8181, 8182) 23638.0
(5569, 5570, 5571) 22979.0
(4397, 4398, 4399) 27644.0
(3831, 3832, 3833) 20810.0
(740, 741, 742) 21210.0
(3116, 3117, 3118) 16519.0
(480, 481, 482) 24701.0
(6545, 6546, 6547) 23671.0
(2852, 2853, 2854) 24474.0
(6036, 6037, 6038) 19331.0
(4814, 4815, 4816) 27519.0
(5123, 5124, 5125) 20331.0
(3630, 3631, 3632) 21082.0
(3612, 3613, 3614) 23047.0
(5493, 5494, 5495) 21897.0
(6390, 6391, 6392) 16230.0
(6220, 6221, 6222) 23174.0
(8727, 8728, 8729) 19811.0
(9847, 9848, 9849) 19099.0
(941, 942, 943) 14742.0
(600, 601, 602) 18536.0
(6398, 6399, 6400) 18095.0
(3187, 3188, 3189) 14335.0
(388, 389, 390) 16052.0
(9829, 9830, 9831) 16564.0
(4461, 4462, 4463) 25598.0
(8107, 8108, 8109) 19582.0
(8534, 8535, 8536) 17363.0
(8846, 8847, 8848) 22013.0
(7373, 7374, 7375) 22656.0
(9938, 9939, 9940) 20599.0
(6311, 6312, 6313) 20551.0
(3794, 3795, 3796) 13225.0
(4185, 4186, 4187) 23280.0
(7610, 7611, 7612) 18825.0
(7616, 7617, 7618) 21491.0
(4803, 4804, 4805) 19922.0
(9408, 9409, 9410) 19018.0
(247, 248, 249) 17162.0
(9224, 9225, 9226) 27463.0
(6549, 6550, 6551) 20194.0
(9035, 9036, 9037) 19157.0
(6080, 6081, 6082) 27945.0
(4915, 4916, 4917) 16801.0
(2311, 2312, 2313) 15870.0
(8264, 8265, 8266) 24003.0
(1219, 1220, 1221) 16483.0
(5535, 5536, 5537) 16905.0
(1279, 1280, 1281) 18523.0
(2977, 2978, 2979) 21156.0
(8679, 8680, 8681) 14110.0
(741, 742, 743) 12645.0
(6223, 6224, 6225) 17291.0
(961, 962, 963) 19302.0
(537, 538, 539) 19856.0
(2531, 2532, 2533) 25259.0
(4688, 4689, 4690) 19195.0
(4815, 4816, 4817) 21417.0
(7360, 7361, 7362) 16526.0
(7258, 7259, 7260) 15762.0
(4199, 4200, 4201) 18320.0
(942, 943, 944) 26226.0
(9336, 9337, 9338) 13736.0
(9743, 9744, 9745) 15006.0
(386, 387, 388) 29255.0
(6489, 6490, 6491) 21693.0
(7619, 7620, 7621) 16694.0
(9853, 9854, 9855) 28731.0
(2201, 2202, 2203) 22188.0
(2954, 2955, 2956) 22607.0
(7966, 7967, 7968) 24908.0
(4671, 4672, 4673) 18631.0
(1259, 1260, 1261) 16446.0
(744, 745, 746) 22609.0
(5361, 5362, 5363) 16349.0
(4438, 4439, 4440) 15226.0
(4530, 4531, 4532) 18856.0
(7781, 7782, 7783) 21689.0
(3911, 3912, 3913) 16145.0
(5084, 5085, 5086) 12295.0
(1265, 1266, 1267) 17666.0
(8061, 8062, 8063) 15592.0
(4915, 4916, 4917) 16801.0
(2399, 2400, 2401) 20460.0
(7622, 7623, 7624) 12985.0
(9472, 9473, 9474) 14752.0
(967, 968, 969) 14281.0
(2561, 2562, 2563) 22499.0
(326, 327, 328) 18174.0
(129, 130, 131) 18180.0
(7058, 7059, 7060) 16731.0
(9823, 9824, 9825) 24679.0
(2830, 2831, 2832) 16724.0
(1323, 1324, 1325) 20644.0
(2691, 2692, 2693) 27331.0
(3638, 3639, 3640) 26808.0
(6759, 6760, 6761) 22176.0
(4759, 4760, 4761) 15791.0
(7232, 7233, 7234) 18280.0
(9642, 9643, 9644) 22543.0
(7187, 7188, 7189) 17346.0
(6253, 6254, 6255) 17990.0
(1384, 1385, 1386) 23203.0
(4710, 4711, 4712) 18229.0
(7416, 7417, 7418) 24175.0
(4254, 4255, 4256) 13147.0
(2161, 2162, 2163) 18255.0
(8848, 8849, 8850) 27674.0
(4847, 4848, 4849) 20027.0
(9416, 9417, 9418) 14485.0
(8186, 8187, 8188) 20217.0
(8640, 8641, 8642) 26233.0
(1789, 1790, 1791) 22566.0
(7953, 7954, 7955) 18578.0
(4859, 4860, 4861) 21077.0
(6420, 6421, 6422) 25660.0
(3134, 3135, 3136) 15198.0
(1688, 1689, 1690) 19943.0
(4874, 4875, 4876) 15915.0
(1428, 1429, 1430) 26153.0
(5123, 5124, 5125) 20331.0
(2630, 2631, 2632) 18225.0
(5636, 5637, 5638) 16438.0
(1718, 1719, 1720) 20225.0
(9112, 9113, 9114) 19973.0
(7199, 7200, 7201) 19737.0
(4973, 4974, 4975) 18700.0
(3911, 3912, 3913) 16145.0
(6073, 6074, 6075) 16095.0
(4027, 4028, 4029) 13125.0
(9342, 9343, 9344) 22465.0
(9496, 9497, 9498) 21588.0
(4056, 4057, 4058) 18604.0
(6290, 6291, 6292) 18725.0
(8526, 8527, 8528) 15621.0
(3411, 3412, 3413) 23292.0
(6049, 6050, 6051) 22134.0
(4280, 4281, 4282) 16565.0
(1206, 1207, 1208) 16885.0
(7962, 7963, 7964) 17770.0
(6647, 6648, 6649) 21617.0
(6898, 6899, 6900) 20909.0
(3577, 3578, 3579) 23395.0
(3731, 3732, 3733) 15853.0
(6103, 6104, 6105) 18332.0
(5435, 5436, 5437) 18420.0
(8866, 8867, 8868) 19977.0
(7380, 7381, 7382) 19589.0
(1726, 1727, 1728) 22131.0
(5105, 5106, 5107) 17740.0
(6709, 6710, 6711) 21595.0
(9943, 9944, 9945) 21781.0
(1511, 1512, 1513) 20295.0
(8615, 8616, 8617) 16264.0
(3465, 3466, 3467) 19796.0
(4941, 4942, 4943) 18250.0
(4005, 4006, 4007) 15155.0
(8154, 8155, 8156) 20832.0
(772, 773, 774) 15340.0
(8185, 8186, 8187) 18566.0
(397, 398, 399) 26437.0
(6118, 6119, 6120) 19039.0
(3798, 3799, 3800) 17979.0
(1060, 1061, 1062) 24315.0
(8275, 8276, 8277) 20971.0
(7007, 7008, 7009) 19149.0
(8669, 8670, 8671) 16540.0
(3061, 3062, 3063) 25561.0
(5541, 5542, 5543) 25041.0
(6940, 6941, 6942) 19853.0
(1801, 1802, 1803) 20080.0
(651, 652, 653) 21543.0
(4158, 4159, 4160) 13852.0
(6858, 6859, 6860) 21095.0
(6091, 6092, 6093) 16619.0
(4997, 4998, 4999) 13539.0
(6385, 6386, 6387) 18830.0
(2781, 2782, 2783) 20645.0
(2148, 2149, 2150) 14029.0
(8335, 8336, 8337) 25911.0
(410, 411, 412) 17362.0
(3334, 3335, 3336) 17953.0
(766, 767, 768) 14192.0
(7144, 7145, 7146) 15599.0
(1712, 1713, 1714) 17204.0
(1622, 1623, 1624) 12286.0
(7202, 7203, 7204) 18120.0
(7885, 7886, 7887) 15039.0
(3584, 3585, 3586) 17568.0
(3340, 3341, 3342) 16791.0
(574, 575, 576) 18985.0
(8167, 8168, 8169) 14813.0
(8089, 8090, 8091) 19906.0
(9825, 9826, 9827) 21544.0
(5026, 5027, 5028) 15821.0
(4673, 4674, 4675) 23358.0
(3220, 3221, 3222) 12467.0
(9931, 9932, 9933) 28792.0
(7165, 7166, 7167) 18024.0
(6207, 6208, 6209) 17446.0
(5309, 5310, 5311) 24437.0
(4367, 4368, 4369) 17421.0
(3222, 3223, 3224) 17119.0
(919, 920, 921) 19072.0
(5286, 5287, 5288) 16993.0
(4448, 4449, 4450) 17877.0
(1339, 1340, 1341) 18688.0
(2824, 2825, 2826) 19331.0
(2837, 2838, 2839) 18641.0
(4432, 4433, 4434) 16953.0
(5098, 5099, 5100) 21284.0
(3895, 3896, 3897) 23017.0
(9955, 9956, 9957) 16198.0
(3079, 3080, 3081) 24144.0
(9892, 9893, 9894) 19425.0
(5124, 5125, 5126) 21310.0
(3099, 3100, 3101) 25305.0
(4140, 4141, 4142) 17445.0
(3442, 3443, 3444) 19954.0
(8998, 8999, 9000) 22847.0
(9382, 9383, 9384) 17792.0
(8542, 8543, 8544) 19341.0
(5734, 5735, 5736) 17388.0
(3228, 3229, 3230) 27110.0
(120, 121, 122) 21958.0
(1617, 1618, 1619) 15283.0
(2016, 2017, 2018) 22483.0
(4694, 4695, 4696) 21937.0
(5466, 5467, 5468) 14063.0
(9025, 9026, 9027) 14240.0
(1754, 1755, 1756) 28146.0
(5621, 5622, 5623) 18174.0
(570, 571, 572) 17114.0
(5832, 5833, 5834) 13792.0
(5610, 5611, 5612) 16848.0
(1216, 1217, 1218) 20743.0
(1994, 1995, 1996) 18831.0
(1638, 1639, 1640) 26661.0
(9052, 9053, 9054) 16451.0
(7535, 7536, 7537) 15082.0
(2330, 2331, 2332) 13656.0
(2137, 2138, 2139) 15111.0
(2311, 2312, 2313) 15870.0
(5156, 5157, 5158) 21047.0
(6214, 6215, 6216) 26396.0
(2453, 2454, 2455) 18883.0
(5494, 5495, 5496) 20173.0
(8331, 8332, 8333) 21430.0
(7827, 7828, 7829) 25372.0
(8645, 8646, 8647) 20426.0
(1862, 1863, 1864) 15913.0
(2154, 2155, 2156) 19022.0
(6129, 6130, 6131) 19289.0
(9384, 9385, 9386) 14859.0
(7313, 7314, 7315) 23468.0
(5770, 5771, 5772) 24558.0
(615, 616, 617) 18526.0
(8212, 8213, 8214) 21856.0
(3937, 3938, 3939) 13062.0
(2013, 2014, 2015) 16310.0
(8481, 8482, 8483) 18929.0
(6643, 6644, 6645) 20195.0
(4231, 4232, 4233) 19245.0
(9943, 9944, 9945) 21781.0
(4434, 4435, 4436) 23577.0
(6876, 6877, 6878) 21489.0
(3472, 3473, 3474) 22713.0
(1923, 1924, 1925) 15368.0
(4672, 4673, 4674) 25665.0
(1369, 1370, 1371) 14822.0
(2839, 2840, 2841) 21839.0
(8719, 8720, 8721) 15215.0
(1223, 1224, 1225) 17432.0
(2026, 2027, 2028) 16535.0
(7934, 7935, 7936) 15257.0
(7402, 7403, 7404) 19126.0
(5414, 5415, 5416) 24555.0
(2695, 2696, 2697) 20091.0
(5997, 5998, 5999) 23637.0
(7618, 7619, 7620) 15044.0
(2290, 2291, 2292) 19176.0
(2083, 2084, 2085) 16532.0
(6226, 6227, 6228) 19216.0
(7009, 7010, 7011) 28349.0
(1139, 1140, 1141) 17297.0
(7131, 7132, 7133) 20840.0
(3407, 3408, 3409) 18964.0
(3711, 3712, 3713) 15607.0
(7282, 7283, 7284) 21947.0
(3044, 3045, 3046) 18142.0
(6868, 6869, 6870) 19254.0
(8233, 8234, 8235) 21830.0
(64, 65, 66) 15804.0
(6716, 6717, 6718) 19440.0
(4560, 4561, 4562) 23826.0
(5019, 5020, 5021) 17350.0
(8871, 8872, 8873) 15633.0
(7409, 7410, 7411) 19034.0
(5822, 5823, 5824) 29307.0
(3835, 3836, 3837) 23433.0
(6401, 6402, 6403) 17773.0
(940, 941, 942) 20786.0
(3833, 3834, 3835) 23769.0
(1295, 1296, 1297) 21485.0
(5256, 5257, 5258) 20993.0
(998, 999, 1000) 20423.0
(1077, 1078, 1079) 15980.0
(4579, 4580, 4581) 18813.0
(5052, 5053, 5054) 18627.0
(7989, 7990, 7991) 17524.0
(1376, 1377, 1378) 32150.0
(6031, 6032, 6033) 18883.0
(8027, 8028, 8029) 17989.0
(4147, 4148, 4149) 19498.0
(660, 661, 662) 24652.0
(8683, 8684, 8685) 17386.0
(1385, 1386, 1387) 24255.0
(263, 264, 265) 15949.0
(9816, 9817, 9818) 19072.0
(2542, 2543, 2544) 14247.0
(3377, 3378, 3379) 22287.0
(9876, 9877, 9878) 23050.0
(4053, 4054, 4055) 20640.0
(2766, 2767, 2768) 18185.0
(9141, 9142, 9143) 17533.0
(2298, 2299, 2300) 24557.0
(7153, 7154, 7155) 19895.0
(6074, 6075, 6076) 21600.0
(9644, 9645, 9646) 18169.0
(7144, 7145, 7146) 15599.0
(836, 837, 838) 18510.0
(9824, 9825, 9826) 18850.0
(913, 914, 915) 17107.0
(5150, 5151, 5152) 18477.0
(6286, 6287, 6288) 18050.0
(9815, 9816, 9817) 18996.0
(3580, 3581, 3582) 14900.0
(5154, 5155, 5156) 18897.0
(1993, 1994, 1995) 26949.0
(4948, 4949, 4950) 12686.0
(9210, 9211, 9212) 18719.0
(1025, 1026, 1027) 15935.0
(1017, 1018, 1019) 21587.0
(5961, 5962, 5963) 23018.0
(5667, 5668, 5669) 26202.0
(8972, 8973, 8974) 14077.0
(664, 665, 666) 21036.0
(868, 869, 870) 18720.0
(2966, 2967, 2968) 22072.0
(3677, 3678, 3679) 18187.0
(1150, 1151, 1152) 21272.0
(8769, 8770, 8771) 16185.0
(3584, 3585, 3586) 17568.0
(1992, 1993, 1994) 17289.0
(3935, 3936, 3937) 19856.0
(6021, 6022, 6023) 23168.0
(3499, 3500, 3501) 29053.0
(6704, 6705, 6706) 21132.0
(4569, 4570, 4571) 17432.0
(6236, 6237, 6238) 29367.0
(7504, 7505, 7506) 13187.0
(2806, 2807, 2808) 16846.0
(2535, 2536, 2537) 13849.0
(1770, 1771, 1772) 23454.0
(9654, 9655, 9656) 21011.0
(1882, 1883, 1884) 21573.0
(5118, 5119, 5120) 19879.0
(8706, 8707, 8708) 17777.0
(4255, 4256, 4257) 14946.0
(415, 416, 417) 19206.0
(8622, 8623, 8624) 20105.0
(6687, 6688, 6689) 21778.0
(47, 48, 49) 20983.0
(5734, 5735, 5736) 17388.0
(2884, 2885, 2886) 20198.0
(7146, 7147, 7148) 17234.0
(2156, 2157, 2158) 14376.0
(9185, 9186, 9187) 20450.0
(5118, 5119, 5120) 19879.0
(1958, 1959, 1960) 26051.0
(5985, 5986, 5987) 22850.0
(3807, 3808, 3809) 17664.0
(6267, 6268, 6269) 18583.0
(9341, 9342, 9343) 16328.0
(4766, 4767, 4768) 14999.0
(6339, 6340, 6341) 17922.0
(2820, 2821, 2822) 21986.0
(8080, 8081, 8082) 14222.0
(7490, 7491, 7492) 21077.0
(1587, 1588, 1589) 15271.0
(3794, 3795, 3796) 13225.0
(9500, 9501, 9502) 19949.0
(3721, 3722, 3723) 21444.0
(2668, 2669, 2670) 20715.0
(8104, 8105, 8106) 19377.0
(8892, 8893, 8894) 23695.0
(3360, 3361, 3362) 22543.0
(9100, 9101, 9102) 19868.0
(7311, 7312, 7313) 18030.0
(4725, 4726, 4727) 12244.0
(7107, 7108, 7109) 22284.0
(8663, 8664, 8665) 15814.0
(2908, 2909, 2910) 17081.0
(3263, 3264, 3265) 19851.0
(6799, 6800, 6801) 19197.0
(5775, 5776, 5777) 18488.0
(8342, 8343, 8344) 23381.0
(3225, 3226, 3227) 17450.0
(3599, 3600, 3601) 22054.0
(5742, 5743, 5744) 22245.0
(1362, 1363, 1364) 19775.0
(6433, 6434, 6435) 17663.0
(2266, 2267, 2268) 17727.0
(6630, 6631, 6632) 16612.0
(207, 208, 209) 21076.0
(5319, 5320, 5321) 20801.0
(3120, 3121, 3122) 23439.0
(6987, 6988, 6989) 22431.0
(2963, 2964, 2965) 17299.0
(4827, 4828, 4829) 18976.0
(1566, 1567, 1568) 15242.0
(1598, 1599, 1600) 17533.0
(6303, 6304, 6305) 20323.0
(2986, 2987, 2988) 20097.0
(5521, 5522, 5523) 15374.0
(9203, 9204, 9205) 14061.0
(4472, 4473, 4474) 22296.0
(7479, 7480, 7481) 21642.0
(7718, 7719, 7720) 17932.0
(1281, 1282, 1283) 18096.0
(1790, 1791, 1792) 26293.0
(4719, 4720, 4721) 15756.0
(2460, 2461, 2462) 22212.0
(9276, 9277, 9278) 15416.0
(9073, 9074, 9075) 20804.0
(5510, 5511, 5512) 18641.0
(269, 270, 271) 21947.0
(3297, 3298, 3299) 15572.0
(5162, 5163, 5164) 20263.0
(3515, 3516, 3517) 13547.0
(30, 31, 32) 14077.0
(2844, 2845, 2846) 26726.0
(8004, 8005, 8006) 24801.0
(8182, 8183, 8184) 26566.0
(2881, 2882, 2883) 14916.0
(9125, 9126, 9127) 15064.0
(5159, 5160, 5161) 22890.0
(5185, 5186, 5187) 17876.0
(6444, 6445, 6446) 17613.0
(9792, 9793, 9794) 17301.0
(4390, 4391, 4392) 20747.0
(7087, 7088, 7089) 13982.0
(4344, 4345, 4346) 20275.0
(3459, 3460, 3461) 14874.0
(1506, 1507, 1508) 26197.0
(5521, 5522, 5523) 15374.0
(5661, 5662, 5663) 20976.0
(7608, 7609, 7610) 22721.0
(7526, 7527, 7528) 21644.0
(3873, 3874, 3875) 25586.0
(4659, 4660, 4661) 17846.0
(5239, 5240, 5241) 13791.0
(2889, 2890, 2891) 24652.0
(726, 727, 728) 26911.0
(7883, 7884, 7885) 23035.0
(1007, 1008, 1009) 17758.0
(7585, 7586, 7587) 19401.0
(8554, 8555, 8556) 20999.0
(1690, 1691, 1692) 18208.0
(4102, 4103, 4104) 14402.0
(1644, 1645, 1646) 19798.0
(9898, 9899, 9900) 20730.0
(8941, 8942, 8943) 22080.0
(5803, 5804, 5805) 17252.0
(5218, 5219, 5220) 16817.0
(1811, 1812, 1813) 27456.0
(5690, 5691, 5692) 17266.0
(2805, 2806, 2807) 19340.0
(7058, 7059, 7060) 16731.0
(7889, 7890, 7891) 15224.0
(7871, 7872, 7873) 21220.0
(5489, 5490, 5491) 16609.0
(9198, 9199, 9200) 28845.0
(7845, 7846, 7847) 20951.0
(9353, 9354, 9355) 27383.0
(2011, 2012, 2013) 20424.0
(605, 606, 607) 17160.0
(4525, 4526, 4527) 18131.0
(8004, 8005, 8006) 24801.0
(6494, 6495, 6496) 17347.0
(7160, 7161, 7162) 17633.0
(4109, 4110, 4111) 31116.0
(4095, 4096, 4097) 19242.0
(5057, 5058, 5059) 25675.0
(4953, 4954, 4955) 25606.0
(3285, 3286, 3287) 15628.0
(6449, 6450, 6451) 24556.0
(2370, 2371, 2372) 20927.0
(9131, 9132, 9133) 19616.0
(6794, 6795, 6796) 26246.0
(8922, 8923, 8924) 26035.0
(3736, 3737, 3738) 19902.0
(9390, 9391, 9392) 24038.0
(3076, 3077, 3078) 21272.0
(2159, 2160, 2161) 20362.0
