(9517, 9518, 9519) 27524.0
(7120, 7121, 7122) 25237.0
(7962, 7963, 7964) 20762.0
(6132, 6133, 6134) 22407.0
(3918, 3919, 3920) 25555.0
(3665, 3666, 3667) 20543.0
(4895, 4896, 4897) 18958.0
(530, 531, 532) 21976.0
(1575, 1576, 1577) 22642.0
(9556, 9557, 9558) 24934.0
(9715, 9716, 9717) 26469.0
(1446, 1447, 1448) 25394.0
(9654, 9655, 9656) 23159.0
(9897, 9898, 9899) 19510.0
(824, 825, 826) 18469.0
(5103, 5104, 5105) 18718.0
(7401, 7402, 7403) 16290.0
(6550, 6551, 6552) 23150.0
(231, 232, 233) 20709.0
(3688, 3689, 3690) 21191.0
(2389, 2390, 2391) 24708.0
(8627, 8628, 8629) 25151.0
(9214, 9215, 9216) 22728.0
(5620, 5621, 5622) 17832.0
(9546, 9547, 9548) 18111.0
(4324, 4325, 4326) 25385.0
(4388, 4389, 4390) 17863.0
(9755, 9756, 9757) 13799.0
(4060, 4061, 4062) 19160.0
(7613, 7614, 7615) 24538.0
(495, 496, 497) 25733.0
(2840, 2841, 2842) 18471.0
(4679, 4680, 4681) 32915.0
(8752, 8753, 8754) 13984.0
(5495, 5496, 5497) 21562.0
(1219, 1220, 1221) 18687.0
(823, 824, 825) 21825.0
(8710, 8711, 8712) 20044.0
(7103, 7104, 7105) 14355.0
(7193, 7194, 7195) 18749.0
(7234, 7235, 7236) 19156.0
(1695, 1696, 1697) 23925.0
(8126, 8127, 8128) 27091.0
(3275, 3276, 3277) 18882.0
(9806, 9807, 9808) 17978.0
(241, 242, 243) 18428.0
(8243, 8244, 8245) 16906.0
(4803, 4804, 4805) 21161.0
(347, 348, 349) 19437.0
(4107, 4108, 4109) 20933.0
(3480, 3481, 3482) 22613.0
(4332, 4333, 4334) 16169.0
(1722, 1723, 1724) 23412.0
(906, 907, 908) 20152.0
(2475, 2476, 2477) 21150.0
(1519, 1520, 1521) 15911.0
(9332, 9333, 9334) 22613.0
(4130, 4131, 4132) 19997.0
(4038, 4039, 4040) 16850.0
(6611, 6612, 6613) 21365.0
(9033, 9034, 9035) 30567.0
(457, 458, 459) 17416.0
(6600, 6601, 6602) 28493.0
(1260, 1261, 1262) 29321.0
(9698, 9699, 9700) 21934.0
(7752, 7753, 7754) 19500.0
(1699, 1700, 1701) 21671.0
(842, 843, 844) 21190.0
(7773, 7774, 7775) 20145.0
(9099, 9100, 9101) 25809.0
(5389, 5390, 5391) 17556.0
(4864, 4865, 4866) 26151.0
(3554, 3555, 3556) 24337.0
(9209, 9210, 9211) 18144.0
(2017, 2018, 2019) 19701.0
(6454, 6455, 6456) 19417.0
(6606, 6607, 6608) 14628.0
(1853, 1854, 1855) 18753.0
(6327, 6328, 6329) 22131.0
(9946, 9947, 9948) 18576.0
(3967, 3968, 3969) 18655.0
(1182, 1183, 1184) 28024.0
(2811, 2812, 2813) 19085.0
(662, 663, 664) 20753.0
(2835, 2836, 2837) 20424.0
(2222, 2223, 2224) 25929.0
(2847, 2848, 2849) 20849.0
(5237, 5238, 5239) 24617.0
(2241, 2242, 2243) 19896.0
(9506, 9507, 9508) 21570.0
(2328, 2329, 2330) 19694.0
(6879, 6880, 6881) 17462.0
(5084, 5085, 5086) 12607.0
(864, 865, 866) 20431.0
(5733, 5734, 5735) 21822.0
(1620, 1621, 1622) 19577.0
(4776, 4777, 4778) 31986.0
(9818, 9819, 9820) 32841.0
(2459, 2460, 2461) 22101.0
(4145, 4146, 4147) 14971.0
(7160, 7161, 7162) 18517.0
(4766, 4767, 4768) 15447.0
(2406, 2407, 2408) 24695.0
(4675, 4676, 4677) 22887.0
(5849, 5850, 5851) 21291.0
(654, 655, 656) 18875.0
(4898, 4899, 4900) 17527.0
(3262, 3263, 3264) 18931.0
(7892, 7893, 7894) 24660.0
(4250, 4251, 4252) 22590.0
(3818, 3819, 3820) 24815.0
(4181, 4182, 4183) 16579.0
(8367, 8368, 8369) 20960.0
(3188, 3189, 3190) 23878.0
(1392, 1393, 1394) 23760.0
(2756, 2757, 2758) 26313.0
(2280, 2281, 2282) 10952.0
(5374, 5375, 5376) 19776.0
(6759, 6760, 6761) 23801.0
(5909, 5910, 5911) 17800.0
(4939, 4940, 4941) 17822.0
(9575, 9576, 9577) 24764.0
(2788, 2789, 2790) 25006.0
(3576, 3577, 3578) 25782.0
(1765, 1766, 1767) 17861.0
(1430, 1431, 1432) 21789.0
(5937, 5938, 5939) 26329.0
(5267, 5268, 5269) 22013.0
(5977, 5978, 5979) 19267.0
(3437, 3438, 3439) 15471.0
(435, 436, 437) 19772.0
(6661, 6662, 6663) 18985.0
(910, 911, 912) 18455.0
(3490, 3491, 3492) 23878.0
(9311, 9312, 9313) 19556.0
(678, 679, 680) 23674.0
(9390, 9391, 9392) 24305.0
(5912, 5913, 5914) 23149.0
(3462, 3463, 3464) 23537.0
(2142, 2143, 2144) 23594.0
(5199, 5200, 5201) 17916.0
(5984, 5985, 5986) 26516.0
(7203, 7204, 7205) 18195.0
(2816, 2817, 2818) 24381.0
(8307, 8308, 8309) 21936.0
(5388, 5389, 5390) 19543.0
(7517, 7518, 7519) 17390.0
(6759, 6760, 6761) 23801.0
(4537, 4538, 4539) 21954.0
(4126, 4127, 4128) 19831.0
(1493, 1494, 1495) 16387.0
(6258, 6259, 6260) 19776.0
(6139, 6140, 6141) 21673.0
(4365, 4366, 4367) 22779.0
(283, 284, 285) 16936.0
(9786, 9787, 9788) 22455.0
(9926, 9927, 9928) 20067.0
(8497, 8498, 8499) 25194.0
(4558, 4559, 4560) 23915.0
(2078, 2079, 2080) 19194.0
(6789, 6790, 6791) 27532.0
(9784, 9785, 9786) 23641.0
(5036, 5037, 5038) 19874.0
(2025, 2026, 2027) 20349.0
(1102, 1103, 1104) 26664.0
(9672, 9673, 9674) 18112.0
(6783, 6784, 6785) 22746.0
(217, 218, 219) 18695.0
(1200, 1201, 1202) 17317.0
(7138, 7139, 7140) 24987.0
(5846, 5847, 5848) 21121.0
(1730, 1731, 1732) 27758.0
(3482, 3483, 3484) 18086.0
(3794, 3795, 3796) 14129.0
(8081, 8082, 8083) 14278.0
(9690, 9691, 9692) 16633.0
(4685, 4686, 4687) 25969.0
(4968, 4969, 4970) 17035.0
(7408, 7409, 7410) 21260.0
(6760, 6761, 6762) 24729.0
(4093, 4094, 4095) 23106.0
(2601, 2602, 2603) 17748.0
(2086, 2087, 2088) 26299.0
(6695, 6696, 6697) 26526.0
(5422, 5423, 5424) 23146.0
(7982, 7983, 7984) 13722.0
(8226, 8227, 8228) 19583.0
(724, 725, 726) 17110.0
(3722, 3723, 3724) 20951.0
(7265, 7266, 7267) 21774.0
(3187, 3188, 3189) 14413.0
(1157, 1158, 1159) 18468.0
(8259, 8260, 8261) 21252.0
(9572, 9573, 9574) 16204.0
(492, 493, 494) 17623.0
(5224, 5225, 5226) 22484.0
(9393, 9394, 9395) 22687.0
(2641, 2642, 2643) 19242.0
(2790, 2791, 2792) 30195.0
(321, 322, 323) 22663.0
(8214, 8215, 8216) 22932.0
