(9695, 9696, 9697) 22166.0
(2734, 2735, 2736) 20208.0
(1632, 1633, 1634) 17067.0
(7517, 7518, 7519) 19508.0
(6021, 6022, 6023) 24798.0
(9141, 9142, 9143) 24056.0
(9646, 9647, 9648) 22311.0
(2721, 2722, 2723) 25878.0
(5974, 5975, 5976) 29077.0
(4957, 4958, 4959) 26964.0
(3010, 3011, 3012) 30611.0
(2749, 2750, 2751) 21492.0
(2317, 2318, 2319) 24236.0
(1124, 1125, 1126) 22471.0
(3849, 3850, 3851) 24598.0
(2584, 2585, 2586) 20004.0
(4969, 4970, 4971) 20662.0
(9504, 9505, 9506) 19442.0
(2540, 2541, 2542) 29763.0
(4828, 4829, 4830) 22675.0
(6605, 6606, 6607) 27763.0
(6796, 6797, 6798) 17610.0
(9829, 9830, 9831) 19579.0
(9682, 9683, 9684) 19244.0
(9525, 9526, 9527) 23163.0
(9050, 9051, 9052) 21763.0
(5884, 5885, 5886) 24002.0
(8206, 8207, 8208) 23227.0
(5075, 5076, 5077) 30714.0
(6134, 6135, 6136) 27221.0
(2997, 2998, 2999) 12853.0
(938, 939, 940) 19584.0
(5564, 5565, 5566) 21008.0
(7245, 7246, 7247) 20369.0
(7158, 7159, 7160) 19715.0
(1112, 1113, 1114) 25837.0
(761, 762, 763) 25337.0
(2651, 2652, 2653) 22765.0
(6399, 6400, 6401) 12806.0
(4817, 4818, 4819) 23580.0
(6421, 6422, 6423) 14895.0
(3039, 3040, 3041) 24532.0
(7854, 7855, 7856) 19347.0
(9948, 9949, 9950) 29312.0
(4788, 4789, 4790) 23816.0
(7630, 7631, 7632) 21665.0
(9420, 9421, 9422) 22514.0
(2050, 2051, 2052) 21491.0
(8005, 8006, 8007) 26779.0
(2328, 2329, 2330) 21224.0
(6365, 6366, 6367) 29361.0
(6531, 6532, 6533) 31093.0
(8879, 8880, 8881) 19350.0
(1277, 1278, 1279) 22728.0
(3107, 3108, 3109) 26963.0
(8726, 8727, 8728) 18376.0
(8311, 8312, 8313) 19280.0
(9247, 9248, 9249) 23701.0
(3335, 3336, 3337) 25679.0
(721, 722, 723) 20252.0
(5510, 5511, 5512) 20252.0
(5240, 5241, 5242) 20984.0
(5220, 5221, 5222) 21576.0
(1123, 1124, 1125) 24986.0
(5431, 5432, 5433) 22644.0
(7554, 7555, 7556) 34805.0
(1626, 1627, 1628) 20540.0
(4176, 4177, 4178) 18112.0
(6612, 6613, 6614) 17819.0
(3864, 3865, 3866) 20861.0
(982, 983, 984) 29410.0
(5634, 5635, 5636) 25693.0
(1334, 1335, 1336) 20947.0
(3949, 3950, 3951) 23243.0
(7866, 7867, 7868) 19229.0
(420, 421, 422) 22738.0
(2234, 2235, 2236) 27396.0
(1113, 1114, 1115) 21950.0
(7187, 7188, 7189) 20674.0
(5511, 5512, 5513) 19428.0
(1706, 1707, 1708) 21438.0
(1952, 1953, 1954) 22320.0
(579, 580, 581) 32844.0
(7920, 7921, 7922) 29900.0
(9219, 9220, 9221) 32289.0
(7581, 7582, 7583) 24108.0
(9730, 9731, 9732) 25547.0
(6700, 6701, 6702) 25308.0
(4970, 4971, 4972) 24785.0
(6547, 6548, 6549) 22217.0
(8241, 8242, 8243) 13963.0
(6394, 6395, 6396) 18888.0
(3293, 3294, 3295) 23539.0
(2621, 2622, 2623) 23864.0
(8163, 8164, 8165) 18412.0
(7012, 7013, 7014) 21455.0
(3909, 3910, 3911) 18991.0
(5610, 5611, 5612) 17696.0
(9869, 9870, 9871) 18190.0
(5758, 5759, 5760) 23513.0
(7450, 7451, 7452) 29835.0
(7057, 7058, 7059) 22354.0
(596, 597, 598) 24045.0
(2954, 2955, 2956) 24267.0
(8611, 8612, 8613) 18499.0
(8193, 8194, 8195) 19875.0
(6181, 6182, 6183) 21527.0
(6083, 6084, 6085) 25906.0
(3647, 3648, 3649) 22479.0
(2048, 2049, 2050) 19863.0
(5937, 5938, 5939) 28924.0
(1592, 1593, 1594) 23522.0
(7474, 7475, 7476) 21877.0
(130, 131, 132) 27389.0
(3118, 3119, 3120) 20089.0
(8894, 8895, 8896) 17143.0
(2747, 2748, 2749) 18774.0
(7131, 7132, 7133) 22726.0
(6500, 6501, 6502) 23687.0
(8744, 8745, 8746) 18507.0
(4936, 4937, 4938) 18987.0
(1198, 1199, 1200) 18642.0
(3535, 3536, 3537) 26845.0
(618, 619, 620) 27410.0
(737, 738, 739) 21902.0
(868, 869, 870) 22452.0
(757, 758, 759) 23947.0
(8658, 8659, 8660) 20223.0
(7695, 7696, 7697) 23694.0
(9403, 9404, 9405) 24124.0
(7420, 7421, 7422) 22122.0
(16, 17, 18) 23838.0
(6357, 6358, 6359) 23920.0
(7408, 7409, 7410) 22197.0
(5465, 5466, 5467) 24358.0
(2016, 2017, 2018) 23098.0
(4450, 4451, 4452) 24266.0
(4548, 4549, 4550) 20927.0
(2620, 2621, 2622) 22059.0
(8107, 8108, 8109) 20770.0
(3328, 3329, 3330) 24271.0
(1752, 1753, 1754) 23148.0
(1675, 1676, 1677) 29718.0
(8156, 8157, 8158) 27214.0
(4513, 4514, 4515) 22396.0
(5672, 5673, 5674) 23670.0
(3058, 3059, 3060) 24645.0
(758, 759, 760) 13659.0
(9826, 9827, 9828) 19116.0
(6245, 6246, 6247) 20679.0
(147, 148, 149) 22117.0
(7402, 7403, 7404) 22061.0
(4127, 4128, 4129) 24848.0
(3286, 3287, 3288) 18217.0
(705, 706, 707) 19735.0
(2518, 2519, 2520) 29681.0
(2879, 2880, 2881) 23055.0
(5509, 5510, 5511) 18932.0
(2351, 2352, 2353) 15025.0
(6057, 6058, 6059) 28617.0
(4350, 4351, 4352) 22615.0
(8513, 8514, 8515) 23114.0
(9525, 9526, 9527) 23163.0
(3346, 3347, 3348) 19542.0
(4053, 4054, 4055) 21359.0
(9606, 9607, 9608) 18208.0
(8525, 8526, 8527) 22714.0
(365, 366, 367) 25935.0
(7720, 7721, 7722) 19677.0
(8840, 8841, 8842) 19788.0
(5251, 5252, 5253) 28248.0
(5786, 5787, 5788) 21865.0
(6524, 6525, 6526) 22338.0
(8138, 8139, 8140) 18951.0
(187, 188, 189) 17639.0
(630, 631, 632) 19835.0
(8019, 8020, 8021) 21403.0
(7912, 7913, 7914) 23318.0
(6953, 6954, 6955) 16496.0
(8401, 8402, 8403) 26845.0
(2307, 2308, 2309) 19626.0
(5548, 5549, 5550) 34872.0
(1002, 1003, 1004) 24866.0
(6328, 6329, 6330) 23694.0
(7591, 7592, 7593) 21709.0
(1675, 1676, 1677) 29718.0
(8106, 8107, 8108) 20732.0
(9829, 9830, 9831) 19579.0
(6090, 6091, 6092) 13051.0
(127, 128, 129) 20222.0
(7822, 7823, 7824) 24366.0
(9875, 9876, 9877) 23249.0
(2822, 2823, 2824) 16696.0
(1554, 1555, 1556) 24389.0
(8834, 8835, 8836) 23312.0
(4197, 4198, 4199) 24410.0
(9996, 9997, 9998) 25691.0
(525, 526, 527) 19410.0
(7116, 7117, 7118) 22494.0
(9303, 9304, 9305) 16450.0
(589, 590, 591) 25751.0
