(6253, 6254, 6255) 21638.0
(7253, 7254, 7255) 22490.0
(7302, 7303, 7304) 30385.0
(1812, 1813, 1814) 15101.0
(8443, 8444, 8445) 26956.0
(4497, 4498, 4499) 38992.0
(8103, 8104, 8105) 18317.0
(6728, 6729, 6730) 17004.0
(6281, 6282, 6283) 12743.0
(4726, 4727, 4728) 26789.0
(4486, 4487, 4488) 22209.0
(2758, 2759, 2760) 25656.0
(1535, 1536, 1537) 27627.0
(7513, 7514, 7515) 18701.0
(7602, 7603, 7604) 27047.0
(3828, 3829, 3830) 29731.0
(6099, 6100, 6101) 26628.0
(3612, 3613, 3614) 27767.0
(3961, 3962, 3963) 22521.0
(5105, 5106, 5107) 21989.0
(3616, 3617, 3618) 20638.0
(8641, 8642, 8643) 25025.0
(5667, 5668, 5669) 31787.0
(7618, 7619, 7620) 19063.0
(5443, 5444, 5445) 18490.0
(9677, 9678, 9679) 35162.0
(3883, 3884, 3885) 19823.0
(5724, 5725, 5726) 22135.0
(3855, 3856, 3857) 19861.0
(4672, 4673, 4674) 31145.0
(5618, 5619, 5620) 17526.0
(3238, 3239, 3240) 27319.0
(9480, 9481, 9482) 29767.0
(7241, 7242, 7243) 19423.0
(4915, 4916, 4917) 18918.0
(9597, 9598, 9599) 21857.0
(1696, 1697, 1698) 29182.0
(9256, 9257, 9258) 26648.0
(3928, 3929, 3930) 28782.0
(8371, 8372, 8373) 16917.0
(3024, 3025, 3026) 20999.0
(8957, 8958, 8959) 22621.0
(6112, 6113, 6114) 18949.0
(6095, 6096, 6097) 28627.0
(8148, 8149, 8150) 17033.0
(5941, 5942, 5943) 31131.0
(8505, 8506, 8507) 23645.0
(6382, 6383, 6384) 24618.0
(8669, 8670, 8671) 19997.0
(2381, 2382, 2383) 34108.0
(8381, 8382, 8383) 25472.0
(6705, 6706, 6707) 30192.0
(5907, 5908, 5909) 20507.0
(8804, 8805, 8806) 22232.0
(4376, 4377, 4378) 28356.0
(1315, 1316, 1317) 24270.0
(421, 422, 423) 26718.0
(7300, 7301, 7302) 29175.0
(5089, 5090, 5091) 24547.0
(3174, 3175, 3176) 17015.0
(3745, 3746, 3747) 23639.0
(988, 989, 990) 29981.0
(3086, 3087, 3088) 15671.0
(6723, 6724, 6725) 20149.0
(1017, 1018, 1019) 25208.0
(6570, 6571, 6572) 22408.0
(9132, 9133, 9134) 21268.0
(1032, 1033, 1034) 22441.0
(5270, 5271, 5272) 25521.0
(9805, 9806, 9807) 23926.0
(7114, 7115, 7116) 32549.0
(9660, 9661, 9662) 25941.0
(950, 951, 952) 21408.0
(3012, 3013, 3014) 20181.0
(1273, 1274, 1275) 22236.0
(7915, 7916, 7917) 21966.0
(635, 636, 637) 27487.0
(565, 566, 567) 28472.0
(883, 884, 885) 35297.0
(2828, 2829, 2830) 25309.0
(558, 559, 560) 34122.0
(8093, 8094, 8095) 18819.0
(1180, 1181, 1182) 23485.0
(2157, 2158, 2159) 25684.0
(513, 514, 515) 23237.0
(2501, 2502, 2503) 22856.0
(9827, 9828, 9829) 29322.0
(2151, 2152, 2153) 22047.0
(484, 485, 486) 23925.0
(4731, 4732, 4733) 25309.0
(5986, 5987, 5988) 22171.0
(7241, 7242, 7243) 19423.0
(519, 520, 521) 19075.0
(2699, 2700, 2701) 19494.0
(3880, 3881, 3882) 19520.0
(5280, 5281, 5282) 21868.0
(8805, 8806, 8807) 26296.0
(2912, 2913, 2914) 24327.0
(491, 492, 493) 21212.0
(5478, 5479, 5480) 22887.0
(4701, 4702, 4703) 30240.0
(183, 184, 185) 21743.0
(8331, 8332, 8333) 26234.0
(53, 54, 55) 24004.0
(990, 991, 992) 28074.0
(2226, 2227, 2228) 15395.0
(8779, 8780, 8781) 31720.0
(1107, 1108, 1109) 15089.0
(6214, 6215, 6216) 32643.0
(6381, 6382, 6383) 22772.0
(282, 283, 284) 26944.0
(9607, 9608, 9609) 31216.0
(6979, 6980, 6981) 26778.0
(2220, 2221, 2222) 17520.0
(7573, 7574, 7575) 21662.0
(7365, 7366, 7367) 21304.0
(1881, 1882, 1883) 23753.0
(2465, 2466, 2467) 20696.0
(9699, 9700, 9701) 18583.0
(9271, 9272, 9273) 28228.0
(2627, 2628, 2629) 26373.0
(5083, 5084, 5085) 22035.0
(3633, 3634, 3635) 24135.0
(4132, 4133, 4134) 23140.0
(1822, 1823, 1824) 22118.0
(1496, 1497, 1498) 25755.0
(2796, 2797, 2798) 22249.0
(9836, 9837, 9838) 24767.0
(7471, 7472, 7473) 19001.0
(6793, 6794, 6795) 29608.0
(1248, 1249, 1250) 23767.0
(1471, 1472, 1473) 24632.0
(8747, 8748, 8749) 24275.0
(1947, 1948, 1949) 25108.0
(1127, 1128, 1129) 27203.0
(6128, 6129, 6130) 23885.0
(1713, 1714, 1715) 18039.0
(4045, 4046, 4047) 24624.0
(5236, 5237, 5238) 16208.0
(1010, 1011, 1012) 18000.0
(4901, 4902, 4903) 27414.0
(8492, 8493, 8494) 24620.0
(6952, 6953, 6954) 21726.0
(3768, 3769, 3770) 24512.0
(8128, 8129, 8130) 24868.0
(5459, 5460, 5461) 20206.0
(980, 981, 982) 25465.0
(4616, 4617, 4618) 23864.0
(7234, 7235, 7236) 21261.0
(8198, 8199, 8200) 23051.0
(1356, 1357, 1358) 15339.0
(2316, 2317, 2318) 26785.0
(2020, 2021, 2022) 20404.0
(7101, 7102, 7103) 24021.0
(2406, 2407, 2408) 28109.0
(3753, 3754, 3755) 22493.0
(5024, 5025, 5026) 29785.0
(3229, 3230, 3231) 23323.0
(5620, 5621, 5622) 19523.0
(5290, 5291, 5292) 36251.0
(3116, 3117, 3118) 18338.0
(558, 559, 560) 34122.0
(7248, 7249, 7250) 24257.0
(6199, 6200, 6201) 27864.0
(2654, 2655, 2656) 21984.0
(1991, 1992, 1993) 21352.0
(3233, 3234, 3235) 26777.0
(6056, 6057, 6058) 20802.0
(7117, 7118, 7119) 31022.0
(7975, 7976, 7977) 21586.0
(4713, 4714, 4715) 25335.0
(8786, 8787, 8788) 19267.0
(3863, 3864, 3865) 25254.0
(3280, 3281, 3282) 20643.0
(9962, 9963, 9964) 16776.0
(8781, 8782, 8783) 20735.0
(5904, 5905, 5906) 18977.0
(4218, 4219, 4220) 18712.0
(9959, 9960, 9961) 24961.0
(2205, 2206, 2207) 31187.0
(2027, 2028, 2029) 27094.0
(1062, 1063, 1064) 24726.0
(3912, 3913, 3914) 28481.0
(281, 282, 283) 23504.0
(9402, 9403, 9404) 19000.0
(9725, 9726, 9727) 24838.0
(9552, 9553, 9554) 19952.0
(4583, 4584, 4585) 20048.0
(6255, 6256, 6257) 17508.0
(2785, 2786, 2787) 17692.0
(638, 639, 640) 19824.0
(6380, 6381, 6382) 25515.0
(4252, 4253, 4254) 24952.0
(1696, 1697, 1698) 29182.0
(8983, 8984, 8985) 20639.0
(610, 611, 612) 26527.0
(2029, 2030, 2031) 23815.0
(266, 267, 268) 20258.0
(8874, 8875, 8876) 21413.0
(8993, 8994, 8995) 19528.0
(4791, 4792, 4793) 16029.0
