(8641, 8642, 8643) 26039.0
(1260, 1261, 1262) 31243.0
(7987, 7988, 7989) 24289.0
(3299, 3300, 3301) 24620.0
(6590, 6591, 6592) 32476.0
(4445, 4446, 4447) 20664.0
(1854, 1855, 1856) 18991.0
(998, 999, 1000) 22582.0
(3242, 3243, 3244) 28209.0
(16, 17, 18) 28075.0
(1792, 1793, 1794) 24016.0
(8949, 8950, 8951) 21330.0
(834, 835, 836) 26261.0
(3583, 3584, 3585) 20819.0
(7208, 7209, 7210) 21897.0
(6467, 6468, 6469) 29226.0
(9897, 9898, 9899) 23373.0
(7327, 7328, 7329) 25935.0
(7330, 7331, 7332) 33266.0
(597, 598, 599) 28756.0
(9662, 9663, 9664) 30076.0
(1506, 1507, 1508) 32600.0
(3242, 3243, 3244) 28209.0
(339, 340, 341) 23608.0
(7036, 7037, 7038) 19428.0
(276, 277, 278) 26114.0
(6694, 6695, 6696) 20511.0
(9452, 9453, 9454) 19885.0
(8540, 8541, 8542) 21591.0
(9232, 9233, 9234) 27479.0
(6194, 6195, 6196) 24980.0
(3423, 3424, 3425) 30694.0
(206, 207, 208) 24495.0
(140, 141, 142) 26298.0
(7707, 7708, 7709) 26034.0
(4753, 4754, 4755) 24664.0
(7857, 7858, 7859) 29616.0
(9831, 9832, 9833) 27681.0
(2846, 2847, 2848) 26466.0
(4906, 4907, 4908) 23466.0
(3591, 3592, 3593) 27417.0
(974, 975, 976) 28053.0
(4299, 4300, 4301) 25103.0
(1481, 1482, 1483) 39355.0
(6053, 6054, 6055) 34766.0
(1259, 1260, 1261) 21678.0
(4124, 4125, 4126) 26897.0
(7045, 7046, 7047) 25395.0
(5513, 5514, 5515) 21870.0
(2014, 2015, 2016) 22232.0
(7737, 7738, 7739) 35107.0
(9762, 9763, 9764) 26194.0
(2458, 2459, 2460) 22943.0
(5483, 5484, 5485) 28050.0
(9593, 9594, 9595) 28724.0
(8609, 8610, 8611) 30268.0
(168, 169, 170) 20948.0
(3220, 3221, 3222) 15471.0
(7607, 7608, 7609) 23462.0
(8638, 8639, 8640) 33280.0
(9943, 9944, 9945) 24872.0
(3646, 3647, 3648) 15398.0
(9907, 9908, 9909) 27043.0
(1762, 1763, 1764) 32214.0
(7175, 7176, 7177) 22437.0
(1535, 1536, 1537) 27684.0
(2145, 2146, 2147) 22928.0
(6437, 6438, 6439) 20469.0
(4301, 4302, 4303) 30322.0
(6274, 6275, 6276) 27241.0
(7982, 7983, 7984) 15536.0
(9271, 9272, 9273) 29624.0
(7902, 7903, 7904) 19853.0
(8497, 8498, 8499) 28776.0
(2839, 2840, 2841) 27694.0
(3392, 3393, 3394) 24954.0
(1416, 1417, 1418) 25234.0
(7627, 7628, 7629) 28679.0
(9274, 9275, 9276) 27797.0
(4383, 4384, 4385) 26671.0
(4646, 4647, 4648) 25406.0
(2175, 2176, 2177) 28825.0
(9457, 9458, 9459) 30269.0
(550, 551, 552) 21740.0
(1324, 1325, 1326) 30485.0
(4906, 4907, 4908) 23466.0
(1182, 1183, 1184) 35099.0
(8210, 8211, 8212) 34711.0
(9875, 9876, 9877) 26222.0
(4450, 4451, 4452) 26359.0
(2101, 2102, 2103) 29034.0
(455, 456, 457) 25831.0
(3350, 3351, 3352) 21244.0
(6276, 6277, 6278) 23360.0
(3998, 3999, 4000) 33518.0
(4103, 4104, 4105) 29423.0
(5160, 5161, 5162) 23418.0
(9518, 9519, 9520) 19219.0
(5949, 5950, 5951) 25156.0
(3270, 3271, 3272) 29222.0
(306, 307, 308) 31975.0
(4991, 4992, 4993) 28008.0
(1899, 1900, 1901) 23931.0
(1556, 1557, 1558) 28208.0
(6601, 6602, 6603) 21841.0
(8135, 8136, 8137) 16265.0
(206, 207, 208) 24495.0
(3904, 3905, 3906) 18809.0
(6618, 6619, 6620) 25187.0
(3669, 3670, 3671) 27840.0
(3490, 3491, 3492) 27357.0
(5827, 5828, 5829) 21835.0
(7815, 7816, 7817) 20564.0
(1922, 1923, 1924) 23635.0
(8741, 8742, 8743) 24514.0
(7850, 7851, 7852) 20330.0
(3376, 3377, 3378) 20986.0
(1560, 1561, 1562) 26465.0
(2317, 2318, 2319) 25123.0
(1882, 1883, 1884) 28226.0
(2815, 2816, 2817) 32456.0
(2381, 2382, 2383) 35217.0
(3439, 3440, 3441) 28773.0
(9384, 9385, 9386) 20236.0
(8042, 8043, 8044) 20621.0
(9134, 9135, 9136) 23792.0
(9960, 9961, 9962) 24882.0
(4244, 4245, 4246) 21051.0
(2221, 2222, 2223) 19160.0
(7155, 7156, 7157) 21393.0
(9220, 9221, 9222) 22273.0
(5310, 5311, 5312) 26917.0
(6490, 6491, 6492) 25391.0
(300, 301, 302) 22353.0
(1460, 1461, 1462) 23045.0
(5341, 5342, 5343) 21736.0
(9394, 9395, 9396) 19159.0
(2221, 2222, 2223) 19160.0
(2199, 2200, 2201) 23568.0
(6738, 6739, 6740) 27951.0
(8734, 8735, 8736) 26052.0
(9787, 9788, 9789) 19676.0
(7699, 7700, 7701) 26286.0
(5059, 5060, 5061) 23907.0
(8936, 8937, 8938) 24172.0
(8627, 8628, 8629) 31587.0
(7793, 7794, 7795) 25016.0
(7063, 7064, 7065) 29683.0
(7616, 7617, 7618) 26066.0
(4585, 4586, 4587) 21824.0
(9133, 9134, 9135) 23131.0
(9457, 9458, 9459) 30269.0
(4268, 4269, 4270) 27573.0
(3043, 3044, 3045) 27691.0
(9672, 9673, 9674) 22628.0
(2511, 2512, 2513) 36375.0
(7992, 7993, 7994) 31286.0
(7988, 7989, 7990) 32347.0
(1885, 1886, 1887) 22350.0
(9161, 9162, 9163) 26064.0
(1378, 1379, 1380) 23209.0
(547, 548, 549) 24757.0
(226, 227, 228) 29825.0
(8353, 8354, 8355) 29806.0
(6862, 6863, 6864) 24821.0
(2802, 2803, 2804) 31749.0
(3669, 3670, 3671) 27840.0
(1701, 1702, 1703) 28747.0
(7036, 7037, 7038) 19428.0
(576, 577, 578) 24907.0
(7274, 7275, 7276) 23142.0
(5355, 5356, 5357) 32518.0
(6217, 6218, 6219) 27422.0
(5396, 5397, 5398) 23684.0
(2589, 2590, 2591) 22175.0
(8625, 8626, 8627) 19027.0
(3043, 3044, 3045) 27691.0
(38, 39, 40) 32813.0
(8511, 8512, 8513) 23380.0
(603, 604, 605) 23617.0
(5150, 5151, 5152) 22621.0
(4157, 4158, 4159) 24723.0
(9020, 9021, 9022) 24563.0
(508, 509, 510) 22387.0
(3077, 3078, 3079) 22740.0
(9198, 9199, 9200) 38274.0
(8, 9, 10) 20492.0
(390, 391, 392) 33852.0
(5052, 5053, 5054) 21947.0
(1442, 1443, 1444) 27631.0
(1826, 1827, 1828) 23891.0
(3710, 3711, 3712) 33068.0
(2071, 2072, 2073) 32331.0
(3409, 3410, 3411) 17112.0
(7332, 7333, 7334) 22542.0
(5228, 5229, 5230) 26415.0
(355, 356, 357) 28074.0
(2836, 2837, 2838) 25877.0
(8728, 8729, 8730) 22298.0
(3846, 3847, 3848) 26633.0
(7929, 7930, 7931) 29561.0
