(5402, 5403, 5404) 26510.0
(8489, 8490, 8491) 28118.0
(2550, 2551, 2552) 31480.0
(4881, 4882, 4883) 22509.0
(1006, 1007, 1008) 27358.0
(3371, 3372, 3373) 32099.0
(7639, 7640, 7641) 33962.0
(6001, 6002, 6003) 26743.0
(106, 107, 108) 24085.0
(8309, 8310, 8311) 20030.0
(1395, 1396, 1397) 22877.0
(3093, 3094, 3095) 29697.0
(2235, 2236, 2237) 26698.0
(9487, 9488, 9489) 31796.0
(8705, 8706, 8707) 21388.0
(4311, 4312, 4313) 25871.0
(1894, 1895, 1896) 24648.0
(5412, 5413, 5414) 31725.0
(3172, 3173, 3174) 25630.0
(757, 758, 759) 26213.0
(5541, 5542, 5543) 34146.0
(2588, 2589, 2590) 21048.0
(6945, 6946, 6947) 28173.0
(5570, 5571, 5572) 24532.0
(4659, 4660, 4661) 26081.0
(9579, 9580, 9581) 30319.0
(1527, 1528, 1529) 24140.0
(5147, 5148, 5149) 29296.0
(8518, 8519, 8520) 23693.0
(3058, 3059, 3060) 29514.0
(9733, 9734, 9735) 34404.0
(9711, 9712, 9713) 23593.0
(9388, 9389, 9390) 29998.0
(9907, 9908, 9909) 26625.0
(8395, 8396, 8397) 21048.0
(3945, 3946, 3947) 25253.0
(1522, 1523, 1524) 28940.0
(3019, 3020, 3021) 41358.0
(3108, 3109, 3110) 21882.0
(6180, 6181, 6182) 37239.0
(5337, 5338, 5339) 21049.0
(8319, 8320, 8321) 24318.0
(4737, 4738, 4739) 29966.0
(387, 388, 389) 27662.0
(3918, 3919, 3920) 29838.0
(6658, 6659, 6660) 27347.0
(5776, 5777, 5778) 26099.0
(3566, 3567, 3568) 23890.0
(4717, 4718, 4719) 31355.0
(6819, 6820, 6821) 25117.0
(9929, 9930, 9931) 22282.0
(2798, 2799, 2800) 30287.0
(130, 131, 132) 34979.0
(4620, 4621, 4622) 25310.0
(8292, 8293, 8294) 31312.0
(9438, 9439, 9440) 23784.0
(7312, 7313, 7314) 26793.0
(6411, 6412, 6413) 25375.0
(7224, 7225, 7226) 23472.0
(455, 456, 457) 30195.0
(3333, 3334, 3335) 23697.0
(1245, 1246, 1247) 27419.0
(3518, 3519, 3520) 24757.0
(7042, 7043, 7044) 30259.0
(4360, 4361, 4362) 29940.0
(3095, 3096, 3097) 24209.0
(538, 539, 540) 24748.0
(5692, 5693, 5694) 31216.0
(5931, 5932, 5933) 24228.0
(673, 674, 675) 29517.0
(9146, 9147, 9148) 27670.0
(8481, 8482, 8483) 29192.0
(5895, 5896, 5897) 32902.0
(9521, 9522, 9523) 16781.0
(9917, 9918, 9919) 26485.0
(2803, 2804, 2805) 21382.0
(6253, 6254, 6255) 27410.0
(3297, 3298, 3299) 20974.0
(8584, 8585, 8586) 27127.0
(7052, 7053, 7054) 28507.0
(4973, 4974, 4975) 24188.0
(57, 58, 59) 34078.0
(9818, 9819, 9820) 39974.0
(4339, 4340, 4341) 26196.0
(8429, 8430, 8431) 29681.0
(8019, 8020, 8021) 27725.0
(9258, 9259, 9260) 25599.0
(2353, 2354, 2355) 24812.0
(3240, 3241, 3242) 21580.0
(1401, 1402, 1403) 27127.0
(4636, 4637, 4638) 19085.0
(8778, 8779, 8780) 27992.0
(3269, 3270, 3271) 29517.0
(282, 283, 284) 29368.0
(5879, 5880, 5881) 27534.0
(8553, 8554, 8555) 26080.0
(8365, 8366, 8367) 27833.0
(4791, 4792, 4793) 17778.0
(4092, 4093, 4094) 16987.0
(2866, 2867, 2868) 21685.0
(6165, 6166, 6167) 25299.0
(7723, 7724, 7725) 27389.0
(2491, 2492, 2493) 28788.0
(7210, 7211, 7212) 29072.0
(445, 446, 447) 27447.0
(6891, 6892, 6893) 21101.0
(5429, 5430, 5431) 24205.0
(9907, 9908, 9909) 26625.0
(4460, 4461, 4462) 22785.0
(4415, 4416, 4417) 23078.0
(5828, 5829, 5830) 22951.0
(6827, 6828, 6829) 27859.0
(2143, 2144, 2145) 30564.0
(7571, 7572, 7573) 24246.0
(3368, 3369, 3370) 23817.0
(1903, 1904, 1905) 26321.0
(6589, 6590, 6591) 23183.0
(4864, 4865, 4866) 32279.0
(1967, 1968, 1969) 41149.0
(7832, 7833, 7834) 25131.0
(7307, 7308, 7309) 21271.0
(3721, 3722, 3723) 31456.0
(4922, 4923, 4924) 24532.0
(972, 973, 974) 22641.0
(5411, 5412, 5413) 19858.0
(7509, 7510, 7511) 37372.0
(5797, 5798, 5799) 23343.0
(4406, 4407, 4408) 33440.0
(3456, 3457, 3458) 27739.0
(1895, 1896, 1897) 23539.0
(8276, 8277, 8278) 27152.0
(8848, 8849, 8850) 38603.0
(3670, 3671, 3672) 22365.0
(3186, 3187, 3188) 39814.0
(2810, 2811, 2812) 25507.0
(3499, 3500, 3501) 36815.0
(2448, 2449, 2450) 21530.0
(474, 475, 476) 26775.0
(5914, 5915, 5916) 33834.0
(1833, 1834, 1835) 28413.0
(2324, 2325, 2326) 31139.0
(594, 595, 596) 31636.0
(741, 742, 743) 19799.0
(7327, 7328, 7329) 27592.0
(1907, 1908, 1909) 18395.0
(4994, 4995, 4996) 29053.0
(7274, 7275, 7276) 23952.0
(6356, 6357, 6358) 30417.0
(5739, 5740, 5741) 21596.0
(178, 179, 180) 25676.0
(8990, 8991, 8992) 37820.0
(7691, 7692, 7693) 22607.0
(6379, 6380, 6381) 24226.0
(3562, 3563, 3564) 30091.0
(4608, 4609, 4610) 29449.0
(9389, 9390, 9391) 30712.0
(8100, 8101, 8102) 23880.0
(806, 807, 808) 26997.0
(9729, 9730, 9731) 17033.0
(5154, 5155, 5156) 23310.0
(9609, 9610, 9611) 24955.0
(5734, 5735, 5736) 23428.0
(8886, 8887, 8888) 25458.0
(6622, 6623, 6624) 24157.0
(6032, 6033, 6034) 27755.0
(431, 432, 433) 24763.0
(3450, 3451, 3452) 38606.0
(5887, 5888, 5889) 21573.0
(1791, 1792, 1793) 25425.0
(7541, 7542, 7543) 35237.0
(6449, 6450, 6451) 31145.0
(8131, 8132, 8133) 28739.0
(2446, 2447, 2448) 28732.0
(3648, 3649, 3650) 22607.0
(3134, 3135, 3136) 22117.0
(4596, 4597, 4598) 33131.0
(4753, 4754, 4755) 24461.0
(3387, 3388, 3389) 25215.0
(2347, 2348, 2349) 25935.0
(3255, 3256, 3257) 28995.0
(163, 164, 165) 26429.0
(8778, 8779, 8780) 27992.0
(1019, 1020, 1021) 27313.0
(4788, 4789, 4790) 29652.0
(231, 232, 233) 23722.0
(8426, 8427, 8428) 28601.0
(7475, 7476, 7477) 25200.0
(9199, 9200, 9201) 28804.0
(34, 35, 36) 28357.0
(881, 882, 883) 24245.0
(7412, 7413, 7414) 29761.0
(2633, 2634, 2635) 37557.0
(9447, 9448, 9449) 32372.0
(7936, 7937, 7938) 28945.0
(8204, 8205, 8206) 24816.0
(6051, 6052, 6053) 30899.0
(2465, 2466, 2467) 21308.0
(563, 564, 565) 28386.0
(1981, 1982, 1983) 35925.0
(6671, 6672, 6673) 25049.0
(2040, 2041, 2042) 32402.0
(1647, 1648, 1649) 25088.0
(3215, 3216, 3217) 36904.0
(6454, 6455, 6456) 24642.0
(7904, 7905, 7906) 27446.0
(7013, 7014, 7015) 20617.0
(9216, 9217, 9218) 32923.0
(8320, 8321, 8322) 26849.0
(9860, 9861, 9862) 27512.0
(8678, 8679, 8680) 32741.0
(3687, 3688, 3689) 33757.0
(258, 259, 260) 28474.0
(3737, 3738, 3739) 34578.0
(8740, 8741, 8742) 27806.0
(9086, 9087, 9088) 30449.0
(5037, 5038, 5039) 25110.0
(2475, 2476, 2477) 24539.0
(3037, 3038, 3039) 29781.0
(6404, 6405, 6406) 21249.0
(1814, 1815, 1816) 21810.0
(3796, 3797, 3798) 31752.0
(4261, 4262, 4263) 28830.0
(6260, 6261, 6262) 22610.0
(4942, 4943, 4944) 23420.0
(3627, 3628, 3629) 25217.0
(3984, 3985, 3986) 27852.0
(1604, 1605, 1606) 34816.0
(5872, 5873, 5874) 29205.0
(776, 777, 778) 21448.0
(2006, 2007, 2008) 22359.0
(7037, 7038, 7039) 34801.0
(2802, 2803, 2804) 31811.0
(5043, 5044, 5045) 26647.0
(1073, 1074, 1075) 22641.0
(9482, 9483, 9484) 29798.0
(5656, 5657, 5658) 28275.0
(308, 309, 310) 26569.0
(803, 804, 805) 29155.0
(6214, 6215, 6216) 35521.0
(9049, 9050, 9051) 25177.0
(6424, 6425, 6426) 32311.0
(1228, 1229, 1230) 32867.0
(3130, 3131, 3132) 24766.0
(6128, 6129, 6130) 26298.0
(3865, 3866, 3867) 25237.0
(2079, 2080, 2081) 24288.0
(4616, 4617, 4618) 27004.0
(9022, 9023, 9024) 25168.0
(6850, 6851, 6852) 21767.0
(4916, 4917, 4918) 26549.0
(310, 311, 312) 21204.0
(1119, 1120, 1121) 28502.0
(986, 987, 988) 28993.0
(7531, 7532, 7533) 20990.0
(7044, 7045, 7046) 28675.0
(6556, 6557, 6558) 25992.0
(2664, 2665, 2666) 31790.0
(7863, 7864, 7865) 25133.0
(7622, 7623, 7624) 18645.0
(2944, 2945, 2946) 26443.0
(9988, 9989, 9990) 37459.0
(7330, 7331, 7332) 33971.0
(2383, 2384, 2385) 35254.0
(6517, 6518, 6519) 20459.0
(8427, 8428, 8429) 22156.0
(6645, 6646, 6647) 26023.0
(5321, 5322, 5323) 25051.0
(9203, 9204, 9205) 18110.0
(7169, 7170, 7171) 25735.0
(2313, 2314, 2315) 32671.0
(2330, 2331, 2332) 19019.0
(7117, 7118, 7119) 33239.0
(1663, 1664, 1665) 27046.0
(2971, 2972, 2973) 24191.0
(1112, 1113, 1114) 27873.0
(2461, 2462, 2463) 32563.0
(6603, 6604, 6605) 22165.0
(4740, 4741, 4742) 30942.0
(9963, 9964, 9965) 27175.0
(6274, 6275, 6276) 28904.0
(7866, 7867, 7868) 21861.0
(5612, 5613, 5614) 22760.0
(3968, 3969, 3970) 23541.0
(5569, 5570, 5571) 34068.0
(5018, 5019, 5020) 24822.0
(8079, 8080, 8081) 25902.0
(325, 326, 327) 24214.0
(3826, 3827, 3828) 35206.0
(7318, 7319, 7320) 33618.0
(7458, 7459, 7460) 27921.0
(2162, 2163, 2164) 15664.0
(8585, 8586, 8587) 34888.0
(9460, 9461, 9462) 26978.0
(2772, 2773, 2774) 29391.0
(6777, 6778, 6779) 28197.0
(2467, 2468, 2469) 27442.0
(8956, 8957, 8958) 27542.0
(5917, 5918, 5919) 27409.0
(4603, 4604, 4605) 31010.0
(6699, 6700, 6701) 26936.0
(9978, 9979, 9980) 30423.0
(7593, 7594, 7595) 25784.0
(7312, 7313, 7314) 26793.0
(1204, 1205, 1206) 26587.0
(76, 77, 78) 26968.0
(7497, 7498, 7499) 21504.0
(4271, 4272, 4273) 22828.0
(3939, 3940, 3941) 24852.0
(2988, 2989, 2990) 29936.0
(3712, 3713, 3714) 33335.0
(7269, 7270, 7271) 27794.0
(9527, 9528, 9529) 33363.0
(2380, 2381, 2382) 37246.0
(7555, 7556, 7557) 27515.0
(1290, 1291, 1292) 24428.0
(2270, 2271, 2272) 26947.0
(5627, 5628, 5629) 27810.0
(9760, 9761, 9762) 27989.0
(2164, 2165, 2166) 28579.0
(3374, 3375, 3376) 22704.0
(135, 136, 137) 24243.0
(8866, 8867, 8868) 30665.0
(7528, 7529, 7530) 24961.0
(2265, 2266, 2267) 19504.0
(3322, 3323, 3324) 30451.0
(9805, 9806, 9807) 28080.0
(9397, 9398, 9399) 22006.0
(7739, 7740, 7741) 22405.0
(4225, 4226, 4227) 30638.0
(8234, 8235, 8236) 18826.0
(2734, 2735, 2736) 26881.0
(8969, 8970, 8971) 19960.0
(992, 993, 994) 21786.0
(3964, 3965, 3966) 23821.0
(6398, 6399, 6400) 25533.0
(4662, 4663, 4664) 26491.0
(6054, 6055, 6056) 28652.0
(3506, 3507, 3508) 27321.0
(5746, 5747, 5748) 29743.0
(3920, 3921, 3922) 22588.0
(3065, 3066, 3067) 16877.0
(2425, 2426, 2427) 29332.0
(3423, 3424, 3425) 29775.0
(5267, 5268, 5269) 26556.0
(1701, 1702, 1703) 29593.0
(2486, 2487, 2488) 24610.0
(4929, 4930, 4931) 25470.0
(3207, 3208, 3209) 23603.0
(6040, 6041, 6042) 21686.0
(2546, 2547, 2548) 29292.0
(2966, 2967, 2968) 27757.0
(5246, 5247, 5248) 18837.0
(8941, 8942, 8943) 28493.0
(7060, 7061, 7062) 41080.0
(3162, 3163, 3164) 26963.0
(2141, 2142, 2143) 30871.0
(4017, 4018, 4019) 18319.0
(7482, 7483, 7484) 23217.0
(4448, 4449, 4450) 25979.0
(8802, 8803, 8804) 25830.0
(369, 370, 371) 23782.0
(1391, 1392, 1393) 26631.0
(648, 649, 650) 33220.0
(6530, 6531, 6532) 30052.0
(351, 352, 353) 23181.0
(4441, 4442, 4443) 28149.0
(4544, 4545, 4546) 28358.0
(8483, 8484, 8485) 23004.0
(9485, 9486, 9487) 27186.0
(7394, 7395, 7396) 28706.0
(5664, 5665, 5666) 36053.0
(7076, 7077, 7078) 24637.0
(1592, 1593, 1594) 27510.0
(3988, 3989, 3990) 26675.0
(8300, 8301, 8302) 35411.0
(1720, 1721, 1722) 21955.0
(5461, 5462, 5463) 27598.0
(8090, 8091, 8092) 24013.0
(9923, 9924, 9925) 21589.0
(9558, 9559, 9560) 21045.0
(6093, 6094, 6095) 33350.0
(6675, 6676, 6677) 34411.0
(5111, 5112, 5113) 30234.0
(7668, 7669, 7670) 35155.0
(7625, 7626, 7627) 27079.0
(8058, 8059, 8060) 28215.0
(9066, 9067, 9068) 25882.0
(6886, 6887, 6888) 22464.0
(1943, 1944, 1945) 22669.0
(8623, 8624, 8625) 37415.0
(6162, 6163, 6164) 28233.0
(4085, 4086, 4087) 31267.0
(9180, 9181, 9182) 22363.0
(2131, 2132, 2133) 24800.0
(8717, 8718, 8719) 33722.0
(4153, 4154, 4155) 20791.0
(3755, 3756, 3757) 20426.0
(3704, 3705, 3706) 26388.0
(8325, 8326, 8327) 25021.0
(8708, 8709, 8710) 29165.0
(6160, 6161, 6162) 25046.0
(9876, 9877, 9878) 35525.0
(7558, 7559, 7560) 27183.0
(4533, 4534, 4535) 33188.0
(607, 608, 609) 20166.0
(9519, 9520, 9521) 21948.0
(7736, 7737, 7738) 32209.0
(9590, 9591, 9592) 25854.0
(3762, 3763, 3764) 23873.0
(1022, 1023, 1024) 26205.0
(950, 951, 952) 26465.0
(8121, 8122, 8123) 26207.0
(9878, 9879, 9880) 27288.0
(4761, 4762, 4763) 29571.0
(7650, 7651, 7652) 22998.0
(3313, 3314, 3315) 24652.0
(7237, 7238, 7239) 26476.0
(3017, 3018, 3019) 18562.0
(546, 547, 548) 21622.0
(3325, 3326, 3327) 24483.0
(9177, 9178, 9179) 25941.0
(9087, 9088, 9089) 29594.0
(2425, 2426, 2427) 29332.0
(6219, 6220, 6221) 28453.0
(8853, 8854, 8855) 25885.0
(82, 83, 84) 28644.0
(401, 402, 403) 27692.0
(7347, 7348, 7349) 30604.0
(5994, 5995, 5996) 31328.0
(1053, 1054, 1055) 36430.0
(6875, 6876, 6877) 38465.0
(3522, 3523, 3524) 29644.0
(5981, 5982, 5983) 26888.0
(3653, 3654, 3655) 25978.0
(3345, 3346, 3347) 30326.0
(564, 565, 566) 17730.0
(2315, 2316, 2317) 41170.0
(2980, 2981, 2982) 25118.0
(6976, 6977, 6978) 29876.0
(847, 848, 849) 25207.0
(6341, 6342, 6343) 27404.0
(9296, 9297, 9298) 25842.0
(4110, 4111, 4112) 29640.0
(4854, 4855, 4856) 27109.0
(5023, 5024, 5025) 30203.0
(1840, 1841, 1842) 30758.0
(3897, 3898, 3899) 22383.0
(5547, 5548, 5549) 25495.0
(3399, 3400, 3401) 25680.0
(6816, 6817, 6818) 26968.0
(6146, 6147, 6148) 28204.0
(364, 365, 366) 32730.0
(5102, 5103, 5104) 24720.0
(3087, 3088, 3089) 24136.0
(1138, 1139, 1140) 27800.0
(715, 716, 717) 24380.0
(7213, 7214, 7215) 25458.0
(8811, 8812, 8813) 25818.0
(5457, 5458, 5459) 22570.0
(9062, 9063, 9064) 27550.0
(9907, 9908, 9909) 26625.0
(1978, 1979, 1980) 26162.0
(9387, 9388, 9389) 34620.0
(8350, 8351, 8352) 32119.0
(936, 937, 938) 24242.0
(4605, 4606, 4607) 33712.0
(1087, 1088, 1089) 27813.0
(4492, 4493, 4494) 22158.0
(2080, 2081, 2082) 25401.0
(5976, 5977, 5978) 28037.0
(8231, 8232, 8233) 28893.0
(8995, 8996, 8997) 25379.0
(8733, 8734, 8735) 31928.0
(3527, 3528, 3529) 16845.0
(3665, 3666, 3667) 24223.0
(8340, 8341, 8342) 25837.0
(5201, 5202, 5203) 27816.0
(3668, 3669, 3670) 24460.0
(7505, 7506, 7507) 29583.0
(8387, 8388, 8389) 22756.0
(2118, 2119, 2120) 24969.0
(5631, 5632, 5633) 31245.0
(5907, 5908, 5909) 23059.0
(3636, 3637, 3638) 21902.0
(3245, 3246, 3247) 27952.0
(5746, 5747, 5748) 29743.0
(1778, 1779, 1780) 23352.0
(210, 211, 212) 25497.0
(9410, 9411, 9412) 29934.0
(113, 114, 115) 28110.0
(5641, 5642, 5643) 25976.0
(7807, 7808, 7809) 24135.0
(5963, 5964, 5965) 24242.0
(6957, 6958, 6959) 28909.0
(7253, 7254, 7255) 27278.0
(5091, 5092, 5093) 27914.0
(2571, 2572, 2573) 27535.0
(2715, 2716, 2717) 40322.0
(2536, 2537, 2538) 29258.0
(2577, 2578, 2579) 26585.0
(5624, 5625, 5626) 21297.0
(9063, 9064, 9065) 34732.0
(7657, 7658, 7659) 30223.0
(3844, 3845, 3846) 20330.0
(6076, 6077, 6078) 25187.0
(7412, 7413, 7414) 29761.0
(3377, 3378, 3379) 27720.0
(1626, 1627, 1628) 27053.0
(9916, 9917, 9918) 30282.0
(4644, 4645, 4646) 27042.0
(1015, 1016, 1017) 27038.0
(3023, 3024, 3025) 33324.0
(7183, 7184, 7185) 27899.0
(1639, 1640, 1641) 38319.0
(6467, 6468, 6469) 29647.0
(3337, 3338, 3339) 27105.0
(8860, 8861, 8862) 25317.0
(5941, 5942, 5943) 34011.0
(1776, 1777, 1778) 31052.0
(6091, 6092, 6093) 23562.0
(2275, 2276, 2277) 25623.0
(7632, 7633, 7634) 24293.0
(9099, 9100, 9101) 33888.0
(5492, 5493, 5494) 28051.0
(3322, 3323, 3324) 30451.0
(7790, 7791, 7792) 30747.0
(7151, 7152, 7153) 22510.0
(3375, 3376, 3377) 21024.0
(1427, 1428, 1429) 21116.0
(462, 463, 464) 26513.0
(9474, 9475, 9476) 29418.0
(6080, 6081, 6082) 38421.0
(9563, 9564, 9565) 33019.0
(7090, 7091, 7092) 30134.0
(9039, 9040, 9041) 43829.0
(9401, 9402, 9403) 23158.0
(4028, 4029, 4030) 26748.0
(787, 788, 789) 28027.0
(7445, 7446, 7447) 24792.0
(4445, 4446, 4447) 22461.0
(4401, 4402, 4403) 22738.0
(1176, 1177, 1178) 38794.0
(8247, 8248, 8249) 26559.0
(5987, 5988, 5989) 22643.0
(9187, 9188, 9189) 28604.0
(5298, 5299, 5300) 30860.0
(1237, 1238, 1239) 19054.0
(6405, 6406, 6407) 25264.0
(4639, 4640, 4641) 29675.0
(9678, 9679, 9680) 31448.0
(5059, 5060, 5061) 24978.0
(7479, 7480, 7481) 28000.0
(6262, 6263, 6264) 28869.0
(3303, 3304, 3305) 27683.0
(3832, 3833, 3834) 25027.0
(337, 338, 339) 29129.0
(6898, 6899, 6900) 27545.0
(451, 452, 453) 19799.0
(1060, 1061, 1062) 31620.0
(1288, 1289, 1290) 23824.0
(6839, 6840, 6841) 30451.0
(1661, 1662, 1663) 32430.0
(6334, 6335, 6336) 23996.0
(9456, 9457, 9458) 33024.0
(5495, 5496, 5497) 28208.0
(2513, 2514, 2515) 37223.0
(9657, 9658, 9659) 24225.0
(8078, 8079, 8080) 28543.0
(9918, 9919, 9920) 17286.0
(6180, 6181, 6182) 37239.0
(36, 37, 38) 32198.0
(7964, 7965, 7966) 21695.0
(5739, 5740, 5741) 21596.0
(6595, 6596, 6597) 23909.0
(7911, 7912, 7913) 29055.0
(4630, 4631, 4632) 30988.0
(6543, 6544, 6545) 31138.0
(9497, 9498, 9499) 25758.0
(6852, 6853, 6854) 31808.0
(5232, 5233, 5234) 37184.0
(6477, 6478, 6479) 23159.0
(3286, 3287, 3288) 20518.0
(9208, 9209, 9210) 26810.0
(5541, 5542, 5543) 34146.0
(2094, 2095, 2096) 34926.0
(6115, 6116, 6117) 26354.0
(4931, 4932, 4933) 22756.0
(1656, 1657, 1658) 27361.0
(3294, 3295, 3296) 22850.0
(2002, 2003, 2004) 25962.0
(6507, 6508, 6509) 23817.0
(7631, 7632, 7633) 30489.0
(7567, 7568, 7569) 25338.0
(2549, 2550, 2551) 22523.0
(6333, 6334, 6335) 32190.0
(2550, 2551, 2552) 31480.0
(4261, 4262, 4263) 28830.0
(9008, 9009, 9010) 27546.0
(7591, 7592, 7593) 26131.0
(7627, 7628, 7629) 28578.0
(9421, 9422, 9423) 23691.0
(5199, 5200, 5201) 21259.0
(2892, 2893, 2894) 33815.0
(6580, 6581, 6582) 28740.0
(8588, 8589, 8590) 30285.0
(8005, 8006, 8007) 30525.0
(2475, 2476, 2477) 24539.0
(6649, 6650, 6651) 33048.0
(7879, 7880, 7881) 27317.0
(9950, 9951, 9952) 27200.0
(1616, 1617, 1618) 31100.0
(990, 991, 992) 31774.0
(7893, 7894, 7895) 30812.0
(5101, 5102, 5103) 27324.0
(1385, 1386, 1387) 32124.0
(1292, 1293, 1294) 21244.0
(271, 272, 273) 29720.0
(1716, 1717, 1718) 29313.0
(8343, 8344, 8345) 19533.0
(5184, 5185, 5186) 33929.0
(6507, 6508, 6509) 23817.0
(5661, 5662, 5663) 26331.0
(9823, 9824, 9825) 31248.0
(8953, 8954, 8955) 34804.0
(1629, 1630, 1631) 21799.0
(1512, 1513, 1514) 24924.0
(6925, 6926, 6927) 21014.0
(2322, 2323, 2324) 21501.0
(2694, 2695, 2696) 36984.0
(652, 653, 654) 23763.0
(8403, 8404, 8405) 21435.0
(5956, 5957, 5958) 26541.0
(5559, 5560, 5561) 30862.0
(1156, 1157, 1158) 26053.0
(5242, 5243, 5244) 28300.0
(6297, 6298, 6299) 26773.0
(7668, 7669, 7670) 35155.0
(1347, 1348, 1349) 27578.0
(5675, 5676, 5677) 28492.0
(6041, 6042, 6043) 22317.0
(6004, 6005, 6006) 21904.0
(4602, 4603, 4604) 21422.0
(8422, 8423, 8424) 36433.0
(8478, 8479, 8480) 26318.0
(9873, 9874, 9875) 27547.0
(5173, 5174, 5175) 20478.0
(1701, 1702, 1703) 29593.0
(5418, 5419, 5420) 29382.0
(5124, 5125, 5126) 28136.0
(5407, 5408, 5409) 27717.0
(4376, 4377, 4378) 32408.0
(1118, 1119, 1120) 33638.0
(1169, 1170, 1171) 27160.0
(9165, 9166, 9167) 21889.0
(4714, 4715, 4716) 24335.0
(5391, 5392, 5393) 33539.0
(6743, 6744, 6745) 20472.0
(7566, 7567, 7568) 27062.0
(3345, 3346, 3347) 30326.0
(6361, 6362, 6363) 37456.0
(761, 762, 763) 31961.0
(1902, 1903, 1904) 31647.0
(4949, 4950, 4951) 22467.0
(4195, 4196, 4197) 22179.0
(5318, 5319, 5320) 36070.0
(9999, 10000, 10001) 28025.0
(2117, 2118, 2119) 27017.0
(9761, 9762, 9763) 29832.0
(6373, 6374, 6375) 23306.0
(4431, 4432, 4433) 34028.0
(4086, 4087, 4088) 27348.0
(3932, 3933, 3934) 25135.0
(4165, 4166, 4167) 20740.0
(2749, 2750, 2751) 26139.0
(8654, 8655, 8656) 24981.0
(8320, 8321, 8322) 26849.0
(3437, 3438, 3439) 23731.0
(5457, 5458, 5459) 22570.0
(8287, 8288, 8289) 26591.0
(7627, 7628, 7629) 28578.0
(8320, 8321, 8322) 26849.0
(4579, 4580, 4581) 23124.0
(3925, 3926, 3927) 37470.0
(2680, 2681, 2682) 26270.0
(1870, 1871, 1872) 19759.0
(1871, 1872, 1873) 24335.0
(1438, 1439, 1440) 31016.0
(1113, 1114, 1115) 24790.0
(2715, 2716, 2717) 40322.0
(6145, 6146, 6147) 22734.0
(1849, 1850, 1851) 25437.0
(8709, 8710, 8711) 21693.0
(6074, 6075, 6076) 30302.0
(4723, 4724, 4725) 26234.0
(4820, 4821, 4822) 24783.0
(2451, 2452, 2453) 21103.0
(3686, 3687, 3688) 20566.0
(6947, 6948, 6949) 25030.0
(4124, 4125, 4126) 26496.0
(2784, 2785, 2786) 25711.0
(7700, 7701, 7702) 23982.0
(4976, 4977, 4978) 24125.0
(9925, 9926, 9927) 31082.0
(8521, 8522, 8523) 21773.0
(44, 45, 46) 24002.0
(698, 699, 700) 27609.0
(4414, 4415, 4416) 25225.0
(4474, 4475, 4476) 29467.0
(4635, 4636, 4637) 37132.0
(6457, 6458, 6459) 25749.0
(1207, 1208, 1209) 28537.0
(3173, 3174, 3175) 21356.0
(3808, 3809, 3810) 19667.0
(8513, 8514, 8515) 26106.0
(3449, 3450, 3451) 18866.0
(7598, 7599, 7600) 25128.0
(9757, 9758, 9759) 27553.0
(4675, 4676, 4677) 27845.0
(8309, 8310, 8311) 20030.0
(6126, 6127, 6128) 23615.0
(3329, 3330, 3331) 26792.0
(5501, 5502, 5503) 26016.0
(9889, 9890, 9891) 24237.0
(5032, 5033, 5034) 32322.0
(7825, 7826, 7827) 19084.0
(1117, 1118, 1119) 23809.0
(8904, 8905, 8906) 20735.0
(121, 122, 123) 30463.0
(9938, 9939, 9940) 27336.0
(995, 996, 997) 25739.0
(9733, 9734, 9735) 34404.0
(9037, 9038, 9039) 22512.0
(1024, 1025, 1026) 27790.0
(2227, 2228, 2229) 24975.0
(2588, 2589, 2590) 21048.0
(2128, 2129, 2130) 22657.0
(1938, 1939, 1940) 28016.0
(5767, 5768, 5769) 20541.0
(9835, 9836, 9837) 24603.0
(6805, 6806, 6807) 23091.0
(7227, 7228, 7229) 25386.0
(8201, 8202, 8203) 23422.0
(9232, 9233, 9234) 31807.0
(3303, 3304, 3305) 27683.0
(3124, 3125, 3126) 20738.0
(791, 792, 793) 29834.0
(775, 776, 777) 26107.0
(7832, 7833, 7834) 25131.0
(4450, 4451, 4452) 30924.0
(9976, 9977, 9978) 27520.0
(5487, 5488, 5489) 24370.0
(2239, 2240, 2241) 31269.0
(144, 145, 146) 26834.0
(3918, 3919, 3920) 29838.0
(1179, 1180, 1181) 22963.0
(7784, 7785, 7786) 23147.0
(8306, 8307, 8308) 25264.0
(5031, 5032, 5033) 25851.0
(4210, 4211, 4212) 26118.0
(3838, 3839, 3840) 21581.0
(6649, 6650, 6651) 33048.0
(6648, 6649, 6650) 24322.0
(850, 851, 852) 31756.0
(8516, 8517, 8518) 32892.0
(4075, 4076, 4077) 33961.0
(1903, 1904, 1905) 26321.0
(2006, 2007, 2008) 22359.0
(4504, 4505, 4506) 22215.0
(2078, 2079, 2080) 22990.0
(7854, 7855, 7856) 23381.0
(2835, 2836, 2837) 27401.0
(5012, 5013, 5014) 30867.0
(5651, 5652, 5653) 26930.0
(1672, 1673, 1674) 25285.0
(6616, 6617, 6618) 30275.0
(3857, 3858, 3859) 27242.0
(9760, 9761, 9762) 27989.0
(2979, 2980, 2981) 24399.0
(8545, 8546, 8547) 25603.0
(1243, 1244, 1245) 30083.0
(2341, 2342, 2343) 31801.0
(9707, 9708, 9709) 23250.0
(2734, 2735, 2736) 26881.0
(1288, 1289, 1290) 23824.0
(6414, 6415, 6416) 24866.0
(4844, 4845, 4846) 29556.0
(8831, 8832, 8833) 29321.0
(3143, 3144, 3145) 24057.0
(3337, 3338, 3339) 27105.0
(7812, 7813, 7814) 22908.0
(5785, 5786, 5787) 24240.0
(1069, 1070, 1071) 25206.0
(6845, 6846, 6847) 21714.0
(4259, 4260, 4261) 25873.0
(4424, 4425, 4426) 21451.0
(8091, 8092, 8093) 34165.0
(1652, 1653, 1654) 25926.0
(8061, 8062, 8063) 22508.0
(3745, 3746, 3747) 25584.0
(1472, 1473, 1474) 24556.0
(3338, 3339, 3340) 26806.0
(1868, 1869, 1870) 28466.0
(5721, 5722, 5723) 26954.0
(1038, 1039, 1040) 28434.0
(6726, 6727, 6728) 35815.0
(2427, 2428, 2429) 27593.0
(4378, 4379, 4380) 22077.0
(2995, 2996, 2997) 29350.0
(8877, 8878, 8879) 20929.0
(8334, 8335, 8336) 25844.0
(9645, 9646, 9647) 24427.0
(4022, 4023, 4024) 30519.0
(3995, 3996, 3997) 37057.0
(8262, 8263, 8264) 26360.0
(8221, 8222, 8223) 28356.0
(247, 248, 249) 23765.0
(6517, 6518, 6519) 20459.0
(5345, 5346, 5347) 28537.0
(503, 504, 505) 25472.0
(9896, 9897, 9898) 16871.0
(7570, 7571, 7572) 36593.0
(8991, 8992, 8993) 24166.0
(8565, 8566, 8567) 23334.0
(1419, 1420, 1421) 26114.0
(4579, 4580, 4581) 23124.0
(4659, 4660, 4661) 26081.0
(2349, 2350, 2351) 25779.0
(4820, 4821, 4822) 24783.0
(7335, 7336, 7337) 28806.0
(4866, 4867, 4868) 26449.0
(190, 191, 192) 27269.0
(7052, 7053, 7054) 28507.0
(9812, 9813, 9814) 27475.0
(7226, 7227, 7228) 30749.0
(2803, 2804, 2805) 21382.0
(7924, 7925, 7926) 23317.0
(2441, 2442, 2443) 24581.0
(8225, 8226, 8227) 26526.0
(5053, 5054, 5055) 33380.0
(2429, 2430, 2431) 33760.0
(9845, 9846, 9847) 28834.0
(26, 27, 28) 25872.0
(9649, 9650, 9651) 23850.0
(6727, 6728, 6729) 20752.0
(7925, 7926, 7927) 33464.0
(1289, 1290, 1291) 22500.0
(2371, 2372, 2373) 24891.0
(4617, 4618, 4619) 23260.0
(5565, 5566, 5567) 29245.0
(4167, 4168, 4169) 19513.0
(2035, 2036, 2037) 23856.0
(9175, 9176, 9177) 23676.0
(7813, 7814, 7815) 23712.0
(5215, 5216, 5217) 29557.0
(4946, 4947, 4948) 30584.0
(4412, 4413, 4414) 29603.0
(6450, 6451, 6452) 31083.0
(2964, 2965, 2966) 22141.0
(344, 345, 346) 21909.0
(2386, 2387, 2388) 22940.0
(1157, 1158, 1159) 22175.0
(6723, 6724, 6725) 23244.0
(588, 589, 590) 25773.0
(2385, 2386, 2387) 30102.0
(1581, 1582, 1583) 28920.0
(7868, 7869, 7870) 25857.0
(3400, 3401, 3402) 25398.0
(9891, 9892, 9893) 35764.0
(2663, 2664, 2665) 28086.0
(4917, 4918, 4919) 31683.0
(2745, 2746, 2747) 33857.0
(3871, 3872, 3873) 33345.0
(6068, 6069, 6070) 22002.0
(1137, 1138, 1139) 25638.0
(5247, 5248, 5249) 22962.0
(5249, 5250, 5251) 20267.0
(650, 651, 652) 21829.0
(6260, 6261, 6262) 22610.0
(1203, 1204, 1205) 42358.0
(1194, 1195, 1196) 26446.0
(9866, 9867, 9868) 23163.0
(4234, 4235, 4236) 28601.0
(5692, 5693, 5694) 31216.0
(3050, 3051, 3052) 27281.0
(4642, 4643, 4644) 27345.0
(6515, 6516, 6517) 25307.0
(9170, 9171, 9172) 25535.0
(2394, 2395, 2396) 34624.0
(3655, 3656, 3657) 31639.0
(4821, 4822, 4823) 20880.0
(2560, 2561, 2562) 22669.0
(4623, 4624, 4625) 33379.0
(8930, 8931, 8932) 26933.0
(3530, 3531, 3532) 22491.0
(5735, 5736, 5737) 24812.0
(5, 6, 7) 19443.0
(400, 401, 402) 22226.0
(8794, 8795, 8796) 26778.0
(5159, 5160, 5161) 32878.0
(8838, 8839, 8840) 22106.0
(4537, 4538, 4539) 27357.0
(6718, 6719, 6720) 28469.0
(3624, 3625, 3626) 26055.0
(4934, 4935, 4936) 43283.0
(1241, 1242, 1243) 24121.0
(4714, 4715, 4716) 24335.0
(3039, 3040, 3041) 29570.0
(8519, 8520, 8521) 24647.0
(3000, 3001, 3002) 36703.0
(1847, 1848, 1849) 17393.0
(6138, 6139, 6140) 24592.0
