(5994, 5995, 5996) 32490.0
(2527, 2528, 2529) 30569.0
(9888, 9889, 9890) 20239.0
(9451, 9452, 9453) 28593.0
(7492, 7493, 7494) 25965.0
(784, 785, 786) 19561.0
(4903, 4904, 4905) 22810.0
(6917, 6918, 6919) 31164.0
(7588, 7589, 7590) 27197.0
(4924, 4925, 4926) 27942.0
(8840, 8841, 8842) 28303.0
(1468, 1469, 1470) 27907.0
(4765, 4766, 4767) 39418.0
(8331, 8332, 8333) 32039.0
(3591, 3592, 3593) 30318.0
(3899, 3900, 3901) 25976.0
(9617, 9618, 9619) 24253.0
(4751, 4752, 4753) 30883.0
(3795, 3796, 3797) 31842.0
(7717, 7718, 7719) 24543.0
(6636, 6637, 6638) 28477.0
(3651, 3652, 3653) 21193.0
(9189, 9190, 9191) 36757.0
(5658, 5659, 5660) 26745.0
(23, 24, 25) 21757.0
(9559, 9560, 9561) 30719.0
(4820, 4821, 4822) 27159.0
(1575, 1576, 1577) 27775.0
(6034, 6035, 6036) 31485.0
(8157, 8158, 8159) 28572.0
(5377, 5378, 5379) 21171.0
(1659, 1660, 1661) 28888.0
(39, 40, 41) 35336.0
(5656, 5657, 5658) 28908.0
(3986, 3987, 3988) 23000.0
(7739, 7740, 7741) 23856.0
(7979, 7980, 7981) 37664.0
(9448, 9449, 9450) 25885.0
(2748, 2749, 2750) 23727.0
(5646, 5647, 5648) 28802.0
(8723, 8724, 8725) 28333.0
(1205, 1206, 1207) 33739.0
(3442, 3443, 3444) 29672.0
(7946, 7947, 7948) 25083.0
(2723, 2724, 2725) 24716.0
(9277, 9278, 9279) 25680.0
(1606, 1607, 1608) 29156.0
(8518, 8519, 8520) 25381.0
(6032, 6033, 6034) 30355.0
(8095, 8096, 8097) 23257.0
(5546, 5547, 5548) 26281.0
(9948, 9949, 9950) 34791.0
(7038, 7039, 7040) 35680.0
(585, 586, 587) 27687.0
(187, 188, 189) 23438.0
(5600, 5601, 5602) 25704.0
(4411, 4412, 4413) 29743.0
(7946, 7947, 7948) 25083.0
(895, 896, 897) 30259.0
(1846, 1847, 1848) 27720.0
(634, 635, 636) 28339.0
(6770, 6771, 6772) 22912.0
(8334, 8335, 8336) 27818.0
(1396, 1397, 1398) 25228.0
(8212, 8213, 8214) 34605.0
(1690, 1691, 1692) 25274.0
(3590, 3591, 3592) 27209.0
(9169, 9170, 9171) 20751.0
(8611, 8612, 8613) 24739.0
(1855, 1856, 1857) 32412.0
(9084, 9085, 9086) 36042.0
(6484, 6485, 6486) 35154.0
(4324, 4325, 4326) 31411.0
(1329, 1330, 1331) 37260.0
(5512, 5513, 5514) 24827.0
(5501, 5502, 5503) 27436.0
(18, 19, 20) 26303.0
(6615, 6616, 6617) 29370.0
(3000, 3001, 3002) 37433.0
(4630, 4631, 4632) 33301.0
(2622, 2623, 2624) 28433.0
(5465, 5466, 5467) 27723.0
(5946, 5947, 5948) 29557.0
(5053, 5054, 5055) 32770.0
(5089, 5090, 5091) 32550.0
(1877, 1878, 1879) 29469.0
(9891, 9892, 9893) 35320.0
(6938, 6939, 6940) 28095.0
(8416, 8417, 8418) 31767.0
(4442, 4443, 4444) 32982.0
(2390, 2391, 2392) 28976.0
(676, 677, 678) 29070.0
(7171, 7172, 7173) 24516.0
(6810, 6811, 6812) 25443.0
(8755, 8756, 8757) 23532.0
(5583, 5584, 5585) 23138.0
(1783, 1784, 1785) 29187.0
(5719, 5720, 5721) 22689.0
(3202, 3203, 3204) 35914.0
(5571, 5572, 5573) 31083.0
(9612, 9613, 9614) 27529.0
(6382, 6383, 6384) 29384.0
(5034, 5035, 5036) 26182.0
(2055, 2056, 2057) 20553.0
(3233, 3234, 3235) 28386.0
(3666, 3667, 3668) 36949.0
(8466, 8467, 8468) 30028.0
(2067, 2068, 2069) 39509.0
(5208, 5209, 5210) 27588.0
(755, 756, 757) 22272.0
(2546, 2547, 2548) 29625.0
(7160, 7161, 7162) 24001.0
(2265, 2266, 2267) 21466.0
(3578, 3579, 3580) 34819.0
(7740, 7741, 7742) 25368.0
(6815, 6816, 6817) 24639.0
(2440, 2441, 2442) 29665.0
(4982, 4983, 4984) 27248.0
(9446, 9447, 9448) 33920.0
(5685, 5686, 5687) 28336.0
(7680, 7681, 7682) 23140.0
(9352, 9353, 9354) 25884.0
(2041, 2042, 2043) 27900.0
(9996, 9997, 9998) 32780.0
(733, 734, 735) 24105.0
(378, 379, 380) 37568.0
(4997, 4998, 4999) 21719.0
(8842, 8843, 8844) 25981.0
(1079, 1080, 1081) 24980.0
(672, 673, 674) 24287.0
(5020, 5021, 5022) 27733.0
(4844, 4845, 4846) 31010.0
(8010, 8011, 8012) 34381.0
(9449, 9450, 9451) 24435.0
(4519, 4520, 4521) 25005.0
(4094, 4095, 4096) 21969.0
(301, 302, 303) 29516.0
(6681, 6682, 6683) 33792.0
(5845, 5846, 5847) 27128.0
(4622, 4623, 4624) 29534.0
(3873, 3874, 3875) 35883.0
(7622, 7623, 7624) 18533.0
(8138, 8139, 8140) 25835.0
(8377, 8378, 8379) 24975.0
(5969, 5970, 5971) 31036.0
(2850, 2851, 2852) 27958.0
(292, 293, 294) 19703.0
(3184, 3185, 3186) 28768.0
(4765, 4766, 4767) 39418.0
(5383, 5384, 5385) 19064.0
(9335, 9336, 9337) 26886.0
(8393, 8394, 8395) 32444.0
(5714, 5715, 5716) 27640.0
(9189, 9190, 9191) 36757.0
(6567, 6568, 6569) 20451.0
(517, 518, 519) 20744.0
(522, 523, 524) 27587.0
(7174, 7175, 7176) 27752.0
(4848, 4849, 4850) 26245.0
(2432, 2433, 2434) 22982.0
(8305, 8306, 8307) 23034.0
(2149, 2150, 2151) 28092.0
(9423, 9424, 9425) 36429.0
(9007, 9008, 9009) 26839.0
(7102, 7103, 7104) 18748.0
(1278, 1279, 1280) 27968.0
(7233, 7234, 7235) 28401.0
(2914, 2915, 2916) 33816.0
(3772, 3773, 3774) 37907.0
(5154, 5155, 5156) 24349.0
(6488, 6489, 6490) 31682.0
(9848, 9849, 9850) 25005.0
(1063, 1064, 1065) 22585.0
(7493, 7494, 7495) 34539.0
(4615, 4616, 4617) 19966.0
(6693, 6694, 6695) 22409.0
(1046, 1047, 1048) 19974.0
(3692, 3693, 3694) 27910.0
(5794, 5795, 5796) 28968.0
(3153, 3154, 3155) 27529.0
(1263, 1264, 1265) 34209.0
(4682, 4683, 4684) 34902.0
(5540, 5541, 5542) 29893.0
(1506, 1507, 1508) 36176.0
(9656, 9657, 9658) 39872.0
(4534, 4535, 4536) 30952.0
(6945, 6946, 6947) 31274.0
(2429, 2430, 2431) 34426.0
(9023, 9024, 9025) 30297.0
(3923, 3924, 3925) 25443.0
(7499, 7500, 7501) 24221.0
(1325, 1326, 1327) 28979.0
(8730, 8731, 8732) 30918.0
(1449, 1450, 1451) 27603.0
(4020, 4021, 4022) 27942.0
(3068, 3069, 3070) 28948.0
(1763, 1764, 1765) 26312.0
(3641, 3642, 3643) 29880.0
(3140, 3141, 3142) 32184.0
(4086, 4087, 4088) 28143.0
(4366, 4367, 4368) 28706.0
