(2325, 2326, 2327) 24863.0
(7283, 7284, 7285) 28001.0
(9006, 9007, 9008) 33536.0
(3649, 3650, 3651) 29228.0
(9959, 9960, 9961) 32033.0
(7129, 7130, 7131) 30198.0
(5551, 5552, 5553) 28879.0
(7596, 7597, 7598) 35140.0
(2317, 2318, 2319) 28320.0
(2255, 2256, 2257) 39461.0
(9466, 9467, 9468) 26669.0
(9221, 9222, 9223) 35682.0
(400, 401, 402) 23080.0
(2974, 2975, 2976) 25920.0
(3246, 3247, 3248) 31588.0
(6194, 6195, 6196) 31412.0
(3266, 3267, 3268) 37803.0
(5939, 5940, 5941) 27484.0
(3459, 3460, 3461) 24943.0
(350, 351, 352) 25862.0
(6337, 6338, 6339) 24028.0
(4343, 4344, 4345) 25391.0
(7623, 7624, 7625) 27155.0
(2132, 2133, 2134) 25863.0
(6089, 6090, 6091) 29044.0
(670, 671, 672) 32360.0
(5532, 5533, 5534) 28516.0
(8643, 8644, 8645) 27904.0
(3735, 3736, 3737) 30311.0
(1691, 1692, 1693) 22430.0
(8357, 8358, 8359) 24084.0
(1584, 1585, 1586) 27646.0
(2544, 2545, 2546) 27744.0
(8291, 8292, 8293) 32528.0
(5964, 5965, 5966) 28294.0
(3201, 3202, 3203) 28061.0
(5347, 5348, 5349) 24513.0
(8679, 8680, 8681) 21880.0
(6646, 6647, 6648) 28390.0
(8920, 8921, 8922) 22744.0
(9247, 9248, 9249) 31608.0
(325, 326, 327) 29130.0
(1733, 1734, 1735) 33737.0
(867, 868, 869) 28946.0
(2166, 2167, 2168) 30127.0
(826, 827, 828) 25223.0
(7406, 7407, 7408) 27571.0
(3191, 3192, 3193) 27945.0
(5752, 5753, 5754) 33626.0
(7417, 7418, 7419) 29994.0
(7178, 7179, 7180) 38058.0
(7314, 7315, 7316) 30618.0
(6341, 6342, 6343) 27947.0
(756, 757, 758) 34536.0
(7934, 7935, 7936) 24350.0
(4629, 4630, 4631) 32957.0
(7808, 7809, 7810) 23007.0
(57, 58, 59) 35675.0
(8454, 8455, 8456) 27074.0
(6007, 6008, 6009) 25597.0
(4896, 4897, 4898) 25857.0
(3195, 3196, 3197) 30205.0
(7961, 7962, 7963) 25928.0
(6270, 6271, 6272) 30222.0
(765, 766, 767) 27207.0
(7770, 7771, 7772) 35916.0
(4382, 4383, 4384) 30354.0
(2468, 2469, 2470) 44825.0
(4618, 4619, 4620) 21202.0
(2072, 2073, 2074) 27834.0
(3846, 3847, 3848) 28076.0
(8001, 8002, 8003) 34656.0
(6213, 6214, 6215) 29032.0
(4107, 4108, 4109) 30906.0
(7413, 7414, 7415) 32385.0
(5206, 5207, 5208) 24827.0
(1420, 1421, 1422) 26638.0
(2857, 2858, 2859) 32341.0
(1809, 1810, 1811) 35113.0
(485, 486, 487) 26705.0
(5133, 5134, 5135) 32524.0
(8786, 8787, 8788) 23154.0
(9937, 9938, 9939) 25385.0
(4875, 4876, 4877) 21444.0
(9791, 9792, 9793) 30397.0
(8476, 8477, 8478) 41522.0
(2718, 2719, 2720) 28439.0
(9153, 9154, 9155) 38278.0
(234, 235, 236) 33170.0
(8131, 8132, 8133) 31477.0
(1928, 1929, 1930) 29558.0
(7948, 7949, 7950) 24959.0
(5417, 5418, 5419) 24889.0
(899, 900, 901) 21461.0
(6459, 6460, 6461) 37673.0
(9618, 9619, 9620) 30612.0
(3106, 3107, 3108) 24563.0
(5185, 5186, 5187) 28499.0
(2195, 2196, 2197) 27400.0
(4761, 4762, 4763) 29889.0
(8321, 8322, 8323) 18137.0
(8176, 8177, 8178) 26313.0
(4472, 4473, 4474) 32076.0
(323, 324, 325) 34072.0
(9019, 9020, 9021) 25380.0
(3589, 3590, 3591) 30568.0
(7598, 7599, 7600) 28809.0
(861, 862, 863) 27537.0
(3878, 3879, 3880) 29400.0
(4799, 4800, 4801) 35532.0
(5516, 5517, 5518) 26737.0
(4126, 4127, 4128) 30163.0
(8943, 8944, 8945) 26642.0
(4987, 4988, 4989) 21249.0
(5724, 5725, 5726) 26189.0
(8830, 8831, 8832) 24979.0
(6795, 6796, 6797) 32245.0
(8613, 8614, 8615) 24080.0
(9858, 9859, 9860) 27243.0
(6533, 6534, 6535) 37992.0
(9828, 9829, 9830) 30123.0
(6868, 6869, 6870) 26711.0
(4713, 4714, 4715) 36261.0
(64, 65, 66) 25329.0
(2191, 2192, 2193) 33331.0
(2763, 2764, 2765) 37177.0
(2011, 2012, 2013) 34935.0
(2888, 2889, 2890) 23360.0
(7586, 7587, 7588) 31308.0
(9350, 9351, 9352) 31613.0
(1374, 1375, 1376) 38279.0
(6476, 6477, 6478) 25956.0
(334, 335, 336) 34257.0
(4051, 4052, 4053) 31987.0
(1511, 1512, 1513) 27506.0
(970, 971, 972) 23116.0
(5950, 5951, 5952) 30148.0
(5416, 5417, 5418) 22552.0
(4395, 4396, 4397) 38979.0
(7206, 7207, 7208) 27435.0
(9012, 9013, 9014) 25620.0
(3041, 3042, 3043) 25046.0
(3013, 3014, 3015) 35088.0
(352, 353, 354) 25046.0
(2582, 2583, 2584) 24006.0
(6498, 6499, 6500) 22716.0
(505, 506, 507) 48955.0
(7371, 7372, 7373) 31768.0
(4382, 4383, 4384) 30354.0
(4218, 4219, 4220) 25355.0
(3435, 3436, 3437) 28369.0
(8659, 8660, 8661) 25879.0
(6194, 6195, 6196) 31412.0
(4688, 4689, 4690) 29085.0
(9397, 9398, 9399) 23615.0
(2679, 2680, 2681) 33712.0
(9644, 9645, 9646) 27238.0
(5749, 5750, 5751) 33103.0
(5860, 5861, 5862) 43287.0
(9867, 9868, 9869) 22204.0
(31, 32, 33) 28186.0
(8653, 8654, 8655) 27146.0
(2411, 2412, 2413) 25577.0
(5431, 5432, 5433) 28789.0
(8013, 8014, 8015) 32936.0
(3821, 3822, 3823) 35462.0
(7407, 7408, 7409) 29295.0
(8090, 8091, 8092) 26872.0
(9725, 9726, 9727) 28547.0
(2559, 2560, 2561) 28813.0
(2284, 2285, 2286) 24713.0
(5295, 5296, 5297) 36477.0
(4107, 4108, 4109) 30906.0
(7759, 7760, 7761) 21987.0
(2776, 2777, 2778) 30655.0
(3426, 3427, 3428) 33170.0
(7331, 7332, 7333) 26038.0
(6725, 6726, 6727) 32271.0
(3908, 3909, 3910) 21172.0
(5957, 5958, 5959) 25827.0
(3714, 3715, 3716) 21821.0
(2599, 2600, 2601) 26100.0
(2313, 2314, 2315) 38485.0
(7818, 7819, 7820) 27701.0
(7527, 7528, 7529) 25828.0
(9825, 9826, 9827) 33856.0
(2381, 2382, 2383) 37313.0
(9321, 9322, 9323) 24862.0
(2844, 2845, 2846) 33442.0
(6723, 6724, 6725) 26757.0
(9181, 9182, 9183) 38057.0
(3064, 3065, 3066) 22817.0
(6702, 6703, 6704) 33056.0
(4008, 4009, 4010) 28163.0
(2837, 2838, 2839) 28901.0
(221, 222, 223) 29152.0
(2033, 2034, 2035) 32868.0
(7559, 7560, 7561) 37895.0
(1208, 1209, 1210) 33728.0
(79, 80, 81) 34842.0
(6438, 6439, 6440) 28259.0
