(1097, 1098, 1099) 36544.0
(3765, 3766, 3767) 30588.0
(2925, 2926, 2927) 22837.0
(8819, 8820, 8821) 31623.0
(1596, 1597, 1598) 20395.0
(2677, 2678, 2679) 31750.0
(7616, 7617, 7618) 30571.0
(6303, 6304, 6305) 32054.0
(6751, 6752, 6753) 36151.0
(2137, 2138, 2139) 23406.0
(5768, 5769, 5770) 28497.0
(3802, 3803, 3804) 32808.0
(8607, 8608, 8609) 32232.0
(7541, 7542, 7543) 36702.0
(5022, 5023, 5024) 36844.0
(6266, 6267, 6268) 34425.0
(1087, 1088, 1089) 33537.0
(4979, 4980, 4981) 29646.0
(3261, 3262, 3263) 21885.0
(1549, 1550, 1551) 29742.0
(840, 841, 842) 37683.0
(1160, 1161, 1162) 31765.0
(9575, 9576, 9577) 34519.0
(6044, 6045, 6046) 29907.0
(3443, 3444, 3445) 41150.0
(1718, 1719, 1720) 30305.0
(8680, 8681, 8682) 31499.0
(3843, 3844, 3845) 18946.0
(747, 748, 749) 29860.0
(5214, 5215, 5216) 32151.0
(4610, 4611, 4612) 33992.0
(9134, 9135, 9136) 28869.0
(4536, 4537, 4538) 33589.0
(3483, 3484, 3485) 25021.0
(4207, 4208, 4209) 19840.0
(5292, 5293, 5294) 32356.0
(8935, 8936, 8937) 23740.0
(6977, 6978, 6979) 44629.0
(6900, 6901, 6902) 28685.0
(7851, 7852, 7853) 33760.0
(8391, 8392, 8393) 24970.0
(9673, 9674, 9675) 40639.0
(7994, 7995, 7996) 24787.0
(3146, 3147, 3148) 33192.0
(7662, 7663, 7664) 27154.0
(8206, 8207, 8208) 33317.0
(8138, 8139, 8140) 27568.0
(7201, 7202, 7203) 29893.0
(9525, 9526, 9527) 29649.0
(5403, 5404, 5405) 34068.0
(3464, 3465, 3466) 25012.0
(8261, 8262, 8263) 23342.0
(4128, 4129, 4130) 36966.0
(5992, 5993, 5994) 25980.0
(2414, 2415, 2416) 40298.0
(910, 911, 912) 30223.0
(1371, 1372, 1373) 30164.0
(9348, 9349, 9350) 39930.0
(4958, 4959, 4960) 28207.0
(8458, 8459, 8460) 36207.0
(7733, 7734, 7735) 26342.0
(8622, 8623, 8624) 34175.0
(5802, 5803, 5804) 34786.0
(5240, 5241, 5242) 28423.0
(1394, 1395, 1396) 39169.0
(6189, 6190, 6191) 28655.0
(3474, 3475, 3476) 29305.0
(3752, 3753, 3754) 25090.0
(7334, 7335, 7336) 36674.0
(2511, 2512, 2513) 41141.0
(7495, 7496, 7497) 38945.0
(7724, 7725, 7726) 37093.0
(711, 712, 713) 25169.0
(2207, 2208, 2209) 33006.0
(6050, 6051, 6052) 37738.0
(7900, 7901, 7902) 31296.0
(7168, 7169, 7170) 34787.0
(6100, 6101, 6102) 43139.0
(8181, 8182, 8183) 35859.0
(6089, 6090, 6091) 29763.0
(6902, 6903, 6904) 29956.0
(4169, 4170, 4171) 41483.0
(7093, 7094, 7095) 25175.0
(759, 760, 761) 26284.0
(4552, 4553, 4554) 30523.0
(4773, 4774, 4775) 27902.0
(9018, 9019, 9020) 24495.0
(7234, 7235, 7236) 26268.0
(8729, 8730, 8731) 27069.0
(6146, 6147, 6148) 31995.0
(6126, 6127, 6128) 29398.0
(2289, 2290, 2291) 30528.0
(1987, 1988, 1989) 32152.0
(390, 391, 392) 37904.0
(3607, 3608, 3609) 28632.0
(9872, 9873, 9874) 28933.0
(5384, 5385, 5386) 27548.0
(539, 540, 541) 31024.0
(3008, 3009, 3010) 19183.0
(9044, 9045, 9046) 33977.0
(1167, 1168, 1169) 30613.0
(9866, 9867, 9868) 28705.0
(3465, 3466, 3467) 31894.0
(2741, 2742, 2743) 31291.0
(3943, 3944, 3945) 31825.0
(3794, 3795, 3796) 20223.0
(99, 100, 101) 31445.0
(182, 183, 184) 40932.0
(6936, 6937, 6938) 32235.0
(745, 746, 747) 41354.0
(3649, 3650, 3651) 29350.0
(3335, 3336, 3337) 35453.0
(4753, 4754, 4755) 26852.0
(7850, 7851, 7852) 25464.0
(1466, 1467, 1468) 29774.0
(4804, 4805, 4806) 44873.0
(3142, 3143, 3144) 28509.0
(7312, 7313, 7314) 31630.0
(4800, 4801, 4802) 34783.0
(4897, 4898, 4899) 41247.0
(2461, 2462, 2463) 34879.0
(8399, 8400, 8401) 36859.0
(3468, 3469, 3470) 31916.0
(8416, 8417, 8418) 36704.0
(7742, 7743, 7744) 22381.0
(5740, 5741, 5742) 32935.0
(574, 575, 576) 31380.0
(5302, 5303, 5304) 41785.0
(7732, 7733, 7734) 30994.0
(2263, 2264, 2265) 38601.0
(8487, 8488, 8489) 44666.0
(9390, 9391, 9392) 35727.0
(4021, 4022, 4023) 33010.0
(6904, 6905, 6906) 31952.0
(8009, 8010, 8011) 30026.0
(7025, 7026, 7027) 27886.0
(3317, 3318, 3319) 30122.0
(9844, 9845, 9846) 31217.0
(5736, 5737, 5738) 30829.0
(6517, 6518, 6519) 24418.0
(7120, 7121, 7122) 33047.0
(7711, 7712, 7713) 22557.0
(9431, 9432, 9433) 24026.0
(1230, 1231, 1232) 38199.0
(481, 482, 483) 19701.0
(5096, 5097, 5098) 24332.0
(3263, 3264, 3265) 29008.0
(4626, 4627, 4628) 33332.0
(1133, 1134, 1135) 29298.0
(4952, 4953, 4954) 31862.0
(344, 345, 346) 24130.0
(6883, 6884, 6885) 42299.0
(5239, 5240, 5241) 28300.0
(6421, 6422, 6423) 23722.0
(21, 22, 23) 27376.0
(6249, 6250, 6251) 31143.0
(5152, 5153, 5154) 31732.0
(3716, 3717, 3718) 23037.0
(5450, 5451, 5452) 23030.0
(5534, 5535, 5536) 33675.0
(9108, 9109, 9110) 27285.0
(665, 666, 667) 34602.0
(9340, 9341, 9342) 29633.0
(4500, 4501, 4502) 29134.0
(4503, 4504, 4505) 35149.0
(5752, 5753, 5754) 34708.0
(1625, 1626, 1627) 29811.0
(1657, 1658, 1659) 33898.0
(6802, 6803, 6804) 52012.0
(9180, 9181, 9182) 25614.0
(94, 95, 96) 33115.0
(3141, 3142, 3143) 36663.0
(8645, 8646, 8647) 28499.0
(679, 680, 681) 43116.0
(5293, 5294, 5295) 31894.0
(3360, 3361, 3362) 37195.0
(7795, 7796, 7797) 23513.0
(1554, 1555, 1556) 34890.0
(7844, 7845, 7846) 35515.0
(6282, 6283, 6284) 37315.0
(1295, 1296, 1297) 27958.0
(2956, 2957, 2958) 31060.0
(1300, 1301, 1302) 24281.0
(5078, 5079, 5080) 35917.0
(4354, 4355, 4356) 34092.0
(5603, 5604, 5605) 30859.0
(4057, 4058, 4059) 37356.0
(7442, 7443, 7444) 32447.0
(6358, 6359, 6360) 35697.0
(3340, 3341, 3342) 28652.0
(6703, 6704, 6705) 33740.0
(2852, 2853, 2854) 37421.0
(8406, 8407, 8408) 30457.0
(3804, 3805, 3806) 32548.0
(8041, 8042, 8043) 36305.0
(4488, 4489, 4490) 28537.0
(3160, 3161, 3162) 34366.0
(6459, 6460, 6461) 38095.0
(1234, 1235, 1236) 28245.0
(3213, 3214, 3215) 28295.0
(7640, 7641, 7642) 32956.0
