(1513, 1514, 1515) 26910.0
(2389, 2390, 2391) 40768.0
(4634, 4635, 4636) 31416.0
(5924, 5925, 5926) 32127.0
(5103, 5104, 5105) 29389.0
(583, 584, 585) 36724.0
(5511, 5512, 5513) 23888.0
(3362, 3363, 3364) 33349.0
(7101, 7102, 7103) 36281.0
(2074, 2075, 2076) 36085.0
(8351, 8352, 8353) 29999.0
(3596, 3597, 3598) 43156.0
(733, 734, 735) 27628.0
(4298, 4299, 4300) 31636.0
(1849, 1850, 1851) 30131.0
(1019, 1020, 1021) 33847.0
(2260, 2261, 2262) 29405.0
(5761, 5762, 5763) 36222.0
(9767, 9768, 9769) 33895.0
(8701, 8702, 8703) 28981.0
(8651, 8652, 8653) 32885.0
(5375, 5376, 5377) 36327.0
(6793, 6794, 6795) 38443.0
(3766, 3767, 3768) 35721.0
(5838, 5839, 5840) 36870.0
(3264, 3265, 3266) 36146.0
(2057, 2058, 2059) 29685.0
(9234, 9235, 9236) 26908.0
(7750, 7751, 7752) 25514.0
(2082, 2083, 2084) 30981.0
(8423, 8424, 8425) 31347.0
(47, 48, 49) 30624.0
(920, 921, 922) 35887.0
(6174, 6175, 6176) 33725.0
(2823, 2824, 2825) 35969.0
(9181, 9182, 9183) 40522.0
(9959, 9960, 9961) 34638.0
(9248, 9249, 9250) 32018.0
(4960, 4961, 4962) 30422.0
(2699, 2700, 2701) 29540.0
(7617, 7618, 7619) 31741.0
(2663, 2664, 2665) 34641.0
(3293, 3294, 3295) 34990.0
(6357, 6358, 6359) 35212.0
(7326, 7327, 7328) 38011.0
(5574, 5575, 5576) 38194.0
(8841, 8842, 8843) 31800.0
(2937, 2938, 2939) 37608.0
(8208, 8209, 8210) 38366.0
(5894, 5895, 5896) 37021.0
(2170, 2171, 2172) 26192.0
(3491, 3492, 3493) 38594.0
(2397, 2398, 2399) 27827.0
(8694, 8695, 8696) 25024.0
(4078, 4079, 4080) 29869.0
(5436, 5437, 5438) 26658.0
(5550, 5551, 5552) 33645.0
(7327, 7328, 7329) 39348.0
(7955, 7956, 7957) 33776.0
(8157, 8158, 8159) 30423.0
(6255, 6256, 6257) 24296.0
(8778, 8779, 8780) 29134.0
(4491, 4492, 4493) 33918.0
(4961, 4962, 4963) 34866.0
(3339, 3340, 3341) 26476.0
(6560, 6561, 6562) 26862.0
(9101, 9102, 9103) 50502.0
(476, 477, 478) 35134.0
(6450, 6451, 6452) 33422.0
(7672, 7673, 7674) 34230.0
(5922, 5923, 5924) 27850.0
(9322, 9323, 9324) 56778.0
(6089, 6090, 6091) 29859.0
(968, 969, 970) 32438.0
(4486, 4487, 4488) 30973.0
(6489, 6490, 6491) 39629.0
(2398, 2399, 2400) 24900.0
(4260, 4261, 4262) 30035.0
(5749, 5750, 5751) 36847.0
(1951, 1952, 1953) 41637.0
(5068, 5069, 5070) 41237.0
(8499, 8500, 8501) 32103.0
(576, 577, 578) 35379.0
(5840, 5841, 5842) 30585.0
(5849, 5850, 5851) 28473.0
(118, 119, 120) 34340.0
(808, 809, 810) 32687.0
(4437, 4438, 4439) 31970.0
(3775, 3776, 3777) 39526.0
(1449, 1450, 1451) 33021.0
(4951, 4952, 4953) 33657.0
(933, 934, 935) 31630.0
(4760, 4761, 4762) 39395.0
(6128, 6129, 6130) 36471.0
(7841, 7842, 7843) 42222.0
(8260, 8261, 8262) 29502.0
(1256, 1257, 1258) 40612.0
(7547, 7548, 7549) 37284.0
(3099, 3100, 3101) 36749.0
(6528, 6529, 6530) 32406.0
(7390, 7391, 7392) 40637.0
(908, 909, 910) 28806.0
(1099, 1100, 1101) 29874.0
(601, 602, 603) 33540.0
(6805, 6806, 6807) 29114.0
(8264, 8265, 8266) 35633.0
(578, 579, 580) 30677.0
(6416, 6417, 6418) 28364.0
(4528, 4529, 4530) 31071.0
(6694, 6695, 6696) 26482.0
(1940, 1941, 1942) 29593.0
(2007, 2008, 2009) 28693.0
(5749, 5750, 5751) 36847.0
(5383, 5384, 5385) 24600.0
(53, 54, 55) 32975.0
(352, 353, 354) 27999.0
(7970, 7971, 7972) 34698.0
(558, 559, 560) 47483.0
(7120, 7121, 7122) 35448.0
(5224, 5225, 5226) 35059.0
(7160, 7161, 7162) 27645.0
(462, 463, 464) 32982.0
(356, 357, 358) 35552.0
(2482, 2483, 2484) 35726.0
(9871, 9872, 9873) 31675.0
(3705, 3706, 3707) 34882.0
(1714, 1715, 1716) 24558.0
(6358, 6359, 6360) 37834.0
(5334, 5335, 5336) 27991.0
(4022, 4023, 4024) 35007.0
(9899, 9900, 9901) 34955.0
(9357, 9358, 9359) 29877.0
(2497, 2498, 2499) 25458.0
(3961, 3962, 3963) 31396.0
(293, 294, 295) 32576.0
(9810, 9811, 9812) 29859.0
(4704, 4705, 4706) 36303.0
(7535, 7536, 7537) 24468.0
(8279, 8280, 8281) 38884.0
(6328, 6329, 6330) 40140.0
(7963, 7964, 7965) 38015.0
(7066, 7067, 7068) 30519.0
(8698, 8699, 8700) 34108.0
(5628, 5629, 5630) 33518.0
(4823, 4824, 4825) 30697.0
(9888, 9889, 9890) 21955.0
(826, 827, 828) 27700.0
(1693, 1694, 1695) 34065.0
(3831, 3832, 3833) 29737.0
(2475, 2476, 2477) 30192.0
(2789, 2790, 2791) 23257.0
(5742, 5743, 5744) 31945.0
(9284, 9285, 9286) 40244.0
(7033, 7034, 7035) 27529.0
(6643, 6644, 6645) 30241.0
(4075, 4076, 4077) 36940.0
(2182, 2183, 2184) 37955.0
(7399, 7400, 7401) 34369.0
(928, 929, 930) 33787.0
(5534, 5535, 5536) 34221.0
(3640, 3641, 3642) 33678.0
(1686, 1687, 1688) 38452.0
(6124, 6125, 6126) 38939.0
(6540, 6541, 6542) 32910.0
(9322, 9323, 9324) 56778.0
(6086, 6087, 6088) 30326.0
(7767, 7768, 7769) 33154.0
(1522, 1523, 1524) 33958.0
(1020, 1021, 1022) 25246.0
(6298, 6299, 6300) 24870.0
(3609, 3610, 3611) 34748.0
(9448, 9449, 9450) 31143.0
(6915, 6916, 6917) 38609.0
(3062, 3063, 3064) 37930.0
(4997, 4998, 4999) 24932.0
(7306, 7307, 7308) 27801.0
(4245, 4246, 4247) 56091.0
(2459, 2460, 2461) 33023.0
(3352, 3353, 3354) 35152.0
(7376, 7377, 7378) 33367.0
(2701, 2702, 2703) 24549.0
(5269, 5270, 5271) 33850.0
(64, 65, 66) 28673.0
(2418, 2419, 2420) 32636.0
(812, 813, 814) 28568.0
(6875, 6876, 6877) 47093.0
(9655, 9656, 9657) 26787.0
(2739, 2740, 2741) 29373.0
(7245, 7246, 7247) 33192.0
(7950, 7951, 7952) 34468.0
(8575, 8576, 8577) 36605.0
(3513, 3514, 3515) 43424.0
(3778, 3779, 3780) 30133.0
(166, 167, 168) 35066.0
(6877, 6878, 6879) 36149.0
(4353, 4354, 4355) 35005.0
(8651, 8652, 8653) 32885.0
(8066, 8067, 8068) 35094.0
(2303, 2304, 2305) 23255.0
(5332, 5333, 5334) 33640.0
(1704, 1705, 1706) 32505.0
