(7282, 7283, 7284) 37748.0
(2751, 2752, 2753) 45135.0
(7776, 7777, 7778) 26767.0
(202, 203, 204) 28829.0
(7423, 7424, 7425) 29926.0
(9946, 9947, 9948) 33316.0
(5593, 5594, 5595) 31143.0
(9262, 9263, 9264) 31462.0
(410, 411, 412) 27855.0
(6830, 6831, 6832) 31247.0
(1736, 1737, 1738) 28201.0
(3310, 3311, 3312) 41350.0
(1215, 1216, 1217) 33414.0
(3217, 3218, 3219) 30054.0
(4221, 4222, 4223) 39487.0
(4425, 4426, 4427) 34031.0
(6236, 6237, 6238) 43943.0
(2453, 2454, 2455) 35619.0
(5360, 5361, 5362) 29452.0
(5177, 5178, 5179) 36404.0
(2466, 2467, 2468) 31200.0
(1181, 1182, 1183) 34577.0
(5757, 5758, 5759) 31397.0
(1753, 1754, 1755) 44429.0
(9650, 9651, 9652) 33709.0
(8191, 8192, 8193) 27471.0
(6962, 6963, 6964) 24884.0
(3593, 3594, 3595) 27128.0
(1689, 1690, 1691) 33471.0
(1799, 1800, 1801) 35484.0
(2261, 2262, 2263) 31774.0
(1142, 1143, 1144) 40852.0
(7858, 7859, 7860) 27908.0
(8010, 8011, 8012) 40590.0
(7982, 7983, 7984) 22362.0
(4839, 4840, 4841) 25832.0
(1817, 1818, 1819) 30209.0
(2067, 2068, 2069) 43802.0
(5622, 5623, 5624) 29707.0
(2986, 2987, 2988) 33647.0
(4662, 4663, 4664) 33443.0
(1650, 1651, 1652) 30580.0
(6048, 6049, 6050) 35458.0
(858, 859, 860) 34431.0
(1004, 1005, 1006) 37161.0
(551, 552, 553) 38043.0
(6524, 6525, 6526) 36757.0
(8057, 8058, 8059) 23253.0
(4726, 4727, 4728) 35501.0
(7842, 7843, 7844) 26980.0
(332, 333, 334) 29915.0
(4144, 4145, 4146) 34029.0
(6443, 6444, 6445) 30222.0
(7209, 7210, 7211) 33061.0
(1746, 1747, 1748) 30564.0
(7398, 7399, 7400) 26998.0
(1006, 1007, 1008) 33766.0
(8856, 8857, 8858) 32180.0
(2603, 2604, 2605) 31903.0
(7705, 7706, 7707) 26171.0
(1296, 1297, 1298) 38243.0
(9425, 9426, 9427) 22023.0
(6955, 6956, 6957) 28878.0
(7281, 7282, 7283) 30554.0
(7433, 7434, 7435) 44213.0
(9850, 9851, 9852) 31936.0
(9645, 9646, 9647) 34422.0
(9427, 9428, 9429) 32266.0
(2908, 2909, 2910) 30666.0
(8172, 8173, 8174) 38689.0
(8331, 8332, 8333) 38128.0
(6848, 6849, 6850) 27841.0
(8472, 8473, 8474) 30845.0
(9759, 9760, 9761) 28554.0
(3157, 3158, 3159) 38201.0
(5233, 5234, 5235) 29202.0
(6525, 6526, 6527) 26684.0
(7691, 7692, 7693) 30191.0
(8325, 8326, 8327) 31006.0
(8928, 8929, 8930) 31650.0
(9909, 9910, 9911) 31912.0
(4437, 4438, 4439) 33024.0
(7795, 7796, 7797) 27087.0
(8507, 8508, 8509) 27942.0
(7088, 7089, 7090) 42021.0
(6184, 6185, 6186) 33644.0
(9114, 9115, 9116) 32676.0
(5448, 5449, 5450) 30158.0
(9953, 9954, 9955) 31010.0
(1133, 1134, 1135) 33722.0
(1842, 1843, 1844) 26416.0
(3922, 3923, 3924) 38341.0
(9245, 9246, 9247) 35818.0
(3038, 3039, 3040) 30221.0
(1748, 1749, 1750) 42138.0
(8715, 8716, 8717) 30525.0
(6819, 6820, 6821) 30896.0
(429, 430, 431) 30320.0
(4784, 4785, 4786) 29539.0
(3342, 3343, 3344) 36705.0
(5148, 5149, 5150) 50506.0
(8695, 8696, 8697) 34184.0
(9705, 9706, 9707) 39862.0
(5497, 5498, 5499) 33275.0
(2625, 2626, 2627) 29516.0
(3398, 3399, 3400) 37611.0
(408, 409, 410) 50747.0
(4340, 4341, 4342) 31488.0
(4046, 4047, 4048) 37208.0
(5841, 5842, 5843) 37515.0
(6921, 6922, 6923) 35535.0
(695, 696, 697) 47037.0
(4913, 4914, 4915) 23999.0
(3468, 3469, 3470) 34632.0
(5107, 5108, 5109) 38734.0
(1948, 1949, 1950) 37970.0
(393, 394, 395) 31794.0
(9474, 9475, 9476) 34589.0
(857, 858, 859) 34036.0
(9470, 9471, 9472) 35294.0
(9323, 9324, 9325) 34510.0
(2156, 2157, 2158) 28485.0
(8042, 8043, 8044) 29316.0
(9830, 9831, 9832) 37898.0
(1159, 1160, 1161) 38761.0
(6689, 6690, 6691) 40171.0
(5626, 5627, 5628) 45523.0
(6910, 6911, 6912) 34471.0
(8108, 8109, 8110) 34011.0
(7853, 7854, 7855) 33880.0
(2878, 2879, 2880) 33966.0
(3553, 3554, 3555) 37430.0
(3074, 3075, 3076) 34192.0
(7226, 7227, 7228) 35022.0
(2874, 2875, 2876) 35361.0
(1220, 1221, 1222) 37197.0
(9521, 9522, 9523) 20730.0
(2546, 2547, 2548) 37350.0
(9991, 9992, 9993) 32567.0
(9828, 9829, 9830) 33348.0
(6217, 6218, 6219) 35264.0
(3533, 3534, 3535) 32636.0
(6996, 6997, 6998) 35416.0
(8316, 8317, 8318) 33818.0
(2050, 2051, 2052) 34498.0
(5130, 5131, 5132) 36183.0
(1654, 1655, 1656) 31585.0
(1964, 1965, 1966) 26897.0
(7293, 7294, 7295) 33699.0
(5330, 5331, 5332) 34816.0
(5680, 5681, 5682) 37360.0
(6933, 6934, 6935) 32597.0
(6038, 6039, 6040) 30999.0
(3643, 3644, 3645) 33577.0
(4805, 4806, 4807) 33946.0
(7573, 7574, 7575) 26379.0
(26, 27, 28) 32764.0
(9368, 9369, 9370) 32747.0
(65, 66, 67) 35802.0
(8817, 8818, 8819) 29988.0
(9441, 9442, 9443) 33018.0
(7051, 7052, 7053) 31401.0
(4705, 4706, 4707) 31394.0
(8720, 8721, 8722) 37293.0
(4910, 4911, 4912) 35240.0
(485, 486, 487) 30383.0
(9180, 9181, 9182) 33633.0
(3142, 3143, 3144) 30301.0
(8085, 8086, 8087) 33131.0
(641, 642, 643) 39616.0
(6432, 6433, 6434) 31061.0
(306, 307, 308) 39884.0
(1075, 1076, 1077) 38720.0
(9663, 9664, 9665) 28239.0
(5971, 5972, 5973) 30941.0
(8766, 8767, 8768) 31453.0
(8352, 8353, 8354) 26789.0
(9891, 9892, 9893) 39572.0
(1330, 1331, 1332) 25905.0
(1998, 1999, 2000) 28518.0
(9105, 9106, 9107) 33365.0
(6891, 6892, 6893) 26674.0
(8647, 8648, 8649) 41371.0
(635, 636, 637) 35699.0
(7824, 7825, 7826) 35537.0
(6324, 6325, 6326) 44765.0
(1192, 1193, 1194) 39276.0
(9028, 9029, 9030) 19943.0
(2006, 2007, 2008) 31009.0
(8158, 8159, 8160) 30895.0
(8901, 8902, 8903) 35034.0
(9203, 9204, 9205) 24179.0
(13, 14, 15) 31846.0
(1766, 1767, 1768) 36189.0
(8522, 8523, 8524) 27155.0
(4041, 4042, 4043) 32280.0
(9766, 9767, 9768) 28450.0
(2931, 2932, 2933) 39699.0
(1185, 1186, 1187) 33339.0
(1435, 1436, 1437) 37893.0
(1970, 1971, 1972) 28973.0
(8771, 8772, 8773) 28063.0
(3467, 3468, 3469) 29179.0
(7756, 7757, 7758) 31927.0
(9673, 9674, 9675) 42365.0
(4489, 4490, 4491) 30206.0
(2510, 2511, 2512) 38235.0
(1266, 1267, 1268) 27749.0
(1441, 1442, 1443) 35380.0
(9099, 9100, 9101) 44814.0
(4380, 4381, 4382) 33351.0
(9698, 9699, 9700) 36812.0
(7390, 7391, 7392) 42289.0
(5470, 5471, 5472) 25540.0
(9267, 9268, 9269) 31196.0
(2100, 2101, 2102) 40417.0
(5003, 5004, 5005) 37973.0
(4589, 4590, 4591) 40290.0
(3650, 3651, 3652) 32638.0
(984, 985, 986) 27130.0
(8461, 8462, 8463) 30545.0
(9968, 9969, 9970) 33917.0
(2626, 2627, 2628) 38426.0
(5393, 5394, 5395) 35906.0
(202, 203, 204) 28829.0
(5380, 5381, 5382) 38670.0
(3248, 3249, 3250) 41212.0
(2533, 2534, 2535) 32201.0
(730, 731, 732) 42717.0
(6005, 6006, 6007) 37406.0
(1456, 1457, 1458) 41687.0
(4043, 4044, 4045) 27549.0
(9984, 9985, 9986) 32873.0
(4605, 4606, 4607) 40016.0
(6546, 6547, 6548) 39688.0
(163, 164, 165) 39790.0
(8890, 8891, 8892) 24947.0
(537, 538, 539) 39185.0
(1921, 1922, 1923) 31270.0
(9845, 9846, 9847) 34937.0
(1908, 1909, 1910) 46342.0
(4005, 4006, 4007) 27414.0
(9931, 9932, 9933) 43692.0
(6697, 6698, 6699) 30562.0
(1971, 1972, 1973) 38934.0
(8046, 8047, 8048) 35788.0
(7904, 7905, 7906) 38211.0
(2819, 2820, 2821) 34705.0
(6035, 6036, 6037) 38544.0
(9249, 9250, 9251) 30123.0
(8501, 8502, 8503) 32562.0
(3508, 3509, 3510) 32281.0
(7345, 7346, 7347) 38906.0
(5725, 5726, 5727) 36757.0
(5283, 5284, 5285) 27032.0
(2510, 2511, 2512) 38235.0
(6938, 6939, 6940) 35867.0
(9839, 9840, 9841) 35318.0
(8882, 8883, 8884) 30812.0
(6473, 6474, 6475) 36545.0
(4808, 4809, 4810) 29317.0
(1336, 1337, 1338) 27429.0
(5303, 5304, 5305) 38208.0
(9983, 9984, 9985) 43359.0
(4587, 4588, 4589) 46420.0
(3610, 3611, 3612) 44732.0
(5748, 5749, 5750) 38770.0
(4784, 4785, 4786) 29539.0
(6783, 6784, 6785) 40056.0
(6267, 6268, 6269) 38369.0
(1515, 1516, 1517) 30353.0
(1317, 1318, 1319) 30856.0
(1938, 1939, 1940) 32321.0
(5259, 5260, 5261) 32225.0
(4008, 4009, 4010) 35290.0
(64, 65, 66) 30876.0
(4351, 4352, 4353) 26959.0
(6975, 6976, 6977) 22163.0
(1301, 1302, 1303) 43737.0
(4322, 4323, 4324) 37524.0
(0, 1, 2) 37825.0
(3593, 3594, 3595) 27128.0
(3731, 3732, 3733) 26176.0
(4533, 4534, 4535) 44365.0
(2413, 2414, 2415) 29495.0
(7941, 7942, 7943) 36189.0
(8798, 8799, 8800) 26316.0
(9042, 9043, 9044) 31203.0
(1028, 1029, 1030) 33661.0
(7130, 7131, 7132) 34172.0
(2003, 2004, 2005) 26683.0
(9525, 9526, 9527) 30118.0
(6114, 6115, 6116) 33049.0
(4897, 4898, 4899) 46813.0
(9654, 9655, 9656) 29160.0
(3944, 3945, 3946) 36983.0
(6565, 6566, 6567) 38181.0
(8505, 8506, 8507) 34791.0
(4420, 4421, 4422) 36892.0
(4661, 4662, 4663) 42857.0
(9704, 9705, 9706) 38140.0
(8797, 8798, 8799) 42150.0
(647, 648, 649) 34471.0
(3336, 3337, 3338) 26313.0
(3738, 3739, 3740) 38240.0
(832, 833, 834) 51567.0
(6195, 6196, 6197) 36468.0
(1356, 1357, 1358) 21786.0
(256, 257, 258) 27815.0
(9354, 9355, 9356) 30981.0
(266, 267, 268) 31753.0
(1493, 1494, 1495) 28540.0
(1949, 1950, 1951) 34622.0
(7871, 7872, 7873) 35839.0
(7108, 7109, 7110) 50327.0
(8675, 8676, 8677) 35127.0
(8700, 8701, 8702) 34598.0
(9722, 9723, 9724) 32594.0
(5136, 5137, 5138) 47670.0
(7997, 7998, 7999) 27956.0
(1912, 1913, 1914) 28714.0
(3904, 3905, 3906) 27211.0
(4137, 4138, 4139) 35113.0
(1200, 1201, 1202) 27873.0
(7908, 7909, 7910) 46321.0
(2445, 2446, 2447) 33971.0
(3369, 3370, 3371) 31420.0
(6078, 6079, 6080) 42564.0
(2537, 2538, 2539) 29692.0
(9466, 9467, 9468) 29841.0
(1608, 1609, 1610) 30024.0
(2346, 2347, 2348) 26144.0
(9048, 9049, 9050) 34775.0
(9252, 9253, 9254) 30610.0
(2560, 2561, 2562) 30212.0
(6864, 6865, 6866) 35091.0
(344, 345, 346) 25604.0
(2772, 2773, 2774) 34790.0
(3397, 3398, 3399) 28567.0
(7234, 7235, 7236) 27592.0
(8544, 8545, 8546) 25484.0
(1921, 1922, 1923) 31270.0
(6994, 6995, 6996) 32714.0
(6952, 6953, 6954) 27884.0
(2472, 2473, 2474) 39935.0
(3291, 3292, 3293) 43237.0
(5403, 5404, 5405) 35214.0
(5541, 5542, 5543) 41265.0
(356, 357, 358) 36698.0
(9218, 9219, 9220) 27574.0
(3601, 3602, 3603) 33522.0
(1287, 1288, 1289) 41939.0
(5684, 5685, 5686) 23766.0
(3663, 3664, 3665) 26363.0
(9969, 9970, 9971) 38806.0
(7031, 7032, 7033) 25667.0
(2511, 2512, 2513) 45777.0
(4994, 4995, 4996) 34299.0
(1537, 1538, 1539) 27455.0
(5321, 5322, 5323) 29343.0
(5672, 5673, 5674) 33060.0
(7187, 7188, 7189) 28830.0
(588, 589, 590) 31379.0
(5915, 5916, 5917) 33391.0
(2820, 2821, 2822) 32981.0
(5292, 5293, 5294) 34167.0
(3167, 3168, 3169) 43313.0
(1580, 1581, 1582) 22767.0
(5139, 5140, 5141) 19197.0
(9253, 9254, 9255) 29686.0
(874, 875, 876) 35230.0
(1995, 1996, 1997) 33506.0
(8128, 8129, 8130) 35336.0
(3797, 3798, 3799) 34731.0
(7781, 7782, 7783) 37496.0
(9842, 9843, 9844) 36103.0
(2138, 2139, 2140) 35810.0
(9640, 9641, 9642) 41334.0
(6846, 6847, 6848) 36369.0
(9151, 9152, 9153) 25045.0
(2926, 2927, 2928) 37393.0
(8657, 8658, 8659) 32271.0
(9580, 9581, 9582) 41306.0
(7796, 7797, 7798) 30389.0
(8551, 8552, 8553) 41843.0
(5191, 5192, 5193) 32401.0
(7760, 7761, 7762) 29324.0
(1002, 1003, 1004) 39498.0
(8965, 8966, 8967) 31922.0
(2052, 2053, 2054) 30555.0
(2024, 2025, 2026) 33017.0
(235, 236, 237) 33101.0
(2, 3, 4) 29001.0
(8296, 8297, 8298) 26985.0
(3273, 3274, 3275) 36372.0
(1287, 1288, 1289) 41939.0
(1438, 1439, 1440) 36602.0
(4929, 4930, 4931) 32955.0
(7319, 7320, 7321) 30563.0
(981, 982, 983) 39938.0
(1076, 1077, 1078) 47201.0
(7172, 7173, 7174) 32183.0
(8237, 8238, 8239) 29617.0
(4341, 4342, 4343) 46528.0
(2154, 2155, 2156) 32085.0
(9656, 9657, 9658) 44727.0
(4989, 4990, 4991) 41855.0
(3580, 3581, 3582) 29733.0
(8480, 8481, 8482) 36849.0
(6851, 6852, 6853) 30709.0
(9971, 9972, 9973) 47334.0
(9679, 9680, 9681) 29651.0
(559, 560, 561) 30615.0
(8253, 8254, 8255) 45982.0
(8909, 8910, 8911) 45643.0
(8247, 8248, 8249) 34026.0
(3842, 3843, 3844) 29692.0
(3861, 3862, 3863) 48850.0
(223, 224, 225) 41026.0
(7633, 7634, 7635) 32458.0
(7511, 7512, 7513) 35090.0
(1655, 1656, 1657) 35016.0
(6395, 6396, 6397) 26638.0
(8161, 8162, 8163) 29041.0
(5761, 5762, 5763) 41694.0
(596, 597, 598) 41993.0
(9190, 9191, 9192) 40946.0
(9101, 9102, 9103) 50399.0
(2609, 2610, 2611) 35153.0
(4386, 4387, 4388) 37054.0
(439, 440, 441) 29453.0
(6819, 6820, 6821) 30896.0
(8061, 8062, 8063) 29293.0
(7915, 7916, 7917) 30711.0
(7847, 7848, 7849) 34469.0
(1648, 1649, 1650) 43601.0
(4648, 4649, 4650) 42200.0
(4202, 4203, 4204) 29437.0
(2731, 2732, 2733) 36363.0
(7950, 7951, 7952) 35974.0
(2827, 2828, 2829) 41421.0
(5892, 5893, 5894) 25423.0
(4873, 4874, 4875) 31625.0
(7038, 7039, 7040) 44396.0
(947, 948, 949) 30116.0
(7003, 7004, 7005) 34014.0
(6748, 6749, 6750) 35090.0
(308, 309, 310) 32777.0
(6669, 6670, 6671) 34640.0
(6486, 6487, 6488) 44566.0
(1975, 1976, 1977) 35800.0
(5252, 5253, 5254) 34422.0
(8192, 8193, 8194) 48867.0
(5222, 5223, 5224) 29624.0
(8886, 8887, 8888) 33451.0
(4577, 4578, 4579) 41857.0
(6711, 6712, 6713) 29432.0
(7500, 7501, 7502) 27747.0
(2610, 2611, 2612) 31102.0
(5445, 5446, 5447) 32776.0
(2571, 2572, 2573) 33753.0
(179, 180, 181) 38344.0
(7265, 7266, 7267) 32254.0
(5660, 5661, 5662) 39085.0
(2518, 2519, 2520) 44523.0
(7863, 7864, 7865) 32847.0
(5187, 5188, 5189) 35975.0
(4561, 4562, 4563) 38597.0
(3543, 3544, 3545) 23388.0
(3447, 3448, 3449) 28985.0
(5176, 5177, 5178) 26753.0
(5155, 5156, 5157) 25657.0
(8410, 8411, 8412) 38183.0
(7323, 7324, 7325) 31805.0
(7121, 7122, 7123) 30129.0
(7096, 7097, 7098) 42729.0
(1106, 1107, 1108) 51443.0
(3425, 3426, 3427) 30123.0
(162, 163, 164) 38190.0
(1321, 1322, 1323) 35540.0
(173, 174, 175) 37310.0
(7752, 7753, 7754) 28907.0
(5506, 5507, 5508) 34902.0
(4459, 4460, 4461) 31491.0
(6081, 6082, 6083) 30496.0
(4808, 4809, 4810) 29317.0
(4465, 4466, 4467) 43636.0
(2560, 2561, 2562) 30212.0
(9132, 9133, 9134) 31537.0
(6651, 6652, 6653) 37158.0
(2632, 2633, 2634) 23258.0
(8133, 8134, 8135) 32289.0
(289, 290, 291) 31662.0
(4818, 4819, 4820) 38637.0
(1804, 1805, 1806) 29950.0
(6899, 6900, 6901) 31846.0
(4059, 4060, 4061) 30835.0
(5254, 5255, 5256) 24896.0
(4043, 4044, 4045) 27549.0
(3784, 3785, 3786) 34541.0
(1230, 1231, 1232) 42245.0
(8932, 8933, 8934) 34951.0
(6508, 6509, 6510) 23162.0
(2390, 2391, 2392) 32299.0
(6032, 6033, 6034) 37334.0
(4434, 4435, 4436) 42964.0
(7016, 7017, 7018) 41674.0
(5109, 5110, 5111) 32802.0
(1292, 1293, 1294) 27315.0
(5430, 5431, 5432) 39359.0
(2251, 2252, 2253) 30120.0
(243, 244, 245) 25442.0
(3071, 3072, 3073) 27554.0
(8725, 8726, 8727) 27996.0
(9834, 9835, 9836) 43594.0
(1, 2, 3) 54304.0
(3224, 3225, 3226) 36582.0
(5783, 5784, 5785) 38760.0
(9856, 9857, 9858) 32958.0
(5234, 5235, 5236) 29207.0
(7523, 7524, 7525) 40007.0
(5550, 5551, 5552) 33925.0
(8258, 8259, 8260) 33351.0
(1256, 1257, 1258) 41829.0
(7432, 7433, 7434) 34659.0
(4566, 4567, 4568) 39868.0
(1517, 1518, 1519) 45311.0
(842, 843, 844) 31179.0
(3031, 3032, 3033) 35746.0
(9058, 9059, 9060) 24972.0
(403, 404, 405) 34539.0
(7281, 7282, 7283) 30554.0
(3091, 3092, 3093) 28713.0
(20, 21, 22) 27486.0
(7462, 7463, 7464) 28014.0
(9650, 9651, 9652) 33709.0
(9356, 9357, 9358) 28522.0
(6739, 6740, 6741) 27428.0
(9960, 9961, 9962) 36135.0
(9757, 9758, 9759) 32772.0
(8098, 8099, 8100) 29371.0
(2804, 2805, 2806) 34718.0
(2227, 2228, 2229) 31706.0
(6760, 6761, 6762) 34058.0
(9088, 9089, 9090) 24512.0
(6607, 6608, 6609) 35492.0
(8341, 8342, 8343) 27679.0
(4504, 4505, 4506) 31626.0
(3973, 3974, 3975) 30008.0
(7837, 7838, 7839) 30702.0
(2527, 2528, 2529) 36876.0
(1973, 1974, 1975) 35725.0
(511, 512, 513) 26947.0
(4819, 4820, 4821) 28043.0
(484, 485, 486) 35469.0
(1963, 1964, 1965) 33885.0
(8383, 8384, 8385) 53260.0
(6417, 6418, 6419) 41590.0
(8017, 8018, 8019) 27089.0
(6229, 6230, 6231) 29890.0
(3319, 3320, 3321) 43881.0
(1440, 1441, 1442) 41067.0
(9205, 9206, 9207) 36428.0
(5292, 5293, 5294) 34167.0
(531, 532, 533) 33304.0
(1813, 1814, 1815) 34138.0
(694, 695, 696) 37317.0
(3881, 3882, 3883) 29754.0
(5950, 5951, 5952) 36719.0
(2496, 2497, 2498) 28160.0
(5791, 5792, 5793) 29753.0
(3752, 3753, 3754) 26951.0
(604, 605, 606) 37046.0
(2111, 2112, 2113) 36701.0
(8942, 8943, 8944) 44909.0
(6514, 6515, 6516) 35544.0
(2406, 2407, 2408) 41971.0
(9538, 9539, 9540) 39278.0
(3410, 3411, 3412) 32919.0
(1278, 1279, 1280) 30860.0
(559, 560, 561) 30615.0
(2654, 2655, 2656) 29008.0
(4746, 4747, 4748) 31035.0
(5473, 5474, 5475) 30214.0
(9465, 9466, 9467) 39049.0
(8318, 8319, 8320) 43792.0
(3957, 3958, 3959) 29307.0
(7550, 7551, 7552) 26792.0
(8076, 8077, 8078) 28473.0
(4040, 4041, 4042) 34340.0
(6887, 6888, 6889) 33096.0
(7185, 7186, 7187) 33860.0
(7418, 7419, 7420) 22820.0
(741, 742, 743) 26059.0
(5108, 5109, 5110) 31926.0
(2710, 2711, 2712) 32688.0
(2996, 2997, 2998) 28583.0
(5203, 5204, 5205) 39681.0
(9376, 9377, 9378) 32691.0
(7593, 7594, 7595) 29910.0
(5805, 5806, 5807) 26878.0
(1741, 1742, 1743) 30148.0
(7335, 7336, 7337) 35184.0
(6449, 6450, 6451) 38549.0
(6102, 6103, 6104) 38736.0
(902, 903, 904) 22969.0
(4525, 4526, 4527) 32635.0
(4958, 4959, 4960) 30787.0
(2073, 2074, 2075) 34136.0
(5058, 5059, 5060) 25957.0
(4537, 4538, 4539) 32731.0
(7208, 7209, 7210) 32056.0
(3667, 3668, 3669) 36977.0
(6230, 6231, 6232) 25037.0
(34, 35, 36) 38158.0
(1881, 1882, 1883) 34326.0
(3859, 3860, 3861) 29054.0
(3965, 3966, 3967) 34404.0
(6592, 6593, 6594) 36173.0
(4097, 4098, 4099) 34426.0
(3907, 3908, 3909) 29221.0
(8086, 8087, 8088) 33421.0
(4661, 4662, 4663) 42857.0
(1583, 1584, 1585) 32410.0
(9629, 9630, 9631) 37892.0
(9907, 9908, 9909) 31978.0
(168, 169, 170) 26627.0
(9804, 9805, 9806) 36142.0
(8037, 8038, 8039) 34719.0
(1005, 1006, 1007) 42313.0
(1469, 1470, 1471) 43274.0
(9132, 9133, 9134) 31537.0
(1602, 1603, 1604) 32676.0
(4752, 4753, 4754) 25145.0
(7436, 7437, 7438) 36559.0
(8590, 8591, 8592) 28955.0
(733, 734, 735) 28771.0
(4050, 4051, 4052) 35748.0
(6981, 6982, 6983) 27508.0
(1739, 1740, 1741) 34868.0
(3704, 3705, 3706) 36460.0
(7524, 7525, 7526) 37465.0
(6930, 6931, 6932) 32713.0
(710, 711, 712) 33439.0
(7353, 7354, 7355) 34264.0
(3224, 3225, 3226) 36582.0
(6979, 6980, 6981) 38625.0
(8301, 8302, 8303) 37082.0
(2640, 2641, 2642) 35097.0
(6870, 6871, 6872) 28914.0
(4350, 4351, 4352) 32632.0
(2650, 2651, 2652) 33876.0
(7436, 7437, 7438) 36559.0
(569, 570, 571) 41240.0
(7661, 7662, 7663) 23852.0
(8157, 8158, 8159) 32388.0
(3230, 3231, 3232) 36912.0
(7890, 7891, 7892) 35035.0
(8737, 8738, 8739) 34026.0
(3862, 3863, 3864) 40076.0
(4631, 4632, 4633) 34153.0
(7858, 7859, 7860) 27908.0
(8226, 8227, 8228) 26718.0
(3094, 3095, 3096) 34087.0
(4396, 4397, 4398) 40003.0
(9105, 9106, 9107) 33365.0
(2916, 2917, 2918) 35168.0
(5523, 5524, 5525) 31839.0
(5098, 5099, 5100) 31355.0
(7085, 7086, 7087) 41580.0
(8790, 8791, 8792) 25610.0
(6076, 6077, 6078) 33951.0
(5061, 5062, 5063) 43436.0
(4804, 4805, 4806) 50908.0
(2109, 2110, 2111) 27729.0
(6129, 6130, 6131) 34402.0
(7714, 7715, 7716) 35830.0
(3631, 3632, 3633) 51259.0
(5478, 5479, 5480) 32143.0
(8923, 8924, 8925) 40501.0
(7132, 7133, 7134) 29083.0
(3242, 3243, 3244) 40183.0
(5468, 5469, 5470) 47395.0
(8840, 8841, 8842) 30809.0
(7027, 7028, 7029) 44696.0
(7450, 7451, 7452) 44813.0
(4998, 4999, 5000) 33535.0
(2948, 2949, 2950) 29244.0
(4644, 4645, 4646) 32291.0
(9004, 9005, 9006) 48293.0
(9510, 9511, 9512) 35750.0
(5509, 5510, 5511) 32930.0
(1767, 1768, 1769) 47690.0
(7377, 7378, 7379) 41187.0
(1656, 1657, 1658) 35087.0
(2356, 2357, 2358) 39492.0
(1855, 1856, 1857) 40739.0
(600, 601, 602) 30591.0
(1812, 1813, 1814) 19883.0
(6398, 6399, 6400) 32831.0
(3441, 3442, 3443) 25635.0
(5204, 5205, 5206) 26409.0
(4916, 4917, 4918) 34836.0
(9502, 9503, 9504) 35988.0
(7782, 7783, 7784) 37971.0
(2737, 2738, 2739) 33629.0
(6240, 6241, 6242) 38968.0
(9148, 9149, 9150) 50857.0
(2702, 2703, 2704) 24256.0
(9479, 9480, 9481) 26168.0
(6388, 6389, 6390) 27428.0
(6302, 6303, 6304) 30226.0
(5748, 5749, 5750) 38770.0
(5869, 5870, 5871) 39862.0
(9426, 9427, 9428) 33919.0
(6753, 6754, 6755) 32161.0
(9639, 9640, 9641) 27547.0
(4398, 4399, 4400) 33182.0
(5674, 5675, 5676) 29255.0
(8810, 8811, 8812) 29812.0
(523, 524, 525) 43376.0
(1331, 1332, 1333) 39476.0
(8402, 8403, 8404) 29587.0
(1197, 1198, 1199) 30222.0
(559, 560, 561) 30615.0
(4769, 4770, 4771) 36396.0
(5829, 5830, 5831) 37377.0
(5923, 5924, 5925) 30762.0
(8716, 8717, 8718) 38502.0
(5223, 5224, 5225) 38234.0
(2998, 2999, 3000) 35485.0
(2388, 2389, 2390) 32402.0
(4966, 4967, 4968) 30966.0
(5596, 5597, 5598) 34747.0
(1242, 1243, 1244) 32665.0
(343, 344, 345) 37500.0
(4098, 4099, 4100) 46564.0
(1021, 1022, 1023) 31368.0
(2555, 2556, 2557) 34184.0
(8894, 8895, 8896) 33680.0
(3486, 3487, 3488) 29579.0
(8037, 8038, 8039) 34719.0
(5730, 5731, 5732) 44995.0
(8689, 8690, 8691) 28354.0
(9781, 9782, 9783) 28935.0
(9695, 9696, 9697) 29701.0
(6457, 6458, 6459) 33078.0
(4556, 4557, 4558) 32036.0
(980, 981, 982) 36962.0
(8566, 8567, 8568) 36812.0
(1107, 1108, 1109) 22234.0
(3709, 3710, 3711) 23866.0
(4379, 4380, 4381) 40453.0
(8027, 8028, 8029) 28556.0
(2450, 2451, 2452) 32037.0
(1943, 1944, 1945) 28550.0
(3135, 3136, 3137) 31820.0
(7985, 7986, 7987) 39811.0
(454, 455, 456) 27397.0
(8274, 8275, 8276) 38034.0
(9705, 9706, 9707) 39862.0
(4179, 4180, 4181) 49089.0
(9194, 9195, 9196) 34817.0
(8423, 8424, 8425) 32461.0
(2117, 2118, 2119) 33203.0
(2464, 2465, 2466) 33941.0
(4977, 4978, 4979) 26948.0
(9700, 9701, 9702) 29896.0
(5294, 5295, 5296) 37210.0
(1114, 1115, 1116) 35578.0
(3800, 3801, 3802) 33923.0
(279, 280, 281) 30599.0
(9432, 9433, 9434) 33577.0
(4900, 4901, 4902) 30257.0
(9797, 9798, 9799) 25326.0
(1652, 1653, 1654) 34540.0
(9194, 9195, 9196) 34817.0
(1603, 1604, 1605) 33650.0
(5695, 5696, 5697) 25097.0
(8227, 8228, 8229) 39113.0
(8183, 8184, 8185) 34458.0
(8144, 8145, 8146) 36567.0
(7120, 7121, 7122) 36288.0
(2038, 2039, 2040) 32988.0
(5509, 5510, 5511) 32930.0
(2797, 2798, 2799) 39973.0
(3062, 3063, 3064) 39252.0
(6803, 6804, 6805) 27321.0
(9502, 9503, 9504) 35988.0
(3491, 3492, 3493) 39393.0
(6500, 6501, 6502) 42658.0
(6245, 6246, 6247) 29551.0
(4435, 4436, 4437) 28231.0
(144, 145, 146) 32168.0
(4397, 4398, 4399) 44848.0
(2563, 2564, 2565) 30557.0
(4467, 4468, 4469) 40761.0
(6431, 6432, 6433) 23973.0
(620, 621, 622) 35914.0
(8579, 8580, 8581) 33048.0
(6174, 6175, 6176) 35548.0
(1069, 1070, 1071) 31378.0
(525, 526, 527) 30668.0
(2632, 2633, 2634) 23258.0
(3842, 3843, 3844) 29692.0
(3183, 3184, 3185) 38342.0
(4715, 4716, 4717) 36456.0
(4193, 4194, 4195) 36561.0
(3626, 3627, 3628) 31340.0
(1847, 1848, 1849) 27712.0
(5614, 5615, 5616) 25936.0
(355, 356, 357) 36301.0
(5484, 5485, 5486) 41588.0
(7674, 7675, 7676) 40454.0
(8802, 8803, 8804) 30442.0
(6296, 6297, 6298) 26822.0
(2658, 2659, 2660) 44055.0
(7792, 7793, 7794) 29492.0
(4135, 4136, 4137) 34798.0
(6882, 6883, 6884) 29263.0
(2293, 2294, 2295) 27369.0
(7046, 7047, 7048) 32683.0
(2804, 2805, 2806) 34718.0
(8936, 8937, 8938) 31009.0
(44, 45, 46) 34310.0
(5844, 5845, 5846) 45682.0
(3100, 3101, 3102) 49408.0
(8766, 8767, 8768) 31453.0
(3166, 3167, 3168) 37139.0
(1736, 1737, 1738) 28201.0
(3342, 3343, 3344) 36705.0
(7841, 7842, 7843) 43370.0
(7709, 7710, 7711) 40552.0
(4542, 4543, 4544) 38531.0
(2237, 2238, 2239) 33969.0
(1318, 1319, 1320) 32361.0
(2103, 2104, 2105) 29164.0
(9982, 9983, 9984) 32491.0
(1730, 1731, 1732) 41845.0
(672, 673, 674) 33597.0
(6433, 6434, 6435) 29867.0
(5840, 5841, 5842) 30910.0
(9662, 9663, 9664) 40234.0
(1143, 1144, 1145) 35579.0
(9116, 9117, 9118) 43430.0
(5771, 5772, 5773) 37566.0
(7673, 7674, 7675) 34362.0
(6547, 6548, 6549) 33284.0
(7545, 7546, 7547) 36552.0
(8045, 8046, 8047) 27716.0
(3662, 3663, 3664) 35911.0
(8221, 8222, 8223) 33935.0
(9709, 9710, 9711) 35622.0
(1659, 1660, 1661) 34525.0
(5967, 5968, 5969) 27796.0
(8986, 8987, 8988) 31288.0
(6521, 6522, 6523) 36984.0
(4311, 4312, 4313) 32949.0
(762, 763, 764) 41099.0
(8937, 8938, 8939) 39472.0
(7793, 7794, 7795) 29784.0
(727, 728, 729) 32311.0
(9231, 9232, 9233) 41660.0
(6838, 6839, 6840) 26724.0
(9063, 9064, 9065) 41073.0
(4885, 4886, 4887) 31213.0
(1861, 1862, 1863) 34964.0
(6225, 6226, 6227) 31005.0
(2980, 2981, 2982) 34455.0
(8204, 8205, 8206) 33748.0
(1615, 1616, 1617) 36888.0
(5099, 5100, 5101) 34632.0
(7515, 7516, 7517) 32330.0
(4745, 4746, 4747) 31806.0
(3860, 3861, 3862) 42738.0
(3414, 3415, 3416) 34799.0
(7374, 7375, 7376) 35203.0
(6672, 6673, 6674) 29967.0
(6480, 6481, 6482) 39225.0
(383, 384, 385) 32813.0
(1627, 1628, 1629) 26338.0
(7168, 7169, 7170) 40130.0
(5471, 5472, 5473) 29403.0
(6194, 6195, 6196) 34726.0
(9524, 9525, 9526) 33601.0
(7667, 7668, 7669) 36232.0
(3925, 3926, 3927) 46130.0
(9176, 9177, 9178) 36740.0
(4229, 4230, 4231) 30533.0
(8408, 8409, 8410) 26743.0
(7852, 7853, 7854) 32622.0
(9023, 9024, 9025) 37040.0
(4631, 4632, 4633) 34153.0
(2536, 2537, 2538) 40091.0
(6529, 6530, 6531) 37203.0
(8417, 8418, 8419) 34602.0
(6524, 6525, 6526) 36757.0
(1433, 1434, 1435) 32079.0
(7154, 7155, 7156) 43878.0
(6186, 6187, 6188) 29008.0
(4135, 4136, 4137) 34798.0
(6564, 6565, 6566) 38514.0
(2125, 2126, 2127) 38066.0
(1618, 1619, 1620) 39930.0
(9948, 9949, 9950) 38404.0
(4950, 4951, 4952) 33450.0
(7588, 7589, 7590) 36941.0
(4447, 4448, 4449) 33035.0
(1616, 1617, 1618) 37244.0
(132, 133, 134) 50326.0
(4947, 4948, 4949) 36218.0
(624, 625, 626) 36958.0
(4904, 4905, 4906) 44227.0
(3069, 3070, 3071) 41238.0
(6367, 6368, 6369) 38176.0
(4880, 4881, 4882) 37844.0
(9801, 9802, 9803) 27105.0
(3621, 3622, 3623) 35294.0
(5009, 5010, 5011) 39953.0
(7673, 7674, 7675) 34362.0
(9047, 9048, 9049) 31543.0
(279, 280, 281) 30599.0
(7665, 7666, 7667) 36065.0
(7479, 7480, 7481) 34859.0
(2792, 2793, 2794) 33367.0
(6020, 6021, 6022) 33067.0
(8721, 8722, 8723) 33272.0
(1677, 1678, 1679) 33393.0
(1350, 1351, 1352) 43848.0
(9537, 9538, 9539) 26148.0
(7470, 7471, 7472) 27908.0
(7709, 7710, 7711) 40552.0
(9414, 9415, 9416) 34122.0
(1046, 1047, 1048) 24596.0
(6938, 6939, 6940) 35867.0
(7863, 7864, 7865) 32847.0
(89, 90, 91) 31730.0
(810, 811, 812) 38173.0
(7273, 7274, 7275) 29495.0
(6519, 6520, 6521) 28576.0
(6380, 6381, 6382) 33796.0
(7942, 7943, 7944) 34402.0
(5410, 5411, 5412) 42696.0
(6236, 6237, 6238) 43943.0
(4354, 4355, 4356) 39122.0
(2595, 2596, 2597) 32835.0
(7036, 7037, 7038) 25807.0
(6955, 6956, 6957) 28878.0
(7696, 7697, 7698) 28083.0
(6044, 6045, 6046) 31405.0
(505, 506, 507) 57412.0
(5843, 5844, 5845) 30278.0
(709, 710, 711) 39428.0
(5592, 5593, 5594) 35863.0
(8948, 8949, 8950) 34925.0
(6599, 6600, 6601) 31211.0
(6712, 6713, 6714) 34218.0
(1899, 1900, 1901) 31465.0
(2018, 2019, 2020) 28702.0
(5989, 5990, 5991) 35104.0
(1356, 1357, 1358) 21786.0
(98, 99, 100) 32375.0
(5760, 5761, 5762) 42777.0
(3957, 3958, 3959) 29307.0
(3343, 3344, 3345) 30146.0
(1282, 1283, 1284) 34530.0
(4636, 4637, 4638) 24977.0
(3447, 3448, 3449) 28985.0
(4443, 4444, 4445) 27205.0
(1487, 1488, 1489) 27753.0
(7899, 7900, 7901) 31686.0
(9727, 9728, 9729) 35879.0
(2413, 2414, 2415) 29495.0
(9041, 9042, 9043) 34253.0
(4350, 4351, 4352) 32632.0
(2992, 2993, 2994) 37873.0
(5665, 5666, 5667) 38583.0
(8778, 8779, 8780) 30832.0
(4821, 4822, 4823) 27716.0
(8449, 8450, 8451) 34509.0
(8726, 8727, 8728) 30602.0
(8344, 8345, 8346) 31469.0
(8093, 8094, 8095) 29862.0
(6488, 6489, 6490) 36145.0
(9621, 9622, 9623) 31172.0
(8090, 8091, 8092) 32579.0
(5483, 5484, 5485) 35989.0
(6717, 6718, 6719) 46724.0
(3778, 3779, 3780) 32359.0
(7459, 7460, 7461) 34091.0
(6139, 6140, 6141) 43335.0
(8034, 8035, 8036) 25742.0
(439, 440, 441) 29453.0
(289, 290, 291) 31662.0
(5473, 5474, 5475) 30214.0
(6013, 6014, 6015) 29450.0
(5219, 5220, 5221) 32370.0
(2550, 2551, 2552) 40732.0
(1555, 1556, 1557) 33231.0
(7223, 7224, 7225) 44271.0
(3850, 3851, 3852) 36737.0
(1659, 1660, 1661) 34525.0
(448, 449, 450) 38980.0
(2937, 2938, 2939) 40460.0
(1, 2, 3) 54304.0
(9341, 9342, 9343) 27884.0
(1490, 1491, 1492) 33167.0
(3651, 3652, 3653) 26789.0
(5169, 5170, 5171) 31873.0
(8311, 8312, 8313) 27971.0
(9312, 9313, 9314) 29396.0
