(2249, 2250, 2251) 1703.0
(6566, 6567, 6568) 1587.0
(663, 664, 665) 996.0
(2268, 2269, 2270) 1478.0
(4323, 4324, 4325) 1780.0
(883, 884, 885) 1370.0
(4325, 4326, 4327) 1572.0
(2160, 2161, 2162) 1268.0
(7875, 7876, 7877) 1571.0
(3205, 3206, 3207) 2343.0
(6478, 6479, 6480) 1416.0
(1645, 1646, 1647) 1102.0
(8725, 8726, 8727) 1231.0
(6017, 6018, 6019) 1301.0
(38, 39, 40) 1739.0
(3116, 3117, 3118) 1140.0
(4545, 4546, 4547) 1235.0
(1935, 1936, 1937) 1285.0
(7753, 7754, 7755) 1174.0
(1197, 1198, 1199) 1068.0
(7518, 7519, 7520) 1283.0
(1865, 1866, 1867) 1032.0
(5482, 5483, 5484) 1184.0
(2263, 2264, 2265) 2365.0
(3231, 3232, 3233) 2164.0
(5477, 5478, 5479) 1507.0
(1416, 1417, 1418) 1306.0
(2343, 2344, 2345) 1162.0
(8196, 8197, 8198) 1736.0
(2503, 2504, 2505) 1930.0
(7632, 7633, 7634) 1915.0
(0, 1, 2) 1916.0
(8507, 8508, 8509) 1314.0
(907, 908, 909) 1543.0
(2879, 2880, 2881) 1429.0
(8622, 8623, 8624) 1541.0
(7522, 7523, 7524) 1112.0
(5486, 5487, 5488) 1329.0
(3784, 3785, 3786) 1080.0
(2671, 2672, 2673) 1811.0
(7260, 7261, 7262) 1905.0
(1221, 1222, 1223) 2090.0
(1655, 1656, 1657) 843.0
(6257, 6258, 6259) 1179.0
(4146, 4147, 4148) 1278.0
(6315, 6316, 6317) 1829.0
(3128, 3129, 3130) 901.0
(6588, 6589, 6590) 1038.0
(8032, 8033, 8034) 1512.0
(9040, 9041, 9042) 714.0
(9470, 9471, 9472) 820.0
(7204, 7205, 7206) 1466.0
(9791, 9792, 9793) 1185.0
(8054, 8055, 8056) 1181.0
(4901, 4902, 4903) 960.0
(1530, 1531, 1532) 1211.0
(690, 691, 692) 1102.0
(8100, 8101, 8102) 999.0
(9744, 9745, 9746) 1095.0
(7131, 7132, 7133) 1188.0
(8744, 8745, 8746) 873.0
(8578, 8579, 8580) 1278.0
(3002, 3003, 3004) 1270.0
(1154, 1155, 1156) 2190.0
(8422, 8423, 8424) 1090.0
(7848, 7849, 7850) 803.0
(6234, 6235, 6236) 1318.0
(5445, 5446, 5447) 1080.0
(3812, 3813, 3814) 1827.0
(8202, 8203, 8204) 1211.0
(6801, 6802, 6803) 896.0
(2363, 2364, 2365) 1252.0
(509, 510, 511) 1474.0
(7276, 7277, 7278) 2020.0
(9383, 9384, 9385) 1067.0
(5780, 5781, 5782) 965.0
(8447, 8448, 8449) 1375.0
(5981, 5982, 5983) 1044.0
(4162, 4163, 4164) 2181.0
(9428, 9429, 9430) 916.0
(2286, 2287, 2288) 1222.0
(689, 690, 691) 1579.0
(2124, 2125, 2126) 1877.0
(3924, 3925, 3926) 1500.0
(8239, 8240, 8241) 1140.0
(4400, 4401, 4402) 1507.0
(4843, 4844, 4845) 2320.0
(7452, 7453, 7454) 830.0
(2150, 2151, 2152) 1156.0
(129, 130, 131) 908.0
(2439, 2440, 2441) 999.0
(425, 426, 427) 1141.0
(8150, 8151, 8152) 1789.0
(5585, 5586, 5587) 1862.0
(5568, 5569, 5570) 1677.0
(1335, 1336, 1337) 1992.0
(1797, 1798, 1799) 1325.0
(4458, 4459, 4460) 1450.0
(8889, 8890, 8891) 1806.0
(2826, 2827, 2828) 1631.0
(1569, 1570, 1571) 1443.0
(5382, 5383, 5384) 1701.0
(6041, 6042, 6043) 1501.0
(407, 408, 409) 1509.0
(4888, 4889, 4890) 1355.0
(7877, 7878, 7879) 1854.0
(7679, 7680, 7681) 1465.0
(8612, 8613, 8614) 2211.0
(6721, 6722, 6723) 1156.0
(8753, 8754, 8755) 1209.0
(4052, 4053, 4054) 1835.0
(531, 532, 533) 1296.0
(974, 975, 976) 1384.0
(6713, 6714, 6715) 1333.0
(3195, 3196, 3197) 1715.0
(8092, 8093, 8094) 2283.0
(4604, 4605, 4606) 1005.0
(4919, 4920, 4921) 1656.0
(8364, 8365, 8366) 1995.0
(2307, 2308, 2309) 1496.0
(2999, 3000, 3001) 1482.0
(1908, 1909, 1910) 1660.0
(1452, 1453, 1454) 1177.0
(9536, 9537, 9538) 1187.0
(9026, 9027, 9028) 1411.0
(9233, 9234, 9235) 1827.0
(2022, 2023, 2024) 1169.0
(2088, 2089, 2090) 1412.0
(5204, 5205, 5206) 1770.0
(4528, 4529, 4530) 1642.0
(8130, 8131, 8132) 1930.0
(4084, 4085, 4086) 1847.0
(4392, 4393, 4394) 1444.0
(2506, 2507, 2508) 1327.0
(3793, 3794, 3795) 1376.0
(1104, 1105, 1106) 1301.0
(5151, 5152, 5153) 1111.0
(1164, 1165, 1166) 958.0
(6177, 6178, 6179) 1260.0
(9769, 9770, 9771) 2268.0
(1365, 1366, 1367) 1680.0
(220, 221, 222) 1199.0
(6301, 6302, 6303) 984.0
(4142, 4143, 4144) 734.0
(2283, 2284, 2285) 1375.0
(4548, 4549, 4550) 1048.0
(643, 644, 645) 1211.0
(9084, 9085, 9086) 1551.0
(8326, 8327, 8328) 1683.0
(3288, 3289, 3290) 1014.0
(363, 364, 365) 885.0
(4336, 4337, 4338) 1461.0
(9258, 9259, 9260) 1161.0
(2964, 2965, 2966) 1535.0
(4145, 4146, 4147) 992.0
(8877, 8878, 8879) 1787.0
(6086, 6087, 6088) 2915.0
(8031, 8032, 8033) 2165.0
(5772, 5773, 5774) 873.0
(3401, 3402, 3403) 1311.0
(5300, 5301, 5302) 1387.0
(4439, 4440, 4441) 1117.0
(3368, 3369, 3370) 1307.0
(9360, 9361, 9362) 1225.0
(3477, 3478, 3479) 1737.0
(3911, 3912, 3913) 1112.0
(600, 601, 602) 979.0
(8517, 8518, 8519) 1969.0
(1712, 1713, 1714) 1141.0
(9508, 9509, 9510) 1142.0
(1277, 1278, 1279) 1323.0
(7869, 7870, 7871) 1253.0
(3067, 3068, 3069) 1577.0
(8747, 8748, 8749) 1122.0
(6677, 6678, 6679) 929.0
(6182, 6183, 6184) 919.0
(193, 194, 195) 949.0
(9020, 9021, 9022) 2288.0
(6306, 6307, 6308) 2008.0
(4102, 4103, 4104) 978.0
(3612, 3613, 3614) 1266.0
(7338, 7339, 7340) 2076.0
(7171, 7172, 7173) 1080.0
(3874, 3875, 3876) 1247.0
(9987, 9988, 9989) 1089.0
(6919, 6920, 6921) 1667.0
(3478, 3479, 3480) 1366.0
(8239, 8240, 8241) 1140.0
(6878, 6879, 6880) 601.0
(2338, 2339, 2340) 1695.0
(8269, 8270, 8271) 1643.0
(6472, 6473, 6474) 1521.0
(9946, 9947, 9948) 1296.0
(5587, 5588, 5589) 1275.0
(923, 924, 925) 1149.0
(7433, 7434, 7435) 1125.0
(9800, 9801, 9802) 1806.0
(1739, 1740, 1741) 1092.0
(7748, 7749, 7750) 1177.0
(7771, 7772, 7773) 1208.0
(2278, 2279, 2280) 1015.0
