(6496, 6497, 6498) 38402.0
(2335, 2336, 2337) 60126.0
(3506, 3507, 3508) 38838.0
(4100, 4101, 4102) 30045.0
(9020, 9021, 9022) 32371.0
(7442, 7443, 7444) 39907.0
(9903, 9904, 9905) 32464.0
(1825, 1826, 1827) 45448.0
(6398, 6399, 6400) 32880.0
(8849, 8850, 8851) 29304.0
(5700, 5701, 5702) 37010.0
(5299, 5300, 5301) 34984.0
(1325, 1326, 1327) 34353.0
(120, 121, 122) 37721.0
(41, 42, 43) 29369.0
(1266, 1267, 1268) 29118.0
(5795, 5796, 5797) 35266.0
(757, 758, 759) 29629.0
(1457, 1458, 1459) 33507.0
(1709, 1710, 1711) 32763.0
(1352, 1353, 1354) 36568.0
(4142, 4143, 4144) 28995.0
(4102, 4103, 4104) 37358.0
(9737, 9738, 9739) 29666.0
(207, 208, 209) 40963.0
(5050, 5051, 5052) 39743.0
(1224, 1225, 1226) 35379.0
(4579, 4580, 4581) 28416.0
(1321, 1322, 1323) 38167.0
(6523, 6524, 6525) 31685.0
(9907, 9908, 9909) 32980.0
(9446, 9447, 9448) 41104.0
(298, 299, 300) 28669.0
(9196, 9197, 9198) 38897.0
(6696, 6697, 6698) 48189.0
(6328, 6329, 6330) 41883.0
(1740, 1741, 1742) 35538.0
(4273, 4274, 4275) 42345.0
(5298, 5299, 5300) 37072.0
(1524, 1525, 1526) 27652.0
(9377, 9378, 9379) 44619.0
(5452, 5453, 5454) 26725.0
(9046, 9047, 9048) 40233.0
(3002, 3003, 3004) 34848.0
(1317, 1318, 1319) 33720.0
(4766, 4767, 4768) 28288.0
(5918, 5919, 5920) 39302.0
(1018, 1019, 1020) 38032.0
(7862, 7863, 7864) 44384.0
(9699, 9700, 9701) 33476.0
(7918, 7919, 7920) 45169.0
(3521, 3522, 3523) 42501.0
(6002, 6003, 6004) 36985.0
(3915, 3916, 3917) 34433.0
(118, 119, 120) 41784.0
(1656, 1657, 1658) 37960.0
(402, 403, 404) 29661.0
(7203, 7204, 7205) 36291.0
(2822, 2823, 2824) 25409.0
(5018, 5019, 5020) 31507.0
(9170, 9171, 9172) 35074.0
(8598, 8599, 8600) 41849.0
(9109, 9110, 9111) 31406.0
(6781, 6782, 6783) 37398.0
(9298, 9299, 9300) 47114.0
(9468, 9469, 9470) 36579.0
(1685, 1686, 1687) 38400.0
(1873, 1874, 1875) 45258.0
(6357, 6358, 6359) 40657.0
(3964, 3965, 3966) 31322.0
(3675, 3676, 3677) 36316.0
(5554, 5555, 5556) 44926.0
(426, 427, 428) 40425.0
(1570, 1571, 1572) 38698.0
(1100, 1101, 1102) 36713.0
(9175, 9176, 9177) 30809.0
(2064, 2065, 2066) 39990.0
(208, 209, 210) 37847.0
(4470, 4471, 4472) 29220.0
(3287, 3288, 3289) 37638.0
(4097, 4098, 4099) 37651.0
(7393, 7394, 7395) 42399.0
(8389, 8390, 8391) 32829.0
(6320, 6321, 6322) 42781.0
(3330, 3331, 3332) 37120.0
(1616, 1617, 1618) 39472.0
(2836, 2837, 2838) 30836.0
(304, 305, 306) 33143.0
(9520, 9521, 9522) 27368.0
(8866, 8867, 8868) 39608.0
(5436, 5437, 5438) 29404.0
(1748, 1749, 1750) 43345.0
(5301, 5302, 5303) 34504.0
(796, 797, 798) 38616.0
(2774, 2775, 2776) 39716.0
(3753, 3754, 3755) 40056.0
(1759, 1760, 1761) 38467.0
(9504, 9505, 9506) 31872.0
(6156, 6157, 6158) 35623.0
(8803, 8804, 8805) 36825.0
(9256, 9257, 9258) 35638.0
(3454, 3455, 3456) 38742.0
(1271, 1272, 1273) 40540.0
(2831, 2832, 2833) 36689.0
(3144, 3145, 3146) 26896.0
(9298, 9299, 9300) 47114.0
(1272, 1273, 1274) 37712.0
(7774, 7775, 7776) 38109.0
(1296, 1297, 1298) 41391.0
(5122, 5123, 5124) 30517.0
(2228, 2229, 2230) 31493.0
(9198, 9199, 9200) 47685.0
(1375, 1376, 1377) 29609.0
(3551, 3552, 3553) 33885.0
(1625, 1626, 1627) 32907.0
(3189, 3190, 3191) 25787.0
(9960, 9961, 9962) 37578.0
(8356, 8357, 8358) 41941.0
(5615, 5616, 5617) 34811.0
(1820, 1821, 1822) 33200.0
(1225, 1226, 1227) 32792.0
(5408, 5409, 5410) 30096.0
(5593, 5594, 5595) 31645.0
(7814, 7815, 7816) 25273.0
(5127, 5128, 5129) 37758.0
(7082, 7083, 7084) 32910.0
(3265, 3266, 3267) 37042.0
(5717, 5718, 5719) 40038.0
(6239, 6240, 6241) 37897.0
(3581, 3582, 3583) 30503.0
(8371, 8372, 8373) 27739.0
(9468, 9469, 9470) 36579.0
(6007, 6008, 6009) 30089.0
(7708, 7709, 7710) 41203.0
(1706, 1707, 1708) 29888.0
(3392, 3393, 3394) 33259.0
(6666, 6667, 6668) 44043.0
(8936, 8937, 8938) 32579.0
(6827, 6828, 6829) 35897.0
(8681, 8682, 8683) 37253.0
(3803, 3804, 3805) 30603.0
(9632, 9633, 9634) 44276.0
(1603, 1604, 1605) 34254.0
(3500, 3501, 3502) 27694.0
(6595, 6596, 6597) 34240.0
(6650, 6651, 6652) 32262.0
(2272, 2273, 2274) 32570.0
(7588, 7589, 7590) 36713.0
(1010, 1011, 1012) 29097.0
(2529, 2530, 2531) 36217.0
(8645, 8646, 8647) 33187.0
(2031, 2032, 2033) 32828.0
(2915, 2916, 2917) 35536.0
(5912, 5913, 5914) 34205.0
(4613, 4614, 4615) 30353.0
(8483, 8484, 8485) 30306.0
(7646, 7647, 7648) 44509.0
(2497, 2498, 2499) 29036.0
(3841, 3842, 3843) 31693.0
(94, 95, 96) 37947.0
(3735, 3736, 3737) 34973.0
(5465, 5466, 5467) 33866.0
(6493, 6494, 6495) 31432.0
(9630, 9631, 9632) 37754.0
(6617, 6618, 6619) 42603.0
(5196, 5197, 5198) 26821.0
(5399, 5400, 5401) 26272.0
(705, 706, 707) 28280.0
(6597, 6598, 6599) 34007.0
(56, 57, 58) 34523.0
(1274, 1275, 1276) 39898.0
(2931, 2932, 2933) 40717.0
(9369, 9370, 9371) 37769.0
(836, 837, 838) 36089.0
(7853, 7854, 7855) 36451.0
(2609, 2610, 2611) 36936.0
(8485, 8486, 8487) 30092.0
(8214, 8215, 8216) 35886.0
(3103, 3104, 3105) 29196.0
(2362, 2363, 2364) 28139.0
(3310, 3311, 3312) 42488.0
(6950, 6951, 6952) 29674.0
(9673, 9674, 9675) 43362.0
(9922, 9923, 9924) 31422.0
(2126, 2127, 2128) 27117.0
(2825, 2826, 2827) 34207.0
(220, 221, 222) 30896.0
(927, 928, 929) 39105.0
(1418, 1419, 1420) 36343.0
(3976, 3977, 3978) 35867.0
(5401, 5402, 5403) 26325.0
(2009, 2010, 2011) 51396.0
(8483, 8484, 8485) 30306.0
(1079, 1080, 1081) 33404.0
(3671, 3672, 3673) 35745.0
(0, 1, 2) 40038.0
(7247, 7248, 7249) 27948.0
(5980, 5981, 5982) 30943.0
(6760, 6761, 6762) 35544.0
(7849, 7850, 7851) 37243.0
(4936, 4937, 4938) 34054.0
