(3849, 3850, 3851) 43733.0
(9820, 9821, 9822) 34668.0
(8696, 8697, 8698) 40931.0
(3236, 3237, 3238) 31307.0
(539, 540, 541) 37728.0
(1942, 1943, 1944) 26056.0
(2853, 2854, 2855) 31016.0
(8762, 8763, 8764) 43957.0
(3873, 3874, 3875) 49721.0
(2073, 2074, 2075) 35830.0
(497, 498, 499) 42174.0
(1318, 1319, 1320) 34346.0
(6397, 6398, 6399) 38306.0
(491, 492, 493) 34098.0
(8346, 8347, 8348) 40206.0
(4891, 4892, 4893) 42098.0
(3461, 3462, 3463) 35908.0
(3718, 3719, 3720) 30705.0
(6173, 6174, 6175) 37869.0
(9630, 9631, 9632) 40273.0
(795, 796, 797) 30424.0
(7379, 7380, 7381) 43933.0
(5822, 5823, 5824) 57520.0
(8639, 8640, 8641) 27038.0
(5623, 5624, 5625) 39117.0
(3339, 3340, 3341) 31524.0
(146, 147, 148) 49888.0
(5411, 5412, 5413) 27220.0
(4232, 4233, 4234) 52074.0
(8600, 8601, 8602) 41984.0
(7657, 7658, 7659) 37723.0
(4681, 4682, 4683) 32420.0
(6420, 6421, 6422) 38115.0
(2130, 2131, 2132) 37840.0
(2614, 2615, 2616) 37047.0
(3760, 3761, 3762) 40437.0
(1733, 1734, 1735) 40847.0
(1810, 1811, 1812) 42885.0
(9209, 9210, 9211) 34143.0
(9647, 9648, 9649) 42464.0
(8506, 8507, 8508) 31302.0
(1347, 1348, 1349) 35217.0
(684, 685, 686) 39578.0
(575, 576, 577) 28161.0
(7066, 7067, 7068) 38676.0
(6375, 6376, 6377) 43685.0
(9266, 9267, 9268) 30975.0
(4376, 4377, 4378) 39699.0
(8688, 8689, 8690) 43080.0
(7034, 7035, 7036) 29510.0
(7558, 7559, 7560) 38019.0
(5222, 5223, 5224) 30600.0
(9418, 9419, 9420) 40015.0
(8619, 8620, 8621) 40773.0
(5873, 5874, 5875) 31874.0
(4735, 4736, 4737) 31092.0
(4957, 4958, 4959) 38727.0
(2633, 2634, 2635) 50098.0
(5434, 5435, 5436) 44984.0
(1381, 1382, 1383) 35531.0
(6220, 6221, 6222) 41536.0
(7833, 7834, 7835) 39260.0
(9700, 9701, 9702) 31716.0
(9206, 9207, 9208) 31161.0
(7256, 7257, 7258) 30556.0
(495, 496, 497) 42340.0
(4172, 4173, 4174) 29789.0
(5787, 5788, 5789) 34347.0
(1453, 1454, 1455) 30161.0
(9592, 9593, 9594) 31142.0
(7707, 7708, 7709) 35409.0
(9348, 9349, 9350) 47085.0
(6376, 6377, 6378) 25021.0
(7029, 7030, 7031) 34217.0
(7852, 7853, 7854) 40771.0
(901, 902, 903) 28313.0
(4476, 4477, 4478) 29656.0
(5864, 5865, 5866) 46861.0
(3015, 3016, 3017) 36073.0
(8602, 8603, 8604) 28703.0
(3696, 3697, 3698) 48667.0
(323, 324, 325) 47173.0
(137, 138, 139) 35673.0
(5061, 5062, 5063) 47337.0
(5124, 5125, 5126) 41398.0
(7957, 7958, 7959) 36104.0
(2265, 2266, 2267) 26315.0
(5094, 5095, 5096) 36264.0
(4692, 4693, 4694) 44528.0
(8251, 8252, 8253) 38824.0
(5731, 5732, 5733) 40894.0
(7941, 7942, 7943) 39559.0
(3139, 3140, 3141) 32098.0
(3286, 3287, 3288) 28834.0
(9025, 9026, 9027) 35581.0
(4363, 4364, 4365) 36828.0
(6624, 6625, 6626) 33302.0
(5136, 5137, 5138) 53093.0
(4490, 4491, 4492) 45318.0
(4605, 4606, 4607) 43248.0
(5188, 5189, 5190) 45780.0
(2306, 2307, 2308) 37734.0
(9034, 9035, 9036) 39919.0
(200, 201, 202) 42443.0
(1115, 1116, 1117) 33568.0
(6871, 6872, 6873) 42102.0
(596, 597, 598) 46004.0
(2481, 2482, 2483) 31077.0
(6908, 6909, 6910) 38578.0
(2872, 2873, 2874) 41128.0
(5532, 5533, 5534) 35713.0
(1960, 1961, 1962) 33506.0
(7805, 7806, 7807) 39174.0
(5331, 5332, 5333) 32755.0
(1997, 1998, 1999) 34336.0
(5600, 5601, 5602) 34600.0
(3500, 3501, 3502) 29229.0
(4183, 4184, 4185) 50540.0
(731, 732, 733) 41380.0
(4048, 4049, 4050) 27719.0
(8786, 8787, 8788) 31966.0
(5377, 5378, 5379) 30546.0
(7639, 7640, 7641) 46087.0
(9058, 9059, 9060) 27496.0
(8889, 8890, 8891) 44484.0
(8914, 8915, 8916) 41073.0
(4644, 4645, 4646) 34631.0
(3254, 3255, 3256) 27772.0
(5010, 5011, 5012) 35823.0
(8126, 8127, 8128) 38723.0
(5079, 5080, 5081) 33472.0
(3340, 3341, 3342) 34598.0
(6969, 6970, 6971) 34140.0
(7618, 7619, 7620) 30066.0
(3644, 3645, 3646) 38974.0
(2350, 2351, 2352) 33671.0
(9900, 9901, 9902) 38466.0
(199, 200, 201) 34038.0
(4346, 4347, 4348) 41812.0
(1218, 1219, 1220) 41841.0
(9102, 9103, 9104) 32218.0
(6862, 6863, 6864) 43494.0
(5261, 5262, 5263) 22321.0
(5631, 5632, 5633) 40621.0
(7980, 7981, 7982) 39229.0
(8209, 8210, 8211) 52034.0
(2118, 2119, 2120) 39438.0
(8156, 8157, 8158) 41089.0
(3773, 3774, 3775) 37274.0
(9558, 9559, 9560) 28705.0
(626, 627, 628) 51817.0
(5946, 5947, 5948) 38421.0
(1580, 1581, 1582) 24517.0
(9067, 9068, 9069) 42246.0
(4408, 4409, 4410) 39186.0
(6265, 6266, 6267) 36197.0
(5995, 5996, 5997) 38400.0
(1665, 1666, 1667) 40484.0
(1777, 1778, 1779) 34391.0
(1934, 1935, 1936) 30833.0
(9528, 9529, 9530) 42441.0
(119, 120, 121) 33459.0
(9131, 9132, 9133) 37515.0
(6341, 6342, 6343) 39221.0
(5248, 5249, 5250) 32916.0
(372, 373, 374) 38334.0
(3296, 3297, 3298) 39718.0
(6714, 6715, 6716) 32760.0
(3156, 3157, 3158) 31861.0
(1129, 1130, 1131) 42199.0
(9769, 9770, 9771) 39869.0
(9666, 9667, 9668) 36711.0
(6688, 6689, 6690) 26171.0
(7832, 7833, 7834) 35839.0
(5467, 5468, 5469) 33021.0
(4973, 4974, 4975) 30742.0
(7292, 7293, 7294) 40001.0
(9470, 9471, 9472) 35644.0
(7931, 7932, 7933) 41724.0
(715, 716, 717) 29187.0
(3009, 3010, 3011) 35898.0
(897, 898, 899) 27776.0
(7241, 7242, 7243) 31029.0
(4895, 4896, 4897) 32017.0
(4764, 4765, 4766) 43949.0
(4186, 4187, 4188) 31758.0
(2686, 2687, 2688) 38385.0
(8460, 8461, 8462) 46771.0
(6890, 6891, 6892) 38030.0
(7579, 7580, 7581) 43937.0
(8466, 8467, 8468) 38730.0
(2409, 2410, 2411) 38376.0
(5459, 5460, 5461) 31571.0
(6981, 6982, 6983) 31268.0
(4656, 4657, 4658) 36154.0
(3483, 3484, 3485) 31080.0
(3521, 3522, 3523) 44361.0
(3016, 3017, 3018) 31229.0
(318, 319, 320) 30554.0
(2788, 2789, 2790) 41029.0
(64, 65, 66) 32937.0
