(3563, 3564, 3565) 29639.0
(500, 501, 502) 40304.0
(6874, 6875, 6876) 37680.0
(2772, 2773, 2774) 35559.0
(1872, 1873, 1874) 35902.0
(2655, 2656, 2657) 34643.0
(5100, 5101, 5102) 34553.0
(5745, 5746, 5747) 22947.0
(8688, 8689, 8690) 46260.0
(4895, 4896, 4897) 33327.0
(7634, 7635, 7636) 41422.0
(546, 547, 548) 34926.0
(2259, 2260, 2261) 42764.0
(6991, 6992, 6993) 31906.0
(6511, 6512, 6513) 35235.0
(164, 165, 166) 38518.0
(8890, 8891, 8892) 29389.0
(5392, 5393, 5394) 43953.0
(8102, 8103, 8104) 37137.0
(2497, 2498, 2499) 32357.0
(5945, 5946, 5947) 31166.0
(7563, 7564, 7565) 47475.0
(3813, 3814, 3815) 40471.0
(5124, 5125, 5126) 41372.0
(23, 24, 25) 37071.0
(4578, 4579, 4580) 34613.0
(9502, 9503, 9504) 39796.0
(5665, 5666, 5667) 43616.0
(215, 216, 217) 40532.0
(7075, 7076, 7077) 52785.0
(5188, 5189, 5190) 46165.0
(8905, 8906, 8907) 45864.0
(4115, 4116, 4117) 26288.0
(293, 294, 295) 40031.0
(2527, 2528, 2529) 44721.0
(7878, 7879, 7880) 32288.0
(7378, 7379, 7380) 41098.0
(7652, 7653, 7654) 42857.0
(6742, 6743, 6744) 38055.0
(3735, 3736, 3737) 37428.0
(3018, 3019, 3020) 50652.0
(8693, 8694, 8695) 40321.0
(5355, 5356, 5357) 48910.0
(1142, 1143, 1144) 44602.0
(9211, 9212, 9213) 39382.0
(2020, 2021, 2022) 30315.0
(9607, 9608, 9609) 40665.0
(4988, 4989, 4990) 37183.0
(6257, 6258, 6259) 36527.0
(1064, 1065, 1066) 39073.0
(9839, 9840, 9841) 40647.0
(2375, 2376, 2377) 35285.0
(7385, 7386, 7387) 33675.0
(7116, 7117, 7118) 34299.0
(5509, 5510, 5511) 40881.0
(3705, 3706, 3707) 38436.0
(7313, 7314, 7315) 56562.0
(8543, 8544, 8545) 45040.0
(6511, 6512, 6513) 35235.0
(1021, 1022, 1023) 39831.0
(4156, 4157, 4158) 35749.0
(8100, 8101, 8102) 36973.0
(7003, 7004, 7005) 42678.0
(8734, 8735, 8736) 41750.0
(8412, 8413, 8414) 35174.0
(4217, 4218, 4219) 32756.0
(9947, 9948, 9949) 35404.0
(950, 951, 952) 35527.0
(1667, 1668, 1669) 35859.0
(784, 785, 786) 27538.0
(3174, 3175, 3176) 29095.0
(3542, 3543, 3544) 28231.0
(4349, 4350, 4351) 47119.0
(8855, 8856, 8857) 31402.0
(438, 439, 440) 26849.0
(3889, 3890, 3891) 31209.0
(2807, 2808, 2809) 41545.0
(3755, 3756, 3757) 30292.0
(9923, 9924, 9925) 34054.0
(9474, 9475, 9476) 38957.0
(5399, 5400, 5401) 28705.0
(1890, 1891, 1892) 38082.0
(9943, 9944, 9945) 33623.0
(2373, 2374, 2375) 48594.0
(1836, 1837, 1838) 37234.0
(809, 810, 811) 44632.0
(591, 592, 593) 40532.0
(3103, 3104, 3105) 30279.0
(6395, 6396, 6397) 29282.0
(6076, 6077, 6078) 40142.0
(2888, 2889, 2890) 33155.0
(9234, 9235, 9236) 30124.0
(9936, 9937, 9938) 34282.0
(7478, 7479, 7480) 40949.0
(9016, 9017, 9018) 41885.0
(6417, 6418, 6419) 45190.0
(7051, 7052, 7053) 37868.0
(4493, 4494, 4495) 29799.0
(4511, 4512, 4513) 41484.0
(1999, 2000, 2001) 43650.0
(4840, 4841, 4842) 30728.0
(8260, 8261, 8262) 37164.0
(2034, 2035, 2036) 48472.0
(5089, 5090, 5091) 44905.0
(3760, 3761, 3762) 43572.0
(8838, 8839, 8840) 31628.0
(5524, 5525, 5526) 38312.0
(3228, 3229, 3230) 47534.0
(9034, 9035, 9036) 41079.0
(3485, 3486, 3487) 34088.0
(8086, 8087, 8088) 35712.0
(1325, 1326, 1327) 38190.0
(7148, 7149, 7150) 41192.0
(8934, 8935, 8936) 44118.0
(7723, 7724, 7725) 41905.0
(1478, 1479, 1480) 33334.0
(8503, 8504, 8505) 46459.0
(3275, 3276, 3277) 30517.0
(9193, 9194, 9195) 49075.0
(881, 882, 883) 32255.0
(5150, 5151, 5152) 33892.0
(7375, 7376, 7377) 34140.0
(341, 342, 343) 35982.0
(162, 163, 164) 44457.0
(4323, 4324, 4325) 49317.0
(907, 908, 909) 40921.0
(3076, 3077, 3078) 40235.0
(202, 203, 204) 30709.0
(208, 209, 210) 39972.0
(7274, 7275, 7276) 39625.0
(5289, 5290, 5291) 43268.0
(9307, 9308, 9309) 46801.0
(1328, 1329, 1330) 34764.0
(2234, 2235, 2236) 45953.0
(9139, 9140, 9141) 28987.0
(8911, 8912, 8913) 44685.0
(5293, 5294, 5295) 38558.0
(4792, 4793, 4794) 35219.0
(1525, 1526, 1527) 33571.0
(3014, 3015, 3016) 41591.0
(7382, 7383, 7384) 30768.0
(9081, 9082, 9083) 35317.0
(4637, 4638, 4639) 44923.0
(9999, 10000, 10001) 41227.0
(897, 898, 899) 29853.0
(5644, 5645, 5646) 39213.0
(2665, 2666, 2667) 38802.0
(6161, 6162, 6163) 36339.0
(9809, 9810, 9811) 32941.0
(4641, 4642, 4643) 33404.0
(32, 33, 34) 34365.0
(1922, 1923, 1924) 31847.0
(9917, 9918, 9919) 38498.0
(5941, 5942, 5943) 48932.0
(5454, 5455, 5456) 34778.0
(9929, 9930, 9931) 30483.0
(5029, 5030, 5031) 33340.0
(1370, 1371, 1372) 30577.0
(1394, 1395, 1396) 46923.0
(4521, 4522, 4523) 29482.0
(1582, 1583, 1584) 33240.0
(5382, 5383, 5384) 36187.0
(8963, 8964, 8965) 39983.0
(4423, 4424, 4425) 38606.0
(9734, 9735, 9736) 37874.0
(1142, 1143, 1144) 44602.0
(1873, 1874, 1875) 48954.0
(7680, 7681, 7682) 32301.0
(3332, 3333, 3334) 40112.0
(7250, 7251, 7252) 36314.0
(8363, 8364, 8365) 35418.0
(5075, 5076, 5077) 46266.0
(7936, 7937, 7938) 45486.0
(7872, 7873, 7874) 41028.0
(1521, 1522, 1523) 33253.0
(9620, 9621, 9622) 48375.0
(9612, 9613, 9614) 34799.0
(2280, 2281, 2282) 26893.0
(6798, 6799, 6800) 32249.0
(4294, 4295, 4296) 36171.0
(1687, 1688, 1689) 31383.0
(5490, 5491, 5492) 34149.0
(2478, 2479, 2480) 45109.0
(877, 878, 879) 37211.0
(1472, 1473, 1474) 37041.0
(1078, 1079, 1080) 35753.0
(4877, 4878, 4879) 41127.0
(3078, 3079, 3080) 41416.0
(5908, 5909, 5910) 35870.0
(5206, 5207, 5208) 37972.0
(6261, 6262, 6263) 48186.0
(3258, 3259, 3260) 30540.0
(8835, 8836, 8837) 33747.0
(21, 22, 23) 29116.0
(22, 23, 24) 38589.0
(8546, 8547, 8548) 45633.0
(3315, 3316, 3317) 54177.0
(7695, 7696, 7697) 39841.0
(2153, 2154, 2155) 33148.0
(3329, 3330, 3331) 34584.0
(7890, 7891, 7892) 38294.0
