(6111, 6112, 6113) 34396.0
(3890, 3891, 3892) 44370.0
(4225, 4226, 4227) 44659.0
(7572, 7573, 7574) 40035.0
(1079, 1080, 1081) 36587.0
(6652, 6653, 6654) 43468.0
(1519, 1520, 1521) 29703.0
(1153, 1154, 1155) 32261.0
(4964, 4965, 4966) 38406.0
(9396, 9397, 9398) 44056.0
(8227, 8228, 8229) 44641.0
(6705, 6706, 6707) 49405.0
(6717, 6718, 6719) 53691.0
(3179, 3180, 3181) 34656.0
(4007, 4008, 4009) 34522.0
(2226, 2227, 2228) 32746.0
(1098, 1099, 1100) 36359.0
(5817, 5818, 5819) 40746.0
(5172, 5173, 5174) 40765.0
(8989, 8990, 8991) 48492.0
(8387, 8388, 8389) 32631.0
(4718, 4719, 4720) 46178.0
(749, 750, 751) 40730.0
(8799, 8800, 8801) 31144.0
(5478, 5479, 5480) 43644.0
(5586, 5587, 5588) 35232.0
(6728, 6729, 6730) 30117.0
(7947, 7948, 7949) 38887.0
(2129, 2130, 2131) 35618.0
(2702, 2703, 2704) 31265.0
(1257, 1258, 1259) 45815.0
(3929, 3930, 3931) 34041.0
(7078, 7079, 7080) 41469.0
(5545, 5546, 5547) 44921.0
(7185, 7186, 7187) 40344.0
(4558, 4559, 4560) 51997.0
(4398, 4399, 4400) 39759.0
(5915, 5916, 5917) 38609.0
(5497, 5498, 5499) 38719.0
(7850, 7851, 7852) 31445.0
(5975, 5976, 5977) 37013.0
(1255, 1256, 1257) 30585.0
(3278, 3279, 3280) 45040.0
(6191, 6192, 6193) 51259.0
(2290, 2291, 2292) 39577.0
(6491, 6492, 6493) 40260.0
(106, 107, 108) 40760.0
(2474, 2475, 2476) 40349.0
(9337, 9338, 9339) 34028.0
(4255, 4256, 4257) 38777.0
(5185, 5186, 5187) 37731.0
(7566, 7567, 7568) 44202.0
(9098, 9099, 9100) 35990.0
(7846, 7847, 7848) 41055.0
(338, 339, 340) 36972.0
(4775, 4776, 4777) 50206.0
(9436, 9437, 9438) 40310.0
(7348, 7349, 7350) 44772.0
(5136, 5137, 5138) 55483.0
(1589, 1590, 1591) 35692.0
(899, 900, 901) 28062.0
(6297, 6298, 6299) 40434.0
(2382, 2383, 2384) 40843.0
(6268, 6269, 6270) 43510.0
(2666, 2667, 2668) 45022.0
(9874, 9875, 9876) 36280.0
(7998, 7999, 8000) 35994.0
(7030, 7031, 7032) 36866.0
(1256, 1257, 1258) 49337.0
(5562, 5563, 5564) 40998.0
(3927, 3928, 3929) 39809.0
(4287, 4288, 4289) 37884.0
(6817, 6818, 6819) 38044.0
(9625, 9626, 9627) 51981.0
(7730, 7731, 7732) 32116.0
(4978, 4979, 4980) 41819.0
(373, 374, 375) 34525.0
(6169, 6170, 6171) 46044.0
(4994, 4995, 4996) 43042.0
(8779, 8780, 8781) 52042.0
(8635, 8636, 8637) 37999.0
(4479, 4480, 4481) 39182.0
(5851, 5852, 5853) 42752.0
(7275, 7276, 7277) 51232.0
(6083, 6084, 6085) 50370.0
(8397, 8398, 8399) 42289.0
(5790, 5791, 5792) 32750.0
(9698, 9699, 9700) 41374.0
(6089, 6090, 6091) 35422.0
(1164, 1165, 1166) 57211.0
(6902, 6903, 6904) 44030.0
(8811, 8812, 8813) 37411.0
(3721, 3722, 3723) 51200.0
(3811, 3812, 3813) 36099.0
(1446, 1447, 1448) 42167.0
(642, 643, 644) 39584.0
(2564, 2565, 2566) 43823.0
(1741, 1742, 1743) 33601.0
(5424, 5425, 5426) 35301.0
(4753, 4754, 4755) 36517.0
(3250, 3251, 3252) 34721.0
(6134, 6135, 6136) 50998.0
(5588, 5589, 5590) 49129.0
(5627, 5628, 5629) 42876.0
(4922, 4923, 4924) 42253.0
(6921, 6922, 6923) 44514.0
(1901, 1902, 1903) 31840.0
(915, 916, 917) 34749.0
(5160, 5161, 5162) 38086.0
(8303, 8304, 8305) 40401.0
(3617, 3618, 3619) 31528.0
(652, 653, 654) 45592.0
(8346, 8347, 8348) 44379.0
(944, 945, 946) 36618.0
(4808, 4809, 4810) 35265.0
(3882, 3883, 3884) 56669.0
(6254, 6255, 6256) 54283.0
(2273, 2274, 2275) 39480.0
(4683, 4684, 4685) 44710.0
(948, 949, 950) 35116.0
(4292, 4293, 4294) 40898.0
(2526, 2527, 2528) 34803.0
(4703, 4704, 4705) 37040.0
(6791, 6792, 6793) 46115.0
(6604, 6605, 6606) 38505.0
(7082, 7083, 7084) 36983.0
(4808, 4809, 4810) 35265.0
(6488, 6489, 6490) 41741.0
(3443, 3444, 3445) 45884.0
(5167, 5168, 5169) 44131.0
(4514, 4515, 4516) 43047.0
(1774, 1775, 1776) 49479.0
(1446, 1447, 1448) 42167.0
(773, 774, 775) 39030.0
(3596, 3597, 3598) 60245.0
(2927, 2928, 2929) 34425.0
(8457, 8458, 8459) 43079.0
(4321, 4322, 4323) 45302.0
(7475, 7476, 7477) 42250.0
(831, 832, 833) 41575.0
(5153, 5154, 5155) 41324.0
(1510, 1511, 1512) 33320.0
(3247, 3248, 3249) 37107.0
(1368, 1369, 1370) 36283.0
(7480, 7481, 7482) 39222.0
(5999, 6000, 6001) 45532.0
(8176, 8177, 8178) 38495.0
(4059, 4060, 4061) 40135.0
(4998, 4999, 5000) 40001.0
(108, 109, 110) 39422.0
(8164, 8165, 8166) 37039.0
(4326, 4327, 4328) 42679.0
(2832, 2833, 2834) 39615.0
(6746, 6747, 6748) 39622.0
(7455, 7456, 7457) 44934.0
(8402, 8403, 8404) 35732.0
(7131, 7132, 7133) 43435.0
(6874, 6875, 6876) 39157.0
(8425, 8426, 8427) 43185.0
(4792, 4793, 4794) 36086.0
(4849, 4850, 4851) 40358.0
(2322, 2323, 2324) 36172.0
(2461, 2462, 2463) 41041.0
(11, 12, 13) 52211.0
(8421, 8422, 8423) 37723.0
(9588, 9589, 9590) 45736.0
(9163, 9164, 9165) 41232.0
(4235, 4236, 4237) 51643.0
(273, 274, 275) 40249.0
(6971, 6972, 6973) 37457.0
(2367, 2368, 2369) 33103.0
(632, 633, 634) 38755.0
(9632, 9633, 9634) 50583.0
(5024, 5025, 5026) 55651.0
(4572, 4573, 4574) 51354.0
(6252, 6253, 6254) 35871.0
(2022, 2023, 2024) 34395.0
(4334, 4335, 4336) 32946.0
(9868, 9869, 9870) 49805.0
(6733, 6734, 6735) 48978.0
(3048, 3049, 3050) 31717.0
(8364, 8365, 8366) 44255.0
(8575, 8576, 8577) 46720.0
(2359, 2360, 2361) 39021.0
(1822, 1823, 1824) 35672.0
(4519, 4520, 4521) 37791.0
(693, 694, 695) 42035.0
(8944, 8945, 8946) 34680.0
(8558, 8559, 8560) 46591.0
(2599, 2600, 2601) 34587.0
(5794, 5795, 5796) 40245.0
(1331, 1332, 1333) 45027.0
(4812, 4813, 4814) 45237.0
(5630, 5631, 5632) 35388.0
(4624, 4625, 4626) 40260.0
(2962, 2963, 2964) 43154.0
(3101, 3102, 3103) 32532.0
(9407, 9408, 9409) 49986.0
(3531, 3532, 3533) 47885.0
(8090, 8091, 8092) 36732.0
(156, 157, 158) 37426.0
