(8112, 8113, 8114) 48035.0
(8789, 8790, 8791) 41977.0
(8780, 8781, 8782) 43353.0
(7492, 7493, 7494) 42030.0
(8769, 8770, 8771) 44415.0
(3315, 3316, 3317) 56848.0
(5835, 5836, 5837) 42452.0
(9756, 9757, 9758) 41084.0
(136, 137, 138) 34854.0
(9759, 9760, 9761) 38407.0
(2008, 2009, 2010) 42332.0
(2945, 2946, 2947) 41889.0
(3885, 3886, 3887) 44574.0
(7476, 7477, 7478) 39797.0
(3774, 3775, 3776) 40635.0
(8585, 8586, 8587) 48369.0
(5761, 5762, 5763) 55610.0
(6971, 6972, 6973) 38671.0
(9829, 9830, 9831) 37116.0
(8890, 8891, 8892) 33567.0
(9595, 9596, 9597) 43764.0
(1293, 1294, 1295) 37487.0
(2583, 2584, 2585) 40410.0
(8397, 8398, 8399) 44223.0
(8764, 8765, 8766) 49416.0
(6270, 6271, 6272) 43267.0
(6292, 6293, 6294) 43409.0
(7257, 7258, 7259) 48067.0
(2003, 2004, 2005) 35739.0
(8961, 8962, 8963) 57349.0
(5448, 5449, 5450) 34282.0
(8496, 8497, 8498) 48270.0
(7860, 7861, 7862) 51460.0
(5582, 5583, 5584) 37598.0
(9663, 9664, 9665) 33162.0
(9079, 9080, 9081) 30454.0
(4924, 4925, 4926) 45734.0
(4558, 4559, 4560) 54139.0
(8877, 8878, 8879) 35264.0
(7007, 7008, 7009) 48473.0
(7829, 7830, 7831) 45728.0
(2976, 2977, 2978) 57787.0
(9623, 9624, 9625) 43919.0
(1623, 1624, 1625) 44775.0
(81, 82, 83) 42647.0
(224, 225, 226) 48885.0
(5792, 5793, 5794) 49906.0
(6377, 6378, 6379) 44904.0
(5752, 5753, 5754) 48717.0
(1425, 1426, 1427) 54244.0
(6977, 6978, 6979) 53454.0
(8895, 8896, 8897) 43982.0
(6861, 6862, 6863) 35504.0
(7774, 7775, 7776) 49292.0
(4714, 4715, 4716) 42484.0
(8406, 8407, 8408) 45949.0
(7334, 7335, 7336) 46118.0
(8686, 8687, 8688) 38676.0
(873, 874, 875) 48474.0
(6209, 6210, 6211) 50065.0
(1616, 1617, 1618) 50402.0
(9692, 9693, 9694) 40584.0
(4442, 4443, 4444) 43085.0
(8170, 8171, 8172) 44395.0
(286, 287, 288) 39016.0
(8701, 8702, 8703) 46000.0
(1231, 1232, 1233) 50576.0
(4747, 4748, 4749) 40832.0
(1, 2, 3) 63238.0
(4937, 4938, 4939) 42843.0
(2458, 2459, 2460) 39377.0
(881, 882, 883) 36939.0
(9998, 9999, 10000) 46338.0
(2342, 2343, 2344) 37107.0
(2414, 2415, 2416) 53287.0
(4046, 4047, 4048) 47813.0
(6514, 6515, 6516) 43347.0
(5227, 5228, 5229) 46771.0
(5535, 5536, 5537) 35003.0
(1601, 1602, 1603) 46227.0
(2263, 2264, 2265) 51170.0
(2246, 2247, 2248) 37907.0
(681, 682, 683) 44874.0
(6483, 6484, 6485) 40914.0
(3539, 3540, 3541) 44953.0
(6031, 6032, 6033) 39792.0
(1880, 1881, 1882) 45550.0
(7095, 7096, 7097) 45415.0
(6832, 6833, 6834) 37337.0
(1540, 1541, 1542) 34471.0
(929, 930, 931) 50521.0
(3990, 3991, 3992) 44922.0
(161, 162, 163) 41301.0
(2112, 2113, 2114) 42876.0
(1043, 1044, 1045) 39103.0
(3978, 3979, 3980) 41073.0
(922, 923, 924) 35155.0
(6008, 6009, 6010) 36028.0
(8146, 8147, 8148) 38206.0
(3270, 3271, 3272) 59625.0
(4227, 4228, 4229) 36537.0
(9097, 9098, 9099) 28114.0
(8487, 8488, 8489) 59904.0
(2937, 2938, 2939) 50879.0
(4210, 4211, 4212) 46589.0
(7982, 7983, 7984) 38537.0
(3978, 3979, 3980) 41073.0
(5597, 5598, 5599) 32455.0
(4497, 4498, 4499) 65722.0
(6066, 6067, 6068) 44027.0
(3103, 3104, 3105) 33011.0
(6780, 6781, 6782) 40842.0
(9936, 9937, 9938) 38577.0
(8212, 8213, 8214) 45814.0
(3960, 3961, 3962) 37103.0
(1063, 1064, 1065) 29475.0
(7651, 7652, 7653) 52017.0
(5360, 5361, 5362) 39944.0
(945, 946, 947) 39846.0
(7793, 7794, 7795) 35890.0
(2574, 2575, 2576) 38585.0
(995, 996, 997) 38993.0
(6707, 6708, 6709) 47285.0
(9966, 9967, 9968) 54521.0
(1362, 1363, 1364) 39928.0
(3315, 3316, 3317) 56848.0
(6103, 6104, 6105) 49275.0
(6833, 6834, 6835) 45371.0
(7279, 7280, 7281) 39764.0
(7446, 7447, 7448) 49792.0
(6526, 6527, 6528) 36548.0
(3288, 3289, 3290) 41674.0
(5866, 5867, 5868) 32716.0
(335, 336, 337) 35121.0
(2038, 2039, 2040) 38361.0
(3137, 3138, 3139) 48660.0
(3813, 3814, 3815) 42244.0
(4995, 4996, 4997) 41509.0
(1191, 1192, 1193) 46066.0
(6008, 6009, 6010) 36028.0
(7944, 7945, 7946) 40944.0
(415, 416, 417) 44443.0
(832, 833, 834) 60382.0
(2563, 2564, 2565) 40326.0
(3508, 3509, 3510) 39558.0
(5594, 5595, 5596) 32934.0
(1180, 1181, 1182) 42563.0
(3886, 3887, 3888) 43928.0
(6257, 6258, 6259) 37110.0
(4296, 4297, 4298) 57057.0
(7995, 7996, 7997) 51598.0
(1172, 1173, 1174) 41574.0
(1134, 1135, 1136) 36225.0
(3932, 3933, 3934) 43413.0
(8498, 8499, 8500) 39088.0
(9176, 9177, 9178) 43422.0
(132, 133, 134) 64466.0
(989, 990, 991) 37157.0
(5336, 5337, 5338) 51216.0
(2168, 2169, 2170) 34024.0
(8560, 8561, 8562) 42170.0
(3599, 3600, 3601) 36506.0
(8574, 8575, 8576) 32187.0
(5453, 5454, 5455) 63360.0
(5442, 5443, 5444) 38743.0
(33, 34, 35) 37794.0
(3493, 3494, 3495) 34519.0
(6649, 6650, 6651) 50490.0
(9311, 9312, 9313) 40795.0
(7731, 7732, 7733) 39808.0
(1205, 1206, 1207) 49672.0
(1923, 1924, 1925) 33637.0
(4784, 4785, 4786) 43057.0
(9276, 9277, 9278) 37778.0
(9323, 9324, 9325) 42397.0
(3139, 3140, 3141) 35742.0
(5818, 5819, 5820) 43672.0
(2545, 2546, 2547) 49679.0
(9580, 9581, 9582) 49835.0
(1128, 1129, 1130) 48448.0
(7468, 7469, 7470) 40280.0
(8014, 8015, 8016) 39778.0
(928, 929, 930) 47574.0
(6748, 6749, 6750) 42827.0
(7705, 7706, 7707) 34149.0
(9667, 9668, 9669) 43349.0
(3186, 3187, 3188) 52075.0
(5854, 5855, 5856) 38782.0
(4698, 4699, 4700) 59685.0
(8886, 8887, 8888) 40574.0
(1840, 1841, 1842) 47755.0
(8886, 8887, 8888) 40574.0
(7914, 7915, 7916) 46708.0
(5933, 5934, 5935) 46405.0
(5183, 5184, 5185) 43257.0
(8650, 8651, 8652) 32055.0
(2965, 2966, 2967) 31520.0
(8894, 8895, 8896) 42393.0
(8894, 8895, 8896) 42393.0
(6888, 6889, 6890) 38372.0
(9642, 9643, 9644) 44185.0
(3564, 3565, 3566) 37839.0
(6620, 6621, 6622) 46869.0
(5790, 5791, 5792) 32436.0
(1068, 1069, 1070) 40560.0
(4703, 4704, 4705) 40378.0
(1027, 1028, 1029) 39076.0
(1002, 1003, 1004) 45627.0
(1709, 1710, 1711) 35736.0
(3255, 3256, 3257) 46498.0
(5166, 5167, 5168) 41480.0
(5724, 5725, 5726) 36472.0
(1114, 1115, 1116) 46150.0
(1132, 1133, 1134) 41767.0
(7345, 7346, 7347) 50520.0
(8550, 8551, 8552) 32523.0
(1060, 1061, 1062) 48030.0
(7570, 7571, 7572) 63065.0
(965, 966, 967) 50983.0
(4530, 4531, 4532) 44716.0
(6452, 6453, 6454) 50514.0
(3749, 3750, 3751) 41421.0
(705, 706, 707) 34663.0
(8687, 8688, 8689) 40098.0
(5563, 5564, 5565) 35600.0
(7210, 7211, 7212) 46584.0
(8294, 8295, 8296) 49065.0
(3929, 3930, 3931) 35547.0
(9261, 9262, 9263) 25729.0
(2035, 2036, 2037) 35720.0
(3210, 3211, 3212) 36664.0
(4573, 4574, 4575) 44622.0
(2275, 2276, 2277) 38578.0
(7682, 7683, 7684) 37756.0
(5627, 5628, 5629) 46138.0
(9535, 9536, 9537) 40569.0
(4257, 4258, 4259) 47260.0
(9841, 9842, 9843) 45984.0
(170, 171, 172) 43222.0
(6117, 6118, 6119) 44753.0
(3857, 3858, 3859) 40503.0
(1937, 1938, 1939) 51383.0
(1293, 1294, 1295) 37487.0
(8023, 8024, 8025) 51708.0
(4558, 4559, 4560) 54139.0
(7345, 7346, 7347) 50520.0
(8345, 8346, 8347) 37486.0
(2082, 2083, 2084) 36312.0
(8734, 8735, 8736) 42548.0
(9101, 9102, 9103) 58517.0
(6278, 6279, 6280) 41088.0
(9680, 9681, 9682) 47999.0
(8249, 8250, 8251) 45707.0
(7593, 7594, 7595) 40433.0
(2783, 2784, 2785) 35723.0
(8824, 8825, 8826) 29256.0
(3788, 3789, 3790) 39507.0
(5281, 5282, 5283) 48863.0
(6060, 6061, 6062) 68308.0
(2855, 2856, 2857) 50211.0
(7249, 7250, 7251) 43400.0
(1119, 1120, 1121) 39645.0
(4644, 4645, 4646) 38314.0
(4253, 4254, 4255) 36774.0
(2548, 2549, 2550) 37281.0
(3256, 3257, 3258) 37157.0
(7333, 7334, 7335) 38642.0
(7648, 7649, 7650) 44974.0
(4596, 4597, 4598) 49764.0
(8679, 8680, 8681) 33185.0
(4175, 4176, 4177) 49419.0
(1474, 1475, 1476) 45578.0
(6567, 6568, 6569) 34388.0
(9100, 9101, 9102) 37474.0
(3345, 3346, 3347) 51396.0
(8055, 8056, 8057) 58785.0
(3882, 3883, 3884) 57872.0
(2583, 2584, 2585) 40410.0
(6949, 6950, 6951) 33439.0
(1981, 1982, 1983) 48762.0
(9678, 9679, 9680) 45500.0
(9208, 9209, 9210) 44372.0
(4946, 4947, 4948) 37133.0
(930, 931, 932) 45415.0
(510, 511, 512) 43201.0
(2284, 2285, 2286) 36584.0
(592, 593, 594) 42200.0
(5430, 5431, 5432) 52908.0
(349, 350, 351) 49658.0
(359, 360, 361) 46901.0
(1491, 1492, 1493) 48207.0
(3926, 3927, 3928) 36575.0
(7913, 7914, 7915) 34368.0
(5940, 5941, 5942) 45841.0
(9320, 9321, 9322) 40767.0
(5114, 5115, 5116) 37806.0
(8344, 8345, 8346) 36877.0
(9047, 9048, 9049) 41346.0
(4413, 4414, 4415) 51655.0
(8237, 8238, 8239) 39013.0
(3938, 3939, 3940) 39690.0
(7132, 7133, 7134) 36601.0
(3165, 3166, 3167) 36375.0
(9760, 9761, 9762) 47010.0
(446, 447, 448) 43485.0
(6821, 6822, 6823) 35936.0
(8362, 8363, 8364) 50942.0
(1754, 1755, 1756) 61857.0
(7654, 7655, 7656) 51037.0
(8919, 8920, 8921) 39104.0
(4726, 4727, 4728) 41832.0
(2364, 2365, 2366) 40825.0
(6178, 6179, 6180) 54177.0
(2683, 2684, 2685) 32483.0
(6642, 6643, 6644) 42110.0
(8142, 8143, 8144) 47638.0
(2098, 2099, 2100) 44617.0
(6927, 6928, 6929) 45356.0
(7309, 7310, 7311) 42367.0
(9279, 9280, 9281) 48855.0
(9810, 9811, 9812) 38818.0
(2461, 2462, 2463) 44178.0
(3309, 3310, 3311) 35583.0
(1715, 1716, 1717) 30613.0
(6035, 6036, 6037) 48627.0
(3962, 3963, 3964) 48765.0
(4119, 4120, 4121) 40147.0
(4264, 4265, 4266) 36860.0
(8218, 8219, 8220) 43581.0
(4043, 4044, 4045) 33130.0
(159, 160, 161) 35477.0
(2658, 2659, 2660) 53207.0
(541, 542, 543) 32281.0
(7778, 7779, 7780) 52108.0
(2671, 2672, 2673) 35886.0
(1154, 1155, 1156) 63597.0
(9801, 9802, 9803) 33002.0
(7992, 7993, 7994) 49259.0
(5016, 5017, 5018) 42882.0
(6111, 6112, 6113) 35011.0
(6342, 6343, 6344) 52165.0
(4857, 4858, 4859) 42336.0
(161, 162, 163) 41301.0
(7555, 7556, 7557) 48302.0
(3846, 3847, 3848) 39519.0
(9394, 9395, 9396) 34747.0
(837, 838, 839) 38009.0
(7154, 7155, 7156) 51674.0
(1752, 1753, 1754) 49070.0
(9040, 9041, 9042) 37067.0
(1033, 1034, 1035) 42887.0
(3936, 3937, 3938) 54940.0
(1079, 1080, 1081) 37598.0
(3044, 3045, 3046) 32111.0
(984, 985, 986) 35799.0
(6259, 6260, 6261) 40365.0
(9833, 9834, 9835) 38851.0
(2516, 2517, 2518) 47590.0
(7034, 7035, 7036) 33484.0
(3702, 3703, 3704) 49346.0
(9726, 9727, 9728) 43603.0
(8227, 8228, 8229) 45818.0
(1064, 1065, 1066) 42855.0
(3062, 3063, 3064) 52410.0
(7877, 7878, 7879) 31804.0
(9792, 9793, 9794) 40584.0
(58, 59, 60) 31453.0
(9086, 9087, 9088) 47205.0
(552, 553, 554) 44590.0
(7941, 7942, 7943) 45610.0
(6099, 6100, 6101) 42055.0
(9536, 9537, 9538) 42996.0
(3194, 3195, 3196) 44318.0
(7441, 7442, 7443) 43044.0
(6224, 6225, 6226) 51336.0
(2087, 2088, 2089) 36923.0
(5473, 5474, 5475) 37301.0
(1489, 1490, 1491) 45978.0
(66, 67, 68) 31760.0
(3687, 3688, 3689) 45071.0
(961, 962, 963) 51904.0
(6692, 6693, 6694) 46440.0
(6500, 6501, 6502) 45657.0
(9795, 9796, 9797) 41096.0
(3776, 3777, 3778) 37361.0
(7551, 7552, 7553) 41859.0
(4513, 4514, 4515) 39877.0
(1978, 1979, 1980) 38517.0
(9142, 9143, 9144) 35789.0
(1560, 1561, 1562) 36230.0
(5803, 5804, 5805) 34310.0
(647, 648, 649) 40723.0
(7645, 7646, 7647) 31553.0
(9822, 9823, 9824) 37831.0
(9253, 9254, 9255) 37876.0
(4852, 4853, 4854) 44163.0
(9351, 9352, 9353) 31326.0
(6450, 6451, 6452) 45591.0
(7926, 7927, 7928) 49154.0
(4716, 4717, 4718) 40785.0
(8567, 8568, 8569) 54262.0
(6190, 6191, 6192) 43241.0
(1693, 1694, 1695) 41746.0
(7227, 7228, 7229) 44656.0
(3104, 3105, 3106) 37692.0
(8184, 8185, 8186) 43644.0
(5829, 5830, 5831) 46053.0
(9741, 9742, 9743) 31246.0
(9671, 9672, 9673) 29637.0
(5668, 5669, 5670) 39301.0
(9751, 9752, 9753) 44916.0
(5206, 5207, 5208) 42406.0
(8939, 8940, 8941) 38580.0
(7838, 7839, 7840) 42658.0
(7419, 7420, 7421) 41823.0
(2347, 2348, 2349) 44386.0
(7454, 7455, 7456) 48310.0
(3347, 3348, 3349) 36998.0
(2408, 2409, 2410) 39481.0
(6271, 6272, 6273) 48931.0
(3665, 3666, 3667) 44560.0
(3510, 3511, 3512) 42707.0
(5186, 5187, 5188) 38387.0
(4305, 4306, 4307) 26946.0
(8655, 8656, 8657) 39107.0
(9161, 9162, 9163) 44436.0
(1573, 1574, 1575) 45605.0
(7078, 7079, 7080) 44976.0
(4408, 4409, 4410) 48543.0
(1785, 1786, 1787) 46689.0
(3646, 3647, 3648) 28898.0
(6669, 6670, 6671) 39250.0
(9080, 9081, 9082) 29854.0
(8359, 8360, 8361) 46937.0
(3081, 3082, 3083) 45024.0
(2850, 2851, 2852) 44190.0
(1555, 1556, 1557) 43450.0
(7632, 7633, 7634) 41744.0
(5830, 5831, 5832) 46222.0
(1975, 1976, 1977) 44029.0
(8006, 8007, 8008) 61320.0
(9421, 9422, 9423) 38676.0
(621, 622, 623) 51101.0
(660, 661, 662) 54430.0
(9088, 9089, 9090) 28447.0
(1668, 1669, 1670) 47122.0
(6143, 6144, 6145) 48069.0
(6755, 6756, 6757) 55895.0
(6791, 6792, 6793) 47442.0
(3228, 3229, 3230) 51859.0
(4729, 4730, 4731) 39447.0
(9169, 9170, 9171) 34127.0
(2464, 2465, 2466) 42251.0
(9205, 9206, 9207) 44977.0
(9252, 9253, 9254) 35377.0
(3768, 3769, 3770) 41087.0
(6279, 6280, 6281) 36336.0
(4608, 4609, 4610) 47065.0
(7199, 7200, 7201) 47040.0
(1937, 1938, 1939) 51383.0
(6777, 6778, 6779) 50140.0
(8474, 8475, 8476) 34068.0
(1424, 1425, 1426) 42242.0
(5391, 5392, 5393) 47322.0
(8981, 8982, 8983) 34834.0
(6079, 6080, 6081) 36264.0
(8524, 8525, 8526) 53357.0
(1884, 1885, 1886) 38266.0
(8261, 8262, 8263) 34124.0
(7698, 7699, 7700) 41382.0
(3317, 3318, 3319) 45376.0
(5820, 5821, 5822) 35367.0
(8660, 8661, 8662) 39484.0
(8000, 8001, 8002) 42627.0
(9415, 9416, 9417) 35920.0
(7879, 7880, 7881) 41630.0
(9387, 9388, 9389) 51106.0
(8330, 8331, 8332) 43954.0
(2553, 2554, 2555) 45983.0
(1506, 1507, 1508) 45714.0
(4342, 4343, 4344) 43310.0
(4064, 4065, 4066) 40593.0
(3849, 3850, 3851) 45818.0
(9172, 9173, 9174) 50420.0
(3546, 3547, 3548) 33644.0
(4991, 4992, 4993) 44842.0
(6041, 6042, 6043) 38991.0
(3703, 3704, 3705) 42898.0
(7131, 7132, 7133) 46422.0
(2253, 2254, 2255) 30688.0
(6713, 6714, 6715) 44319.0
(4101, 4102, 4103) 34243.0
(77, 78, 79) 51625.0
(3924, 3925, 3926) 40866.0
(8263, 8264, 8265) 46130.0
(424, 425, 426) 40211.0
(338, 339, 340) 37975.0
(2115, 2116, 2117) 46764.0
(3590, 3591, 3592) 36002.0
(8740, 8741, 8742) 40839.0
(7315, 7316, 7317) 30256.0
(7892, 7893, 7894) 49354.0
(5282, 5283, 5284) 47766.0
(2413, 2414, 2415) 38277.0
(5016, 5017, 5018) 42882.0
(9699, 9700, 9701) 38543.0
(7961, 7962, 7963) 39502.0
(8612, 8613, 8614) 46862.0
(6729, 6730, 6731) 41751.0
(4281, 4282, 4283) 36553.0
(2003, 2004, 2005) 35739.0
(8750, 8751, 8752) 39560.0
(2503, 2504, 2505) 43699.0
(8617, 8618, 8619) 58904.0
(8886, 8887, 8888) 40574.0
(8445, 8446, 8447) 34234.0
(1319, 1320, 1321) 48527.0
(9847, 9848, 9849) 42916.0
(804, 805, 806) 39277.0
(3826, 3827, 3828) 52332.0
(9828, 9829, 9830) 42458.0
(7524, 7525, 7526) 47164.0
(5125, 5126, 5127) 43069.0
(739, 740, 741) 36225.0
(6420, 6421, 6422) 40687.0
(1783, 1784, 1785) 38130.0
(4377, 4378, 4379) 42804.0
(4306, 4307, 4308) 35015.0
(5067, 5068, 5069) 50994.0
(1870, 1871, 1872) 35922.0
(2211, 2212, 2213) 47171.0
(6116, 6117, 6118) 26239.0
(3326, 3327, 3328) 29124.0
(5554, 5555, 5556) 52876.0
(2060, 2061, 2062) 46173.0
(2266, 2267, 2268) 48263.0
(2749, 2750, 2751) 45018.0
(7223, 7224, 7225) 50569.0
(8657, 8658, 8659) 39696.0
(3125, 3126, 3127) 39740.0
(3892, 3893, 3894) 40010.0
(6377, 6378, 6379) 44904.0
(806, 807, 808) 33777.0
(9457, 9458, 9459) 57882.0
(660, 661, 662) 54430.0
(365, 366, 367) 45694.0
(9404, 9405, 9406) 40287.0
(2183, 2184, 2185) 51682.0
(2302, 2303, 2304) 44772.0
(65, 66, 67) 43540.0
(1429, 1430, 1431) 33240.0
(9639, 9640, 9641) 35969.0
(1976, 1977, 1978) 35645.0
(8956, 8957, 8958) 40273.0
(8066, 8067, 8068) 48968.0
(6078, 6079, 6080) 51671.0
(5969, 5970, 5971) 46821.0
(1684, 1685, 1686) 47793.0
(4321, 4322, 4323) 47295.0
(7021, 7022, 7023) 33071.0
(6840, 6841, 6842) 48980.0
(2410, 2411, 2412) 42503.0
(4236, 4237, 4238) 41220.0
(400, 401, 402) 37142.0
(1906, 1907, 1908) 49994.0
(948, 949, 950) 38591.0
(5286, 5287, 5288) 40036.0
(3209, 3210, 3211) 47735.0
(2923, 2924, 2925) 37036.0
(1536, 1537, 1538) 31458.0
(4751, 4752, 4753) 40807.0
(6369, 6370, 6371) 38378.0
(6512, 6513, 6514) 45523.0
(2976, 2977, 2978) 57787.0
(3321, 3322, 3323) 36623.0
(9232, 9233, 9234) 54060.0
(8509, 8510, 8511) 32777.0
(6519, 6520, 6521) 36283.0
(3866, 3867, 3868) 30665.0
(869, 870, 871) 44707.0
(3171, 3172, 3173) 52235.0
(4089, 4090, 4091) 44602.0
(7047, 7048, 7049) 40114.0
(9406, 9407, 9408) 44804.0
(6835, 6836, 6837) 50397.0
(7263, 7264, 7265) 40212.0
(573, 574, 575) 26687.0
(1778, 1779, 1780) 41580.0
(2646, 2647, 2648) 38174.0
(4502, 4503, 4504) 38029.0
(7783, 7784, 7785) 45534.0
(6144, 6145, 6146) 38766.0
(1108, 1109, 1110) 34960.0
(3614, 3615, 3616) 49062.0
(8089, 8090, 8091) 42755.0
(9002, 9003, 9004) 47002.0
(4212, 4213, 4214) 37224.0
(1943, 1944, 1945) 33164.0
(5713, 5714, 5715) 49098.0
(8862, 8863, 8864) 44044.0
(2591, 2592, 2593) 42663.0
(9160, 9161, 9162) 47077.0
(5188, 5189, 5190) 49258.0
(9232, 9233, 9234) 54060.0
(4084, 4085, 4086) 56322.0
(2022, 2023, 2024) 35079.0
(2568, 2569, 2570) 42676.0
(9976, 9977, 9978) 45066.0
(1607, 1608, 1609) 34157.0
(1932, 1933, 1934) 50955.0
(2478, 2479, 2480) 48889.0
(8109, 8110, 8111) 35486.0
(7778, 7779, 7780) 52108.0
(8572, 8573, 8574) 44181.0
(9053, 9054, 9055) 36080.0
(2819, 2820, 2821) 44043.0
(268, 269, 270) 30777.0
(3131, 3132, 3133) 50993.0
(5904, 5905, 5906) 36702.0
(2800, 2801, 2802) 46143.0
(4512, 4513, 4514) 47380.0
(2633, 2634, 2635) 51392.0
(2836, 2837, 2838) 43180.0
(149, 150, 151) 49037.0
(9102, 9103, 9104) 35217.0
(3297, 3298, 3299) 34570.0
(2311, 2312, 2313) 36918.0
(9303, 9304, 9305) 33772.0
(2497, 2498, 2499) 36915.0
(3785, 3786, 3787) 50855.0
(4227, 4228, 4229) 36537.0
(4933, 4934, 4935) 45826.0
(2899, 2900, 2901) 50657.0
(6488, 6489, 6490) 44011.0
(9147, 9148, 9149) 37864.0
(2557, 2558, 2559) 47211.0
(6949, 6950, 6951) 33439.0
(6562, 6563, 6564) 46443.0
(817, 818, 819) 37327.0
(9029, 9030, 9031) 53830.0
(7466, 7467, 7468) 34773.0
(248, 249, 250) 37249.0
(3206, 3207, 3208) 35274.0
(7482, 7483, 7484) 44242.0
(8422, 8423, 8424) 57070.0
(4695, 4696, 4697) 43899.0
(7197, 7198, 7199) 48384.0
(4566, 4567, 4568) 48838.0
(5644, 5645, 5646) 42572.0
(5939, 5940, 5941) 38755.0
(7793, 7794, 7795) 35890.0
(6903, 6904, 6905) 42398.0
(935, 936, 937) 51408.0
(2142, 2143, 2144) 47387.0
(6576, 6577, 6578) 44641.0
(5963, 5964, 5965) 34271.0
(7412, 7413, 7414) 48933.0
(750, 751, 752) 40199.0
(2567, 2568, 2569) 60401.0
(1041, 1042, 1043) 42116.0
(624, 625, 626) 40819.0
(6282, 6283, 6284) 57366.0
(7643, 7644, 7645) 33871.0
(8962, 8963, 8964) 42200.0
(1664, 1665, 1666) 35517.0
(2551, 2552, 2553) 37390.0
(2027, 2028, 2029) 43006.0
(1298, 1299, 1300) 33476.0
(7651, 7652, 7653) 52017.0
(8563, 8564, 8565) 36362.0
(5851, 5852, 5853) 43935.0
(9553, 9554, 9555) 38827.0
(6191, 6192, 6193) 55323.0
(6958, 6959, 6960) 42760.0
(7477, 7478, 7479) 42234.0
(7208, 7209, 7210) 40778.0
(8929, 8930, 8931) 55396.0
(7305, 7306, 7307) 43527.0
(8239, 8240, 8241) 34508.0
(6984, 6985, 6986) 45925.0
(555, 556, 557) 60998.0
(8555, 8556, 8557) 33108.0
(4942, 4943, 4944) 41607.0
(6443, 6444, 6445) 37655.0
(2089, 2090, 2091) 40729.0
(3913, 3914, 3915) 38848.0
(4296, 4297, 4298) 57057.0
(7879, 7880, 7881) 41630.0
(78, 79, 80) 35400.0
(3813, 3814, 3815) 42244.0
(4813, 4814, 4815) 48941.0
(2271, 2272, 2273) 45433.0
(447, 448, 449) 38675.0
(3128, 3129, 3130) 38424.0
(3603, 3604, 3605) 43359.0
(3853, 3854, 3855) 48753.0
(3457, 3458, 3459) 36288.0
(827, 828, 829) 61412.0
(2710, 2711, 2712) 43243.0
(1257, 1258, 1259) 47061.0
(3635, 3636, 3637) 57016.0
(9790, 9791, 9792) 47911.0
(6983, 6984, 6985) 47402.0
(1109, 1110, 1111) 35626.0
(7556, 7557, 7558) 62650.0
(8203, 8204, 8205) 59694.0
(290, 291, 292) 37891.0
(9004, 9005, 9006) 55745.0
(1051, 1052, 1053) 45169.0
(4360, 4361, 4362) 47175.0
(104, 105, 106) 45246.0
(6412, 6413, 6414) 33507.0
(8887, 8888, 8889) 39747.0
(1660, 1661, 1662) 34670.0
(843, 844, 845) 41802.0
(1787, 1788, 1789) 37904.0
(7010, 7011, 7012) 56693.0
(9423, 9424, 9425) 52408.0
(9990, 9991, 9992) 50199.0
(3716, 3717, 3718) 30872.0
(7505, 7506, 7507) 44493.0
(6548, 6549, 6550) 44813.0
(8084, 8085, 8086) 31090.0
(7542, 7543, 7544) 29198.0
(1090, 1091, 1092) 45811.0
(4608, 4609, 4610) 47065.0
(3813, 3814, 3815) 42244.0
(4790, 4791, 4792) 47491.0
(9317, 9318, 9319) 45393.0
(3645, 3646, 3647) 47678.0
(3568, 3569, 3570) 40239.0
(8591, 8592, 8593) 48216.0
(3559, 3560, 3561) 37885.0
(5320, 5321, 5322) 51380.0
(3760, 3761, 3762) 45498.0
(3025, 3026, 3027) 49662.0
(4116, 4117, 4118) 60065.0
(5756, 5757, 5758) 48313.0
(7903, 7904, 7905) 38224.0
(2217, 2218, 2219) 30468.0
(6099, 6100, 6101) 42055.0
(9190, 9191, 9192) 53799.0
(6365, 6366, 6367) 54600.0
(4883, 4884, 4885) 39626.0
(8106, 8107, 8108) 41593.0
(5274, 5275, 5276) 39575.0
(7092, 7093, 7094) 53255.0
(8641, 8642, 8643) 42017.0
(3868, 3869, 3870) 44245.0
(6574, 6575, 6576) 31441.0
(8973, 8974, 8975) 39417.0
(6557, 6558, 6559) 38807.0
(5017, 5018, 5019) 41640.0
(4454, 4455, 4456) 51678.0
(6626, 6627, 6628) 44633.0
(4373, 4374, 4375) 50394.0
(6199, 6200, 6201) 47267.0
(2857, 2858, 2859) 46989.0
(2365, 2366, 2367) 33119.0
(505, 506, 507) 62938.0
(6221, 6222, 6223) 34886.0
(6627, 6628, 6629) 45443.0
(7397, 7398, 7399) 43779.0
(2485, 2486, 2487) 33991.0
(4144, 4145, 4146) 42538.0
(9008, 9009, 9010) 51533.0
(5804, 5805, 5806) 45967.0
(3228, 3229, 3230) 51859.0
(3951, 3952, 3953) 38782.0
(4803, 4804, 4805) 45293.0
(6876, 6877, 6878) 54599.0
(4626, 4627, 4628) 48593.0
(9257, 9258, 9259) 38272.0
(4933, 4934, 4935) 45826.0
(1248, 1249, 1250) 39734.0
(7841, 7842, 7843) 50180.0
(7360, 7361, 7362) 33293.0
(4671, 4672, 4673) 37384.0
(2731, 2732, 2733) 49838.0
(852, 853, 854) 40012.0
(3309, 3310, 3311) 35583.0
(582, 583, 584) 37041.0
(852, 853, 854) 40012.0
(1519, 1520, 1521) 31454.0
(1719, 1720, 1721) 40705.0
(3651, 3652, 3653) 33920.0
(2387, 2388, 2389) 38819.0
(4044, 4045, 4046) 37268.0
(1809, 1810, 1811) 52506.0
(8363, 8364, 8365) 39737.0
(3008, 3009, 3010) 26196.0
(5804, 5805, 5806) 45967.0
(6726, 6727, 6728) 57750.0
(1679, 1680, 1681) 48230.0
(4340, 4341, 4342) 39459.0
(328, 329, 330) 39006.0
(4244, 4245, 4246) 42715.0
(4206, 4207, 4208) 45225.0
(3356, 3357, 3358) 34948.0
(2571, 2572, 2573) 41298.0
(6141, 6142, 6143) 49854.0
(4637, 4638, 4639) 47505.0
(1205, 1206, 1207) 49672.0
(4588, 4589, 4590) 33317.0
(2355, 2356, 2357) 55099.0
(22, 23, 24) 39567.0
(695, 696, 697) 59123.0
(7608, 7609, 7610) 51860.0
(5529, 5530, 5531) 39311.0
(4133, 4134, 4135) 38039.0
(4214, 4215, 4216) 34740.0
(3021, 3022, 3023) 44027.0
(3007, 3008, 3009) 46474.0
(7832, 7833, 7834) 39183.0
(2942, 2943, 2944) 37557.0
(832, 833, 834) 60382.0
(8599, 8600, 8601) 43665.0
(1349, 1350, 1351) 41066.0
(7323, 7324, 7325) 40520.0
(7059, 7060, 7061) 48447.0
(9334, 9335, 9336) 29894.0
(3348, 3349, 3350) 38337.0
(3707, 3708, 3709) 27981.0
(4212, 4213, 4214) 37224.0
(503, 504, 505) 37746.0
(1683, 1684, 1685) 36525.0
(4559, 4560, 4561) 38812.0
(2503, 2504, 2505) 43699.0
(674, 675, 676) 35359.0
(8876, 8877, 8878) 37428.0
(1042, 1043, 1044) 42429.0
(6406, 6407, 6408) 39203.0
(3148, 3149, 3150) 55092.0
(9687, 9688, 9689) 50219.0
(6937, 6938, 6939) 32368.0
(9093, 9094, 9095) 39645.0
(8050, 8051, 8052) 46218.0
(700, 701, 702) 45276.0
(5585, 5586, 5587) 54596.0
(8264, 8265, 8266) 41450.0
(4188, 4189, 4190) 54024.0
(4551, 4552, 4553) 38480.0
(457, 458, 459) 39401.0
(6391, 6392, 6393) 41725.0
(3060, 3061, 3062) 36682.0
(2793, 2794, 2795) 35473.0
(5628, 5629, 5630) 39900.0
(963, 964, 965) 44058.0
(4186, 4187, 4188) 35017.0
(7201, 7202, 7203) 40539.0
(1801, 1802, 1803) 56762.0
(8504, 8505, 8506) 42724.0
(4756, 4757, 4758) 47699.0
(3482, 3483, 3484) 42798.0
(8066, 8067, 8068) 48968.0
(6642, 6643, 6644) 42110.0
(8364, 8365, 8366) 44692.0
(8456, 8457, 8458) 46719.0
(9590, 9591, 9592) 40791.0
(776, 777, 778) 36825.0
(1479, 1480, 1481) 47398.0
(2665, 2666, 2667) 42290.0
(2487, 2488, 2489) 60794.0
(9675, 9676, 9677) 51114.0
(2157, 2158, 2159) 37734.0
(4142, 4143, 4144) 33618.0
(6859, 6860, 6861) 37463.0
(4488, 4489, 4490) 42571.0
(7163, 7164, 7165) 44638.0
(9746, 9747, 9748) 37615.0
(9884, 9885, 9886) 42602.0
(8455, 8456, 8457) 49121.0
(1805, 1806, 1807) 34463.0
(2735, 2736, 2737) 43190.0
(3374, 3375, 3376) 36286.0
(8315, 8316, 8317) 53252.0
(5804, 5805, 5806) 45967.0
(3257, 3258, 3259) 28573.0
(6013, 6014, 6015) 37128.0
(166, 167, 168) 46772.0
(987, 988, 989) 46098.0
(9770, 9771, 9772) 52009.0
(2669, 2670, 2671) 45615.0
(4167, 4168, 4169) 28512.0
(2685, 2686, 2687) 41231.0
(9646, 9647, 9648) 45977.0
(8354, 8355, 8356) 49288.0
(2357, 2358, 2359) 49687.0
(4473, 4474, 4475) 42432.0
(4296, 4297, 4298) 57057.0
(471, 472, 473) 32780.0
(3650, 3651, 3652) 37494.0
(4488, 4489, 4490) 42571.0
(3575, 3576, 3577) 33614.0
(6246, 6247, 6248) 41364.0
(2929, 2930, 2931) 46608.0
(1530, 1531, 1532) 54263.0
(1057, 1058, 1059) 42938.0
(142, 143, 144) 45449.0
(1149, 1150, 1151) 47989.0
(4805, 4806, 4807) 40607.0
(4273, 4274, 4275) 47375.0
(8214, 8215, 8216) 41396.0
(2216, 2217, 2218) 35140.0
(5255, 5256, 5257) 50820.0
(5074, 5075, 5076) 39992.0
(9784, 9785, 9786) 41540.0
(839, 840, 841) 42146.0
(3211, 3212, 3213) 44450.0
(3658, 3659, 3660) 37915.0
(9264, 9265, 9266) 41169.0
