(3183, 3184, 3185) 52292.0
(4902, 4903, 4904) 49422.0
(9792, 9793, 9794) 41861.0
(6183, 6184, 6185) 56619.0
(3507, 3508, 3509) 27151.0
(6074, 6075, 6076) 43350.0
(1378, 1379, 1380) 37709.0
(1762, 1763, 1764) 51430.0
(9512, 9513, 9514) 45629.0
(2925, 2926, 2927) 30809.0
(9000, 9001, 9002) 49482.0
(7906, 7907, 7908) 47538.0
(594, 595, 596) 46860.0
(6878, 6879, 6880) 30948.0
(9324, 9325, 9326) 36923.0
(8028, 8029, 8030) 45048.0
(655, 656, 657) 57780.0
(1659, 1660, 1661) 41373.0
(8113, 8114, 8115) 38545.0
(4403, 4404, 4405) 48500.0
(9957, 9958, 9959) 49114.0
(4974, 4975, 4976) 35325.0
(5414, 5415, 5416) 52547.0
(929, 930, 931) 53143.0
(313, 314, 315) 46401.0
(8264, 8265, 8266) 42420.0
(542, 543, 544) 42294.0
(978, 979, 980) 42451.0
(9781, 9782, 9783) 33914.0
(7106, 7107, 7108) 57952.0
(950, 951, 952) 37984.0
(138, 139, 140) 46313.0
(4155, 4156, 4157) 42231.0
(7640, 7641, 7642) 55499.0
(1567, 1568, 1569) 47830.0
(5870, 5871, 5872) 44797.0
(8614, 8615, 8616) 49863.0
(7278, 7279, 7280) 43116.0
(7879, 7880, 7881) 42414.0
(4250, 4251, 4252) 38063.0
(8154, 8155, 8156) 49922.0
(2933, 2934, 2935) 47412.0
(3289, 3290, 3291) 41199.0
(6894, 6895, 6896) 43286.0
(4510, 4511, 4512) 47148.0
(5488, 5489, 5490) 54067.0
(2508, 2509, 2510) 39870.0
(8580, 8581, 8582) 56016.0
(4426, 4427, 4428) 39824.0
(7045, 7046, 7047) 33893.0
(769, 770, 771) 43095.0
(5851, 5852, 5853) 46028.0
(4968, 4969, 4970) 45978.0
(1443, 1444, 1445) 45971.0
(2500, 2501, 2502) 35446.0
(9930, 9931, 9932) 39547.0
(6662, 6663, 6664) 44500.0
(7318, 7319, 7320) 50386.0
(6153, 6154, 6155) 43122.0
(5333, 5334, 5335) 45079.0
(1272, 1273, 1274) 49689.0
(3437, 3438, 3439) 41359.0
(7243, 7244, 7245) 44721.0
(5220, 5221, 5222) 49347.0
(2968, 2969, 2970) 47766.0
(3648, 3649, 3650) 37661.0
(1621, 1622, 1623) 43402.0
(1670, 1671, 1672) 40817.0
(6398, 6399, 6400) 38833.0
(7712, 7713, 7714) 42231.0
(6905, 6906, 6907) 37534.0
(1239, 1240, 1241) 31219.0
(1390, 1391, 1392) 39707.0
(4381, 4382, 4383) 46997.0
(635, 636, 637) 41555.0
(8393, 8394, 8395) 48996.0
(5411, 5412, 5413) 35558.0
(6777, 6778, 6779) 52215.0
(7951, 7952, 7953) 46460.0
(8324, 8325, 8326) 55727.0
(7460, 7461, 7462) 34658.0
(4317, 4318, 4319) 38616.0
(9844, 9845, 9846) 41874.0
(2050, 2051, 2052) 46622.0
(764, 765, 766) 37360.0
(3977, 3978, 3979) 48004.0
(4769, 4770, 4771) 51932.0
(903, 904, 905) 37977.0
(6099, 6100, 6101) 44425.0
(5367, 5368, 5369) 51243.0
(5234, 5235, 5236) 41805.0
(6616, 6617, 6618) 44583.0
(1137, 1138, 1139) 41459.0
(5499, 5500, 5501) 43023.0
(4474, 4475, 4476) 52950.0
(9342, 9343, 9344) 43939.0
(1187, 1188, 1189) 34917.0
(8385, 8386, 8387) 43213.0
(6016, 6017, 6018) 40388.0
(9580, 9581, 9582) 52524.0
(9868, 9869, 9870) 52077.0
(4599, 4600, 4601) 32711.0
(7109, 7110, 7111) 38156.0
(2754, 2755, 2756) 44517.0
(5663, 5664, 5665) 35079.0
(1456, 1457, 1458) 47164.0
(7081, 7082, 7083) 69645.0
(1282, 1283, 1284) 48023.0
(3387, 3388, 3389) 42573.0
(1363, 1364, 1365) 33414.0
(1216, 1217, 1218) 45073.0
(4190, 4191, 4192) 55141.0
(9603, 9604, 9605) 62413.0
(2272, 2273, 2274) 40935.0
(4956, 4957, 4958) 53182.0
(4455, 4456, 4457) 49416.0
(70, 71, 72) 31351.0
(6680, 6681, 6682) 32862.0
(3007, 3008, 3009) 51540.0
(8928, 8929, 8930) 39050.0
(7648, 7649, 7650) 48022.0
(461, 462, 463) 38310.0
(150, 151, 152) 37880.0
(456, 457, 458) 44126.0
(4103, 4104, 4105) 56591.0
(4556, 4557, 4558) 38518.0
(2963, 2964, 2965) 37528.0
(4941, 4942, 4943) 34777.0
(4736, 4737, 4738) 48191.0
(8, 9, 10) 35382.0
(9692, 9693, 9694) 41896.0
(2917, 2918, 2919) 41537.0
(4506, 4507, 4508) 37460.0
(7041, 7042, 7043) 55581.0
(48, 49, 50) 42263.0
(4880, 4881, 4882) 55908.0
(8479, 8480, 8481) 47986.0
(5027, 5028, 5029) 42761.0
(6928, 6929, 6930) 61363.0
(4137, 4138, 4139) 46008.0
(4234, 4235, 4236) 41927.0
(692, 693, 694) 48638.0
(5291, 5292, 5293) 41600.0
(945, 946, 947) 42062.0
(286, 287, 288) 39221.0
(3511, 3512, 3513) 36359.0
(2777, 2778, 2779) 41295.0
(879, 880, 881) 46863.0
(3770, 3771, 3772) 46889.0
(2415, 2416, 2417) 36119.0
(3749, 3750, 3751) 42220.0
(7136, 7137, 7138) 33858.0
(3725, 3726, 3727) 39280.0
(7615, 7616, 7617) 53159.0
(2781, 2782, 2783) 46812.0
(9516, 9517, 9518) 45902.0
(1646, 1647, 1648) 39149.0
(6383, 6384, 6385) 40886.0
(3701, 3702, 3703) 34710.0
(1324, 1325, 1326) 43936.0
(9345, 9346, 9347) 37821.0
(3945, 3946, 3947) 45275.0
(5987, 5988, 5989) 33432.0
(6515, 6516, 6517) 48234.0
(9710, 9711, 9712) 38789.0
(3253, 3254, 3255) 53384.0
(9854, 9855, 9856) 44693.0
(8624, 8625, 8626) 32040.0
(2847, 2848, 2849) 38167.0
(9322, 9323, 9324) 65118.0
(1, 2, 3) 64171.0
(3213, 3214, 3215) 44266.0
(7843, 7844, 7845) 47036.0
(2554, 2555, 2556) 45646.0
(78, 79, 80) 36027.0
(5708, 5709, 5710) 43129.0
(6776, 6777, 6778) 39909.0
(1754, 1755, 1756) 62554.0
(3356, 3357, 3358) 36244.0
(9176, 9177, 9178) 42683.0
(2081, 2082, 2083) 30354.0
(4892, 4893, 4894) 45736.0
(3780, 3781, 3782) 34352.0
(2145, 2146, 2147) 40039.0
(8458, 8459, 8460) 51503.0
(5058, 5059, 5060) 35289.0
(9660, 9661, 9662) 49497.0
(2054, 2055, 2056) 31114.0
(8033, 8034, 8035) 40066.0
(9906, 9907, 9908) 40130.0
(7102, 7103, 7104) 34999.0
(4082, 4083, 4084) 29899.0
(4377, 4378, 4379) 44053.0
(304, 305, 306) 41572.0
(2491, 2492, 2493) 40617.0
(4764, 4765, 4766) 50925.0
(3359, 3360, 3361) 44792.0
(4524, 4525, 4526) 46691.0
(8958, 8959, 8960) 28905.0
(4125, 4126, 4127) 46756.0
(6499, 6500, 6501) 45132.0
