(9321, 9322, 9323) 41983.0
(9, 10, 11) 49529.0
(6654, 6655, 6656) 53382.0
(8541, 8542, 8543) 38598.0
(583, 584, 585) 51761.0
(7449, 7450, 7451) 40335.0
(3056, 3057, 3058) 50298.0
(257, 258, 259) 49328.0
(5377, 5378, 5379) 40069.0
(1059, 1060, 1061) 48348.0
(7274, 7275, 7276) 45881.0
(166, 167, 168) 50711.0
(4100, 4101, 4102) 36699.0
(165, 166, 167) 51812.0
(7881, 7882, 7883) 48615.0
(904, 905, 906) 50099.0
(3776, 3777, 3778) 39428.0
(3801, 3802, 3803) 40407.0
(4513, 4514, 4515) 43080.0
(5808, 5809, 5810) 36820.0
(1029, 1030, 1031) 38218.0
(453, 454, 455) 45596.0
(3744, 3745, 3746) 53742.0
(8856, 8857, 8858) 42183.0
(5260, 5261, 5262) 37118.0
(149, 150, 151) 52184.0
(5677, 5678, 5679) 60335.0
(3660, 3661, 3662) 46692.0
(6327, 6328, 6329) 41802.0
(8208, 8209, 8210) 53818.0
(3577, 3578, 3579) 51542.0
(691, 692, 693) 48950.0
(8813, 8814, 8815) 45496.0
(7487, 7488, 7489) 46312.0
(8873, 8874, 8875) 42315.0
(5257, 5258, 5259) 48871.0
(168, 169, 170) 34583.0
(3322, 3323, 3324) 50706.0
(884, 885, 886) 40963.0
(8837, 8838, 8839) 45693.0
(316, 317, 318) 39587.0
(7193, 7194, 7195) 47174.0
(1502, 1503, 1504) 54908.0
(6555, 6556, 6557) 43816.0
(6771, 6772, 6773) 40671.0
(8264, 8265, 8266) 43454.0
(8647, 8648, 8649) 47384.0
(9011, 9012, 9013) 35777.0
(5698, 5699, 5700) 42218.0
(3830, 3831, 3832) 52970.0
(4394, 4395, 4396) 41004.0
(1810, 1811, 1812) 56719.0
(2622, 2623, 2624) 46005.0
(1697, 1698, 1699) 41040.0
(9846, 9847, 9848) 51664.0
(6189, 6190, 6191) 44152.0
(8237, 8238, 8239) 41772.0
(9741, 9742, 9743) 32654.0
(2822, 2823, 2824) 35523.0
(6811, 6812, 6813) 34777.0
(2030, 2031, 2032) 45453.0
(4701, 4702, 4703) 55153.0
(9868, 9869, 9870) 53544.0
(440, 441, 442) 52256.0
(1092, 1093, 1094) 38845.0
(1941, 1942, 1943) 50734.0
(5153, 5154, 5155) 47578.0
(1016, 1017, 1018) 41609.0
(7857, 7858, 7859) 46138.0
(2614, 2615, 2616) 54935.0
(1270, 1271, 1272) 41006.0
(2325, 2326, 2327) 34591.0
(1139, 1140, 1141) 39184.0
(3500, 3501, 3502) 33575.0
(915, 916, 917) 38038.0
(4835, 4836, 4837) 54217.0
(9808, 9809, 9810) 54066.0
(4618, 4619, 4620) 34948.0
(7903, 7904, 7905) 40823.0
(6704, 6705, 6706) 48459.0
(6701, 6702, 6703) 47505.0
(3011, 3012, 3013) 45263.0
(2519, 2520, 2521) 41928.0
(9312, 9313, 9314) 39298.0
(8199, 8200, 8201) 32440.0
(2056, 2057, 2058) 55499.0
(8784, 8785, 8786) 32476.0
(7953, 7954, 7955) 42497.0
(3743, 3744, 3745) 53439.0
(3151, 3152, 3153) 46626.0
(3876, 3877, 3878) 45923.0
(230, 231, 232) 58949.0
(9092, 9093, 9094) 45505.0
(7846, 7847, 7848) 48111.0
(6701, 6702, 6703) 47505.0
(9678, 9679, 9680) 48914.0
(6429, 6430, 6431) 50266.0
(6589, 6590, 6591) 42652.0
(3602, 3603, 3604) 35807.0
(3526, 3527, 3528) 34674.0
(9444, 9445, 9446) 40607.0
(5740, 5741, 5742) 49291.0
(8907, 8908, 8909) 46633.0
(5216, 5217, 5218) 45085.0
(5327, 5328, 5329) 60167.0
(521, 522, 523) 55067.0
(6674, 6675, 6676) 43452.0
(7838, 7839, 7840) 46157.0
(7813, 7814, 7815) 35611.0
(7130, 7131, 7132) 50317.0
(6308, 6309, 6310) 60519.0
(2701, 2702, 2703) 48423.0
(9782, 9783, 9784) 52066.0
(518, 519, 520) 42274.0
(5988, 5989, 5990) 37121.0
(9708, 9709, 9710) 50145.0
(5247, 5248, 5249) 42002.0
(7768, 7769, 7770) 52222.0
(315, 316, 317) 56592.0
(1843, 1844, 1845) 61321.0
(4695, 4696, 4697) 46804.0
(1270, 1271, 1272) 41006.0
(9810, 9811, 9812) 42192.0
(2325, 2326, 2327) 34591.0
(8494, 8495, 8496) 42297.0
(5794, 5795, 5796) 44983.0
(825, 826, 827) 54698.0
(704, 705, 706) 48046.0
(1230, 1231, 1232) 54658.0
(4, 5, 6) 41150.0
(7732, 7733, 7734) 45096.0
(6366, 6367, 6368) 41520.0
(8613, 8614, 8615) 45750.0
(7543, 7544, 7545) 42966.0
(1165, 1166, 1167) 39911.0
(7181, 7182, 7183) 32425.0
(3034, 3035, 3036) 52221.0
(4576, 4577, 4578) 45420.0
(5011, 5012, 5013) 35644.0
(7390, 7391, 7392) 50375.0
(8167, 8168, 8169) 51570.0
(8199, 8200, 8201) 32440.0
(956, 957, 958) 57437.0
(1744, 1745, 1746) 63497.0
(7448, 7449, 7450) 52079.0
(2274, 2275, 2276) 45169.0
(9970, 9971, 9972) 47305.0
(9702, 9703, 9704) 32736.0
(8192, 8193, 8194) 63799.0
(3197, 3198, 3199) 40689.0
(3148, 3149, 3150) 57872.0
(7727, 7728, 7729) 38623.0
(6852, 6853, 6854) 48809.0
(5730, 5731, 5732) 54194.0
(1480, 1481, 1482) 39270.0
(7679, 7680, 7681) 35117.0
(7301, 7302, 7303) 51160.0
(1319, 1320, 1321) 53337.0
(5908, 5909, 5910) 38898.0
(6787, 6788, 6789) 39617.0
(4450, 4451, 4452) 56659.0
(1995, 1996, 1997) 49390.0
(7654, 7655, 7656) 53512.0
(2933, 2934, 2935) 48482.0
(354, 355, 356) 38367.0
(2901, 2902, 2903) 49542.0
(6916, 6917, 6918) 46424.0
(8546, 8547, 8548) 54376.0
(176, 177, 178) 46434.0
(2277, 2278, 2279) 67166.0
(6602, 6603, 6604) 57387.0
(5354, 5355, 5356) 38387.0
(3192, 3193, 3194) 40146.0
(4940, 4941, 4942) 45048.0
(6448, 6449, 6450) 37606.0
(7930, 7931, 7932) 41338.0
(7961, 7962, 7963) 41075.0
(8442, 8443, 8444) 47879.0
(1172, 1173, 1174) 43365.0
(6392, 6393, 6394) 60362.0
(3709, 3710, 3711) 30042.0
(3372, 3373, 3374) 43250.0
(4520, 4521, 4522) 54126.0
(7173, 7174, 7175) 31842.0
(1474, 1475, 1476) 48269.0
(3891, 3892, 3893) 33822.0
(5645, 5646, 5647) 56758.0
(1503, 1504, 1505) 37497.0
(2076, 2077, 2078) 35030.0
(3962, 3963, 3964) 52468.0
(871, 872, 873) 38211.0
(6807, 6808, 6809) 41889.0
(3219, 3220, 3221) 40137.0
(4656, 4657, 4658) 43428.0
(982, 983, 984) 52435.0
(5452, 5453, 5454) 37299.0
(1043, 1044, 1045) 41284.0
(1276, 1277, 1278) 47024.0
(2866, 2867, 2868) 37147.0
(6881, 6882, 6883) 50689.0
(593, 594, 595) 41948.0
