(6955, 6956, 6957) 41420.0
(5278, 5279, 5280) 44593.0
(1538, 1539, 1540) 38300.0
(6204, 6205, 6206) 65061.0
(8572, 8573, 8574) 50692.0
(8198, 8199, 8200) 59215.0
(5139, 5140, 5141) 32867.0
(7152, 7153, 7154) 52215.0
(5243, 5244, 5245) 37994.0
(3878, 3879, 3880) 41809.0
(2201, 2202, 2203) 60977.0
(6602, 6603, 6604) 61297.0
(8791, 8792, 8793) 34435.0
(4461, 4462, 4463) 58077.0
(6785, 6786, 6787) 49755.0
(5960, 5961, 5962) 53265.0
(6104, 6105, 6106) 47902.0
(4200, 4201, 4202) 50492.0
(1832, 1833, 1834) 52898.0
(8923, 8924, 8925) 52255.0
(313, 314, 315) 52198.0
(8229, 8230, 8231) 51660.0
(1848, 1849, 1850) 58349.0
(3257, 3258, 3259) 32058.0
(1439, 1440, 1441) 47802.0
(1471, 1472, 1473) 43938.0
(4405, 4406, 4407) 36952.0
(3301, 3302, 3303) 61534.0
(6067, 6068, 6069) 54810.0
(1475, 1476, 1477) 49227.0
(6591, 6592, 6593) 41888.0
(570, 571, 572) 46346.0
(3146, 3147, 3148) 49750.0
(2474, 2475, 2476) 44980.0
(1390, 1391, 1392) 42213.0
(9599, 9600, 9601) 61276.0
(1987, 1988, 1989) 45412.0
(6555, 6556, 6557) 44830.0
(3388, 3389, 3390) 50868.0
(9416, 9417, 9418) 43048.0
(665, 666, 667) 49536.0
(746, 747, 748) 47620.0
(760, 761, 762) 41003.0
(561, 562, 563) 46462.0
(5260, 5261, 5262) 37309.0
(6894, 6895, 6896) 45770.0
(5900, 5901, 5902) 45388.0
(15, 16, 17) 42153.0
(9984, 9985, 9986) 50584.0
(2146, 2147, 2148) 58476.0
(2881, 2882, 2883) 35743.0
(5347, 5348, 5349) 42080.0
(9571, 9572, 9573) 45336.0
(1413, 1414, 1415) 53758.0
(2790, 2791, 2792) 69321.0
(1154, 1155, 1156) 69215.0
(5491, 5492, 5493) 43016.0
(6350, 6351, 6352) 61182.0
(8237, 8238, 8239) 43385.0
(6409, 6410, 6411) 44515.0
(1677, 1678, 1679) 47069.0
(5148, 5149, 5150) 63574.0
(3860, 3861, 3862) 54841.0
(5213, 5214, 5215) 34349.0
(5686, 5687, 5688) 59977.0
(9314, 9315, 9316) 38137.0
(6415, 6416, 6417) 45443.0
(7133, 7134, 7135) 39169.0
(6425, 6426, 6427) 51021.0
(1580, 1581, 1582) 33175.0
(1702, 1703, 1704) 52296.0
(1507, 1508, 1509) 44100.0
(935, 936, 937) 53755.0
(2213, 2214, 2215) 41477.0
(6133, 6134, 6135) 46789.0
(5046, 5047, 5048) 33298.0
(6115, 6116, 6117) 46682.0
(2704, 2705, 2706) 47052.0
(1904, 1905, 1906) 45927.0
(2771, 2772, 2773) 36914.0
(8323, 8324, 8325) 49283.0
(2700, 2701, 2702) 40274.0
(622, 623, 624) 55431.0
(1995, 1996, 1997) 50994.0
(4773, 4774, 4775) 38653.0
(1685, 1686, 1687) 46493.0
(3407, 3408, 3409) 48562.0
(9067, 9068, 9069) 49104.0
(4241, 4242, 4243) 43455.0
(6587, 6588, 6589) 45948.0
(6197, 6198, 6199) 46832.0
(3546, 3547, 3548) 38540.0
(2117, 2118, 2119) 48511.0
(8750, 8751, 8752) 45246.0
(1055, 1056, 1057) 41826.0
(1411, 1412, 1413) 37509.0
(9848, 9849, 9850) 46129.0
(3566, 3567, 3568) 44742.0
(3735, 3736, 3737) 43852.0
(109, 110, 111) 48179.0
(3863, 3864, 3865) 48387.0
(5965, 5966, 5967) 57787.0
(4548, 4549, 4550) 39070.0
(6114, 6115, 6116) 42102.0
(4750, 4751, 4752) 49684.0
(8056, 8057, 8058) 53209.0
(4396, 4397, 4398) 53351.0
(6198, 6199, 6200) 42360.0
(3446, 3447, 3448) 44872.0
(7363, 7364, 7365) 46632.0
(9566, 9567, 9568) 57290.0
(9585, 9586, 9587) 51845.0
(8633, 8634, 8635) 42464.0
(9865, 9866, 9867) 35985.0
(2137, 2138, 2139) 37818.0
(3981, 3982, 3983) 42782.0
(6168, 6169, 6170) 41981.0
(3514, 3515, 3516) 46410.0
(7092, 7093, 7094) 55948.0
(686, 687, 688) 40252.0
(8509, 8510, 8511) 38232.0
(3241, 3242, 3243) 38493.0
(4668, 4669, 4670) 45380.0
(7455, 7456, 7457) 51708.0
(5691, 5692, 5693) 38271.0
(3614, 3615, 3616) 51226.0
(5504, 5505, 5506) 47195.0
(8913, 8914, 8915) 52955.0
(4602, 4603, 4604) 36988.0
(1538, 1539, 1540) 38300.0
(2218, 2219, 2220) 40218.0
(5155, 5156, 5157) 35867.0
(4833, 4834, 4835) 43312.0
(3258, 3259, 3260) 36388.0
(454, 455, 456) 41492.0
(4142, 4143, 4144) 36146.0
(74, 75, 76) 47926.0
(4205, 4206, 4207) 59884.0
(1614, 1615, 1616) 60574.0
(5164, 5165, 5166) 48346.0
(6223, 6224, 6225) 51266.0
(8136, 8137, 8138) 42635.0
(1169, 1170, 1171) 42361.0
(987, 988, 989) 48482.0
(3164, 3165, 3166) 51188.0
(8602, 8603, 8604) 36060.0
(1319, 1320, 1321) 54272.0
(3890, 3891, 3892) 49917.0
(4895, 4896, 4897) 37696.0
(4198, 4199, 4200) 66747.0
(8691, 8692, 8693) 52151.0
(2525, 2526, 2527) 44112.0
(4566, 4567, 4568) 52478.0
(6616, 6617, 6618) 47284.0
(5541, 5542, 5543) 52161.0
(2523, 2524, 2525) 37802.0
(9320, 9321, 9322) 44244.0
(3013, 3014, 3015) 56074.0
(3772, 3773, 3774) 57952.0
(3308, 3309, 3310) 47248.0
(9448, 9449, 9450) 49230.0
(2634, 2635, 2636) 53090.0
(8575, 8576, 8577) 52786.0
(1891, 1892, 1893) 46595.0
(2164, 2165, 2166) 50284.0
(7031, 7032, 7033) 37626.0
(2409, 2410, 2411) 44807.0
(7702, 7703, 7704) 54352.0
(5615, 5616, 5617) 39522.0
(6539, 6540, 6541) 41401.0
(3617, 3618, 3619) 39806.0
(9673, 9674, 9675) 51860.0
(8075, 8076, 8077) 43683.0
(8995, 8996, 8997) 44708.0
(3661, 3662, 3663) 38201.0
(462, 463, 464) 50023.0
(7485, 7486, 7487) 38556.0
(1064, 1065, 1066) 42197.0
(500, 501, 502) 50549.0
(8704, 8705, 8706) 47268.0
(1455, 1456, 1457) 48781.0
(7074, 7075, 7076) 42958.0
(6097, 6098, 6099) 51923.0
(6554, 6555, 6556) 54670.0
(3815, 3816, 3817) 48576.0
(4215, 4216, 4217) 43922.0
(4897, 4898, 4899) 65536.0
(5440, 5441, 5442) 49305.0
(5568, 5569, 5570) 55663.0
(1693, 1694, 1695) 44164.0
(6888, 6889, 6890) 43376.0
(6652, 6653, 6654) 47326.0
(5747, 5748, 5749) 53036.0
(5320, 5321, 5322) 55492.0
(2898, 2899, 2900) 44507.0
(1310, 1311, 1312) 41278.0
(5297, 5298, 5299) 56535.0
(9443, 9444, 9445) 52236.0
(697, 698, 699) 49656.0
(2491, 2492, 2493) 45021.0
(6008, 6009, 6010) 39636.0
