(5138, 5139, 5140) 55688.0
(3616, 3617, 3618) 50400.0
(212, 213, 214) 37547.0
(2018, 2019, 2020) 37973.0
(8498, 8499, 8500) 42938.0
(9878, 9879, 9880) 48250.0
(2002, 2003, 2004) 49912.0
(6941, 6942, 6943) 54670.0
(2186, 2187, 2188) 70183.0
(9884, 9885, 9886) 51828.0
(2562, 2563, 2564) 50830.0
(8139, 8140, 8141) 49496.0
(5395, 5396, 5397) 44425.0
(8603, 8604, 8605) 46649.0
(7379, 7380, 7381) 54858.0
(9814, 9815, 9816) 55168.0
(3476, 3477, 3478) 44600.0
(8376, 8377, 8378) 39533.0
(6587, 6588, 6589) 45552.0
(3791, 3792, 3793) 59637.0
(8120, 8121, 8122) 58158.0
(1985, 1986, 1987) 56388.0
(6903, 6904, 6905) 51673.0
(2631, 2632, 2633) 59634.0
(5227, 5228, 5229) 52500.0
(4078, 4079, 4080) 45681.0
(5600, 5601, 5602) 46721.0
(6559, 6560, 6561) 47829.0
(6759, 6760, 6761) 67852.0
(4747, 4748, 4749) 47715.0
(2364, 2365, 2366) 49471.0
(1066, 1067, 1068) 40644.0
(1149, 1150, 1151) 55433.0
(9581, 9582, 9583) 50281.0
(9764, 9765, 9766) 59017.0
(5580, 5581, 5582) 53912.0
(3421, 3422, 3423) 32507.0
(3740, 3741, 3742) 40574.0
(6009, 6010, 6011) 60667.0
(1418, 1419, 1420) 47338.0
(4240, 4241, 4242) 43053.0
(4915, 4916, 4917) 42480.0
(4652, 4653, 4654) 72442.0
(2508, 2509, 2510) 44947.0
(9044, 9045, 9046) 52474.0
(7158, 7159, 7160) 43913.0
(2672, 2673, 2674) 40508.0
(7913, 7914, 7915) 39906.0
(5221, 5222, 5223) 60817.0
(8721, 8722, 8723) 48496.0
(503, 504, 505) 46819.0
(3248, 3249, 3250) 60841.0
(1631, 1632, 1633) 40648.0
(4535, 4536, 4537) 62193.0
(5111, 5112, 5113) 48272.0
(4515, 4516, 4517) 54321.0
(6817, 6818, 6819) 47619.0
(7806, 7807, 7808) 47568.0
(8138, 8139, 8140) 46950.0
(4522, 4523, 4524) 66532.0
(764, 765, 766) 43771.0
(7819, 7820, 7821) 48049.0
(82, 83, 84) 58327.0
(5943, 5944, 5945) 65494.0
(8475, 8476, 8477) 59655.0
(104, 105, 106) 53494.0
(6868, 6869, 6870) 43229.0
(9347, 9348, 9349) 48047.0
(6120, 6121, 6122) 47048.0
(5181, 5182, 5183) 44726.0
(8147, 8148, 8149) 45507.0
(6370, 6371, 6372) 40380.0
(9528, 9529, 9530) 58890.0
(3592, 3593, 3594) 63614.0
(7421, 7422, 7423) 59406.0
(553, 554, 555) 44992.0
(74, 75, 76) 49540.0
(1103, 1104, 1105) 44263.0
(6904, 6905, 6906) 49390.0
(9905, 9906, 9907) 40785.0
(4669, 4670, 4671) 58888.0
(8021, 8022, 8023) 55406.0
(5899, 5900, 5901) 45850.0
(6864, 6865, 6866) 51837.0
(3755, 3756, 3757) 39140.0
(3277, 3278, 3279) 44809.0
(6113, 6114, 6115) 43002.0
(2468, 2469, 2470) 58715.0
(1062, 1063, 1064) 52143.0
(6683, 6684, 6685) 56274.0
(395, 396, 397) 47947.0
(1326, 1327, 1328) 46777.0
(7708, 7709, 7710) 48493.0
(565, 566, 567) 53558.0
(6001, 6002, 6003) 49050.0
(2674, 2675, 2676) 45742.0
(7706, 7707, 7708) 42119.0
(9272, 9273, 9274) 43867.0
(7150, 7151, 7152) 37708.0
(4030, 4031, 4032) 46840.0
(3712, 3713, 3714) 61907.0
(1272, 1273, 1274) 51363.0
(4825, 4826, 4827) 46348.0
(7564, 7565, 7566) 50288.0
(5059, 5060, 5061) 45676.0
(3136, 3137, 3138) 42459.0
(8935, 8936, 8937) 39650.0
(1342, 1343, 1344) 44048.0
(1325, 1326, 1327) 51374.0
(666, 667, 668) 50216.0
(2683, 2684, 2685) 36976.0
(6936, 6937, 6938) 49212.0
(9412, 9413, 9414) 53872.0
(945, 946, 947) 46369.0
(1777, 1778, 1779) 50844.0
(154, 155, 156) 83172.0
(7437, 7438, 7439) 56866.0
(6443, 6444, 6445) 42550.0
(7669, 7670, 7671) 50874.0
(3213, 3214, 3215) 52410.0
(2758, 2759, 2760) 56840.0
(3769, 3770, 3771) 39426.0
(7935, 7936, 7937) 55088.0
(8197, 8198, 8199) 37682.0
(9617, 9618, 9619) 46915.0
(1344, 1345, 1346) 42818.0
(1245, 1246, 1247) 50889.0
(5933, 5934, 5935) 50653.0
(8620, 8621, 8622) 51975.0
(475, 476, 477) 53942.0
(9548, 9549, 9550) 38182.0
(3369, 3370, 3371) 42436.0
(2079, 2080, 2081) 50685.0
(7856, 7857, 7858) 48651.0
(3947, 3948, 3949) 43272.0
(9111, 9112, 9113) 47500.0
(6091, 6092, 6093) 46757.0
(8048, 8049, 8050) 42545.0
(7693, 7694, 7695) 53616.0
(8270, 8271, 8272) 46180.0
(3608, 3609, 3610) 49612.0
(6364, 6365, 6366) 44791.0
(5630, 5631, 5632) 44323.0
(5020, 5021, 5022) 43148.0
(3805, 3806, 3807) 47589.0
(9843, 9844, 9845) 57430.0
(2852, 2853, 2854) 48895.0
(9542, 9543, 9544) 42972.0
(6640, 6641, 6642) 41117.0
(8949, 8950, 8951) 43741.0
(623, 624, 625) 42194.0
(4117, 4118, 4119) 55070.0
(3333, 3334, 3335) 40672.0
(800, 801, 802) 46852.0
(6552, 6553, 6554) 54495.0
(4923, 4924, 4925) 53373.0
(7518, 7519, 7520) 63305.0
(3329, 3330, 3331) 44694.0
(247, 248, 249) 51950.0
(2248, 2249, 2250) 50651.0
(9658, 9659, 9660) 50703.0
(1063, 1064, 1065) 33483.0
(2342, 2343, 2344) 46093.0
(503, 504, 505) 46819.0
(6169, 6170, 6171) 47664.0
(8294, 8295, 8296) 55902.0
(2251, 2252, 2253) 44482.0
(6828, 6829, 6830) 50658.0
(240, 241, 242) 36824.0
(7153, 7154, 7155) 44787.0
(1378, 1379, 1380) 39024.0
(4396, 4397, 4398) 54227.0
(2905, 2906, 2907) 45008.0
(9199, 9200, 9201) 50524.0
(6820, 6821, 6822) 50646.0
(9424, 9425, 9426) 43981.0
(4601, 4602, 4603) 54500.0
(9072, 9073, 9074) 57612.0
(8415, 8416, 8417) 64268.0
(7104, 7105, 7106) 42695.0
(4211, 4212, 4213) 37660.0
(9093, 9094, 9095) 46446.0
(7294, 7295, 7296) 53911.0
(9043, 9044, 9045) 42270.0
(4907, 4908, 4909) 40705.0
(250, 251, 252) 40948.0
(2199, 2200, 2201) 45360.0
(1752, 1753, 1754) 55039.0
(495, 496, 497) 53840.0
(1187, 1188, 1189) 38536.0
(430, 431, 432) 46940.0
(7707, 7708, 7709) 45540.0
(3567, 3568, 3569) 43761.0
(5284, 5285, 5286) 44284.0
(6866, 6867, 6868) 53417.0
(8255, 8256, 8257) 36493.0
(7773, 7774, 7775) 50446.0
(6925, 6926, 6927) 41538.0
(2760, 2761, 2762) 53365.0
(1066, 1067, 1068) 40644.0
(9662, 9663, 9664) 51734.0
