(2119, 2120, 2121) 1754.0
(839, 840, 841) 2694.0
(3239, 3240, 3241) 2676.0
(5541, 5542, 5543) 2206.0
(3830, 3831, 3832) 2846.0
(4067, 4068, 4069) 1904.0
(1020, 1021, 1022) 2251.0
(1449, 1450, 1451) 1749.0
(1536, 1537, 1538) 1820.0
(7643, 7644, 7645) 1914.0
(9130, 9131, 9132) 5010.0
(1878, 1879, 1880) 2412.0
(4788, 4789, 4790) 2316.0
(273, 274, 275) 2480.0
(6220, 6221, 6222) 2215.0
(1606, 1607, 1608) 1711.0
(2398, 2399, 2400) 1651.0
(6250, 6251, 6252) 3185.0
(9880, 9881, 9882) 2224.0
(1542, 1543, 1544) 1723.0
(1808, 1809, 1810) 2712.0
(503, 504, 505) 2133.0
(3419, 3420, 3421) 2039.0
(5714, 5715, 5716) 2434.0
(8735, 8736, 8737) 1759.0
(1836, 1837, 1838) 1827.0
(1740, 1741, 1742) 1785.0
(9202, 9203, 9204) 2870.0
(9070, 9071, 9072) 2120.0
(4648, 4649, 4650) 1880.0
(607, 608, 609) 1966.0
(2410, 2411, 2412) 2147.0
(4977, 4978, 4979) 1684.0
(2586, 2587, 2588) 2005.0
(933, 934, 935) 1932.0
(4767, 4768, 4769) 1945.0
(7654, 7655, 7656) 2038.0
(4864, 4865, 4866) 2126.0
(9716, 9717, 9718) 2479.0
(6955, 6956, 6957) 1875.0
(5852, 5853, 5854) 1792.0
(8552, 8553, 8554) 2388.0
(1830, 1831, 1832) 1710.0
(3975, 3976, 3977) 1806.0
(9780, 9781, 9782) 1886.0
(2346, 2347, 2348) 1441.0
(3018, 3019, 3020) 1939.0
(2094, 2095, 2096) 1944.0
(5691, 5692, 5693) 1806.0
(2318, 2319, 2320) 2602.0
(9502, 9503, 9504) 2040.0
(7647, 7648, 7649) 1894.0
(5524, 5525, 5526) 1918.0
(128, 129, 130) 3157.0
(2212, 2213, 2214) 1834.0
(6164, 6165, 6166) 1306.0
(744, 745, 746) 2555.0
(3922, 3923, 3924) 2525.0
(7802, 7803, 7804) 2124.0
(4094, 4095, 4096) 2263.0
(633, 634, 635) 1871.0
(5959, 5960, 5961) 2676.0
(8064, 8065, 8066) 3506.0
(6974, 6975, 6976) 1721.0
(3489, 3490, 3491) 965.0
(4992, 4993, 4994) 1805.0
(1635, 1636, 1637) 3114.0
(3069, 3070, 3071) 3430.0
(4393, 4394, 4395) 1709.0
(6101, 6102, 6103) 2343.0
(5246, 5247, 5248) 2067.0
(6133, 6134, 6135) 1726.0
(4752, 4753, 4754) 1650.0
(8157, 8158, 8159) 2207.0
(2158, 2159, 2160) 1270.0
(4024, 4025, 4026) 1581.0
(3572, 3573, 3574) 2908.0
(2618, 2619, 2620) 1962.0
(116, 117, 118) 2971.0
(6527, 6528, 6529) 2208.0
(408, 409, 410) 2913.0
(1201, 1202, 1203) 2523.0
(1596, 1597, 1598) 1152.0
(6946, 6947, 6948) 2564.0
(6021, 6022, 6023) 1879.0
(623, 624, 625) 1925.0
(7274, 7275, 7276) 2005.0
(6394, 6395, 6396) 2026.0
(993, 994, 995) 2495.0
(7504, 7505, 7506) 1359.0
(2170, 2171, 2172) 1871.0
(7301, 7302, 7303) 3458.0
(1719, 1720, 1721) 1518.0
(9441, 9442, 9443) 1699.0
(5385, 5386, 5387) 2244.0
(1054, 1055, 1056) 2163.0
(7846, 7847, 7848) 2470.0
(2479, 2480, 2481) 2148.0
(5018, 5019, 5020) 2100.0
(8432, 8433, 8434) 2916.0
(1155, 1156, 1157) 1888.0
(2325, 2326, 2327) 2189.0
(3771, 3772, 3773) 1767.0
(7181, 7182, 7183) 2430.0
(7934, 7935, 7936) 1626.0
(13, 14, 15) 2009.0
(9413, 9414, 9415) 2336.0
(8983, 8984, 8985) 2414.0
(8615, 8616, 8617) 1617.0
(3332, 3333, 3334) 2771.0
(292, 293, 294) 1404.0
(2095, 2096, 2097) 2008.0
(7168, 7169, 7170) 1955.0
(2109, 2110, 2111) 2922.0
(559, 560, 561) 3383.0
(6219, 6220, 6221) 2206.0
(8690, 8691, 8692) 2135.0
(2867, 2868, 2869) 1859.0
(5173, 5174, 5175) 1967.0
(6009, 6010, 6011) 2712.0
(4489, 4490, 4491) 1938.0
(5874, 5875, 5876) 1760.0
(8313, 8314, 8315) 1950.0
(990, 991, 992) 1505.0
(2183, 2184, 2185) 1393.0
(399, 400, 401) 3143.0
(167, 168, 169) 2528.0
(2560, 2561, 2562) 1935.0
(9704, 9705, 9706) 2231.0
(5404, 5405, 5406) 2100.0
(2637, 2638, 2639) 2553.0
(9934, 9935, 9936) 2742.0
(8581, 8582, 8583) 1725.0
(3233, 3234, 3235) 2636.0
(2419, 2420, 2421) 2211.0
(8121, 8122, 8123) 1750.0
(6651, 6652, 6653) 1767.0
(9764, 9765, 9766) 3933.0
(2077, 2078, 2079) 2120.0
(3469, 3470, 3471) 1829.0
(5129, 5130, 5131) 1616.0
(8279, 8280, 8281) 2713.0
(5734, 5735, 5736) 1583.0
(8790, 8791, 8792) 1694.0
(3414, 3415, 3416) 2818.0
(9279, 9280, 9281) 2260.0
(5435, 5436, 5437) 1905.0
(3729, 3730, 3731) 3293.0
(6073, 6074, 6075) 1093.0
(8003, 8004, 8005) 2139.0
(6480, 6481, 6482) 2375.0
(5138, 5139, 5140) 3124.0
(5340, 5341, 5342) 1839.0
(1047, 1048, 1049) 1898.0
(6152, 6153, 6154) 2642.0
(5482, 5483, 5484) 2007.0
(2768, 2769, 2770) 2572.0
(5901, 5902, 5903) 2010.0
(4651, 4652, 4653) 1812.0
(5437, 5438, 5439) 1466.0
(9679, 9680, 9681) 1757.0
(7783, 7784, 7785) 2755.0
(252, 253, 254) 1761.0
(671, 672, 673) 3631.0
(2839, 2840, 2841) 3498.0
(8372, 8373, 8374) 2528.0
(9610, 9611, 9612) 2234.0
(7616, 7617, 7618) 1621.0
(1300, 1301, 1302) 1775.0
(2226, 2227, 2228) 2042.0
(6403, 6404, 6405) 3316.0
(3604, 3605, 3606) 1401.0
(2336, 2337, 2338) 2209.0
(1659, 1660, 1661) 2182.0
(8115, 8116, 8117) 2164.0
(3746, 3747, 3748) 2118.0
(9716, 9717, 9718) 2479.0
(2116, 2117, 2118) 2465.0
(156, 157, 158) 1730.0
(2166, 2167, 2168) 1322.0
(5849, 5850, 5851) 1460.0
(7918, 7919, 7920) 2173.0
(5422, 5423, 5424) 998.0
(5426, 5427, 5428) 1911.0
(8727, 8728, 8729) 1952.0
(9126, 9127, 9128) 2271.0
(8627, 8628, 8629) 2059.0
(4415, 4416, 4417) 2105.0
(9504, 9505, 9506) 2237.0
(2932, 2933, 2934) 2570.0
(5617, 5618, 5619) 1797.0
(3665, 3666, 3667) 2222.0
(7527, 7528, 7529) 2817.0
(630, 631, 632) 1667.0
(4210, 4211, 4212) 2136.0
(1764, 1765, 1766) 1952.0
(4735, 4736, 4737) 2099.0
(9328, 9329, 9330) 2114.0
(4279, 4280, 4281) 1982.0
(4537, 4538, 4539) 2943.0
(4157, 4158, 4159) 1622.0
