(482, 483, 484) 47796.0
(5978, 5979, 5980) 50869.0
(1060, 1061, 1062) 54608.0
(3122, 3123, 3124) 47063.0
(3117, 3118, 3119) 56162.0
(789, 790, 791) 50660.0
(8921, 8922, 8923) 64080.0
(1350, 1351, 1352) 70847.0
(1933, 1934, 1935) 58339.0
(4921, 4922, 4923) 62072.0
(4852, 4853, 4854) 51971.0
(8416, 8417, 8418) 59505.0
(1948, 1949, 1950) 51295.0
(2192, 2193, 2194) 51355.0
(4264, 4265, 4266) 45497.0
(9378, 9379, 9380) 53672.0
(4131, 4132, 4133) 43260.0
(94, 95, 96) 48970.0
(2157, 2158, 2159) 42858.0
(7841, 7842, 7843) 61110.0
(8769, 8770, 8771) 55311.0
(6793, 6794, 6795) 48144.0
(1576, 1577, 1578) 46300.0
(1005, 1006, 1007) 62508.0
(7216, 7217, 7218) 76250.0
(2163, 2164, 2165) 48420.0
(2658, 2659, 2660) 61917.0
(8195, 8196, 8197) 37684.0
(5153, 5154, 5155) 51660.0
(7358, 7359, 7360) 54267.0
(5813, 5814, 5815) 61807.0
(2859, 2860, 2861) 44611.0
(7202, 7203, 7204) 48209.0
(7981, 7982, 7983) 52953.0
(1679, 1680, 1681) 57947.0
(5230, 5231, 5232) 59147.0
(9145, 9146, 9147) 62048.0
(7586, 7587, 7588) 54279.0
(759, 760, 761) 49369.0
(5002, 5003, 5004) 38216.0
(3785, 3786, 3787) 60507.0
(3762, 3763, 3764) 50386.0
(8330, 8331, 8332) 48005.0
(6795, 6796, 6797) 45188.0
(7307, 7308, 7309) 45221.0
(7433, 7434, 7435) 59096.0
(9509, 9510, 9511) 46093.0
(9183, 9184, 9185) 53349.0
(2682, 2683, 2684) 41990.0
(1008, 1009, 1010) 56061.0
(1812, 1813, 1814) 35109.0
(2020, 2021, 2022) 48112.0
(5503, 5504, 5505) 57787.0
(9215, 9216, 9217) 43257.0
(6814, 6815, 6816) 71893.0
(7056, 7057, 7058) 58743.0
(1786, 1787, 1788) 60844.0
(4351, 4352, 4353) 38302.0
(9141, 9142, 9143) 66437.0
(1484, 1485, 1486) 55627.0
(8455, 8456, 8457) 55235.0
(372, 373, 374) 45467.0
(6353, 6354, 6355) 40919.0
(3024, 3025, 3026) 48401.0
(7767, 7768, 7769) 54925.0
(7591, 7592, 7593) 56002.0
(5186, 5187, 5188) 49353.0
(3995, 3996, 3997) 54614.0
(7335, 7336, 7337) 51593.0
(2051, 2052, 2053) 48264.0
(1492, 1493, 1494) 49617.0
(3912, 3913, 3914) 52597.0
(7529, 7530, 7531) 47933.0
(6712, 6713, 6714) 49122.0
(4205, 4206, 4207) 63983.0
(7570, 7571, 7572) 73324.0
(1082, 1083, 1084) 55561.0
(7344, 7345, 7346) 44513.0
(3148, 3149, 3150) 63120.0
(2517, 2518, 2519) 54466.0
(9855, 9856, 9857) 46810.0
(2491, 2492, 2493) 46516.0
(6849, 6850, 6851) 38727.0
(8663, 8664, 8665) 53873.0
(7893, 7894, 7895) 62161.0
(2679, 2680, 2681) 54364.0
(6499, 6500, 6501) 52092.0
(1021, 1022, 1023) 55422.0
(6157, 6158, 6159) 44452.0
(1241, 1242, 1243) 55494.0
(3670, 3671, 3672) 47168.0
(6026, 6027, 6028) 56904.0
(5532, 5533, 5534) 46462.0
(5643, 5644, 5645) 57878.0
(3322, 3323, 3324) 57647.0
(6669, 6670, 6671) 45802.0
(5532, 5533, 5534) 46462.0
(1157, 1158, 1159) 45839.0
(8697, 8698, 8699) 39957.0
(8685, 8686, 8687) 54881.0
(5764, 5765, 5766) 49953.0
(4698, 4699, 4700) 69644.0
(5281, 5282, 5283) 55313.0
(6885, 6886, 6887) 53840.0
(7189, 7190, 7191) 60497.0
(4209, 4210, 4211) 49744.0
(2927, 2928, 2929) 40579.0
(3634, 3635, 3636) 56007.0
(9896, 9897, 9898) 37763.0
(9435, 9436, 9437) 50790.0
(5358, 5359, 5360) 46586.0
(8803, 8804, 8805) 47942.0
(2949, 2950, 2951) 50895.0
(6919, 6920, 6921) 64320.0
(3797, 3798, 3799) 52896.0
(1414, 1415, 1416) 55748.0
(1600, 1601, 1602) 72030.0
(6857, 6858, 6859) 50819.0
(5668, 5669, 5670) 43691.0
(7487, 7488, 7489) 49606.0
(312, 313, 314) 49819.0
(8118, 8119, 8120) 52357.0
(1621, 1622, 1623) 49918.0
(8094, 8095, 8096) 54419.0
(337, 338, 339) 57056.0
(8365, 8366, 8367) 44703.0
(7583, 7584, 7585) 47163.0
(6413, 6414, 6415) 51280.0
(3432, 3433, 3434) 43793.0
(8121, 8122, 8123) 54463.0
(7579, 7580, 7581) 58726.0
(3357, 3358, 3359) 56398.0
(7361, 7362, 7363) 57022.0
(9981, 9982, 9983) 43211.0
(6863, 6864, 6865) 62855.0
(9431, 9432, 9433) 40550.0
(3662, 3663, 3664) 54726.0
(9806, 9807, 9808) 46090.0
(4233, 4234, 4235) 62058.0
(6193, 6194, 6195) 36033.0
(4954, 4955, 4956) 53333.0
(7075, 7076, 7077) 63793.0
(5322, 5323, 5324) 52856.0
(3042, 3043, 3044) 55430.0
(6840, 6841, 6842) 60405.0
(2886, 2887, 2888) 41363.0
(3608, 3609, 3610) 53118.0
(9404, 9405, 9406) 45242.0
(7043, 7044, 7045) 71968.0
(3079, 3080, 3081) 44917.0
(7430, 7431, 7432) 53351.0
(6045, 6046, 6047) 48147.0
(4353, 4354, 4355) 46879.0
(4373, 4374, 4375) 62745.0
(642, 643, 644) 54099.0
(6748, 6749, 6750) 53511.0
(1720, 1721, 1722) 39882.0
(5953, 5954, 5955) 55790.0
(738, 739, 740) 42992.0
(4193, 4194, 4195) 55912.0
(3777, 3778, 3779) 44500.0
(9093, 9094, 9095) 47624.0
(2707, 2708, 2709) 57441.0
(5185, 5186, 5187) 43953.0
(4730, 4731, 4732) 44660.0
(7976, 7977, 7978) 46757.0
(9965, 9966, 9967) 66520.0
(213, 214, 215) 44253.0
(9023, 9024, 9025) 55452.0
(1963, 1964, 1965) 52392.0
(65, 66, 67) 50895.0
(6738, 6739, 6740) 54356.0
(5024, 5025, 5026) 67238.0
(4881, 4882, 4883) 46698.0
(4826, 4827, 4828) 40002.0
(5590, 5591, 5592) 65180.0
(1187, 1188, 1189) 38549.0
(5700, 5701, 5702) 50892.0
(8263, 8264, 8265) 57723.0
(1232, 1233, 1234) 40059.0
(3942, 3943, 3944) 51190.0
(2438, 2439, 2440) 42278.0
(7988, 7989, 7990) 62723.0
(7207, 7208, 7209) 36208.0
(4944, 4945, 4946) 48859.0
(6743, 6744, 6745) 40075.0
(7105, 7106, 7107) 52160.0
(9130, 9131, 9132) 64416.0
(3160, 3161, 3162) 50342.0
(1456, 1457, 1458) 57529.0
(909, 910, 911) 46624.0
(4845, 4846, 4847) 45367.0
(1229, 1230, 1231) 46784.0
(6115, 6116, 6117) 52073.0
(4224, 4225, 4226) 45847.0
(7325, 7326, 7327) 39881.0
(1100, 1101, 1102) 58343.0
(2791, 2792, 2793) 45589.0
(361, 362, 363) 59487.0
(6706, 6707, 6708) 35481.0
(8340, 8341, 8342) 48066.0
(9005, 9006, 9007) 56605.0
(7647, 7648, 7649) 38151.0
(6317, 6318, 6319) 55052.0
(1308, 1309, 1310) 43287.0
(2681, 2682, 2683) 50280.0
(252, 253, 254) 42595.0
(8590, 8591, 8592) 40464.0
(5448, 5449, 5450) 39454.0
(8703, 8704, 8705) 46374.0
(917, 918, 919) 62348.0
(7844, 7845, 7846) 50647.0
(5328, 5329, 5330) 34493.0
(4884, 4885, 4886) 36494.0
(4983, 4984, 4985) 52644.0
(3006, 3007, 3008) 41675.0
(850, 851, 852) 53807.0
(3614, 3615, 3616) 54472.0
(5666, 5667, 5668) 59392.0
(3807, 3808, 3809) 42289.0
(4450, 4451, 4452) 58227.0
(4482, 4483, 4484) 34314.0
(3199, 3200, 3201) 44588.0
(93, 94, 95) 51274.0
(9688, 9689, 9690) 50604.0
(5205, 5206, 5207) 42343.0
(430, 431, 432) 46483.0
(9663, 9664, 9665) 39254.0
(3094, 3095, 3096) 53958.0
(4573, 4574, 4575) 52631.0
(5369, 5370, 5371) 55263.0
(3567, 3568, 3569) 44752.0
(1855, 1856, 1857) 54803.0
(7046, 7047, 7048) 53948.0
(7614, 7615, 7616) 61665.0
(7382, 7383, 7384) 41960.0
(4974, 4975, 4976) 41629.0
(8234, 8235, 8236) 37539.0
(8035, 8036, 8037) 40676.0
(6247, 6248, 6249) 73841.0
(1131, 1132, 1133) 49147.0
(2939, 2940, 2941) 48193.0
(1289, 1290, 1291) 44421.0
(9157, 9158, 9159) 41994.0
(308, 309, 310) 47144.0
(3397, 3398, 3399) 38280.0
(952, 953, 954) 50085.0
(2294, 2295, 2296) 53207.0
(6545, 6546, 6547) 44236.0
(941, 942, 943) 41692.0
(2, 3, 4) 39425.0
(6938, 6939, 6940) 51669.0
(3010, 3011, 3012) 50540.0
(156, 157, 158) 50433.0
(9427, 9428, 9429) 51999.0
(1557, 1558, 1559) 58470.0
(534, 535, 536) 47525.0
(3309, 3310, 3311) 46003.0
(6076, 6077, 6078) 50446.0
(5387, 5388, 5389) 63994.0
(53, 54, 55) 47290.0
(8057, 8058, 8059) 36344.0
(8355, 8356, 8357) 43439.0
(5863, 5864, 5865) 51852.0
(5076, 5077, 5078) 48521.0
(8639, 8640, 8641) 38723.0
(6221, 6222, 6223) 44041.0
(3187, 3188, 3189) 43646.0
(4901, 4902, 4903) 49450.0
(7895, 7896, 7897) 50541.0
(4652, 4653, 4654) 76410.0
(7684, 7685, 7686) 48026.0
(4913, 4914, 4915) 41594.0
(8592, 8593, 8594) 47235.0
(6027, 6028, 6029) 45698.0
(7498, 7499, 7500) 52561.0
(1378, 1379, 1380) 39447.0
(1411, 1412, 1413) 39608.0
(344, 345, 346) 38222.0
(8347, 8348, 8349) 46493.0
(3696, 3697, 3698) 64950.0
(5589, 5590, 5591) 50768.0
(9848, 9849, 9850) 50025.0
(1161, 1162, 1163) 48336.0
(1719, 1720, 1721) 48963.0
(5758, 5759, 5760) 52001.0
(7348, 7349, 7350) 52037.0
(1085, 1086, 1087) 46317.0
(2899, 2900, 2901) 55616.0
(9676, 9677, 9678) 47234.0
(4512, 4513, 4514) 52232.0
(8278, 8279, 8280) 40325.0
(1359, 1360, 1361) 55357.0
(1408, 1409, 1410) 59317.0
(8359, 8360, 8361) 60475.0
(3100, 3101, 3102) 72894.0
(1140, 1141, 1142) 53603.0
(5183, 5184, 5185) 53154.0
(5080, 5081, 5082) 45266.0
(2144, 2145, 2146) 52838.0
(3294, 3295, 3296) 52676.0
(1993, 1994, 1995) 63318.0
(9221, 9222, 9223) 65179.0
(2914, 2915, 2916) 54228.0
(7910, 7911, 7912) 61637.0
(6457, 6458, 6459) 57313.0
(7257, 7258, 7259) 55730.0
(2500, 2501, 2502) 43307.0
(9986, 9987, 9988) 50555.0
(6318, 6319, 6320) 56027.0
(8812, 8813, 8814) 56322.0
(7191, 7192, 7193) 51397.0
(7096, 7097, 7098) 59590.0
(876, 877, 878) 52793.0
(9018, 9019, 9020) 38986.0
(6095, 6096, 6097) 59630.0
(8484, 8485, 8486) 54312.0
(4165, 4166, 4167) 41798.0
(5577, 5578, 5579) 45184.0
(5227, 5228, 5229) 53750.0
(857, 858, 859) 46738.0
(9306, 9307, 9308) 42776.0
(3215, 3216, 3217) 60028.0
(5408, 5409, 5410) 50209.0
(7650, 7651, 7652) 48281.0
(7780, 7781, 7782) 45311.0
(3059, 3060, 3061) 52156.0
(8686, 8687, 8688) 50057.0
(6972, 6973, 6974) 44786.0
(8782, 8783, 8784) 47596.0
(6667, 6668, 6669) 47752.0
(9716, 9717, 9718) 62285.0
(5175, 5176, 5177) 61630.0
(5344, 5345, 5346) 51777.0
(4577, 4578, 4579) 51942.0
(5302, 5303, 5304) 50877.0
(7867, 7868, 7869) 45937.0
(4970, 4971, 4972) 59655.0
(7854, 7855, 7856) 40672.0
(9770, 9771, 9772) 58815.0
(3234, 3235, 3236) 46015.0
(4413, 4414, 4415) 62213.0
(6855, 6856, 6857) 52299.0
(7101, 7102, 7103) 55522.0
(4898, 4899, 4900) 42374.0
(8726, 8727, 8728) 44644.0
(4012, 4013, 4014) 37561.0
(7003, 7004, 7005) 50485.0
(1739, 1740, 1741) 50960.0
(8046, 8047, 8048) 54139.0
(801, 802, 803) 37572.0
(2130, 2131, 2132) 49578.0
(9364, 9365, 9366) 52096.0
(5489, 5490, 5491) 53590.0
(7293, 7294, 7295) 47846.0
(8769, 8770, 8771) 55311.0
(1448, 1449, 1450) 53417.0
(5338, 5339, 5340) 55270.0
(3529, 3530, 3531) 50184.0
(8406, 8407, 8408) 51704.0
(4000, 4001, 4002) 62939.0
(8878, 8879, 8880) 49157.0
(3720, 3721, 3722) 51976.0
(7942, 7943, 7944) 48559.0
(3677, 3678, 3679) 50119.0
(9846, 9847, 9848) 61554.0
(2972, 2973, 2974) 48921.0
(4786, 4787, 4788) 51987.0
(581, 582, 583) 47411.0
(3814, 3815, 3816) 55314.0
(162, 163, 164) 56990.0
(2476, 2477, 2478) 49543.0
(2989, 2990, 2991) 38914.0
(8228, 8229, 8230) 65925.0
(3617, 3618, 3619) 44008.0
(9285, 9286, 9287) 42404.0
(5569, 5570, 5571) 63927.0
(4912, 4913, 4914) 39331.0
(2631, 2632, 2633) 62321.0
(8737, 8738, 8739) 41916.0
(1365, 1366, 1367) 60921.0
(7750, 7751, 7752) 44633.0
(1813, 1814, 1815) 42376.0
(5913, 5914, 5915) 52132.0
(2230, 2231, 2232) 50206.0
(5329, 5330, 5331) 47155.0
(1042, 1043, 1044) 52802.0
(5775, 5776, 5777) 42430.0
(9984, 9985, 9986) 51436.0
(2111, 2112, 2113) 51386.0
(3876, 3877, 3878) 54012.0
(2529, 2530, 2531) 47282.0
(4624, 4625, 4626) 50137.0
(3991, 3992, 3993) 42733.0
(2295, 2296, 2297) 48659.0
(15, 16, 17) 47254.0
(2399, 2400, 2401) 53497.0
(9857, 9858, 9859) 55564.0
(4058, 4059, 4060) 52425.0
(6167, 6168, 6169) 48287.0
(2114, 2115, 2116) 59762.0
(7793, 7794, 7795) 42153.0
(1766, 1767, 1768) 51961.0
(7002, 7003, 7004) 45502.0
(5578, 5579, 5580) 46222.0
(9565, 9566, 9567) 56263.0
(3691, 3692, 3693) 48039.0
(1988, 1989, 1990) 52288.0
(2344, 2345, 2346) 67830.0
(8127, 8128, 8129) 66797.0
(3896, 3897, 3898) 50435.0
(5328, 5329, 5330) 34493.0
(2152, 2153, 2154) 56499.0
(1387, 1388, 1389) 59022.0
(9738, 9739, 9740) 64176.0
(2924, 2925, 2926) 52237.0
(8767, 8768, 8769) 44326.0
(1629, 1630, 1631) 45913.0
(874, 875, 876) 48448.0
(948, 949, 950) 42090.0
(7228, 7229, 7230) 39494.0
(6628, 6629, 6630) 55862.0
(2195, 2196, 2197) 48214.0
(593, 594, 595) 45649.0
(1898, 1899, 1900) 53837.0
(1436, 1437, 1438) 52720.0
(5518, 5519, 5520) 55640.0
(7412, 7413, 7414) 64002.0
(4238, 4239, 4240) 46080.0
(4298, 4299, 4300) 49313.0
(7053, 7054, 7055) 45223.0
(9077, 9078, 9079) 46661.0
(9788, 9789, 9790) 43657.0
(9782, 9783, 9784) 60614.0
(3305, 3306, 3307) 56122.0
(240, 241, 242) 36838.0
(5829, 5830, 5831) 55236.0
(3497, 3498, 3499) 58867.0
(8431, 8432, 8433) 47307.0
(8098, 8099, 8100) 45663.0
(8972, 8973, 8974) 36191.0
(3637, 3638, 3639) 45343.0
(4766, 4767, 4768) 38275.0
(4458, 4459, 4460) 44721.0
(1932, 1933, 1934) 61633.0
(8436, 8437, 8438) 54327.0
(9032, 9033, 9034) 52150.0
(5629, 5630, 5631) 47370.0
(2565, 2566, 2567) 42116.0
(7563, 7564, 7565) 58484.0
(742, 743, 744) 58044.0
(3132, 3133, 3134) 54715.0
(2670, 2671, 2672) 42631.0
(8588, 8589, 8590) 55424.0
(62, 63, 64) 44862.0
(2617, 2618, 2619) 53129.0
(8550, 8551, 8552) 36288.0
(5213, 5214, 5215) 37884.0
(330, 331, 332) 37193.0
(4229, 4230, 4231) 52783.0
(8551, 8552, 8553) 67621.0
(1130, 1131, 1132) 47478.0
(3343, 3344, 3345) 44453.0
(8306, 8307, 8308) 56539.0
(3346, 3347, 3348) 42376.0
(4362, 4363, 4364) 47345.0
(9592, 9593, 9594) 52911.0
(2017, 2018, 2019) 48470.0
(7258, 7259, 7260) 55352.0
(4917, 4918, 4919) 58728.0
(5016, 5017, 5018) 51269.0
(1532, 1533, 1534) 47236.0
(6325, 6326, 6327) 58451.0
(4241, 4242, 4243) 46771.0
(6409, 6410, 6411) 50128.0
(3312, 3313, 3314) 75455.0
(5332, 5333, 5334) 47348.0
(4586, 4587, 4588) 43763.0
(3832, 3833, 3834) 45862.0
(5066, 5067, 5068) 58436.0
(4178, 4179, 4180) 62182.0
(2405, 2406, 2407) 35392.0
(4962, 4963, 4964) 61139.0
(8642, 8643, 8644) 49465.0
(5039, 5040, 5041) 54146.0
(6743, 6744, 6745) 40075.0
(8857, 8858, 8859) 53366.0
(9247, 9248, 9249) 46844.0
(2224, 2225, 2226) 56689.0
(4090, 4091, 4092) 58635.0
(7260, 7261, 7262) 47725.0
(1920, 1921, 1922) 50172.0
(9218, 9219, 9220) 48441.0
(411, 412, 413) 51697.0
(8918, 8919, 8920) 44996.0
(8629, 8630, 8631) 63770.0
(4398, 4399, 4400) 49528.0
(3276, 3277, 3278) 68764.0
(794, 795, 796) 62937.0
(7125, 7126, 7127) 49477.0
(1664, 1665, 1666) 40227.0
(7302, 7303, 7304) 60119.0
(7025, 7026, 7027) 47232.0
(8728, 8729, 8730) 42698.0
(2274, 2275, 2276) 51756.0
(1402, 1403, 1404) 45423.0
(767, 768, 769) 55082.0
(3652, 3653, 3654) 52966.0
(1563, 1564, 1565) 73496.0
(4383, 4384, 4385) 51961.0
(6449, 6450, 6451) 55489.0
(1425, 1426, 1427) 61262.0
(3231, 3232, 3233) 52852.0
(9872, 9873, 9874) 53580.0
(1599, 1600, 1601) 46901.0
(5291, 5292, 5293) 50849.0
(5583, 5584, 5585) 40339.0
(2480, 2481, 2482) 53302.0
(5158, 5159, 5160) 37069.0
(9197, 9198, 9199) 31057.0
(158, 159, 160) 48385.0
(9661, 9662, 9663) 46999.0
(2303, 2304, 2305) 45373.0
(2049, 2050, 2051) 48986.0
(4572, 4573, 4574) 67774.0
(6046, 6047, 6048) 46669.0
(2909, 2910, 2911) 71386.0
(8284, 8285, 8286) 36863.0
(4859, 4860, 4861) 41109.0
(2659, 2660, 2661) 62825.0
(877, 878, 879) 52201.0
(2754, 2755, 2756) 54051.0
(3607, 3608, 3609) 58100.0
(6446, 6447, 6448) 50907.0
(8898, 8899, 8900) 54823.0
(5432, 5433, 5434) 49753.0
(7313, 7314, 7315) 72466.0
(4489, 4490, 4491) 47858.0
(1221, 1222, 1223) 44923.0
(1654, 1655, 1656) 46439.0
(446, 447, 448) 52097.0
(4760, 4761, 4762) 55765.0
(7615, 7616, 7617) 59590.0
(9909, 9910, 9911) 44762.0
(6803, 6804, 6805) 39292.0
(3238, 3239, 3240) 55239.0
(185, 186, 187) 49366.0
(7618, 7619, 7620) 41767.0
(7352, 7353, 7354) 48663.0
(4704, 4705, 4706) 54091.0
(7857, 7858, 7859) 52239.0
(5649, 5650, 5651) 33622.0
(6813, 6814, 6815) 35487.0
(6234, 6235, 6236) 41787.0
(2229, 2230, 2231) 49859.0
(4112, 4113, 4114) 40377.0
(2961, 2962, 2963) 55100.0
(8308, 8309, 8310) 51878.0
(9093, 9094, 9095) 47624.0
(4760, 4761, 4762) 55765.0
(7619, 7620, 7621) 41154.0
(1841, 1842, 1843) 64639.0
(6668, 6669, 6670) 50217.0
(9047, 9048, 9049) 52012.0
(8702, 8703, 8704) 33389.0
(8988, 8989, 8990) 59818.0
(1119, 1120, 1121) 46265.0
(5946, 5947, 5948) 42864.0
(1815, 1816, 1817) 72411.0
(9166, 9167, 9168) 48833.0
(1141, 1142, 1143) 50197.0
(2679, 2680, 2681) 54364.0
(5513, 5514, 5515) 44747.0
(5009, 5010, 5011) 60103.0
(7293, 7294, 7295) 47846.0
(7953, 7954, 7955) 46871.0
(8857, 8858, 8859) 53366.0
(6592, 6593, 6594) 48937.0
(1924, 1925, 1926) 34276.0
(6897, 6898, 6899) 48271.0
(8388, 8389, 8390) 44971.0
(1648, 1649, 1650) 64153.0
(2484, 2485, 2486) 54331.0
(1306, 1307, 1308) 47866.0
(2027, 2028, 2029) 52768.0
(7276, 7277, 7278) 58993.0
(378, 379, 380) 61417.0
(3914, 3915, 3916) 61277.0
(2402, 2403, 2404) 59171.0
(725, 726, 727) 49601.0
(1215, 1216, 1217) 49892.0
(7264, 7265, 7266) 55073.0
(2956, 2957, 2958) 44066.0
(4179, 4180, 4181) 74822.0
(8407, 8408, 8409) 33402.0
(5312, 5313, 5314) 50474.0
(2439, 2440, 2441) 42256.0
(9360, 9361, 9362) 49403.0
(3412, 3413, 3414) 40859.0
(9107, 9108, 9109) 40556.0
(1015, 1016, 1017) 61223.0
(8575, 8576, 8577) 53851.0
(3526, 3527, 3528) 41634.0
(6246, 6247, 6248) 47233.0
(3494, 3495, 3496) 49705.0
(8248, 8249, 8250) 52178.0
(6838, 6839, 6840) 40121.0
(5640, 5641, 5642) 52002.0
(361, 362, 363) 59487.0
(4194, 4195, 4196) 50274.0
(3407, 3408, 3409) 53485.0
(1269, 1270, 1271) 48539.0
(3296, 3297, 3298) 57458.0
(8235, 8236, 8237) 44901.0
(3600, 3601, 3602) 42499.0
(4223, 4224, 4225) 43489.0
(4440, 4441, 4442) 50866.0
(7450, 7451, 7452) 60864.0
(617, 618, 619) 37930.0
(3297, 3298, 3299) 39062.0
(5131, 5132, 5133) 48461.0
(9737, 9738, 9739) 40391.0
(5488, 5489, 5490) 70698.0
(8025, 8026, 8027) 59423.0
(9536, 9537, 9538) 50361.0
(9967, 9968, 9969) 51591.0
(434, 435, 436) 55900.0
(7644, 7645, 7646) 43150.0
(4377, 4378, 4379) 51344.0
(3655, 3656, 3657) 63134.0
(205, 206, 207) 48317.0
(4050, 4051, 4052) 53251.0
(5650, 5651, 5652) 55357.0
(6790, 6791, 6792) 52107.0
(6169, 6170, 6171) 48516.0
(9357, 9358, 9359) 44399.0
(1039, 1040, 1041) 76758.0
(3156, 3157, 3158) 46035.0
(1350, 1351, 1352) 70847.0
(6661, 6662, 6663) 44718.0
(8572, 8573, 8574) 53949.0
(6812, 6813, 6814) 42596.0
(7612, 7613, 7614) 42980.0
(5694, 5695, 5696) 48653.0
(448, 449, 450) 60336.0
(5348, 5349, 5350) 50321.0
(4804, 4805, 4806) 63318.0
(5359, 5360, 5361) 52733.0
(9247, 9248, 9249) 46844.0
(7532, 7533, 7534) 56861.0
(8246, 8247, 8248) 71179.0
(2046, 2047, 2048) 39218.0
(6707, 6708, 6709) 55942.0
(8475, 8476, 8477) 59243.0
(1290, 1291, 1292) 45580.0
(4224, 4225, 4226) 45847.0
(9453, 9454, 9455) 33843.0
(2303, 2304, 2305) 45373.0
(2695, 2696, 2697) 60403.0
(1940, 1941, 1942) 39376.0
(5082, 5083, 5084) 47459.0
(4632, 4633, 4634) 36113.0
(9886, 9887, 9888) 46847.0
(999, 1000, 1001) 56067.0
(3462, 3463, 3464) 51535.0
(7146, 7147, 7148) 45341.0
(2297, 2298, 2299) 42693.0
(8154, 8155, 8156) 52560.0
(7138, 7139, 7140) 58475.0
(8110, 8111, 8112) 52113.0
(3478, 3479, 3480) 58443.0
(2394, 2395, 2396) 52934.0
(2054, 2055, 2056) 39519.0
(2125, 2126, 2127) 63787.0
(1150, 1151, 1152) 62641.0
(1274, 1275, 1276) 56646.0
(4859, 4860, 4861) 41109.0
(9425, 9426, 9427) 31872.0
(5360, 5361, 5362) 45666.0
(2764, 2765, 2766) 50450.0
(9392, 9393, 9394) 48974.0
(3193, 3194, 3195) 55237.0
(8458, 8459, 8460) 55847.0
(7352, 7353, 7354) 48663.0
(4672, 4673, 4674) 61980.0
(662, 663, 664) 55268.0
(9429, 9430, 9431) 50987.0
(6158, 6159, 6160) 50412.0
(5706, 5707, 5708) 68981.0
(4012, 4013, 4014) 37561.0
(1148, 1149, 1150) 60553.0
(9997, 9998, 9999) 60874.0
(1702, 1703, 1704) 55401.0
(8885, 8886, 8887) 47320.0
(2054, 2055, 2056) 39519.0
(5514, 5515, 5516) 53365.0
(6785, 6786, 6787) 57901.0
(8589, 8590, 8591) 49078.0
(5021, 5022, 5023) 47098.0
(8038, 8039, 8040) 45248.0
(6027, 6028, 6029) 45698.0
(2050, 2051, 2052) 55812.0
(2255, 2256, 2257) 65382.0
(678, 679, 680) 48433.0
(769, 770, 771) 50443.0
(6514, 6515, 6516) 57180.0
(6502, 6503, 6504) 60856.0
(7458, 7459, 7460) 47878.0
(8126, 8127, 8128) 54899.0
(5865, 5866, 5867) 50418.0
(6243, 6244, 6245) 54810.0
(2604, 2605, 2606) 54171.0
(510, 511, 512) 50144.0
(2145, 2146, 2147) 42472.0
(4097, 4098, 4099) 62869.0
(1698, 1699, 1700) 53844.0
(4882, 4883, 4884) 52682.0
(7189, 7190, 7191) 60497.0
(2817, 2818, 2819) 50292.0
(2195, 2196, 2197) 48214.0
(2238, 2239, 2240) 47932.0
(7837, 7838, 7839) 45258.0
(9038, 9039, 9040) 51101.0
(6367, 6368, 6369) 56494.0
(9465, 9466, 9467) 58607.0
(1740, 1741, 1742) 53355.0
(2705, 2706, 2707) 37249.0
(5639, 5640, 5641) 43346.0
(5615, 5616, 5617) 41598.0
(7270, 7271, 7272) 30657.0
(6190, 6191, 6192) 49236.0
(8831, 8832, 8833) 51683.0
(5653, 5654, 5655) 65256.0
(4751, 4752, 4753) 53842.0
(3135, 3136, 3137) 54492.0
(2642, 2643, 2644) 57616.0
(7114, 7115, 7116) 59246.0
(4485, 4486, 4487) 63482.0
(7675, 7676, 7677) 50209.0
(3749, 3750, 3751) 51596.0
(4551, 4552, 4553) 48110.0
(35, 36, 37) 56927.0
(3127, 3128, 3129) 53381.0
(9517, 9518, 9519) 67829.0
(2343, 2344, 2345) 56789.0
(8367, 8368, 8369) 55893.0
(4094, 4095, 4096) 35499.0
(4254, 4255, 4256) 38349.0
(1117, 1118, 1119) 47130.0
(3263, 3264, 3265) 44933.0
(1261, 1262, 1263) 44812.0
(3225, 3226, 3227) 53586.0
(3814, 3815, 3816) 55314.0
(8224, 8225, 8226) 52750.0
(6128, 6129, 6130) 63047.0
(6366, 6367, 6368) 44821.0
(7771, 7772, 7773) 41626.0
(403, 404, 405) 49816.0
(4522, 4523, 4524) 67018.0
(4117, 4118, 4119) 54983.0
(7608, 7609, 7610) 58653.0
(7934, 7935, 7936) 47901.0
(5023, 5024, 5025) 57872.0
(1219, 1220, 1221) 49928.0
(3546, 3547, 3548) 40306.0
(3990, 3991, 3992) 59069.0
(9375, 9376, 9377) 52163.0
(8475, 8476, 8477) 59243.0
(9493, 9494, 9495) 53567.0
(1369, 1370, 1371) 42429.0
(4141, 4142, 4143) 49041.0
(5642, 5643, 5644) 54188.0
(5046, 5047, 5048) 37764.0
(8777, 8778, 8779) 50725.0
(7447, 7448, 7449) 46837.0
(105, 106, 107) 43984.0
(5534, 5535, 5536) 46060.0
(6124, 6125, 6126) 56286.0
(8627, 8628, 8629) 54728.0
(8124, 8125, 8126) 57573.0
(5985, 5986, 5987) 55774.0
(4971, 4972, 4973) 46136.0
(6591, 6592, 6593) 42426.0
(4700, 4701, 4702) 56409.0
(6204, 6205, 6206) 69609.0
(6670, 6671, 6672) 40148.0
(8189, 8190, 8191) 53686.0
(7424, 7425, 7426) 53035.0
(1089, 1090, 1091) 54112.0
(6780, 6781, 6782) 46596.0
(6329, 6330, 6331) 37842.0
(9352, 9353, 9354) 48867.0
(5439, 5440, 5441) 39108.0
(3819, 3820, 3821) 52792.0
(409, 410, 411) 56350.0
(906, 907, 908) 59475.0
(1300, 1301, 1302) 46053.0
(3442, 3443, 3444) 43096.0
(1258, 1259, 1260) 55222.0
(6022, 6023, 6024) 44873.0
(2695, 2696, 2697) 60403.0
(2983, 2984, 2985) 59601.0
(328, 329, 330) 44001.0
(4997, 4998, 4999) 44734.0
(963, 964, 965) 48676.0
(9126, 9127, 9128) 49108.0
(7475, 7476, 7477) 54176.0
(212, 213, 214) 38144.0
(7839, 7840, 7841) 44625.0
(9266, 9267, 9268) 45020.0
(6076, 6077, 6078) 50446.0
(446, 447, 448) 52097.0
(8775, 8776, 8777) 49728.0
(1056, 1057, 1058) 65867.0
(2096, 2097, 2098) 78469.0
(8096, 8097, 8098) 43110.0
(9403, 9404, 9405) 54698.0
(6910, 6911, 6912) 45182.0
(9502, 9503, 9504) 50865.0
(8738, 8739, 8740) 48883.0
(1043, 1044, 1045) 44577.0
(3706, 3707, 3708) 71915.0
(1441, 1442, 1443) 55328.0
(5680, 5681, 5682) 50822.0
(1873, 1874, 1875) 61751.0
(7552, 7553, 7554) 43466.0
(9626, 9627, 9628) 59717.0
(4928, 4929, 4930) 50670.0
(6322, 6323, 6324) 50127.0
(6278, 6279, 6280) 50092.0
(6777, 6778, 6779) 58206.0
(6100, 6101, 6102) 67234.0
(3891, 3892, 3893) 35272.0
(201, 202, 203) 64336.0
(5664, 5665, 5666) 63408.0
(3800, 3801, 3802) 53604.0
(4701, 4702, 4703) 60761.0
(3682, 3683, 3684) 62230.0
(1133, 1134, 1135) 50743.0
(7606, 7607, 7608) 52994.0
(4136, 4137, 4138) 41925.0
(8851, 8852, 8853) 54037.0
(7734, 7735, 7736) 47104.0
(2318, 2319, 2320) 50262.0
(7080, 7081, 7082) 43970.0
(7815, 7816, 7817) 43439.0
(1210, 1211, 1212) 57716.0
(6533, 6534, 6535) 62236.0
(8309, 8310, 8311) 40587.0
(4894, 4895, 4896) 51630.0
(8309, 8310, 8311) 40587.0
(1706, 1707, 1708) 40140.0
(1153, 1154, 1155) 41789.0
(2205, 2206, 2207) 60873.0
(3176, 3177, 3178) 51159.0
(4592, 4593, 4594) 39107.0
(4736, 4737, 4738) 58375.0
(4391, 4392, 4393) 52329.0
(4355, 4356, 4357) 57519.0
(6500, 6501, 6502) 54501.0
(98, 99, 100) 45059.0
(162, 163, 164) 56990.0
(4747, 4748, 4749) 48488.0
(4176, 4177, 4178) 46301.0
(9121, 9122, 9123) 49630.0
(1017, 1018, 1019) 53114.0
(2214, 2215, 2216) 47971.0
(6772, 6773, 6774) 49037.0
(4487, 4488, 4489) 58429.0
(7115, 7116, 7117) 41982.0
(9350, 9351, 9352) 62799.0
(4464, 4465, 4466) 42601.0
(3581, 3582, 3583) 45843.0
(4356, 4357, 4358) 49739.0
(9799, 9800, 9801) 50478.0
(4289, 4290, 4291) 59646.0
(325, 326, 327) 46078.0
(5607, 5608, 5609) 58133.0
(3250, 3251, 3252) 40486.0
(6838, 6839, 6840) 40121.0
(6795, 6796, 6797) 45188.0
(137, 138, 139) 53701.0
(7951, 7952, 7953) 51622.0
(1823, 1824, 1825) 55937.0
(6480, 6481, 6482) 54756.0
(4122, 4123, 4124) 39466.0
(6088, 6089, 6090) 40459.0
(2600, 2601, 2602) 49036.0
(2708, 2709, 2710) 58547.0
(551, 552, 553) 51406.0
(6631, 6632, 6633) 46668.0
(1811, 1812, 1813) 65711.0
(7838, 7839, 7840) 49114.0
(5041, 5042, 5043) 38327.0
(1583, 1584, 1585) 45280.0
(1874, 1875, 1876) 43518.0
(9348, 9349, 9350) 56403.0
(4197, 4198, 4199) 50033.0
(2968, 2969, 2970) 57809.0
(1976, 1977, 1978) 46212.0
(5684, 5685, 5686) 39491.0
(2439, 2440, 2441) 42256.0
(2685, 2686, 2687) 49538.0
(902, 903, 904) 43846.0
(6030, 6031, 6032) 44136.0
(8130, 8131, 8132) 45010.0
(4687, 4688, 4689) 35973.0
(3017, 3018, 3019) 34873.0
(3316, 3317, 3318) 43658.0
(9289, 9290, 9291) 48998.0
(649, 650, 651) 51134.0
(6940, 6941, 6942) 61745.0
(4625, 4626, 4627) 53523.0
(8939, 8940, 8941) 48043.0
(6564, 6565, 6566) 59161.0
(5258, 5259, 5260) 47844.0
(763, 764, 765) 57796.0
(839, 840, 841) 47992.0
(4558, 4559, 4560) 69039.0
(8061, 8062, 8063) 47302.0
(5961, 5962, 5963) 56520.0
(9340, 9341, 9342) 59848.0
(7239, 7240, 7241) 64801.0
(9231, 9232, 9233) 53402.0
(5683, 5684, 5685) 38208.0
(5613, 5614, 5615) 47075.0
(4233, 4234, 4235) 62058.0
(4644, 4645, 4646) 45108.0
(9469, 9470, 9471) 41637.0
(2850, 2851, 2852) 51949.0
(5545, 5546, 5547) 57975.0
(5280, 5281, 5282) 42269.0
(7753, 7754, 7755) 52296.0
(866, 867, 868) 59839.0
(8089, 8090, 8091) 58370.0
(7026, 7027, 7028) 56045.0
(7008, 7009, 7010) 45220.0
(6477, 6478, 6479) 46350.0
(6759, 6760, 6761) 70603.0
(6382, 6383, 6384) 47050.0
(3149, 3150, 3151) 38993.0
(1194, 1195, 1196) 63481.0
(287, 288, 289) 48190.0
(5669, 5670, 5671) 50523.0
(6981, 6982, 6983) 43559.0
(1344, 1345, 1346) 44803.0
(9375, 9376, 9377) 52163.0
(1477, 1478, 1479) 55534.0
(5059, 5060, 5061) 46753.0
(9842, 9843, 9844) 50619.0
(8758, 8759, 8760) 65304.0
(3745, 3746, 3747) 44743.0
(6539, 6540, 6541) 43631.0
(3695, 3696, 3697) 45473.0
(1161, 1162, 1163) 48336.0
(7271, 7272, 7273) 53430.0
(9924, 9925, 9926) 51058.0
(4293, 4294, 4295) 49809.0
(2386, 2387, 2388) 42465.0
(7569, 7570, 7571) 51145.0
(7923, 7924, 7925) 73256.0
(2324, 2325, 2326) 62502.0
(6099, 6100, 6101) 49261.0
(90, 91, 92) 49957.0
(4684, 4685, 4686) 51320.0
(3318, 3319, 3320) 32380.0
(9868, 9869, 9870) 57022.0
(6990, 6991, 6992) 47979.0
(3176, 3177, 3178) 51159.0
(663, 664, 665) 48823.0
(5874, 5875, 5876) 54952.0
(5220, 5221, 5222) 49456.0
(412, 413, 414) 52272.0
(9974, 9975, 9976) 52655.0
(7919, 7920, 7921) 52466.0
(86, 87, 88) 43552.0
(4158, 4159, 4160) 48527.0
(1664, 1665, 1666) 40227.0
(2470, 2471, 2472) 39273.0
(7358, 7359, 7360) 54267.0
(6953, 6954, 6955) 47387.0
(9937, 9938, 9939) 43754.0
(1379, 1380, 1381) 56462.0
(8485, 8486, 8487) 42399.0
(4613, 4614, 4615) 44301.0
(2974, 2975, 2976) 43627.0
(8768, 8769, 8770) 43995.0
(7155, 7156, 7157) 43561.0
(4397, 4398, 4399) 59544.0
(1427, 1428, 1429) 39943.0
(2106, 2107, 2108) 51347.0
(9841, 9842, 9843) 52387.0
(573, 574, 575) 33224.0
(3969, 3970, 3971) 52566.0
(7599, 7600, 7601) 40730.0
(60, 61, 62) 38168.0
(705, 706, 707) 39402.0
(6824, 6825, 6826) 59887.0
(9386, 9387, 9388) 59944.0
(4967, 4968, 4969) 48376.0
(8178, 8179, 8180) 47565.0
(8231, 8232, 8233) 50673.0
(242, 243, 244) 39349.0
(855, 856, 857) 43404.0
(6619, 6620, 6621) 52520.0
(5255, 5256, 5257) 60651.0
(7237, 7238, 7239) 43422.0
(1122, 1123, 1124) 53467.0
(7024, 7025, 7026) 65512.0
(7133, 7134, 7135) 39522.0
(4380, 4381, 4382) 47920.0
