(4116, 4117, 4118) 70025.0
(1665, 1666, 1667) 54681.0
(8881, 8882, 8883) 37230.0
(2138, 2139, 2140) 58621.0
(7925, 7926, 7927) 53681.0
(5479, 5480, 5481) 44580.0
(3375, 3376, 3377) 49430.0
(6767, 6768, 6769) 52253.0
(2862, 2863, 2864) 56765.0
(5979, 5980, 5981) 47467.0
(6604, 6605, 6606) 51339.0
(7050, 7051, 7052) 52671.0
(8175, 8176, 8177) 37116.0
(4079, 4080, 4081) 54709.0
(7310, 7311, 7312) 44505.0
(5868, 5869, 5870) 49021.0
(7792, 7793, 7794) 47484.0
(4081, 4082, 4083) 62175.0
(8466, 8467, 8468) 51766.0
(3638, 3639, 3640) 57572.0
(8801, 8802, 8803) 43632.0
(8316, 8317, 8318) 68663.0
(6759, 6760, 6761) 75094.0
(9352, 9353, 9354) 49647.0
(4869, 4870, 4871) 52029.0
(795, 796, 797) 44135.0
(8576, 8577, 8578) 66840.0
(8522, 8523, 8524) 48015.0
(2348, 2349, 2350) 62495.0
(2723, 2724, 2725) 50786.0
(1840, 1841, 1842) 63796.0
(6623, 6624, 6625) 58231.0
(505, 506, 507) 71450.0
(8947, 8948, 8949) 56686.0
(8221, 8222, 8223) 46505.0
(4529, 4530, 4531) 54548.0
(3678, 3679, 3680) 51276.0
(6069, 6070, 6071) 49845.0
(3185, 3186, 3187) 55780.0
(3011, 3012, 3013) 54193.0
(1538, 1539, 1540) 44712.0
(6408, 6409, 6410) 46158.0
(8440, 8441, 8442) 57748.0
(4863, 4864, 4865) 44334.0
(3815, 3816, 3817) 52229.0
(5364, 5365, 5366) 55643.0
(3245, 3246, 3247) 59671.0
(8488, 8489, 8490) 49863.0
(5532, 5533, 5534) 48303.0
(7420, 7421, 7422) 58001.0
(6666, 6667, 6668) 59240.0
(5865, 5866, 5867) 51522.0
(735, 736, 737) 57230.0
(4923, 4924, 4925) 55532.0
(9309, 9310, 9311) 53496.0
(7700, 7701, 7702) 59474.0
(6285, 6286, 6287) 68140.0
(7323, 7324, 7325) 49055.0
(2057, 2058, 2059) 44989.0
(3442, 3443, 3444) 44142.0
(4859, 4860, 4861) 45898.0
(9726, 9727, 9728) 55504.0
(1596, 1597, 1598) 31812.0
(2580, 2581, 2582) 57754.0
(2869, 2870, 2871) 56837.0
(2445, 2446, 2447) 42475.0
(5479, 5480, 5481) 44580.0
(1339, 1340, 1341) 40910.0
(2657, 2658, 2659) 52996.0
(462, 463, 464) 54239.0
(842, 843, 844) 46965.0
(5115, 5116, 5117) 45664.0
(1321, 1322, 1323) 54365.0
(6843, 6844, 6845) 58949.0
(3322, 3323, 3324) 59982.0
(5289, 5290, 5291) 55685.0
(5800, 5801, 5802) 38557.0
(9361, 9362, 9363) 56220.0
(2089, 2090, 2091) 51718.0
(9569, 9570, 9571) 52592.0
(8318, 8319, 8320) 63951.0
(3035, 3036, 3037) 73578.0
(4017, 4018, 4019) 49492.0
(8580, 8581, 8582) 64392.0
(9693, 9694, 9695) 50266.0
(579, 580, 581) 63791.0
(4597, 4598, 4599) 46548.0
(217, 218, 219) 44517.0
(5811, 5812, 5813) 52908.0
(1229, 1230, 1231) 49124.0
(7130, 7131, 7132) 62849.0
(7189, 7190, 7191) 63045.0
(6146, 6147, 6148) 48404.0
(3505, 3506, 3507) 50004.0
(8544, 8545, 8546) 43524.0
(5909, 5910, 5911) 43490.0
(8326, 8327, 8328) 53256.0
(7338, 7339, 7340) 58786.0
(8026, 8027, 8028) 62710.0
(4359, 4360, 4361) 45664.0
(1488, 1489, 1490) 41938.0
(8550, 8551, 8552) 37413.0
(7319, 7320, 7321) 62152.0
(4207, 4208, 4209) 35534.0
(1644, 1645, 1646) 48771.0
(4504, 4505, 4506) 47851.0
(903, 904, 905) 43646.0
(4100, 4101, 4102) 44493.0
(4950, 4951, 4952) 59022.0
(7544, 7545, 7546) 53680.0
(8054, 8055, 8056) 44656.0
(151, 152, 153) 52009.0
(4966, 4967, 4968) 52441.0
(8997, 8998, 8999) 59249.0
(3721, 3722, 3723) 65941.0
(3751, 3752, 3753) 48331.0
(5070, 5071, 5072) 56464.0
(6195, 6196, 6197) 61835.0
(3281, 3282, 3283) 50183.0
(4223, 4224, 4225) 44442.0
(5310, 5311, 5312) 63808.0
(6722, 6723, 6724) 52581.0
(4639, 4640, 4641) 57519.0
(5683, 5684, 5685) 41171.0
(9734, 9735, 9736) 68478.0
(6520, 6521, 6522) 51063.0
(2189, 2190, 2191) 48700.0
(3132, 3133, 3134) 57529.0
(1335, 1336, 1337) 61054.0
(2110, 2111, 2112) 52908.0
(2494, 2495, 2496) 53545.0
(4955, 4956, 4957) 58416.0
(7845, 7846, 7847) 52811.0
(2883, 2884, 2885) 54783.0
(4916, 4917, 4918) 49976.0
(4711, 4712, 4713) 54804.0
(1582, 1583, 1584) 44674.0
(412, 413, 414) 55585.0
(8007, 8008, 8009) 53882.0
(8523, 8524, 8525) 54584.0
(1057, 1058, 1059) 51273.0
(4284, 4285, 4286) 47241.0
(5508, 5509, 5510) 62783.0
(4042, 4043, 4044) 51606.0
(6318, 6319, 6320) 56445.0
(3264, 3265, 3266) 57053.0
(8032, 8033, 8034) 55072.0
(27, 28, 29) 52644.0
(9653, 9654, 9655) 51338.0
(765, 766, 767) 43554.0
(124, 125, 126) 45255.0
(761, 762, 763) 57277.0
(9066, 9067, 9068) 49648.0
(8930, 8931, 8932) 50699.0
(2039, 2040, 2041) 36714.0
(9122, 9123, 9124) 57587.0
(8297, 8298, 8299) 62802.0
(9886, 9887, 9888) 46584.0
(859, 860, 861) 52823.0
(8341, 8342, 8343) 39360.0
(6691, 6692, 6693) 53557.0
(432, 433, 434) 40265.0
(8716, 8717, 8718) 69205.0
(8329, 8330, 8331) 51092.0
(2208, 2209, 2210) 50351.0
(3736, 3737, 3738) 49785.0
(8434, 8435, 8436) 38425.0
(9571, 9572, 9573) 48094.0
(3628, 3629, 3630) 50468.0
(3079, 3080, 3081) 46479.0
(3094, 3095, 3096) 55323.0
(2021, 2022, 2023) 45084.0
(6542, 6543, 6544) 53151.0
(4415, 4416, 4417) 50368.0
(8687, 8688, 8689) 50265.0
(4634, 4635, 4636) 54001.0
(1076, 1077, 1078) 65306.0
(5855, 5856, 5857) 38586.0
(5419, 5420, 5421) 76586.0
(6670, 6671, 6672) 41578.0
(3338, 3339, 3340) 47874.0
(4399, 4400, 4401) 44966.0
(4554, 4555, 4556) 60313.0
(3067, 3068, 3069) 65080.0
(5096, 5097, 5098) 42378.0
(890, 891, 892) 53890.0
(4412, 4413, 4414) 67392.0
(9573, 9574, 9575) 47633.0
(3836, 3837, 3838) 58609.0
(1923, 1924, 1925) 45201.0
(5287, 5288, 5289) 52051.0
(1415, 1416, 1417) 61176.0
(3988, 3989, 3990) 43417.0
(3902, 3903, 3904) 57151.0
(3936, 3937, 3938) 66513.0
(3279, 3280, 3281) 53561.0
(6727, 6728, 6729) 39355.0
(4014, 4015, 4016) 44093.0
(1121, 1122, 1123) 63743.0
(7675, 7676, 7677) 52503.0
(3149, 3150, 3151) 40601.0
