(8724, 8725, 8726) 44539.0
(1924, 1925, 1926) 35456.0
(8256, 8257, 8258) 61357.0
(4485, 4486, 4487) 65078.0
(6840, 6841, 6842) 62063.0
(2524, 2525, 2526) 76909.0
(1323, 1324, 1325) 45678.0
(9361, 9362, 9363) 58194.0
(7621, 7622, 7623) 58045.0
(4586, 4587, 4588) 47887.0
(3506, 3507, 3508) 54168.0
(2831, 2832, 2833) 53024.0
(6620, 6621, 6622) 59042.0
(7303, 7304, 7305) 61530.0
(7838, 7839, 7840) 51763.0
(4508, 4509, 4510) 54234.0
(8087, 8088, 8089) 48789.0
(1313, 1314, 1315) 48540.0
(323, 324, 325) 69886.0
(5245, 5246, 5247) 46412.0
(6649, 6650, 6651) 58677.0
(132, 133, 134) 83669.0
(431, 432, 433) 50907.0
(1342, 1343, 1344) 46062.0
(3777, 3778, 3779) 53584.0
(9389, 9390, 9391) 68812.0
(833, 834, 835) 57363.0
(4705, 4706, 4707) 50316.0
(1511, 1512, 1513) 49592.0
(5086, 5087, 5088) 57353.0
(55, 56, 57) 49336.0
(1370, 1371, 1372) 41122.0
(2680, 2681, 2682) 49972.0
(5225, 5226, 5227) 43046.0
(7711, 7712, 7713) 38483.0
(7925, 7926, 7927) 55554.0
(9526, 9527, 9528) 52105.0
(9707, 9708, 9709) 46922.0
(3906, 3907, 3908) 59447.0
(8859, 8860, 8861) 49563.0
(5050, 5051, 5052) 62286.0
(6347, 6348, 6349) 47019.0
(3410, 3411, 3412) 50621.0
(3610, 3611, 3612) 64769.0
(9651, 9652, 9653) 40651.0
(4580, 4581, 4582) 59023.0
(6328, 6329, 6330) 61202.0
(9150, 9151, 9152) 39938.0
(9687, 9688, 9689) 64027.0
(652, 653, 654) 58171.0
(2004, 2005, 2006) 52523.0
(376, 377, 378) 45003.0
(9590, 9591, 9592) 56284.0
(2820, 2821, 2822) 59426.0
(5207, 5208, 5209) 52581.0
(9536, 9537, 9538) 57186.0
(9521, 9522, 9523) 34692.0
(7913, 7914, 7915) 42708.0
(2278, 2279, 2280) 54205.0
(2117, 2118, 2119) 58549.0
(7801, 7802, 7803) 58003.0
(155, 156, 157) 65569.0
(8166, 8167, 8168) 50943.0
(7797, 7798, 7799) 70423.0
(4514, 4515, 4516) 51731.0
(7749, 7750, 7751) 62856.0
(3300, 3301, 3302) 53224.0
(1604, 1605, 1606) 75632.0
(2860, 2861, 2862) 74195.0
(2088, 2089, 2090) 53759.0
(905, 906, 907) 56249.0
(9236, 9237, 9238) 62448.0
(5244, 5245, 5246) 44251.0
(7131, 7132, 7133) 61417.0
(9605, 9606, 9607) 49384.0
(4538, 4539, 4540) 49248.0
(1034, 1035, 1036) 58496.0
(7713, 7714, 7715) 70371.0
(8143, 8144, 8145) 75907.0
(2896, 2897, 2898) 53397.0
(5748, 5749, 5750) 67777.0
(804, 805, 806) 48184.0
(1885, 1886, 1887) 48397.0
(3758, 3759, 3760) 49788.0
(9010, 9011, 9012) 45740.0
(4167, 4168, 4169) 42839.0
(5054, 5055, 5056) 49818.0
(409, 410, 411) 60779.0
(2161, 2162, 2163) 48528.0
(5757, 5758, 5759) 48505.0
(7070, 7071, 7072) 85695.0
(4953, 4954, 4955) 68955.0
(7867, 7868, 7869) 46915.0
(4665, 4666, 4667) 65641.0
(3058, 3059, 3060) 55812.0
(9897, 9898, 9899) 52561.0
(4257, 4258, 4259) 63442.0
(8168, 8169, 8170) 54349.0
(3475, 3476, 3477) 68334.0
(7478, 7479, 7480) 55947.0
(711, 712, 713) 49378.0
(4807, 4808, 4809) 48646.0
(318, 319, 320) 49212.0
(8585, 8586, 8587) 58832.0
(7473, 7474, 7475) 52641.0
(1450, 1451, 1452) 50107.0
(7463, 7464, 7465) 51357.0
(4995, 4996, 4997) 57034.0
(3157, 3158, 3159) 52189.0
(819, 820, 821) 52017.0
(9218, 9219, 9220) 55395.0
(7918, 7919, 7920) 69532.0
(3277, 3278, 3279) 52206.0
(9713, 9714, 9715) 59281.0
(9950, 9951, 9952) 49128.0
(6518, 6519, 6520) 55891.0
(7309, 7310, 7311) 52596.0
(1525, 1526, 1527) 45016.0
(2500, 2501, 2502) 44970.0
(254, 255, 256) 42006.0
(7872, 7873, 7874) 54374.0
(3858, 3859, 3860) 53734.0
(8746, 8747, 8748) 47655.0
(1425, 1426, 1427) 63034.0
(1129, 1130, 1131) 53561.0
(9375, 9376, 9377) 53216.0
(368, 369, 370) 55340.0
(9111, 9112, 9113) 55944.0
(6761, 6762, 6763) 51725.0
(7724, 7725, 7726) 56311.0
(4967, 4968, 4969) 55491.0
(863, 864, 865) 51875.0
(3854, 3855, 3856) 50661.0
(1949, 1950, 1951) 54242.0
(1904, 1905, 1906) 52397.0
(1090, 1091, 1092) 57352.0
(9753, 9754, 9755) 41361.0
(9942, 9943, 9944) 50544.0
(2566, 2567, 2568) 41956.0
(4636, 4637, 4638) 40141.0
(5756, 5757, 5758) 59904.0
(3415, 3416, 3417) 73266.0
(9509, 9510, 9511) 48270.0
(4677, 4678, 4679) 53022.0
(9394, 9395, 9396) 46757.0
(765, 766, 767) 46760.0
(9695, 9696, 9697) 45905.0
(4222, 4223, 4224) 51300.0
(9441, 9442, 9443) 58027.0
(2346, 2347, 2348) 49634.0
(178, 179, 180) 60282.0
(2906, 2907, 2908) 56931.0
(9049, 9050, 9051) 57333.0
(7102, 7103, 7104) 43247.0
(1547, 1548, 1549) 46704.0
(5696, 5697, 5698) 61921.0
(5928, 5929, 5930) 56329.0
(998, 999, 1000) 46857.0
(8854, 8855, 8856) 53587.0
(5026, 5027, 5028) 46345.0
(9084, 9085, 9086) 52603.0
(2783, 2784, 2785) 45775.0
(8146, 8147, 8148) 51429.0
(6959, 6960, 6961) 59570.0
(5751, 5752, 5753) 54169.0
(4764, 4765, 4766) 63420.0
(6771, 6772, 6773) 52022.0
(5766, 5767, 5768) 46410.0
(7908, 7909, 7910) 73999.0
(2664, 2665, 2666) 62103.0
(8098, 8099, 8100) 47261.0
(9965, 9966, 9967) 69336.0
(3979, 3980, 3981) 65807.0
(8317, 8318, 8319) 55850.0
(8193, 8194, 8195) 56716.0
(7492, 7493, 7494) 52511.0
(3529, 3530, 3531) 51117.0
(8502, 8503, 8504) 51058.0
(483, 484, 485) 59045.0
(6728, 6729, 6730) 43797.0
(5544, 5545, 5546) 44066.0
(3335, 3336, 3337) 55220.0
(7834, 7835, 7836) 56288.0
(1807, 1808, 1809) 58742.0
(3659, 3660, 3661) 55593.0
(311, 312, 313) 52645.0
(4460, 4461, 4462) 47273.0
(700, 701, 702) 57628.0
(1937, 1938, 1939) 66013.0
(5965, 5966, 5967) 64130.0
(530, 531, 532) 56894.0
(9312, 9313, 9314) 44927.0
(5802, 5803, 5804) 62183.0
(1189, 1190, 1191) 59083.0
(5200, 5201, 5202) 53891.0
(7782, 7783, 7784) 55780.0
(7520, 7521, 7522) 54986.0
(6540, 6541, 6542) 58855.0
(5822, 5823, 5824) 76985.0
(660, 661, 662) 63638.0
(3496, 3497, 3498) 58245.0
