(6899, 6900, 6901) 44579.0
(5721, 5722, 5723) 52901.0
(5746, 5747, 5748) 52107.0
(9462, 9463, 9464) 47788.0
(5714, 5715, 5716) 63123.0
(5588, 5589, 5590) 66463.0
(6375, 6376, 6377) 55716.0
(5024, 5025, 5026) 71091.0
(44, 45, 46) 55390.0
(1748, 1749, 1750) 56161.0
(3820, 3821, 3822) 52872.0
(808, 809, 810) 56793.0
(295, 296, 297) 81921.0
(3080, 3081, 3082) 62272.0
(4655, 4656, 4657) 62413.0
(4015, 4016, 4017) 43453.0
(5259, 5260, 5261) 63028.0
(9070, 9071, 9072) 55729.0
(350, 351, 352) 57384.0
(3767, 3768, 3769) 39453.0
(6527, 6528, 6529) 40300.0
(240, 241, 242) 39404.0
(6496, 6497, 6498) 55461.0
(2770, 2771, 2772) 52093.0
(9110, 9111, 9112) 50624.0
(2757, 2758, 2759) 61112.0
(796, 797, 798) 53788.0
(2500, 2501, 2502) 47748.0
(9022, 9023, 9024) 51071.0
(8752, 8753, 8754) 43417.0
(4758, 4759, 4760) 46500.0
(3961, 3962, 3963) 49649.0
(310, 311, 312) 51851.0
(4179, 4180, 4181) 75821.0
(1584, 1585, 1586) 58544.0
(7556, 7557, 7558) 71063.0
(3329, 3330, 3331) 50900.0
(4241, 4242, 4243) 53595.0
(4764, 4765, 4766) 68372.0
(1899, 1900, 1901) 49569.0
(1198, 1199, 1200) 54202.0
(1024, 1025, 1026) 47366.0
(8035, 8036, 8037) 47260.0
(606, 607, 608) 45611.0
(7017, 7018, 7019) 59789.0
(7609, 7610, 7611) 62747.0
(7246, 7247, 7248) 47601.0
(8049, 8050, 8051) 62030.0
(205, 206, 207) 51173.0
(146, 147, 148) 68899.0
(1429, 1430, 1431) 44694.0
(4616, 4617, 4618) 45939.0
(8055, 8056, 8057) 77678.0
(6626, 6627, 6628) 53250.0
(2407, 2408, 2409) 54038.0
(5773, 5774, 5775) 61663.0
(6325, 6326, 6327) 68790.0
(4362, 4363, 4364) 52712.0
(1289, 1290, 1291) 51016.0
(90, 91, 92) 55548.0
(1700, 1701, 1702) 57523.0
(516, 517, 518) 51168.0
(9486, 9487, 9488) 55528.0
(8564, 8565, 8566) 74102.0
(7880, 7881, 7882) 55082.0
(8949, 8950, 8951) 52050.0
(1305, 1306, 1307) 47998.0
(726, 727, 728) 65605.0
(7609, 7610, 7611) 62747.0
(6043, 6044, 6045) 58106.0
(1738, 1739, 1740) 48415.0
(467, 468, 469) 43880.0
(9590, 9591, 9592) 59407.0
(7583, 7584, 7585) 56706.0
(8084, 8085, 8086) 37550.0
(9095, 9096, 9097) 81399.0
(5690, 5691, 5692) 50914.0
(3801, 3802, 3803) 50709.0
(5915, 5916, 5917) 55234.0
(9427, 9428, 9429) 56513.0
(9438, 9439, 9440) 58759.0
(4857, 4858, 4859) 53110.0
(1909, 1910, 1911) 45349.0
(4027, 4028, 4029) 46038.0
(8098, 8099, 8100) 49653.0
(7576, 7577, 7578) 44206.0
(9619, 9620, 9621) 42190.0
(7043, 7044, 7045) 80033.0
(5835, 5836, 5837) 61093.0
(372, 373, 374) 49163.0
(7948, 7949, 7950) 51099.0
(2381, 2382, 2383) 53740.0
(3724, 3725, 3726) 65587.0
(2319, 2320, 2321) 55579.0
(1436, 1437, 1438) 56762.0
(2676, 2677, 2678) 60424.0
(2406, 2407, 2408) 65919.0
(4340, 4341, 4342) 50585.0
(3223, 3224, 3225) 63021.0
(1345, 1346, 1347) 36716.0
(2158, 2159, 2160) 60609.0
(1052, 1053, 1054) 46278.0
(9813, 9814, 9815) 64721.0
(68, 69, 70) 42217.0
(4341, 4342, 4343) 77868.0
(8026, 8027, 8028) 64387.0
(2593, 2594, 2595) 59051.0
(2647, 2648, 2649) 72601.0
(7313, 7314, 7315) 73442.0
(3363, 3364, 3365) 59429.0
(3239, 3240, 3241) 53722.0
(4669, 4670, 4671) 64993.0
(6559, 6560, 6561) 56047.0
(5320, 5321, 5322) 69218.0
(3449, 3450, 3451) 54986.0
(3828, 3829, 3830) 55292.0
(7877, 7878, 7879) 39376.0
(2530, 2531, 2532) 70671.0
(3949, 3950, 3951) 52612.0
(7436, 7437, 7438) 65373.0
(1, 2, 3) 73337.0
(9522, 9523, 9524) 55360.0
(357, 358, 359) 59459.0
(2428, 2429, 2430) 66692.0
(7106, 7107, 7108) 74744.0
(2982, 2983, 2984) 56053.0
(9772, 9773, 9774) 57233.0
(6296, 6297, 6298) 44186.0
(1506, 1507, 1508) 62108.0
(8792, 8793, 8794) 43105.0
(7926, 7927, 7928) 65836.0
(8164, 8165, 8166) 53478.0
(5532, 5533, 5534) 50408.0
(2304, 2305, 2306) 43548.0
(6322, 6323, 6324) 52507.0
(4451, 4452, 4453) 56701.0
(2383, 2384, 2385) 59258.0
(1736, 1737, 1738) 46697.0
(439, 440, 441) 48745.0
(5249, 5250, 5251) 50863.0
(1550, 1551, 1552) 43779.0
(1275, 1276, 1277) 50981.0
(3247, 3248, 3249) 53954.0
(9368, 9369, 9370) 58444.0
(5373, 5374, 5375) 72579.0
(6721, 6722, 6723) 57743.0
(2475, 2476, 2477) 54845.0
(5139, 5140, 5141) 40439.0
(3591, 3592, 3593) 60526.0
(2204, 2205, 2206) 55768.0
(1435, 1436, 1437) 56197.0
(217, 218, 219) 47501.0
(5868, 5869, 5870) 51844.0
(1583, 1584, 1585) 49152.0
(9365, 9366, 9367) 52308.0
(7587, 7588, 7589) 62083.0
(4888, 4889, 4890) 62310.0
(9161, 9162, 9163) 55148.0
(4241, 4242, 4243) 53595.0
(4562, 4563, 4564) 53572.0
(9474, 9475, 9476) 56134.0
(6167, 6168, 6169) 57855.0
(1913, 1914, 1915) 50846.0
(4552, 4553, 4554) 49947.0
(4626, 4627, 4628) 59648.0
(8904, 8905, 8906) 49495.0
(7241, 7242, 7243) 54567.0
(7670, 7671, 7672) 63538.0
(2792, 2793, 2794) 55217.0
(1433, 1434, 1435) 48962.0
(2204, 2205, 2206) 55768.0
(9314, 9315, 9316) 45620.0
(3980, 3981, 3982) 48072.0
(308, 309, 310) 49269.0
(28, 29, 30) 44221.0
(137, 138, 139) 57224.0
(6623, 6624, 6625) 62859.0
(4020, 4021, 4022) 58575.0
(1738, 1739, 1740) 48415.0
(1606, 1607, 1608) 63453.0
(5327, 5328, 5329) 73721.0
(775, 776, 777) 51093.0
(9726, 9727, 9728) 58057.0
(7565, 7566, 7567) 66855.0
(3176, 3177, 3178) 60681.0
(4465, 4466, 4467) 74751.0
(5474, 5475, 5476) 49241.0
(4578, 4579, 4580) 49756.0
(5155, 5156, 5157) 47042.0
(9681, 9682, 9683) 54391.0
(8166, 8167, 8168) 50896.0
(9826, 9827, 9828) 45175.0
(4977, 4978, 4979) 46775.0
(1641, 1642, 1643) 50684.0
(8485, 8486, 8487) 46286.0
(3766, 3767, 3768) 63735.0
(1380, 1381, 1382) 60833.0
(2362, 2363, 2364) 39939.0
(2754, 2755, 2756) 57553.0
(2872, 2873, 2874) 63339.0
(4750, 4751, 4752) 60314.0
