(6092, 6093, 6094) 51525.0
(764, 765, 766) 49369.0
(1137, 1138, 1139) 53816.0
(2132, 2133, 2134) 43894.0
(6294, 6295, 6296) 55799.0
(1745, 1746, 1747) 78184.0
(9895, 9896, 9897) 56433.0
(6304, 6305, 6306) 68390.0
(2824, 2825, 2826) 63450.0
(2561, 2562, 2563) 58071.0
(5125, 5126, 5127) 62892.0
(3954, 3955, 3956) 73723.0
(8701, 8702, 8703) 60279.0
(6018, 6019, 6020) 71643.0
(3714, 3715, 3716) 56108.0
(6067, 6068, 6069) 62498.0
(9909, 9910, 9911) 50154.0
(1844, 1845, 1846) 55520.0
(5045, 5046, 5047) 73703.0
(7844, 7845, 7846) 55539.0
(2575, 2576, 2577) 71336.0
(1661, 1662, 1663) 67371.0
(7084, 7085, 7086) 59535.0
(2171, 2172, 2173) 62759.0
(9097, 9098, 9099) 36798.0
(6072, 6073, 6074) 49068.0
(6263, 6264, 6265) 58775.0
(5650, 5651, 5652) 60853.0
(7838, 7839, 7840) 52801.0
(4955, 4956, 4957) 66917.0
(2220, 2221, 2222) 49994.0
(7209, 7210, 7211) 55057.0
(3312, 3313, 3314) 86119.0
(1248, 1249, 1250) 64379.0
(8055, 8056, 8057) 78610.0
(2538, 2539, 2540) 66465.0
(589, 590, 591) 59805.0
(495, 496, 497) 59318.0
(4892, 4893, 4894) 57242.0
(3848, 3849, 3850) 61876.0
(833, 834, 835) 62470.0
(1997, 1998, 1999) 43140.0
(1516, 1517, 1518) 65035.0
(5103, 5104, 5105) 55342.0
(5915, 5916, 5917) 59317.0
(5255, 5256, 5257) 64414.0
(5796, 5797, 5798) 71183.0
(8646, 8647, 8648) 47523.0
(5291, 5292, 5293) 56568.0
(5124, 5125, 5126) 58303.0
(8390, 8391, 8392) 44146.0
(4043, 4044, 4045) 53577.0
(8255, 8256, 8257) 44220.0
(3882, 3883, 3884) 85630.0
(6279, 6280, 6281) 55825.0
(8616, 8617, 8618) 51650.0
(8806, 8807, 8808) 44689.0
(8087, 8088, 8089) 50439.0
(9472, 9473, 9474) 53118.0
(1678, 1679, 1680) 50184.0
(1612, 1613, 1614) 76455.0
(3605, 3606, 3607) 45106.0
(6939, 6940, 6941) 49876.0
(2892, 2893, 2894) 64106.0
(5221, 5222, 5223) 73740.0
(6127, 6128, 6129) 58599.0
(4968, 4969, 4970) 59790.0
(3198, 3199, 3200) 67562.0
(360, 361, 362) 59614.0
(9555, 9556, 9557) 55756.0
(8416, 8417, 8418) 67077.0
(9215, 9216, 9217) 46972.0
(9367, 9368, 9369) 65422.0
(9237, 9238, 9239) 71762.0
(4593, 4594, 4595) 60798.0
(3821, 3822, 3823) 63160.0
(2322, 2323, 2324) 58948.0
(8009, 8010, 8011) 62992.0
(6798, 6799, 6800) 54763.0
(660, 661, 662) 70581.0
(2817, 2818, 2819) 53566.0
(9462, 9463, 9464) 47946.0
(4430, 4431, 4432) 64329.0
(6926, 6927, 6928) 62288.0
(871, 872, 873) 48777.0
(5073, 5074, 5075) 48630.0
(6094, 6095, 6096) 63167.0
(522, 523, 524) 65895.0
(1681, 1682, 1683) 54505.0
(9327, 9328, 9329) 69704.0
(2187, 2188, 2189) 63054.0
(8674, 8675, 8676) 46963.0
(8502, 8503, 8504) 51786.0
(5084, 5085, 5086) 43646.0
(8534, 8535, 8536) 42750.0
(256, 257, 258) 47449.0
(3799, 3800, 3801) 50174.0
(8329, 8330, 8331) 62072.0
(850, 851, 852) 62953.0
(6699, 6700, 6701) 54407.0
(4020, 4021, 4022) 60196.0
(5558, 5559, 5560) 65393.0
(523, 524, 525) 66323.0
(4195, 4196, 4197) 43235.0
(7144, 7145, 7146) 44638.0
(9746, 9747, 9748) 49990.0
(2031, 2032, 2033) 50745.0
(2086, 2087, 2088) 62898.0
(6384, 6385, 6386) 57044.0
(9532, 9533, 9534) 64303.0
(551, 552, 553) 59575.0
(7232, 7233, 7234) 53557.0
(6497, 6498, 6499) 57163.0
(9125, 9126, 9127) 49023.0
(2554, 2555, 2556) 60539.0
(9872, 9873, 9874) 58538.0
(7445, 7446, 7447) 80212.0
(2290, 2291, 2292) 56073.0
(8521, 8522, 8523) 56571.0
(9768, 9769, 9770) 60575.0
(1504, 1505, 1506) 46503.0
(5588, 5589, 5590) 69888.0
(6664, 6665, 6666) 53281.0
(5159, 5160, 5161) 62100.0
(582, 583, 584) 61170.0
(7533, 7534, 7535) 62459.0
(773, 774, 775) 63532.0
(1845, 1846, 1847) 54765.0
(863, 864, 865) 51781.0
(3778, 3779, 3780) 51158.0
(3904, 3905, 3906) 56650.0
(2236, 2237, 2238) 54090.0
(9108, 9109, 9110) 55428.0
(3163, 3164, 3165) 56903.0
(8780, 8781, 8782) 62578.0
(9195, 9196, 9197) 73048.0
(5446, 5447, 5448) 64510.0
(8329, 8330, 8331) 62072.0
(4960, 4961, 4962) 59561.0
(1489, 1490, 1491) 58674.0
(6733, 6734, 6735) 65242.0
(235, 236, 237) 62150.0
(7497, 7498, 7499) 46238.0
(6571, 6572, 6573) 50045.0
(8777, 8778, 8779) 65115.0
(3558, 3559, 3560) 70380.0
(3180, 3181, 3182) 52106.0
(6776, 6777, 6778) 52444.0
(4973, 4974, 4975) 47397.0
(1750, 1751, 1752) 72420.0
(8759, 8760, 8761) 42861.0
(9414, 9415, 9416) 62995.0
(9460, 9461, 9462) 57535.0
(3134, 3135, 3136) 55144.0
(5370, 5371, 5372) 60958.0
(2580, 2581, 2582) 63423.0
(3032, 3033, 3034) 54525.0
(9136, 9137, 9138) 57023.0
(8552, 8553, 8554) 46457.0
(9437, 9438, 9439) 57530.0
(9486, 9487, 9488) 57757.0
(6923, 6924, 6925) 58985.0
(2606, 2607, 2608) 54694.0
(2437, 2438, 2439) 68393.0
(3977, 3978, 3979) 61796.0
(6950, 6951, 6952) 47976.0
(6908, 6909, 6910) 58977.0
(9923, 9924, 9925) 56457.0
(8372, 8373, 8374) 64823.0
(1603, 1604, 1605) 51827.0
(6029, 6030, 6031) 49011.0
(9901, 9902, 9903) 50118.0
(2992, 2993, 2994) 57929.0
(948, 949, 950) 48243.0
(9651, 9652, 9653) 41981.0
(9576, 9577, 9578) 61404.0
(7048, 7049, 7050) 71192.0
(7505, 7506, 7507) 66445.0
(1826, 1827, 1828) 59402.0
(1802, 1803, 1804) 53492.0
(5197, 5198, 5199) 47886.0
(3388, 3389, 3390) 59851.0
(8193, 8194, 8195) 63657.0
(5825, 5826, 5827) 46686.0
(6626, 6627, 6628) 56832.0
(6133, 6134, 6135) 59343.0
(3391, 3392, 3393) 59872.0
(902, 903, 904) 48010.0
(7773, 7774, 7775) 59097.0
(1313, 1314, 1315) 53880.0
(775, 776, 777) 51917.0
(5413, 5414, 5415) 44232.0
(3392, 3393, 3394) 55485.0
(992, 993, 994) 47593.0
(1561, 1562, 1563) 69068.0
(5734, 5735, 5736) 44055.0
(3361, 3362, 3363) 50277.0
(4255, 4256, 4257) 49342.0
(2225, 2226, 2227) 63600.0
(7832, 7833, 7834) 54206.0
(1191, 1192, 1193) 64000.0
