(6258, 6259, 6260) 59508.0
(6445, 6446, 6447) 76249.0
(2441, 2442, 2443) 52057.0
(934, 935, 936) 54341.0
(4484, 4485, 4486) 68990.0
(5526, 5527, 5528) 49763.0
(1458, 1459, 1460) 65143.0
(8026, 8027, 8028) 66908.0
(4747, 4748, 4749) 54296.0
(7305, 7306, 7307) 55479.0
(1879, 1880, 1881) 43049.0
(5921, 5922, 5923) 59283.0
(9675, 9676, 9677) 63819.0
(8780, 8781, 8782) 64115.0
(413, 414, 415) 62315.0
(4287, 4288, 4289) 62682.0
(2776, 2777, 2778) 68179.0
(3122, 3123, 3124) 51607.0
(6808, 6809, 6810) 72126.0
(379, 380, 381) 80323.0
(150, 151, 152) 51546.0
(4893, 4894, 4895) 67407.0
(165, 166, 167) 64844.0
(8730, 8731, 8732) 58841.0
(5105, 5106, 5107) 46073.0
(1559, 1560, 1561) 59029.0
(2998, 2999, 3000) 57715.0
(6846, 6847, 6848) 59679.0
(3163, 3164, 3165) 60316.0
(9651, 9652, 9653) 42969.0
(3595, 3596, 3597) 50698.0
(8499, 8500, 8501) 74192.0
(2064, 2065, 2066) 61413.0
(9304, 9305, 9306) 72917.0
(5378, 5379, 5380) 46674.0
(6724, 6725, 6726) 56261.0
(6100, 6101, 6102) 79927.0
(9932, 9933, 9934) 53489.0
(7182, 7183, 7184) 54674.0
(5461, 5462, 5463) 58958.0
(4362, 4363, 4364) 54895.0
(8302, 8303, 8304) 69771.0
(1015, 1016, 1017) 74709.0
(8801, 8802, 8803) 56596.0
(2304, 2305, 2306) 43980.0
(2492, 2493, 2494) 49846.0
(9413, 9414, 9415) 59210.0
(4576, 4577, 4578) 54011.0
(4949, 4950, 4951) 49323.0
(371, 372, 373) 50171.0
(8203, 8204, 8205) 73131.0
(9458, 9459, 9460) 53002.0
(1032, 1033, 1034) 65108.0
(8293, 8294, 8295) 70170.0
(7178, 7179, 7180) 77473.0
(1649, 1650, 1651) 54871.0
(8795, 8796, 8797) 72901.0
(2950, 2951, 2952) 54796.0
(7537, 7538, 7539) 66096.0
(4228, 4229, 4230) 68998.0
(6026, 6027, 6028) 64701.0
(8444, 8445, 8446) 61205.0
(4168, 4169, 4170) 73705.0
(5100, 5101, 5102) 51639.0
(7724, 7725, 7726) 59673.0
(2028, 2029, 2030) 54616.0
(5729, 5730, 5731) 55163.0
(1156, 1157, 1158) 61853.0
(2151, 2152, 2153) 55123.0
(6891, 6892, 6893) 43136.0
(3057, 3058, 3059) 71312.0
(8159, 8160, 8161) 45398.0
(9864, 9865, 9866) 53751.0
(3886, 3887, 3888) 57266.0
(7243, 7244, 7245) 59366.0
(125, 126, 127) 52306.0
(3263, 3264, 3265) 61873.0
(3807, 3808, 3809) 53575.0
(8471, 8472, 8473) 55747.0
(2435, 2436, 2437) 78005.0
(2839, 2840, 2841) 60579.0
(1157, 1158, 1159) 55064.0
(7941, 7942, 7943) 63802.0
(6863, 6864, 6865) 74052.0
(2749, 2750, 2751) 61354.0
(4799, 4800, 4801) 59076.0
(2890, 2891, 2892) 58489.0
(2872, 2873, 2874) 66784.0
(9731, 9732, 9733) 53716.0
(6411, 6412, 6413) 57330.0
(8819, 8820, 8821) 74647.0
(2657, 2658, 2659) 58136.0
(8828, 8829, 8830) 39372.0
(3601, 3602, 3603) 67549.0
(6692, 6693, 6694) 62225.0
(6615, 6616, 6617) 65335.0
(6608, 6609, 6610) 51420.0
(5063, 5064, 5065) 56106.0
(676, 677, 678) 63360.0
(9147, 9148, 9149) 52711.0
(7155, 7156, 7157) 52157.0
(5675, 5676, 5677) 60811.0
(8156, 8157, 8158) 60963.0
(1550, 1551, 1552) 46059.0
(9040, 9041, 9042) 48440.0
(6894, 6895, 6896) 60981.0
(904, 905, 906) 59769.0
(5207, 5208, 5209) 60010.0
(966, 967, 968) 58739.0
(9320, 9321, 9322) 56767.0
(1036, 1037, 1038) 56734.0
(801, 802, 803) 44148.0
(3568, 3569, 3570) 48394.0
(2757, 2758, 2759) 63401.0
(6078, 6079, 6080) 71442.0
(3740, 3741, 3742) 47816.0
(7125, 7126, 7127) 58665.0
(4575, 4576, 4577) 53652.0
(7749, 7750, 7751) 63255.0
(8772, 8773, 8774) 75017.0
(6321, 6322, 6323) 55953.0
(9674, 9675, 9676) 59509.0
(1930, 1931, 1932) 60729.0
(5035, 5036, 5037) 52062.0
(2649, 2650, 2651) 56493.0
(2659, 2660, 2661) 69358.0
(880, 881, 882) 65703.0
(9856, 9857, 9858) 57252.0
(7100, 7101, 7102) 55824.0
(8462, 8463, 8464) 55029.0
(8331, 8332, 8333) 65519.0
(5059, 5060, 5061) 55668.0
(3066, 3067, 3068) 53410.0
(1619, 1620, 1621) 63833.0
(6725, 6726, 6727) 65698.0
(2017, 2018, 2019) 57348.0
(9990, 9991, 9992) 61735.0
(8316, 8317, 8318) 76283.0
(521, 522, 523) 72031.0
(6185, 6186, 6187) 63014.0
(3663, 3664, 3665) 53282.0
(1523, 1524, 1525) 78153.0
(5238, 5239, 5240) 56051.0
(7543, 7544, 7545) 60345.0
(5072, 5073, 5074) 48466.0
(5073, 5074, 5075) 49098.0
(5847, 5848, 5849) 58510.0
(4166, 4167, 4168) 63397.0
(7944, 7945, 7946) 51202.0
(5066, 5067, 5068) 71758.0
(7953, 7954, 7955) 55542.0
(7694, 7695, 7696) 55603.0
(6851, 6852, 6853) 51458.0
(2545, 2546, 2547) 60021.0
(7607, 7608, 7609) 66441.0
(3995, 3996, 3997) 61927.0
(8416, 8417, 8418) 68293.0
(1632, 1633, 1634) 44344.0
(7448, 7449, 7450) 68274.0
(9044, 9045, 9046) 59977.0
(7258, 7259, 7260) 64647.0
(5414, 5415, 5416) 61442.0
(6338, 6339, 6340) 67392.0
(4796, 4797, 4798) 68519.0
(5940, 5941, 5942) 63447.0
(5426, 5427, 5428) 51192.0
(7394, 7395, 7396) 59032.0
(6339, 6340, 6341) 53523.0
(5954, 5955, 5956) 56888.0
(1600, 1601, 1602) 86529.0
(486, 487, 488) 65140.0
(8225, 8226, 8227) 56125.0
(556, 557, 558) 63692.0
(8083, 8084, 8085) 62756.0
(9627, 9628, 9629) 53516.0
(1481, 1482, 1483) 85942.0
(1988, 1989, 1990) 64371.0
(3069, 3070, 3071) 62339.0
(1636, 1637, 1638) 63452.0
(3299, 3300, 3301) 45343.0
(8575, 8576, 8577) 61615.0
(1847, 1848, 1849) 52278.0
(611, 612, 613) 73875.0
(9245, 9246, 9247) 63806.0
(2882, 2883, 2884) 46180.0
(5494, 5495, 5496) 62578.0
(1163, 1164, 1165) 59166.0
(4378, 4379, 4380) 58787.0
(4559, 4560, 4561) 47385.0
(5465, 5466, 5467) 53734.0
(3533, 3534, 3535) 63194.0
(9039, 9040, 9041) 99415.0
(9129, 9130, 9131) 49122.0
(2715, 2716, 2717) 69322.0
(2546, 2547, 2548) 65221.0
(1496, 1497, 1498) 57336.0
(3077, 3078, 3079) 55377.0
(4592, 4593, 4594) 44473.0
(2875, 2876, 2877) 61269.0
(3356, 3357, 3358) 50771.0
(7378, 7379, 7380) 64284.0
(2415, 2416, 2417) 50465.0
(6819, 6820, 6821) 48966.0
(1899, 1900, 1901) 50421.0
(3912, 3913, 3914) 63643.0
(6879, 6880, 6881) 54708.0
(6801, 6802, 6803) 56781.0
(7555, 7556, 7557) 71039.0
(2291, 2292, 2293) 59246.0
(4697, 4698, 4699) 51692.0
(8724, 8725, 8726) 48988.0
(8509, 8510, 8511) 45415.0
(8534, 8535, 8536) 44883.0
(7851, 7852, 7853) 58574.0
(924, 925, 926) 62528.0
(1483, 1484, 1485) 68964.0
(9556, 9557, 9558) 69359.0
(9583, 9584, 9585) 46570.0
(6416, 6417, 6418) 48134.0
(279, 280, 281) 54009.0
(5264, 5265, 5266) 95545.0
(9972, 9973, 9974) 67547.0
(1862, 1863, 1864) 48770.0
(9996, 9997, 9998) 70915.0
(2444, 2445, 2446) 82654.0
(6926, 6927, 6928) 60709.0
(2560, 2561, 2562) 54812.0
(9494, 9495, 9496) 54380.0
(6115, 6116, 6117) 61322.0
(9438, 9439, 9440) 64033.0
(7800, 7801, 7802) 40753.0
(1507, 1508, 1509) 54641.0
(4287, 4288, 4289) 62682.0
(7653, 7654, 7655) 63729.0
(4185, 4186, 4187) 62950.0
(7652, 7653, 7654) 62588.0
(5521, 5522, 5523) 56549.0
(5269, 5270, 5271) 61375.0
(4638, 4639, 4640) 46412.0
(4139, 4140, 4141) 55190.0
(5930, 5931, 5932) 48960.0
(18, 19, 20) 55718.0
(5288, 5289, 5290) 62241.0
(1261, 1262, 1263) 58580.0
(1535, 1536, 1537) 66671.0
(7618, 7619, 7620) 46922.0
(8172, 8173, 8174) 59953.0
(3137, 3138, 3139) 67079.0
(3815, 3816, 3817) 58331.0
(6629, 6630, 6631) 69112.0
(5425, 5426, 5427) 42978.0
(3983, 3984, 3985) 58056.0
(6161, 6162, 6163) 54025.0
(8052, 8053, 8054) 52984.0
(8698, 8699, 8700) 64643.0
(4073, 4074, 4075) 49562.0
(3916, 3917, 3918) 59436.0
(4487, 4488, 4489) 63959.0
(6236, 6237, 6238) 76206.0
(7895, 7896, 7897) 59044.0
(8297, 8298, 8299) 74369.0
(9706, 9707, 9708) 55339.0
(8416, 8417, 8418) 68293.0
(7132, 7133, 7134) 54137.0
(5489, 5490, 5491) 64957.0
(9454, 9455, 9456) 60034.0
(9552, 9553, 9554) 54843.0
(2298, 2299, 2300) 70797.0
(8140, 8141, 8142) 61927.0
(6230, 6231, 6232) 46719.0
(7718, 7719, 7720) 68085.0
(42, 43, 44) 56051.0
(844, 845, 846) 72813.0
(9823, 9824, 9825) 64411.0
(8147, 8148, 8149) 56706.0
(2964, 2965, 2966) 49863.0
(3595, 3596, 3597) 50698.0
(1543, 1544, 1545) 54531.0
(5420, 5421, 5422) 42469.0
(5803, 5804, 5805) 43381.0
(1958, 1959, 1960) 78892.0
(1795, 1796, 1797) 59526.0
(4929, 4930, 4931) 55959.0
(7786, 7787, 7788) 82593.0
(7170, 7171, 7172) 63112.0
(2280, 2281, 2282) 40517.0
(2554, 2555, 2556) 64717.0
(2162, 2163, 2164) 45128.0
(1121, 1122, 1123) 69668.0
(103, 104, 105) 56075.0
(2661, 2662, 2663) 71091.0
(7275, 7276, 7277) 64246.0
(2798, 2799, 2800) 65401.0
(8020, 8021, 8022) 50055.0
(6472, 6473, 6474) 59306.0
(4777, 4778, 4779) 69294.0
(7516, 7517, 7518) 60006.0
(5133, 5134, 5135) 65908.0
(2461, 2462, 2463) 63836.0
(2506, 2507, 2508) 57318.0
(1881, 1882, 1883) 66306.0
(6671, 6672, 6673) 59905.0
(7881, 7882, 7883) 65845.0
(5739, 5740, 5741) 49435.0
(9301, 9302, 9303) 59353.0
(7116, 7117, 7118) 47380.0
(7095, 7096, 7097) 62236.0
(3073, 3074, 3075) 69262.0
(2384, 2385, 2386) 51322.0
(7469, 7470, 7471) 56876.0
(9915, 9916, 9917) 71661.0
(4713, 4714, 4715) 64255.0
(5382, 5383, 5384) 56653.0
(1806, 1807, 1808) 58754.0
(6107, 6108, 6109) 52235.0
(5880, 5881, 5882) 53073.0
(2752, 2753, 2754) 45801.0
(9472, 9473, 9474) 53084.0
(6703, 6704, 6705) 61632.0
(2382, 2383, 2384) 60857.0
(435, 436, 437) 53916.0
(8239, 8240, 8241) 52068.0
(4884, 4885, 4886) 42567.0
(5950, 5951, 5952) 71087.0
(6264, 6265, 6266) 53009.0
(9039, 9040, 9041) 99415.0
(4515, 4516, 4517) 67964.0
(6965, 6966, 6967) 48204.0
(3661, 3662, 3663) 52107.0
(2486, 2487, 2488) 49372.0
(6934, 6935, 6936) 66306.0
(2539, 2540, 2541) 59221.0
(9731, 9732, 9733) 53716.0
(1679, 1680, 1681) 67367.0
(8857, 8858, 8859) 57959.0
(8736, 8737, 8738) 46379.0
(8721, 8722, 8723) 57967.0
(4726, 4727, 4728) 54943.0
(1086, 1087, 1088) 50930.0
(7950, 7951, 7952) 58847.0
(3961, 3962, 3963) 58930.0
(6246, 6247, 6248) 57199.0
(6621, 6622, 6623) 62392.0
(4604, 4605, 4606) 61721.0
(6344, 6345, 6346) 49744.0
(8924, 8925, 8926) 46125.0
(7844, 7845, 7846) 56229.0
(5658, 5659, 5660) 60143.0
(5155, 5156, 5157) 48915.0
(6174, 6175, 6176) 62593.0
(1769, 1770, 1771) 61350.0
(3211, 3212, 3213) 66534.0
(1078, 1079, 1080) 60508.0
(4629, 4630, 4631) 55829.0
(8833, 8834, 8835) 72364.0
(9216, 9217, 9218) 64528.0
(678, 679, 680) 61406.0
(5173, 5174, 5175) 54261.0
(9632, 9633, 9634) 75984.0
(7350, 7351, 7352) 82913.0
(8100, 8101, 8102) 64176.0
(2200, 2201, 2202) 47842.0
(1640, 1641, 1642) 72787.0
(7953, 7954, 7955) 55542.0
(8121, 8122, 8123) 59799.0
(9852, 9853, 9854) 58863.0
(8758, 8759, 8760) 75799.0
(968, 969, 970) 62368.0
(7957, 7958, 7959) 51650.0
(2015, 2016, 2017) 72603.0
(9763, 9764, 9765) 85565.0
(1625, 1626, 1627) 56164.0
(400, 401, 402) 53185.0
(8183, 8184, 8185) 53851.0
(8944, 8945, 8946) 51635.0
(2705, 2706, 2707) 44070.0
(9138, 9139, 9140) 62847.0
(9845, 9846, 9847) 58415.0
(6204, 6205, 6206) 76401.0
(466, 467, 468) 56958.0
(5977, 5978, 5979) 50632.0
(3789, 3790, 3791) 59848.0
(9102, 9103, 9104) 46181.0
(3785, 3786, 3787) 72198.0
(6345, 6346, 6347) 60423.0
(6967, 6968, 6969) 66045.0
(1196, 1197, 1198) 49516.0
(499, 500, 501) 81319.0
(5390, 5391, 5392) 53108.0
(2711, 2712, 2713) 51734.0
(4979, 4980, 4981) 54493.0
(3596, 3597, 3598) 89517.0
(1861, 1862, 1863) 59548.0
(8328, 8329, 8330) 71162.0
(4804, 4805, 4806) 74172.0
(6603, 6604, 6605) 52519.0
(4325, 4326, 4327) 62192.0
(1884, 1885, 1886) 48445.0
(4652, 4653, 4654) 83529.0
(2582, 2583, 2584) 40916.0
(3914, 3915, 3916) 72029.0
(9930, 9931, 9932) 57545.0
(505, 506, 507) 77133.0
(5268, 5269, 5270) 50761.0
(3989, 3990, 3991) 73359.0
(5287, 5288, 5289) 55321.0
(238, 239, 240) 63549.0
(6986, 6987, 6988) 70689.0
(4187, 4188, 4189) 52512.0
(2195, 2196, 2197) 52769.0
(3929, 3930, 3931) 56258.0
(5550, 5551, 5552) 58531.0
(4837, 4838, 4839) 58545.0
(643, 644, 645) 66514.0
(1672, 1673, 1674) 62856.0
(2598, 2599, 2600) 79594.0
(4393, 4394, 4395) 51818.0
(9236, 9237, 9238) 65352.0
(6153, 6154, 6155) 56610.0
(5632, 5633, 5634) 58990.0
(2662, 2663, 2664) 61768.0
(5265, 5266, 5267) 56054.0
(8874, 8875, 8876) 61449.0
(6038, 6039, 6040) 63202.0
(1922, 1923, 1924) 54186.0
(4257, 4258, 4259) 71690.0
(9135, 9136, 9137) 77523.0
(7254, 7255, 7256) 61704.0
(9759, 9760, 9761) 56150.0
(3676, 3677, 3678) 51135.0
(2162, 2163, 2164) 45128.0
(9854, 9855, 9856) 60489.0
(8258, 8259, 8260) 50641.0
(2066, 2067, 2068) 74883.0
(4675, 4676, 4677) 62405.0
(7734, 7735, 7736) 54917.0
(8835, 8836, 8837) 52051.0
(5661, 5662, 5663) 55943.0
(1478, 1479, 1480) 56572.0
(4466, 4467, 4468) 49507.0
(3620, 3621, 3622) 77178.0
(361, 362, 363) 70321.0
(8524, 8525, 8526) 80415.0
(1982, 1983, 1984) 63572.0
(7593, 7594, 7595) 53280.0
(1586, 1587, 1588) 56408.0
(4889, 4890, 4891) 59386.0
(1602, 1603, 1604) 76244.0
(4981, 4982, 4983) 63123.0
(5954, 5955, 5956) 56888.0
(1963, 1964, 1965) 59585.0
(6654, 6655, 6656) 61081.0
(6299, 6300, 6301) 66695.0
(3570, 3571, 3572) 67240.0
(2933, 2934, 2935) 60671.0
(4385, 4386, 4387) 60367.0
(8296, 8297, 8298) 44042.0
(5862, 5863, 5864) 51974.0
(2904, 2905, 2906) 59222.0
(5178, 5179, 5180) 62714.0
(9237, 9238, 9239) 73934.0
(5011, 5012, 5013) 47202.0
(6231, 6232, 6233) 48298.0
(8638, 8639, 8640) 86572.0
(9948, 9949, 9950) 72013.0
(6364, 6365, 6366) 51681.0
(1797, 1798, 1799) 49984.0
(8377, 8378, 8379) 48527.0
(4700, 4701, 4702) 62750.0
(1775, 1776, 1777) 61869.0
(4370, 4371, 4372) 66749.0
(8867, 8868, 8869) 62221.0
(3425, 3426, 3427) 51757.0
(1917, 1918, 1919) 60703.0
(7346, 7347, 7348) 53082.0
(3561, 3562, 3563) 64990.0
(9751, 9752, 9753) 60184.0
(9726, 9727, 9728) 65385.0
(3172, 3173, 3174) 65157.0
(4995, 4996, 4997) 62552.0
(7493, 7494, 7495) 68235.0
(2169, 2170, 2171) 48898.0
(3362, 3363, 3364) 51387.0
(9547, 9548, 9549) 46198.0
(7042, 7043, 7044) 60054.0
(437, 438, 439) 77373.0
(5252, 5253, 5254) 66041.0
(2310, 2311, 2312) 91073.0
(9815, 9816, 9817) 54352.0
(6240, 6241, 6242) 68235.0
(6217, 6218, 6219) 66275.0
(759, 760, 761) 56631.0
(9085, 9086, 9087) 51898.0
(2848, 2849, 2850) 62991.0
(2496, 2497, 2498) 60361.0
(5920, 5921, 5922) 50604.0
(3835, 3836, 3837) 72662.0
(7713, 7714, 7715) 76125.0
(812, 813, 814) 51341.0
(1357, 1358, 1359) 53356.0
(432, 433, 434) 44487.0
(1840, 1841, 1842) 71332.0
(5187, 5188, 5189) 57321.0
(1570, 1571, 1572) 57764.0
(1398, 1399, 1400) 62873.0
(2479, 2480, 2481) 59213.0
(3884, 3885, 3886) 53863.0
(5605, 5606, 5607) 60914.0
(6907, 6908, 6909) 46849.0
(6204, 6205, 6206) 76401.0
(3358, 3359, 3360) 60143.0
(1862, 1863, 1864) 48770.0
(2386, 2387, 2388) 48295.0
(9308, 9309, 9310) 54480.0
(1528, 1529, 1530) 57074.0
(367, 368, 369) 72101.0
(6529, 6530, 6531) 61725.0
(1489, 1490, 1491) 59649.0
(5145, 5146, 5147) 51142.0
(1373, 1374, 1375) 49598.0
(7315, 7316, 7317) 46600.0
(8093, 8094, 8095) 55909.0
(1335, 1336, 1337) 75793.0
(4532, 4533, 4534) 64561.0
(8062, 8063, 8064) 56854.0
(3167, 3168, 3169) 66099.0
(7471, 7472, 7473) 45899.0
(2233, 2234, 2235) 79330.0
(8992, 8993, 8994) 60586.0
(8046, 8047, 8048) 62988.0
(912, 913, 914) 63012.0
(4958, 4959, 4960) 57709.0
(2367, 2368, 2369) 47491.0
(4443, 4444, 4445) 52748.0
(3970, 3971, 3972) 56468.0
(5673, 5674, 5675) 48541.0
(5887, 5888, 5889) 47446.0
(776, 777, 778) 50346.0
(9987, 9988, 9989) 55929.0
(5482, 5483, 5484) 42784.0
(3477, 3478, 3479) 48233.0
(8875, 8876, 8877) 61566.0
(53, 54, 55) 53927.0
(4445, 4446, 4447) 51188.0
(9240, 9241, 9242) 55097.0
(4192, 4193, 4194) 46677.0
(409, 410, 411) 67431.0
(4878, 4879, 4880) 70258.0
(4936, 4937, 4938) 57906.0
(7537, 7538, 7539) 66096.0
(7992, 7993, 7994) 77922.0
(9507, 9508, 9509) 60790.0
(6008, 6009, 6010) 52227.0
(8949, 8950, 8951) 59525.0
(7562, 7563, 7564) 76001.0
(9191, 9192, 9193) 83472.0
(1646, 1647, 1648) 53986.0
(9073, 9074, 9075) 53508.0
(1430, 1431, 1432) 70119.0
(8715, 8716, 8717) 46967.0
(2847, 2848, 2849) 51812.0
(9470, 9471, 9472) 56975.0
(2871, 2872, 2873) 55788.0
(1401, 1402, 1403) 64518.0
(7553, 7554, 7555) 50132.0
(5233, 5234, 5235) 52854.0
(4682, 4683, 4684) 64419.0
(9091, 9092, 9093) 57121.0
(1602, 1603, 1604) 76244.0
(9238, 9239, 9240) 60174.0
(2801, 2802, 2803) 69672.0
(8439, 8440, 8441) 63816.0
(63, 64, 65) 49242.0
(8474, 8475, 8476) 53592.0
(3564, 3565, 3566) 58581.0
(7185, 7186, 7187) 62646.0
(9587, 9588, 9589) 67200.0
(531, 532, 533) 56272.0
(3092, 3093, 3094) 57841.0
(6850, 6851, 6852) 44647.0
(7187, 7188, 7189) 56932.0
(9146, 9147, 9148) 68278.0
(3666, 3667, 3668) 71937.0
(2917, 2918, 2919) 51802.0
(7101, 7102, 7103) 67486.0
(5790, 5791, 5792) 55096.0
(9798, 9799, 9800) 46345.0
(11, 12, 13) 70117.0
(595, 596, 597) 56287.0
(6573, 6574, 6575) 63320.0
(9110, 9111, 9112) 52949.0
(7397, 7398, 7399) 65375.0
(7905, 7906, 7907) 70563.0
(5041, 5042, 5043) 42926.0
(7418, 7419, 7420) 44984.0
(540, 541, 542) 63853.0
(3944, 3945, 3946) 61747.0
(6733, 6734, 6735) 65590.0
(2335, 2336, 2337) 75268.0
(3193, 3194, 3195) 61971.0
(8735, 8736, 8737) 56345.0
(7170, 7171, 7172) 63112.0
(1155, 1156, 1157) 59449.0
(995, 996, 997) 50631.0
(736, 737, 738) 40215.0
(5089, 5090, 5091) 61757.0
(6057, 6058, 6059) 64856.0
(4511, 4512, 4513) 56325.0
(4431, 4432, 4433) 71084.0
(3965, 3966, 3967) 59818.0
(6085, 6086, 6087) 58888.0
(3064, 3065, 3066) 53905.0
(8182, 8183, 8184) 56278.0
(5999, 6000, 6001) 62024.0
(6444, 6445, 6446) 47970.0
(51, 52, 53) 76721.0
(2214, 2215, 2216) 52059.0
(797, 798, 799) 60704.0
(9355, 9356, 9357) 54986.0
(9006, 9007, 9008) 60333.0
(2428, 2429, 2430) 70954.0
(9370, 9371, 9372) 51370.0
(9313, 9314, 9315) 70659.0
(4863, 4864, 4865) 50573.0
(8918, 8919, 8920) 49672.0
(4577, 4578, 4579) 57359.0
(8269, 8270, 8271) 54289.0
(5415, 5416, 5417) 60418.0
(4401, 4402, 4403) 55810.0
(651, 652, 653) 50595.0
(1061, 1062, 1063) 65188.0
(4635, 4636, 4637) 73942.0
(5432, 5433, 5434) 54703.0
(4032, 4033, 4034) 58625.0
(725, 726, 727) 54765.0
(8055, 8056, 8057) 81840.0
(7126, 7127, 7128) 54168.0
(9127, 9128, 9129) 56324.0
(389, 390, 391) 55667.0
(748, 749, 750) 43961.0
(1906, 1907, 1908) 64924.0
(666, 667, 668) 58513.0
(7823, 7824, 7825) 61036.0
(3358, 3359, 3360) 60143.0
(1530, 1531, 1532) 75522.0
(6585, 6586, 6587) 61812.0
(1919, 1920, 1921) 72421.0
(5590, 5591, 5592) 67247.0
(8724, 8725, 8726) 48988.0
(7445, 7446, 7447) 83503.0
(6282, 6283, 6284) 77778.0
(452, 453, 454) 57012.0
(5296, 5297, 5298) 59513.0
(9863, 9864, 9865) 64910.0
(5835, 5836, 5837) 63272.0
(849, 850, 851) 50770.0
(55, 56, 57) 58114.0
(706, 707, 708) 63783.0
(5614, 5615, 5616) 39489.0
(5295, 5296, 5297) 75221.0
(1347, 1348, 1349) 58885.0
(1130, 1131, 1132) 57795.0
(202, 203, 204) 48287.0
(4484, 4485, 4486) 68990.0
(3660, 3661, 3662) 61279.0
(8666, 8667, 8668) 59291.0
(7777, 7778, 7779) 69578.0
(6103, 6104, 6105) 62712.0
(7954, 7955, 7956) 59385.0
(7269, 7270, 7271) 59156.0
(3616, 3617, 3618) 66790.0
(2046, 2047, 2048) 46207.0
(5901, 5902, 5903) 54482.0
(3735, 3736, 3737) 50943.0
(3286, 3287, 3288) 47328.0
(8730, 8731, 8732) 58841.0
(5003, 5004, 5005) 69844.0
(3672, 3673, 3674) 53513.0
(4988, 4989, 4990) 49663.0
(2622, 2623, 2624) 62730.0
(4907, 4908, 4909) 49341.0
(1451, 1452, 1453) 65398.0
(5501, 5502, 5503) 58589.0
(4516, 4517, 4518) 68263.0
(7451, 7452, 7453) 54397.0
(7642, 7643, 7644) 51786.0
(3983, 3984, 3985) 58056.0
(1071, 1072, 1073) 62526.0
(9876, 9877, 9878) 73079.0
(7849, 7850, 7851) 65083.0
(1397, 1398, 1399) 66557.0
(6071, 6072, 6073) 48546.0
(8387, 8388, 8389) 48714.0
(7226, 7227, 7228) 56623.0
(7953, 7954, 7955) 55542.0
(2029, 2030, 2031) 59775.0
(495, 496, 497) 62629.0
(8483, 8484, 8485) 62107.0
(7891, 7892, 7893) 58651.0
(2770, 2771, 2772) 60846.0
(8331, 8332, 8333) 65519.0
(1260, 1261, 1262) 69057.0
(3622, 3623, 3624) 53297.0
(4522, 4523, 4524) 76063.0
(7564, 7565, 7566) 62720.0
(382, 383, 384) 60712.0
(3424, 3425, 3426) 69195.0
(2305, 2306, 2307) 67651.0
(5870, 5871, 5872) 58709.0
(6821, 6822, 6823) 43492.0
(6536, 6537, 6538) 76578.0
(9557, 9558, 9559) 61259.0
(1558, 1559, 1560) 50364.0
(668, 669, 670) 58697.0
(6723, 6724, 6725) 64515.0
(6863, 6864, 6865) 74052.0
(8152, 8153, 8154) 54678.0
(6229, 6230, 6231) 53302.0
(1266, 1267, 1268) 50828.0
(3070, 3071, 3072) 36537.0
(5315, 5316, 5317) 74510.0
(8217, 8218, 8219) 50454.0
(7972, 7973, 7974) 73562.0
(8509, 8510, 8511) 45415.0
(4383, 4384, 4385) 59693.0
(5805, 5806, 5807) 50335.0
(4158, 4159, 4160) 54520.0
(8515, 8516, 8517) 59593.0
(6123, 6124, 6125) 58805.0
(4459, 4460, 4461) 56362.0
(6179, 6180, 6181) 67430.0
(371, 372, 373) 50171.0
(8823, 8824, 8825) 60094.0
(4958, 4959, 4960) 57709.0
(9206, 9207, 9208) 48937.0
(5518, 5519, 5520) 66892.0
(4408, 4409, 4410) 64565.0
(6377, 6378, 6379) 60550.0
(7200, 7201, 7202) 60582.0
(7461, 7462, 7463) 44754.0
(4154, 4155, 4156) 66976.0
(4056, 4057, 4058) 63128.0
(3310, 3311, 3312) 70013.0
(8208, 8209, 8210) 70771.0
(6577, 6578, 6579) 56300.0
(3621, 3622, 3623) 66529.0
(2011, 2012, 2013) 56702.0
(6304, 6305, 6306) 73452.0
(3444, 3445, 3446) 71818.0
(7530, 7531, 7532) 52194.0
(538, 539, 540) 52327.0
(3265, 3266, 3267) 60446.0
(1291, 1292, 1293) 77292.0
(7725, 7726, 7727) 53334.0
(8515, 8516, 8517) 59593.0
(9369, 9370, 9371) 61141.0
(8531, 8532, 8533) 50677.0
(7555, 7556, 7557) 71039.0
(5987, 5988, 5989) 49122.0
(5407, 5408, 5409) 55660.0
(708, 709, 710) 46427.0
(812, 813, 814) 51341.0
(4484, 4485, 4486) 68990.0
(8850, 8851, 8852) 40895.0
(9097, 9098, 9099) 38029.0
(4321, 4322, 4323) 59897.0
(9240, 9241, 9242) 55097.0
(8795, 8796, 8797) 72901.0
(6476, 6477, 6478) 53434.0
(8406, 8407, 8408) 57032.0
(4249, 4250, 4251) 52724.0
(2745, 2746, 2747) 76549.0
(3790, 3791, 3792) 53745.0
(1267, 1268, 1269) 64805.0
(2952, 2953, 2954) 55719.0
(7944, 7945, 7946) 51202.0
(6788, 6789, 6790) 63269.0
(8254, 8255, 8256) 48806.0
(6855, 6856, 6857) 64649.0
(2426, 2427, 2428) 42000.0
(7529, 7530, 7531) 60940.0
(7917, 7918, 7919) 47844.0
(4925, 4926, 4927) 46945.0
(5242, 5243, 5244) 60902.0
(9476, 9477, 9478) 70174.0
(5762, 5763, 5764) 66369.0
(9344, 9345, 9346) 56275.0
(592, 593, 594) 64197.0
(6421, 6422, 6423) 48546.0
(574, 575, 576) 65337.0
(6936, 6937, 6938) 62111.0
(9545, 9546, 9547) 62573.0
(4502, 4503, 4504) 58819.0
(735, 736, 737) 67303.0
(6513, 6514, 6515) 70948.0
(8122, 8123, 8124) 72477.0
(5462, 5463, 5464) 44787.0
(8687, 8688, 8689) 60146.0
(1106, 1107, 1108) 74079.0
(6600, 6601, 6602) 64948.0
(9723, 9724, 9725) 57529.0
(6782, 6783, 6784) 69953.0
(3158, 3159, 3160) 53154.0
(1331, 1332, 1333) 58133.0
(530, 531, 532) 63741.0
(4120, 4121, 4122) 58561.0
(8883, 8884, 8885) 59763.0
(9237, 9238, 9239) 73934.0
(8364, 8365, 8366) 64004.0
(1461, 1462, 1463) 71340.0
(9181, 9182, 9183) 84367.0
(6540, 6541, 6542) 62231.0
(2898, 2899, 2900) 52468.0
(9384, 9385, 9386) 43342.0
(1220, 1221, 1222) 66936.0
(7891, 7892, 7893) 58651.0
(5199, 5200, 5201) 61401.0
(6424, 6425, 6426) 65382.0
(487, 488, 489) 41772.0
(7685, 7686, 7687) 45875.0
(8782, 8783, 8784) 57841.0
(5940, 5941, 5942) 63447.0
(8867, 8868, 8869) 62221.0
(5771, 5772, 5773) 60498.0
(6059, 6060, 6061) 43865.0
(1151, 1152, 1153) 76888.0
(3362, 3363, 3364) 51387.0
(7751, 7752, 7753) 49662.0
(3174, 3175, 3176) 43284.0
(525, 526, 527) 57024.0
(991, 992, 993) 57311.0
(3287, 3288, 3289) 61296.0
(5652, 5653, 5654) 63221.0
(3467, 3468, 3469) 49330.0
(4355, 4356, 4357) 64473.0
(8347, 8348, 8349) 54914.0
(9300, 9301, 9302) 56743.0
(2209, 2210, 2211) 46433.0
(7487, 7488, 7489) 56293.0
(8114, 8115, 8116) 55174.0
(6950, 6951, 6952) 47831.0
(6450, 6451, 6452) 59861.0
(6346, 6347, 6348) 48542.0
(7020, 7021, 7022) 58184.0
(9653, 9654, 9655) 57340.0
(7971, 7972, 7973) 65146.0
(2036, 2037, 2038) 60485.0
(239, 240, 241) 64165.0
(8191, 8192, 8193) 50358.0
(5370, 5371, 5372) 63864.0
(8736, 8737, 8738) 46379.0
(8067, 8068, 8069) 80455.0
(2475, 2476, 2477) 56264.0
(8665, 8666, 8667) 60883.0
(994, 995, 996) 56621.0
(1670, 1671, 1672) 53030.0
(6355, 6356, 6357) 48401.0
(7633, 7634, 7635) 57851.0
(3207, 3208, 3209) 49447.0
(3955, 3956, 3957) 52572.0
(2091, 2092, 2093) 54311.0
(2404, 2405, 2406) 47710.0
(2983, 2984, 2985) 66870.0
(7959, 7960, 7961) 68471.0
(2059, 2060, 2061) 66989.0
(2836, 2837, 2838) 58592.0
(2892, 2893, 2894) 64604.0
(3121, 3122, 3123) 54465.0
(7849, 7850, 7851) 65083.0
(7147, 7148, 7149) 44584.0
(4652, 4653, 4654) 83529.0
(8840, 8841, 8842) 48716.0
(7128, 7129, 7130) 54401.0
(6071, 6072, 6073) 48546.0
(2006, 2007, 2008) 42901.0
(9173, 9174, 9175) 68727.0
(4185, 4186, 4187) 62950.0
(3083, 3084, 3085) 51977.0
(8791, 8792, 8793) 46431.0
(5689, 5690, 5691) 51715.0
(2833, 2834, 2835) 61024.0
(8351, 8352, 8353) 58657.0
(7124, 7125, 7126) 49641.0
(7587, 7588, 7589) 62032.0
(1389, 1390, 1391) 71103.0
(6564, 6565, 6566) 67296.0
(8426, 8427, 8428) 69571.0
(54, 55, 56) 55238.0
(9635, 9636, 9637) 71196.0
(4176, 4177, 4178) 51266.0
(8910, 8911, 8912) 76821.0
(6216, 6217, 6218) 55937.0
(8511, 8512, 8513) 49092.0
(6350, 6351, 6352) 78272.0
(2024, 2025, 2026) 50912.0
(9180, 9181, 9182) 50388.0
(9734, 9735, 9736) 75733.0
(2775, 2776, 2777) 58394.0
(980, 981, 982) 69702.0
(7184, 7185, 7186) 51329.0
(8299, 8300, 8301) 68119.0
(2561, 2562, 2563) 60546.0
(444, 445, 446) 72448.0
(5073, 5074, 5075) 49098.0
(4593, 4594, 4595) 64733.0
(1416, 1417, 1418) 62633.0
(1326, 1327, 1328) 57755.0
(4498, 4499, 4500) 80210.0
(9727, 9728, 9729) 59286.0
(3279, 3280, 3281) 59262.0
(6672, 6673, 6674) 64834.0
