(930, 931, 932) 69567.0
(2609, 2610, 2611) 60621.0
(2828, 2829, 2830) 64429.0
(2760, 2761, 2762) 61778.0
(2549, 2550, 2551) 57040.0
(7080, 7081, 7082) 54359.0
(693, 694, 695) 65123.0
(308, 309, 310) 52981.0
(8124, 8125, 8126) 69945.0
(1302, 1303, 1304) 53354.0
(901, 902, 903) 41781.0
(5042, 5043, 5044) 52256.0
(8222, 8223, 8224) 64592.0
(4250, 4251, 4252) 51720.0
(9613, 9614, 9615) 69343.0
(8799, 8800, 8801) 52769.0
(1631, 1632, 1633) 52144.0
(3951, 3952, 3953) 55985.0
(2578, 2579, 2580) 59670.0
(8344, 8345, 8346) 52735.0
(576, 577, 578) 64817.0
(5062, 5063, 5064) 65366.0
(2969, 2970, 2971) 83864.0
(9912, 9913, 9914) 44939.0
(2083, 2084, 2085) 44585.0
(3639, 3640, 3641) 50780.0
(4885, 4886, 4887) 51316.0
(1857, 1858, 1859) 58379.0
(3851, 3852, 3853) 87335.0
(2200, 2201, 2202) 47634.0
(4237, 4238, 4239) 54142.0
(7535, 7536, 7537) 57990.0
(4583, 4584, 4585) 53628.0
(988, 989, 990) 60953.0
(3980, 3981, 3982) 49168.0
(3248, 3249, 3250) 77450.0
(538, 539, 540) 55121.0
(4772, 4773, 4774) 59375.0
(359, 360, 361) 63245.0
(2209, 2210, 2211) 47639.0
(3494, 3495, 3496) 60726.0
(4692, 4693, 4694) 66128.0
(4995, 4996, 4997) 63409.0
(2409, 2410, 2411) 65014.0
(7577, 7578, 7579) 52694.0
(2581, 2582, 2583) 53003.0
(5357, 5358, 5359) 61144.0
(2593, 2594, 2595) 63628.0
(4570, 4571, 4572) 46277.0
(3564, 3565, 3566) 62477.0
(1065, 1066, 1067) 64358.0
(4225, 4226, 4227) 61883.0
(2165, 2166, 2167) 62440.0
(2133, 2134, 2135) 73763.0
(3333, 3334, 3335) 50574.0
(4941, 4942, 4943) 53943.0
(1266, 1267, 1268) 54119.0
(3015, 3016, 3017) 59347.0
(66, 67, 68) 46657.0
(4586, 4587, 4588) 51497.0
(2855, 2856, 2857) 63816.0
(9936, 9937, 9938) 54139.0
(4180, 4181, 4182) 64991.0
(9787, 9788, 9789) 45547.0
(3270, 3271, 3272) 80429.0
(5367, 5368, 5369) 70499.0
(7933, 7934, 7935) 72445.0
(1937, 1938, 1939) 70666.0
(8608, 8609, 8610) 71037.0
(7883, 7884, 7885) 67991.0
(1778, 1779, 1780) 60886.0
(5192, 5193, 5194) 49645.0
(5110, 5111, 5112) 63303.0
(9483, 9484, 9485) 55222.0
(240, 241, 242) 43457.0
(966, 967, 968) 61093.0
(5904, 5905, 5906) 58470.0
(2233, 2234, 2235) 80845.0
(4425, 4426, 4427) 54684.0
(7934, 7935, 7936) 58019.0
(6136, 6137, 6138) 59173.0
(5491, 5492, 5493) 56211.0
(7311, 7312, 7313) 61169.0
(5223, 5224, 5225) 61396.0
(3333, 3334, 3335) 50574.0
(1788, 1789, 1790) 48555.0
(7350, 7351, 7352) 84261.0
(7697, 7698, 7699) 56044.0
(2337, 2338, 2339) 64444.0
(8736, 8737, 8738) 46264.0
(4479, 4480, 4481) 57925.0
(4180, 4181, 4182) 64991.0
(2423, 2424, 2425) 49187.0
(4695, 4696, 4697) 67730.0
(3651, 3652, 3653) 52600.0
(2260, 2261, 2262) 59509.0
(8606, 8607, 8608) 69341.0
(5023, 5024, 5025) 71325.0
(9326, 9327, 9328) 48293.0
(7388, 7389, 7390) 61730.0
(2454, 2455, 2456) 50325.0
(6610, 6611, 6612) 63335.0
(9721, 9722, 9723) 62971.0
(9373, 9374, 9375) 65426.0
(7952, 7953, 7954) 49830.0
(2939, 2940, 2941) 55762.0
(780, 781, 782) 64336.0
(5606, 5607, 5608) 52235.0
(2755, 2756, 2757) 61059.0
(5044, 5045, 5046) 58227.0
(7272, 7273, 7274) 72329.0
(1047, 1048, 1049) 75629.0
(7946, 7947, 7948) 54492.0
(4003, 4004, 4005) 70584.0
(6102, 6103, 6104) 62358.0
(5883, 5884, 5885) 53830.0
(4748, 4749, 4750) 56297.0
(4784, 4785, 4786) 55945.0
(8752, 8753, 8754) 50373.0
(6535, 6536, 6537) 55670.0
(2103, 2104, 2105) 52256.0
(5488, 5489, 5490) 82158.0
(3259, 3260, 3261) 63033.0
(2168, 2169, 2170) 51241.0
(8425, 8426, 8427) 64207.0
(1330, 1331, 1332) 53903.0
(5358, 5359, 5360) 54863.0
(4867, 4868, 4869) 64662.0
(7940, 7941, 7942) 51044.0
(3755, 3756, 3757) 51160.0
(3599, 3600, 3601) 51052.0
(5231, 5232, 5233) 52570.0
(648, 649, 650) 59616.0
(2187, 2188, 2189) 66268.0
(4881, 4882, 4883) 54407.0
(3719, 3720, 3721) 67951.0
(8889, 8890, 8891) 67754.0
(1327, 1328, 1329) 54930.0
(589, 590, 591) 64833.0
(9544, 9545, 9546) 59104.0
(9995, 9996, 9997) 59184.0
(6296, 6297, 6298) 47340.0
(2272, 2273, 2274) 63206.0
(1258, 1259, 1260) 59347.0
(942, 943, 944) 81022.0
(569, 570, 571) 69226.0
(4626, 4627, 4628) 66149.0
(4074, 4075, 4076) 78122.0
(3558, 3559, 3560) 73235.0
(3590, 3591, 3592) 59419.0
(8027, 8028, 8029) 46260.0
(7036, 7037, 7038) 39307.0
(7878, 7879, 7880) 42549.0
(7929, 7930, 7931) 56837.0
(7820, 7821, 7822) 70975.0
(8861, 8862, 8863) 60691.0
(2186, 2187, 2188) 86282.0
(6931, 6932, 6933) 63566.0
(9672, 9673, 9674) 72676.0
(2525, 2526, 2527) 67240.0
(8791, 8792, 8793) 46890.0
(3645, 3646, 3647) 70976.0
(225, 226, 227) 60919.0
(6975, 6976, 6977) 50000.0
(7990, 7991, 7992) 65604.0
(8830, 8831, 8832) 69823.0
(8149, 8150, 8151) 57104.0
(7988, 7989, 7990) 73833.0
(6181, 6182, 6183) 60081.0
(8603, 8604, 8605) 53943.0
(3393, 3394, 3395) 49090.0
(7935, 7936, 7937) 69650.0
(1587, 1588, 1589) 57955.0
(297, 298, 299) 55620.0
(3891, 3892, 3893) 47591.0
(2865, 2866, 2867) 51964.0
(9861, 9862, 9863) 72589.0
(9198, 9199, 9200) 70431.0
(1691, 1692, 1693) 67241.0
(9088, 9089, 9090) 47330.0
(6428, 6429, 6430) 47271.0
(7297, 7298, 7299) 66344.0
(8992, 8993, 8994) 62098.0
(7255, 7256, 7257) 72310.0
(3163, 3164, 3165) 61027.0
(5967, 5968, 5969) 49569.0
(9005, 9006, 9007) 70198.0
(4476, 4477, 4478) 54621.0
(1906, 1907, 1908) 65426.0
(5157, 5158, 5159) 71495.0
(5869, 5870, 5871) 65437.0
(1629, 1630, 1631) 54334.0
(7236, 7237, 7238) 67861.0
(6697, 6698, 6699) 60162.0
(4994, 4995, 4996) 69231.0
(4967, 4968, 4969) 63305.0
(6112, 6113, 6114) 48908.0
(5202, 5203, 5204) 51850.0
(6558, 6559, 6560) 82050.0
(2641, 2642, 2643) 58184.0
(9547, 9548, 9549) 48643.0
