(1356, 1357, 1358) 46853.0
(2877, 2878, 2879) 46207.0
(5673, 5674, 5675) 53157.0
(916, 917, 918) 55334.0
(9874, 9875, 9876) 53671.0
(8485, 8486, 8487) 49431.0
(4827, 4828, 4829) 63603.0
(2755, 2756, 2757) 61330.0
(161, 162, 163) 67744.0
(1486, 1487, 1488) 71171.0
(2979, 2980, 2981) 70607.0
(1076, 1077, 1078) 81909.0
(345, 346, 347) 64952.0
(1350, 1351, 1352) 87281.0
(226, 227, 228) 87390.0
(293, 294, 295) 57363.0
(9477, 9478, 9479) 70101.0
(6810, 6811, 6812) 53792.0
(6969, 6970, 6971) 61824.0
(2346, 2347, 2348) 54638.0
(1141, 1142, 1143) 64195.0
(5842, 5843, 5844) 48420.0
(2823, 2824, 2825) 59351.0
(1959, 1960, 1961) 76917.0
(2216, 2217, 2218) 53261.0
(371, 372, 373) 55980.0
(7608, 7609, 7610) 73138.0
(2634, 2635, 2636) 69747.0
(3559, 3560, 3561) 46748.0
(9754, 9755, 9756) 68184.0
(7198, 7199, 7200) 64804.0
(4984, 4985, 4986) 63614.0
(1174, 1175, 1176) 55311.0
(2847, 2848, 2849) 53711.0
(5698, 5699, 5700) 52943.0
(8412, 8413, 8414) 63768.0
(7035, 7036, 7037) 62092.0
(8950, 8951, 8952) 62165.0
(382, 383, 384) 67409.0
(6085, 6086, 6087) 64122.0
(9206, 9207, 9208) 55268.0
(1422, 1423, 1424) 79501.0
(7304, 7305, 7306) 64273.0
(837, 838, 839) 64331.0
(6946, 6947, 6948) 75363.0
(5018, 5019, 5020) 63452.0
(3929, 3930, 3931) 60075.0
(4643, 4644, 4645) 49101.0
(8880, 8881, 8882) 71697.0
(2746, 2747, 2748) 67547.0
(9945, 9946, 9947) 47223.0
(7760, 7761, 7762) 65062.0
(5139, 5140, 5141) 45771.0
(456, 457, 458) 60804.0
(2802, 2803, 2804) 69930.0
(5443, 5444, 5445) 51156.0
(5576, 5577, 5578) 62842.0
(546, 547, 548) 64279.0
(2655, 2656, 2657) 57101.0
(5872, 5873, 5874) 68398.0
(3826, 3827, 3828) 82863.0
(4840, 4841, 4842) 49070.0
(5948, 5949, 5950) 56399.0
(1144, 1145, 1146) 69128.0
(1452, 1453, 1454) 62804.0
(1563, 1564, 1565) 83939.0
(2778, 2779, 2780) 68038.0
(2369, 2370, 2371) 72845.0
(5336, 5337, 5338) 85619.0
(5988, 5989, 5990) 52609.0
(7894, 7895, 7896) 58360.0
(9082, 9083, 9084) 57050.0
(1418, 1419, 1420) 62551.0
(1425, 1426, 1427) 68028.0
(2014, 2015, 2016) 67380.0
(3552, 3553, 3554) 59088.0
(461, 462, 463) 57840.0
(3384, 3385, 3386) 66514.0
(7866, 7867, 7868) 61640.0
(3165, 3166, 3167) 58430.0
(91, 92, 93) 54123.0
(739, 740, 741) 58697.0
(6509, 6510, 6511) 58507.0
(7169, 7170, 7171) 53862.0
(852, 853, 854) 58912.0
(185, 186, 187) 67753.0
(9976, 9977, 9978) 66281.0
(7641, 7642, 7643) 73127.0
(3067, 3068, 3069) 75071.0
(2083, 2084, 2085) 45785.0
(6603, 6604, 6605) 55406.0
(2440, 2441, 2442) 71300.0
(6640, 6641, 6642) 54837.0
(1095, 1096, 1097) 52548.0
(6258, 6259, 6260) 62234.0
(6961, 6962, 6963) 59489.0
(4785, 4786, 4787) 55307.0
(87, 88, 89) 54270.0
(8066, 8067, 8068) 70156.0
(3111, 3112, 3113) 64256.0
(565, 566, 567) 74403.0
(8322, 8323, 8324) 86156.0
(5619, 5620, 5621) 47250.0
(1104, 1105, 1106) 57869.0
(6225, 6226, 6227) 56156.0
(6628, 6629, 6630) 70659.0
(4846, 4847, 4848) 90968.0
(9590, 9591, 9592) 66621.0
(2267, 2268, 2269) 73711.0
(5380, 5381, 5382) 60260.0
(3978, 3979, 3980) 53641.0
(1388, 1389, 1390) 69845.0
(7209, 7210, 7211) 56571.0
(7954, 7955, 7956) 60202.0
(7781, 7782, 7783) 65671.0
(5781, 5782, 5783) 66720.0
(3760, 3761, 3762) 63732.0
(6390, 6391, 6392) 53318.0
(4049, 4050, 4051) 76703.0
(7841, 7842, 7843) 80601.0
(2122, 2123, 2124) 71264.0
(4995, 4996, 4997) 67288.0
(2461, 2462, 2463) 67353.0
(7387, 7388, 7389) 55807.0
(652, 653, 654) 63586.0
(8086, 8087, 8088) 66498.0
(2517, 2518, 2519) 69701.0
(409, 410, 411) 71867.0
(133, 134, 135) 51096.0
(4894, 4895, 4896) 70695.0
(8919, 8920, 8921) 62207.0
(459, 460, 461) 68519.0
(14, 15, 16) 66982.0
(8573, 8574, 8575) 61305.0
(3785, 3786, 3787) 76290.0
(9388, 9389, 9390) 65930.0
(385, 386, 387) 76980.0
(1136, 1137, 1138) 55256.0
(4158, 4159, 4160) 57773.0
(1915, 1916, 1917) 59455.0
(5047, 5048, 5049) 67162.0
(7991, 7992, 7993) 68505.0
(5774, 5775, 5776) 69890.0
(2618, 2619, 2620) 75065.0
(9522, 9523, 9524) 67759.0
(6684, 6685, 6686) 67024.0
(5316, 5317, 5318) 61083.0
(4471, 4472, 4473) 59928.0
(6021, 6022, 6023) 62350.0
(6749, 6750, 6751) 67664.0
(3038, 3039, 3040) 57524.0
(7980, 7981, 7982) 73088.0
(49, 50, 51) 64122.0
(9731, 9732, 9733) 55955.0
(4968, 4969, 4970) 73636.0
(5164, 5165, 5166) 67401.0
(6459, 6460, 6461) 75677.0
(3, 4, 5) 78475.0
(3804, 3805, 3806) 66080.0
(702, 703, 704) 86246.0
(3354, 3355, 3356) 83859.0
(5025, 5026, 5027) 64480.0
(560, 561, 562) 44903.0
(2548, 2549, 2550) 58458.0
(6009, 6010, 6011) 77489.0
(4126, 4127, 4128) 57739.0
(1841, 1842, 1843) 71290.0
(5448, 5449, 5450) 54418.0
(6295, 6296, 6297) 51222.0
(4967, 4968, 4969) 64337.0
(3641, 3642, 3643) 63171.0
(5957, 5958, 5959) 59980.0
(2488, 2489, 2490) 69890.0
(328, 329, 330) 54036.0
(9855, 9856, 9857) 61164.0
(2217, 2218, 2219) 48125.0
(6725, 6726, 6727) 70148.0
(9054, 9055, 9056) 50236.0
(4956, 4957, 4958) 75417.0
(5090, 5091, 5092) 55119.0
(3004, 3005, 3006) 60921.0
(3302, 3303, 3304) 84535.0
(3746, 3747, 3748) 61276.0
(8, 9, 10) 54088.0
(2572, 2573, 2574) 65431.0
(5761, 5762, 5763) 87917.0
(9139, 9140, 9141) 49525.0
(7560, 7561, 7562) 68229.0
(4934, 4935, 4936) 94438.0
(6960, 6961, 6962) 62478.0
(5962, 5963, 5964) 59741.0
(7915, 7916, 7917) 52282.0
(3693, 3694, 3695) 61072.0
(2385, 2386, 2387) 83225.0
(9645, 9646, 9647) 62737.0
(3535, 3536, 3537) 68985.0
(7372, 7373, 7374) 58328.0
(8520, 8521, 8522) 65678.0
(7814, 7815, 7816) 48459.0
(798, 799, 800) 61579.0
(5757, 5758, 5759) 54000.0
