(7871, 7872, 7873) 73012.0
(5369, 5370, 5371) 66464.0
(9720, 9721, 9722) 70026.0
(6393, 6394, 6395) 83105.0
(6604, 6605, 6606) 63288.0
(388, 389, 390) 67512.0
(2888, 2889, 2890) 60834.0
(5751, 5752, 5753) 66644.0
(2329, 2330, 2331) 50784.0
(8411, 8412, 8413) 58390.0
(7767, 7768, 7769) 68782.0
(223, 224, 225) 75459.0
(9335, 9336, 9337) 58628.0
(694, 695, 696) 59293.0
(2988, 2989, 2990) 72520.0
(4647, 4648, 4649) 72074.0
(6902, 6903, 6904) 75792.0
(9565, 9566, 9567) 69670.0
(5541, 5542, 5543) 68927.0
(7087, 7088, 7089) 57324.0
(2807, 2808, 2809) 65117.0
(841, 842, 843) 40030.0
(1708, 1709, 1710) 72592.0
(1807, 1808, 1809) 71433.0
(238, 239, 240) 70512.0
(667, 668, 669) 62865.0
(5350, 5351, 5352) 65533.0
(3750, 3751, 3752) 65835.0
(4255, 4256, 4257) 51952.0
(3907, 3908, 3909) 55149.0
(147, 148, 149) 67318.0
(10, 11, 12) 75273.0
(6826, 6827, 6828) 72401.0
(9613, 9614, 9615) 69694.0
(5055, 5056, 5057) 48758.0
(4877, 4878, 4879) 60780.0
(6916, 6917, 6918) 70795.0
(7983, 7984, 7985) 44747.0
(5370, 5371, 5372) 66487.0
(1862, 1863, 1864) 51094.0
(8244, 8245, 8246) 78554.0
(5894, 5895, 5896) 70263.0
(3361, 3362, 3363) 55962.0
(1973, 1974, 1975) 52505.0
(8154, 8155, 8156) 64256.0
(6452, 6453, 6454) 68425.0
(8438, 8439, 8440) 66431.0
(9342, 9343, 9344) 58047.0
(8790, 8791, 8792) 56710.0
(3384, 3385, 3386) 68352.0
(3525, 3526, 3527) 63340.0
(3389, 3390, 3391) 70282.0
(5714, 5715, 5716) 82595.0
(3636, 3637, 3638) 62233.0
(1649, 1650, 1651) 57905.0
(7840, 7841, 7842) 52431.0
(4825, 4826, 4827) 63534.0
(1030, 1031, 1032) 62037.0
(9156, 9157, 9158) 67798.0
(4469, 4470, 4471) 72041.0
(5727, 5728, 5729) 50429.0
(9624, 9625, 9626) 55393.0
(9539, 9540, 9541) 61367.0
(8077, 8078, 8079) 68528.0
(7097, 7098, 7099) 84744.0
(2339, 2340, 2341) 67706.0
(3130, 3131, 3132) 54284.0
(588, 589, 590) 64074.0
(3073, 3074, 3075) 75467.0
(6465, 6466, 6467) 68736.0
(7013, 7014, 7015) 54676.0
(2338, 2339, 2340) 73781.0
(1918, 1919, 1920) 66705.0
(5036, 5037, 5038) 61094.0
(1110, 1111, 1112) 84789.0
(565, 566, 567) 73664.0
(8105, 8106, 8107) 51136.0
(9845, 9846, 9847) 61135.0
(3611, 3612, 3613) 62368.0
(4337, 4338, 4339) 67270.0
(6387, 6388, 6389) 53587.0
(3333, 3334, 3335) 53720.0
(1836, 1837, 1838) 59800.0
(7246, 7247, 7248) 56015.0
(5520, 5521, 5522) 70851.0
(7031, 7032, 7033) 53059.0
(3314, 3315, 3316) 64827.0
(3020, 3021, 3022) 53892.0
(8076, 8077, 8078) 49857.0
(2532, 2533, 2534) 56784.0
(7509, 7510, 7511) 80417.0
(3293, 3294, 3295) 75850.0
(4877, 4878, 4879) 60780.0
(6367, 6368, 6369) 68329.0
(2777, 2778, 2779) 53419.0
(9325, 9326, 9327) 43789.0
(2726, 2727, 2728) 65727.0
(4767, 4768, 4769) 57701.0
(1976, 1977, 1978) 68227.0
(9196, 9197, 9198) 68081.0
(2764, 2765, 2766) 61067.0
(6725, 6726, 6727) 72827.0
(2584, 2585, 2586) 64822.0
(3146, 3147, 3148) 71696.0
(2682, 2683, 2684) 54017.0
(9354, 9355, 9356) 53527.0
(6137, 6138, 6139) 64458.0
(7081, 7082, 7083) 94496.0
(317, 318, 319) 75808.0
(2651, 2652, 2653) 60246.0
(3491, 3492, 3493) 65638.0
(7093, 7094, 7095) 49328.0
(1578, 1579, 1580) 64222.0
(8773, 8774, 8775) 55530.0
(545, 546, 547) 69075.0
(3445, 3446, 3447) 63945.0
(8455, 8456, 8457) 72248.0
(1032, 1033, 1034) 72999.0
(1915, 1916, 1917) 60193.0
(5522, 5523, 5524) 79505.0
(7479, 7480, 7481) 70970.0
(950, 951, 952) 70183.0
(9206, 9207, 9208) 56984.0
(4369, 4370, 4371) 49732.0
(9355, 9356, 9357) 61939.0
(5352, 5353, 5354) 64839.0
(4172, 4173, 4174) 51455.0
(6135, 6136, 6137) 59390.0
(3065, 3066, 3067) 40540.0
(6224, 6225, 6226) 73802.0
(1228, 1229, 1230) 66980.0
(8412, 8413, 8414) 65484.0
(2159, 2160, 2161) 67614.0
(5250, 5251, 5252) 71619.0
(3810, 3811, 3812) 64760.0
(3012, 3013, 3014) 52265.0
(7683, 7684, 7685) 54455.0
(7406, 7407, 7408) 63883.0
(4189, 4190, 4191) 54471.0
(509, 510, 511) 67287.0
(2116, 2117, 2118) 59251.0
(7900, 7901, 7902) 66949.0
(8674, 8675, 8676) 53010.0
(161, 162, 163) 70149.0
(5227, 5228, 5229) 69053.0
(8041, 8042, 8043) 84653.0
(4737, 4738, 4739) 68138.0
(6073, 6074, 6075) 76100.0
(5051, 5052, 5053) 80529.0
(1637, 1638, 1639) 49039.0
(1065, 1066, 1067) 67160.0
(1824, 1825, 1826) 63310.0
(3886, 3887, 3888) 63118.0
(9286, 9287, 9288) 72738.0
(6196, 6197, 6198) 68533.0
(4809, 4810, 4811) 54750.0
(4416, 4417, 4418) 65994.0
(4771, 4772, 4773) 57985.0
(6976, 6977, 6978) 79012.0
(3925, 3926, 3927) 81720.0
(6657, 6658, 6659) 65108.0
(4095, 4096, 4097) 77635.0
(2171, 2172, 2173) 72149.0
(455, 456, 457) 78195.0
(7833, 7834, 7835) 72677.0
(1339, 1340, 1341) 46382.0
(8963, 8964, 8965) 58365.0
(8629, 8630, 8631) 81156.0
(8343, 8344, 8345) 49127.0
(7630, 7631, 7632) 58568.0
(3054, 3055, 3056) 50539.0
(8196, 8197, 8198) 65667.0
(6405, 6406, 6407) 75036.0
(6285, 6286, 6287) 85142.0
(3939, 3940, 3941) 52352.0
(2397, 2398, 2399) 62472.0
(6317, 6318, 6319) 69869.0
(4636, 4637, 4638) 51697.0
(7326, 7327, 7328) 72137.0
(9034, 9035, 9036) 66743.0
(7977, 7978, 7979) 54132.0
(4929, 4930, 4931) 63188.0
(3870, 3871, 3872) 62923.0
(2301, 2302, 2303) 80520.0
(5467, 5468, 5469) 65976.0
(2765, 2766, 2767) 45706.0
(384, 385, 386) 61952.0
(8265, 8266, 8267) 65842.0
(144, 145, 146) 70497.0
(833, 834, 835) 67677.0
(2851, 2852, 2853) 66331.0
(9222, 9223, 9224) 93655.0
(4594, 4595, 4596) 75585.0
(3174, 3175, 3176) 49123.0
(7393, 7394, 7395) 71860.0
(4703, 4704, 4705) 62246.0
(5996, 5997, 5998) 62810.0
(6452, 6453, 6454) 68425.0
(1921, 1922, 1923) 62619.0
(1155, 1156, 1157) 65959.0
(8108, 8109, 8110) 61345.0
