(2680, 2681, 2682) 67414.0
(6834, 6835, 6836) 70467.0
(759, 760, 761) 61452.0
(7345, 7346, 7347) 84042.0
(472, 473, 474) 47216.0
(7364, 7365, 7366) 63059.0
(9624, 9625, 9626) 57918.0
(1761, 1762, 1763) 62578.0
(4260, 4261, 4262) 59572.0
(9390, 9391, 9392) 70775.0
(2835, 2836, 2837) 71723.0
(2580, 2581, 2582) 69398.0
(52, 53, 54) 66080.0
(9747, 9748, 9749) 81165.0
(4500, 4501, 4502) 59293.0
(3452, 3453, 3454) 64994.0
(4385, 4386, 4387) 67483.0
(9346, 9347, 9348) 77975.0
(2628, 2629, 2630) 61867.0
(8949, 8950, 8951) 64616.0
(185, 186, 187) 72775.0
(9041, 9042, 9043) 61170.0
(8212, 8213, 8214) 72742.0
(1929, 1930, 1931) 76024.0
(7584, 7585, 7586) 59856.0
(874, 875, 876) 62453.0
(7671, 7672, 7673) 65109.0
(8773, 8774, 8775) 59402.0
(33, 34, 35) 61822.0
(9425, 9426, 9427) 42445.0
(5046, 5047, 5048) 51880.0
(3674, 3675, 3676) 62131.0
(9793, 9794, 9795) 61960.0
(182, 183, 184) 86421.0
(2147, 2148, 2149) 67087.0
(1714, 1715, 1716) 48892.0
(8963, 8964, 8965) 58445.0
(6315, 6316, 6317) 78851.0
(7076, 7077, 7078) 70354.0
(6964, 6965, 6966) 57513.0
(1430, 1431, 1432) 75043.0
(1714, 1715, 1716) 48892.0
(2248, 2249, 2250) 66554.0
(4757, 4758, 4759) 59947.0
(5058, 5059, 5060) 48054.0
(935, 936, 937) 71603.0
(1154, 1155, 1156) 93617.0
(8461, 8462, 8463) 62764.0
(9233, 9234, 9235) 65099.0
(9305, 9306, 9307) 60999.0
(9694, 9695, 9696) 96522.0
(854, 855, 856) 59435.0
(3297, 3298, 3299) 52660.0
(988, 989, 990) 67597.0
(2103, 2104, 2105) 56938.0
(4120, 4121, 4122) 63277.0
(5437, 5438, 5439) 55683.0
(5329, 5330, 5331) 65791.0
(1508, 1509, 1510) 57321.0
(5299, 5300, 5301) 65650.0
(6987, 6988, 6989) 64662.0
(5195, 5196, 5197) 61507.0
(577, 578, 579) 75580.0
(8914, 8915, 8916) 81377.0
(3841, 3842, 3843) 63595.0
(8303, 8304, 8305) 69994.0
(1126, 1127, 1128) 46752.0
(6929, 6930, 6931) 59238.0
(9549, 9550, 9551) 67164.0
(4278, 4279, 4280) 56617.0
(4322, 4323, 4324) 69335.0
(6636, 6637, 6638) 71183.0
(1925, 1926, 1927) 69916.0
(2171, 2172, 2173) 73795.0
(358, 359, 360) 63614.0
(1761, 1762, 1763) 62578.0
(9799, 9800, 9801) 63934.0
(5250, 5251, 5252) 78496.0
(5812, 5813, 5814) 67167.0
(6952, 6953, 6954) 54179.0
(2463, 2464, 2465) 80788.0
(7031, 7032, 7033) 54647.0
(3275, 3276, 3277) 47548.0
(1549, 1550, 1551) 72306.0
(1071, 1072, 1073) 70383.0
(8455, 8456, 8457) 74600.0
(6064, 6065, 6066) 53185.0
(4102, 4103, 4104) 66701.0
(5966, 5967, 5968) 62009.0
(942, 943, 944) 94214.0
(8108, 8109, 8110) 61921.0
(1190, 1191, 1192) 44160.0
(1419, 1420, 1421) 56604.0
(3861, 3862, 3863) 90264.0
(8540, 8541, 8542) 58604.0
(2874, 2875, 2876) 65449.0
(4560, 4561, 4562) 75600.0
(1211, 1212, 1213) 77044.0
(6886, 6887, 6888) 58079.0
(9906, 9907, 9908) 64716.0
(8560, 8561, 8562) 62953.0
(8254, 8255, 8256) 51226.0
(3872, 3873, 3874) 76069.0
(8560, 8561, 8562) 62953.0
(2316, 2317, 2318) 64269.0
(1989, 1990, 1991) 79635.0
(4627, 4628, 4629) 71472.0
(96, 97, 98) 57040.0
(7143, 7144, 7145) 79655.0
(508, 509, 510) 57543.0
(1511, 1512, 1513) 59215.0
(8731, 8732, 8733) 68811.0
(5504, 5505, 5506) 63489.0
(2640, 2641, 2642) 67493.0
(1611, 1612, 1613) 75630.0
(3819, 3820, 3821) 67601.0
(2670, 2671, 2672) 56585.0
(7855, 7856, 7857) 77985.0
(146, 147, 148) 72973.0
(1482, 1483, 1484) 87803.0
(7067, 7068, 7069) 77942.0
(6522, 6523, 6524) 79001.0
(9669, 9670, 9671) 70248.0
(5851, 5852, 5853) 66061.0
(302, 303, 304) 70034.0
(7684, 7685, 7686) 64067.0
(1427, 1428, 1429) 57420.0
(3080, 3081, 3082) 75210.0
(7270, 7271, 7272) 41047.0
(4242, 4243, 4244) 54765.0
(529, 530, 531) 77812.0
(4546, 4547, 4548) 63535.0
(6137, 6138, 6139) 65317.0
(1433, 1434, 1435) 56554.0
(7659, 7660, 7661) 53319.0
(4668, 4669, 4670) 62459.0
(7072, 7073, 7074) 68345.0
(3781, 3782, 3783) 65795.0
(4568, 4569, 4570) 67849.0
(5337, 5338, 5339) 65192.0
(8016, 8017, 8018) 62226.0
(6624, 6625, 6626) 46551.0
(5173, 5174, 5175) 60725.0
(3604, 3605, 3606) 73473.0
(5365, 5366, 5367) 54873.0
(6000, 6001, 6002) 69894.0
(5345, 5346, 5347) 59282.0
(3810, 3811, 3812) 66617.0
(3573, 3574, 3575) 78984.0
(7705, 7706, 7707) 53691.0
(856, 857, 858) 54848.0
(4082, 4083, 4084) 49171.0
(9590, 9591, 9592) 72062.0
(9780, 9781, 9782) 86625.0
(6619, 6620, 6621) 72370.0
(7863, 7864, 7865) 59081.0
(4132, 4133, 4134) 66941.0
(6802, 6803, 6804) 94572.0
(7967, 7968, 7969) 77171.0
(392, 393, 394) 69417.0
(1280, 1281, 1282) 66559.0
(760, 761, 762) 60867.0
(8131, 8132, 8133) 77268.0
(9104, 9105, 9106) 74546.0
(2186, 2187, 2188) 98510.0
(6454, 6455, 6456) 55834.0
(661, 662, 663) 60631.0
(5024, 5025, 5026) 81795.0
(6256, 6257, 6258) 70908.0
(2867, 2868, 2869) 59858.0
(2844, 2845, 2846) 69783.0
(4758, 4759, 4760) 55595.0
(7563, 7564, 7565) 71748.0
(8821, 8822, 8823) 62045.0
(5378, 5379, 5380) 55031.0
(100, 101, 102) 70486.0
(2238, 2239, 2240) 66183.0
(4600, 4601, 4602) 68421.0
(4263, 4264, 4265) 46914.0
(5001, 5002, 5003) 80107.0
(8341, 8342, 8343) 53733.0
(702, 703, 704) 90615.0
(6292, 6293, 6294) 74853.0
(1105, 1106, 1107) 55152.0
(565, 566, 567) 73890.0
(5122, 5123, 5124) 58919.0
(6617, 6618, 6619) 68787.0
(3955, 3956, 3957) 56731.0
(3419, 3420, 3421) 79313.0
(6522, 6523, 6524) 79001.0
(7810, 7811, 7812) 63852.0
(8442, 8443, 8444) 78156.0
(3633, 3634, 3635) 51611.0
(6027, 6028, 6029) 58232.0
(891, 892, 893) 83361.0
(2922, 2923, 2924) 78170.0
(3953, 3954, 3955) 63007.0
(2222, 2223, 2224) 64367.0
(8579, 8580, 8581) 59043.0
(7490, 7491, 7492) 82355.0
(5319, 5320, 5321) 65849.0
