(9059, 9060, 9061) 3284.0
(4507, 4508, 4509) 1842.0
(8097, 8098, 8099) 1915.0
(5083, 5084, 5085) 2131.0
(2830, 2831, 2832) 2496.0
(2476, 2477, 2478) 2322.0
(1007, 1008, 1009) 2929.0
(3390, 3391, 3392) 3461.0
(7346, 7347, 7348) 3303.0
(7263, 7264, 7265) 3811.0
(9220, 9221, 9222) 2987.0
(6304, 6305, 6306) 4005.0
(7333, 7334, 7335) 2526.0
(9472, 9473, 9474) 2098.0
(8476, 8477, 8478) 2842.0
(3858, 3859, 3860) 2513.0
(739, 740, 741) 2968.0
(3359, 3360, 3361) 3570.0
(801, 802, 803) 1575.0
(9781, 9782, 9783) 2502.0
(5144, 5145, 5146) 2463.0
(5761, 5762, 5763) 3198.0
(4415, 4416, 4417) 2789.0
(4533, 4534, 4535) 2212.0
(2484, 2485, 2486) 2176.0
(2970, 2971, 2972) 3724.0
(5256, 5257, 5258) 3478.0
(872, 873, 874) 4249.0
(3319, 3320, 3321) 3780.0
(8610, 8611, 8612) 2453.0
(8807, 8808, 8809) 2129.0
(2762, 2763, 2764) 3819.0
(3128, 3129, 3130) 1523.0
(9448, 9449, 9450) 3038.0
(4234, 4235, 4236) 2720.0
(1294, 1295, 1296) 3963.0
(859, 860, 861) 2963.0
(7791, 7792, 7793) 1877.0
(4744, 4745, 4746) 3319.0
(1575, 1576, 1577) 2474.0
(8058, 8059, 8060) 2753.0
(4207, 4208, 4209) 2300.0
(9043, 9044, 9045) 2591.0
(3689, 3690, 3691) 3405.0
(3677, 3678, 3679) 4353.0
(727, 728, 729) 3018.0
(3416, 3417, 3418) 2062.0
(217, 218, 219) 3171.0
(8591, 8592, 8593) 2546.0
(4351, 4352, 4353) 3479.0
(4237, 4238, 4239) 2424.0
(9220, 9221, 9222) 2987.0
(3526, 3527, 3528) 1930.0
(4780, 4781, 4782) 2759.0
(9369, 9370, 9371) 2943.0
(7473, 7474, 7475) 2410.0
(5108, 5109, 5110) 3336.0
(793, 794, 795) 1955.0
(4497, 4498, 4499) 3500.0
(6526, 6527, 6528) 1990.0
(3505, 3506, 3507) 2422.0
(2648, 2649, 2650) 3305.0
(2131, 2132, 2133) 1585.0
(3540, 3541, 3542) 2856.0
(3126, 3127, 3128) 2837.0
(677, 678, 679) 2042.0
(1560, 1561, 1562) 3367.0
(6622, 6623, 6624) 2980.0
(1732, 1733, 1734) 3829.0
(4250, 4251, 4252) 3180.0
(5085, 5086, 5087) 2883.0
(1754, 1755, 1756) 2891.0
(6700, 6701, 6702) 3389.0
(6655, 6656, 6657) 1831.0
(7714, 7715, 7716) 2435.0
(5896, 5897, 5898) 3330.0
(8638, 8639, 8640) 2297.0
(3181, 3182, 3183) 2488.0
(9011, 9012, 9013) 2150.0
(6260, 6261, 6262) 2139.0
(7223, 7224, 7225) 4156.0
(3996, 3997, 3998) 2619.0
(595, 596, 597) 2178.0
(5955, 5956, 5957) 2547.0
(7680, 7681, 7682) 3659.0
(3804, 3805, 3806) 2813.0
(6068, 6069, 6070) 2501.0
(5521, 5522, 5523) 3388.0
(5735, 5736, 5737) 2618.0
(6775, 6776, 6777) 3302.0
(4634, 4635, 4636) 2486.0
(336, 337, 338) 2263.0
(1402, 1403, 1404) 2596.0
(5726, 5727, 5728) 2582.0
(7707, 7708, 7709) 2411.0
(826, 827, 828) 1748.0
(529, 530, 531) 3215.0
(2573, 2574, 2575) 2630.0
(425, 426, 427) 2702.0
(1181, 1182, 1183) 3377.0
(9766, 9767, 9768) 3270.0
(7715, 7716, 7717) 2958.0
(2799, 2800, 2801) 2608.0
(8090, 8091, 8092) 3271.0
(3406, 3407, 3408) 2765.0
(6371, 6372, 6373) 2991.0
(1348, 1349, 1350) 2455.0
(8180, 8181, 8182) 3142.0
(6103, 6104, 6105) 1961.0
(9171, 9172, 9173) 2672.0
(1333, 1334, 1335) 2126.0
(2913, 2914, 2915) 3520.0
(9498, 9499, 9500) 2779.0
(8434, 8435, 8436) 1810.0
(375, 376, 377) 3259.0
(1485, 1486, 1487) 4350.0
(3013, 3014, 3015) 2626.0
(3529, 3530, 3531) 2506.0
(925, 926, 927) 2468.0
(4147, 4148, 4149) 2701.0
(9887, 9888, 9889) 3732.0
(7617, 7618, 7619) 2530.0
(3413, 3414, 3415) 2922.0
(7183, 7184, 7185) 3669.0
(7166, 7167, 7168) 3198.0
(6397, 6398, 6399) 2720.0
(8301, 8302, 8303) 3964.0
(4921, 4922, 4923) 2961.0
(8027, 8028, 8029) 3595.0
(2181, 2182, 2183) 2746.0
(5646, 5647, 5648) 2908.0
(9133, 9134, 9135) 2448.0
(714, 715, 716) 2093.0
(9993, 9994, 9995) 2545.0
(4001, 4002, 4003) 2418.0
(7066, 7067, 7068) 2197.0
(7015, 7016, 7017) 4304.0
(4912, 4913, 4914) 1887.0
(2615, 2616, 2617) 2229.0
(3699, 3700, 3701) 3111.0
(2267, 2268, 2269) 4582.0
(991, 992, 993) 3885.0
(7298, 7299, 7300) 4071.0
(5653, 5654, 5655) 2946.0
(9737, 9738, 9739) 2706.0
(6634, 6635, 6636) 4716.0
(2475, 2476, 2477) 1650.0
(9935, 9936, 9937) 4368.0
(5476, 5477, 5478) 3492.0
(6690, 6691, 6692) 3895.0
(3977, 3978, 3979) 2101.0
(699, 700, 701) 2447.0
(9041, 9042, 9043) 3458.0
(3441, 3442, 3443) 2074.0
(2323, 2324, 2325) 2054.0
(9259, 9260, 9261) 3526.0
(1633, 1634, 1635) 2701.0
(4036, 4037, 4038) 3211.0
(6796, 6797, 6798) 1975.0
(3909, 3910, 3911) 2388.0
(3017, 3018, 3019) 1988.0
(6192, 6193, 6194) 3405.0
(5201, 5202, 5203) 3939.0
(5785, 5786, 5787) 3121.0
(3802, 3803, 3804) 2480.0
(8203, 8204, 8205) 2323.0
(6173, 6174, 6175) 2321.0
(8416, 8417, 8418) 4303.0
(1203, 1204, 1205) 3195.0
(2261, 2262, 2263) 2206.0
(8329, 8330, 8331) 3486.0
(760, 761, 762) 2027.0
(1151, 1152, 1153) 3075.0
(4188, 4189, 4190) 3654.0
(3838, 3839, 3840) 2301.0
(6484, 6485, 6486) 3999.0
(2259, 2260, 2261) 2497.0
(4445, 4446, 4447) 3099.0
(7410, 7411, 7412) 2841.0
(844, 845, 846) 2678.0
(4391, 4392, 4393) 4913.0
(5605, 5606, 5607) 2477.0
(8723, 8724, 8725) 4116.0
(7631, 7632, 7633) 2644.0
(9255, 9256, 9257) 2918.0
(8724, 8725, 8726) 2441.0
(6692, 6693, 6694) 3298.0
(2028, 2029, 2030) 2030.0
(1410, 1411, 1412) 3718.0
(1143, 1144, 1145) 2939.0
(7138, 7139, 7140) 1970.0
(4088, 4089, 4090) 3341.0
(1471, 1472, 1473) 2724.0
(1971, 1972, 1973) 2987.0
(9675, 9676, 9677) 2501.0
(233, 234, 235) 3705.0
(7872, 7873, 7874) 3147.0
(1532, 1533, 1534) 2236.0
(6301, 6302, 6303) 2692.0
(9829, 9830, 9831) 3096.0
(2601, 2602, 2603) 2557.0
(9409, 9410, 9411) 2894.0
(1646, 1647, 1648) 2099.0
(390, 391, 392) 3088.0
(8481, 8482, 8483) 3006.0
(2092, 2093, 2094) 2519.0
(4761, 4762, 4763) 3842.0
(555, 556, 557) 3303.0
(4906, 4907, 4908) 4071.0
(6117, 6118, 6119) 2368.0
(6019, 6020, 6021) 2695.0
(6829, 6830, 6831) 2616.0
(5669, 5670, 5671) 2681.0
(2681, 2682, 2683) 2631.0
(6032, 6033, 6034) 2587.0
(6354, 6355, 6356) 2892.0
(8332, 8333, 8334) 3339.0
(2010, 2011, 2012) 3322.0
(7692, 7693, 7694) 1547.0
(6523, 6524, 6525) 2123.0
(8292, 8293, 8294) 2004.0
(1529, 1530, 1531) 2230.0
(1934, 1935, 1936) 2353.0
(5929, 5930, 5931) 4356.0
(7591, 7592, 7593) 2121.0
(8542, 8543, 8544) 3570.0
(6013, 6014, 6015) 4360.0
(4138, 4139, 4140) 3214.0
(6797, 6798, 6799) 3352.0
(3009, 3010, 3011) 2589.0
(7550, 7551, 7552) 2467.0
(1711, 1712, 1713) 3219.0
(3261, 3262, 3263) 1860.0
(9427, 9428, 9429) 4715.0
(6777, 6778, 6779) 2182.0
(6343, 6344, 6345) 3436.0
(9362, 9363, 9364) 2896.0
(6031, 6032, 6033) 3092.0
(5671, 5672, 5673) 2432.0
(725, 726, 727) 3270.0
(8986, 8987, 8988) 2244.0
(7868, 7869, 7870) 2846.0
(5880, 5881, 5882) 1627.0
(7155, 7156, 7157) 3645.0
(6696, 6697, 6698) 4375.0
(3286, 3287, 3288) 2221.0
(1352, 1353, 1354) 3185.0
(6488, 6489, 6490) 3185.0
(4298, 4299, 4300) 3039.0
(6251, 6252, 6253) 2249.0
(8811, 8812, 8813) 1694.0
(4068, 4069, 4070) 3033.0
(5810, 5811, 5812) 2572.0
(3514, 3515, 3516) 2631.0
(4312, 4313, 4314) 2791.0
(6855, 6856, 6857) 2411.0
(8305, 8306, 8307) 2623.0
(7672, 7673, 7674) 4107.0
(5664, 5665, 5666) 4829.0
(5111, 5112, 5113) 2771.0
(7469, 7470, 7471) 2381.0
(8760, 8761, 8762) 3527.0
(9609, 9610, 9611) 2035.0
(2529, 2530, 2531) 1796.0
(3354, 3355, 3356) 2877.0
(6063, 6064, 6065) 2773.0
(9125, 9126, 9127) 2976.0
(3457, 3458, 3459) 3164.0
(6342, 6343, 6344) 2332.0
(7379, 7380, 7381) 3129.0
(3027, 3028, 3029) 2543.0
(9314, 9315, 9316) 3491.0
(7995, 7996, 7997) 2554.0
(9929, 9930, 9931) 3101.0
(7031, 7032, 7033) 1922.0
(6547, 6548, 6549) 3295.0
(2412, 2413, 2414) 2967.0
(8949, 8950, 8951) 2155.0
(4713, 4714, 4715) 2377.0
(6807, 6808, 6809) 1776.0
(3646, 3647, 3648) 2378.0
(5078, 5079, 5080) 3543.0
(8776, 8777, 8778) 2683.0
(2596, 2597, 2598) 2565.0
(9490, 9491, 9492) 2264.0
(5506, 5507, 5508) 2223.0
(6659, 6660, 6661) 2736.0
(6293, 6294, 6295) 2456.0
(9668, 9669, 9670) 2827.0
(9200, 9201, 9202) 2646.0
(52, 53, 54) 2701.0
(6283, 6284, 6285) 2263.0
(5574, 5575, 5576) 2812.0
(6730, 6731, 6732) 3795.0
(4258, 4259, 4260) 4545.0
(7499, 7500, 7501) 3005.0
(7501, 7502, 7503) 2593.0
(2441, 2442, 2443) 2729.0
(8003, 8004, 8005) 2335.0
(2784, 2785, 2786) 2645.0
(5775, 5776, 5777) 2266.0
(3688, 3689, 3690) 2942.0
(5231, 5232, 5233) 3136.0
(4457, 4458, 4459) 3486.0
(8727, 8728, 8729) 3075.0
(8630, 8631, 8632) 1450.0
(7018, 7019, 7020) 2838.0
(8980, 8981, 8982) 1557.0
(9194, 9195, 9196) 3806.0
(2791, 2792, 2793) 3838.0
(9628, 9629, 9630) 3532.0
(4845, 4846, 4847) 2170.0
(3265, 3266, 3267) 2592.0
(1915, 1916, 1917) 2506.0
(3831, 3832, 3833) 3740.0
(8335, 8336, 8337) 4753.0
(9560, 9561, 9562) 2876.0
(5690, 5691, 5692) 2947.0
(378, 379, 380) 2396.0
(801, 802, 803) 1575.0
(5651, 5652, 5653) 2426.0
(885, 886, 887) 2187.0
(9379, 9380, 9381) 3666.0
(5618, 5619, 5620) 2132.0
(7276, 7277, 7278) 2713.0
(9226, 9227, 9228) 3495.0
(978, 979, 980) 2679.0
(5786, 5787, 5788) 2458.0
(9881, 9882, 9883) 3480.0
(5286, 5287, 5288) 2569.0
(5877, 5878, 5879) 3124.0
(3160, 3161, 3162) 2991.0
(8068, 8069, 8070) 3810.0
(8434, 8435, 8436) 1810.0
(8181, 8182, 8183) 3205.0
(6628, 6629, 6630) 3656.0
(3183, 3184, 3185) 3305.0
(6438, 6439, 6440) 2924.0
(5307, 5308, 5309) 3036.0
(4416, 4417, 4418) 2527.0
(6572, 6573, 6574) 1827.0
(8249, 8250, 8251) 2975.0
(2516, 2517, 2518) 4847.0
(540, 541, 542) 4387.0
(2609, 2610, 2611) 2748.0
(5016, 5017, 5018) 2556.0
(5877, 5878, 5879) 3124.0
(3430, 3431, 3432) 3684.0
(3130, 3131, 3132) 3095.0
(3580, 3581, 3582) 1827.0
(9314, 9315, 9316) 3491.0
(8827, 8828, 8829) 2743.0
(7935, 7936, 7937) 2903.0
(862, 863, 864) 2629.0
(2489, 2490, 2491) 2169.0
(5536, 5537, 5538) 2695.0
(6708, 6709, 6710) 1737.0
(99, 100, 101) 3892.0
(607, 608, 609) 2234.0
(7559, 7560, 7561) 3016.0
(7939, 7940, 7941) 2478.0
(1491, 1492, 1493) 1929.0
(5644, 5645, 5646) 2277.0
(4716, 4717, 4718) 2489.0
(989, 990, 991) 3330.0
(7379, 7380, 7381) 3129.0
(3476, 3477, 3478) 3096.0
(192, 193, 194) 3133.0
(399, 400, 401) 3683.0
(7365, 7366, 7367) 2603.0
(8522, 8523, 8524) 3008.0
(5926, 5927, 5928) 1886.0
(6902, 6903, 6904) 3288.0
(9651, 9652, 9653) 2194.0
(3860, 3861, 3862) 3782.0
(2225, 2226, 2227) 2818.0
(1604, 1605, 1606) 2915.0
(6805, 6806, 6807) 2665.0
(6235, 6236, 6237) 3960.0
(9852, 9853, 9854) 2240.0
(1437, 1438, 1439) 2794.0
(8832, 8833, 8834) 2868.0
(5090, 5091, 5092) 1633.0
(9050, 9051, 9052) 2730.0
(3962, 3963, 3964) 3845.0
(9858, 9859, 9860) 2000.0
(4565, 4566, 4567) 4288.0
(9171, 9172, 9173) 2672.0
(6155, 6156, 6157) 3796.0
(6100, 6101, 6102) 3697.0
(3475, 3476, 3477) 3956.0
(1640, 1641, 1642) 3125.0
(8627, 8628, 8629) 2722.0
(4972, 4973, 4974) 1987.0
(3490, 3491, 3492) 2179.0
(6505, 6506, 6507) 2058.0
(3272, 3273, 3274) 2392.0
(9075, 9076, 9077) 2725.0
(2131, 2132, 2133) 1585.0
(7701, 7702, 7703) 3500.0
(174, 175, 176) 2995.0
(4294, 4295, 4296) 1938.0
(6083, 6084, 6085) 2440.0
(2695, 2696, 2697) 2829.0
(1994, 1995, 1996) 1969.0
(8374, 8375, 8376) 2040.0
(1271, 1272, 1273) 3433.0
(3309, 3310, 3311) 2170.0
(5263, 5264, 5265) 2978.0
(1498, 1499, 1500) 1848.0
(6391, 6392, 6393) 2927.0
(1820, 1821, 1822) 3003.0
(7761, 7762, 7763) 3120.0
(8409, 8410, 8411) 2652.0
(7352, 7353, 7354) 2345.0
(7386, 7387, 7388) 2519.0
(2379, 2380, 2381) 1419.0
(8341, 8342, 8343) 2191.0
(2022, 2023, 2024) 2646.0
(2934, 2935, 2936) 2145.0
(9175, 9176, 9177) 2837.0
(8661, 8662, 8663) 2385.0
(9891, 9892, 9893) 3525.0
(9497, 9498, 9499) 3189.0
(6595, 6596, 6597) 2175.0
(6083, 6084, 6085) 2440.0
(1774, 1775, 1776) 3568.0
(8299, 8300, 8301) 3361.0
(1714, 1715, 1716) 2080.0
(8048, 8049, 8050) 3830.0
(6540, 6541, 6542) 2331.0
(2698, 2699, 2700) 2534.0
(9505, 9506, 9507) 2987.0
(1799, 1800, 1801) 2963.0
(2721, 2722, 2723) 2888.0
(138, 139, 140) 4877.0
(1956, 1957, 1958) 3305.0
(7784, 7785, 7786) 2262.0
(3317, 3318, 3319) 3191.0
(7197, 7198, 7199) 3755.0
(7007, 7008, 7009) 2823.0
(2570, 2571, 2572) 2431.0
(9708, 9709, 9710) 2745.0
(1133, 1134, 1135) 3348.0
(148, 149, 150) 2625.0
(5456, 5457, 5458) 2533.0
(1208, 1209, 1210) 3676.0
(9446, 9447, 9448) 3053.0
(2581, 2582, 2583) 3127.0
(2964, 2965, 2966) 3006.0
(580, 581, 582) 2656.0
(2176, 2177, 2178) 2578.0
(277, 278, 279) 3107.0
(6503, 6504, 6505) 4262.0
(5749, 5750, 5751) 4297.0
(3571, 3572, 3573) 2559.0
(193, 194, 195) 2164.0
(7762, 7763, 7764) 2931.0
(2717, 2718, 2719) 3479.0
(2760, 2761, 2762) 3909.0
(5923, 5924, 5925) 3393.0
(8775, 8776, 8777) 3127.0
(7069, 7070, 7071) 1973.0
(183, 184, 185) 2698.0
(17, 18, 19) 5344.0
(1856, 1857, 1858) 2793.0
(4905, 4906, 4907) 3338.0
(6024, 6025, 6026) 2901.0
(692, 693, 694) 3522.0
(4755, 4756, 4757) 2367.0
(8490, 8491, 8492) 3190.0
(1500, 1501, 1502) 3604.0
(6148, 6149, 6150) 2623.0
(7211, 7212, 7213) 2685.0
(4080, 4081, 4082) 3084.0
(6275, 6276, 6277) 2095.0
(7939, 7940, 7941) 2478.0
(6379, 6380, 6381) 2072.0
(3648, 3649, 3650) 3058.0
(8260, 8261, 8262) 3729.0
(9634, 9635, 9636) 2458.0
(8241, 8242, 8243) 2011.0
(9473, 9474, 9475) 3006.0
(9270, 9271, 9272) 2660.0
(9682, 9683, 9684) 3416.0
(6618, 6619, 6620) 2566.0
(3506, 3507, 3508) 3755.0
(4139, 4140, 4141) 2626.0
(2432, 2433, 2434) 2148.0
(8254, 8255, 8256) 2486.0
(7378, 7379, 7380) 3164.0
(4166, 4167, 4168) 2646.0
(9048, 9049, 9050) 4049.0
(1138, 1139, 1140) 3641.0
(7224, 7225, 7226) 2712.0
(6821, 6822, 6823) 2580.0
(8011, 8012, 8013) 2434.0
(4548, 4549, 4550) 1784.0
(2022, 2023, 2024) 2646.0
(3098, 3099, 3100) 2406.0
(3687, 3688, 3689) 3050.0
(6422, 6423, 6424) 2357.0
(9406, 9407, 9408) 2523.0
(1212, 1213, 1214) 2841.0
(3233, 3234, 3235) 2882.0
(152, 153, 154) 2540.0
(5612, 5613, 5614) 3180.0
(1495, 1496, 1497) 2856.0
(4204, 4205, 4206) 1616.0
(9201, 9202, 9203) 2952.0
(931, 932, 933) 3977.0
(1655, 1656, 1657) 1866.0
(6172, 6173, 6174) 2657.0
(8497, 8498, 8499) 3467.0
(494, 495, 496) 3125.0
(522, 523, 524) 3473.0
(1681, 1682, 1683) 3201.0
(205, 206, 207) 3024.0
(987, 988, 989) 2927.0
(2880, 2881, 2882) 2480.0
(8715, 8716, 8717) 2314.0
(739, 740, 741) 2968.0
(7432, 7433, 7434) 2972.0
(3658, 3659, 3660) 3861.0
(7976, 7977, 7978) 3090.0
(205, 206, 207) 3024.0
(1478, 1479, 1480) 2167.0
(4395, 4396, 4397) 4817.0
(8387, 8388, 8389) 3098.0
(135, 136, 137) 2608.0
(6232, 6233, 6234) 2495.0
(5636, 5637, 5638) 2786.0
(1365, 1366, 1367) 2685.0
(2744, 2745, 2746) 2580.0
(7368, 7369, 7370) 2341.0
(1732, 1733, 1734) 3829.0
(8699, 8700, 8701) 2718.0
(2515, 2516, 2517) 2376.0
(8819, 8820, 8821) 3332.0
(8743, 8744, 8745) 2954.0
(4431, 4432, 4433) 3529.0
(8649, 8650, 8651) 2385.0
(6623, 6624, 6625) 2178.0
(4323, 4324, 4325) 3423.0
(9076, 9077, 9078) 3850.0
(502, 503, 504) 2574.0
(5340, 5341, 5342) 2402.0
(8755, 8756, 8757) 2755.0
(180, 181, 182) 1935.0
(679, 680, 681) 3768.0
(1234, 1235, 1236) 2977.0
(8922, 8923, 8924) 3789.0
(6787, 6788, 6789) 3487.0
(4451, 4452, 4453) 4501.0
(3428, 3429, 3430) 2306.0
(4950, 4951, 4952) 2551.0
(9733, 9734, 9735) 2514.0
(9701, 9702, 9703) 2628.0
(9798, 9799, 9800) 4059.0
(3437, 3438, 3439) 2398.0
(6600, 6601, 6602) 3244.0
(8275, 8276, 8277) 2982.0
(3204, 3205, 3206) 2432.0
(3637, 3638, 3639) 3026.0
(1176, 1177, 1178) 4409.0
(6598, 6599, 6600) 2736.0
(2579, 2580, 2581) 3331.0
(4801, 4802, 4803) 3777.0
(5897, 5898, 5899) 4428.0
(8643, 8644, 8645) 3367.0
(6813, 6814, 6815) 2797.0
(8754, 8755, 8756) 2656.0
(4121, 4122, 4123) 2704.0
(2521, 2522, 2523) 2242.0
(121, 122, 123) 3385.0
(5392, 5393, 5394) 4252.0
(3093, 3094, 3095) 3411.0
(6385, 6386, 6387) 2248.0
(2758, 2759, 2760) 3710.0
(2393, 2394, 2395) 3581.0
(744, 745, 746) 3226.0
(9242, 9243, 9244) 4701.0
(8652, 8653, 8654) 2608.0
(3422, 3423, 3424) 2590.0
(2660, 2661, 2662) 2377.0
(546, 547, 548) 4142.0
(4571, 4572, 4573) 3593.0
(5059, 5060, 5061) 2687.0
(8483, 8484, 8485) 3436.0
(6916, 6917, 6918) 2673.0
(1590, 1591, 1592) 4549.0
(9363, 9364, 9365) 1996.0
(970, 971, 972) 2161.0
(4069, 4070, 4071) 3106.0
(5368, 5369, 5370) 4115.0
(651, 652, 653) 2660.0
(9724, 9725, 9726) 2704.0
(5112, 5113, 5114) 3655.0
(7462, 7463, 7464) 3324.0
(6313, 6314, 6315) 2209.0
(1573, 1574, 1575) 3176.0
(3587, 3588, 3589) 2697.0
(3551, 3552, 3553) 2334.0
(6531, 6532, 6533) 3816.0
(9772, 9773, 9774) 3035.0
(4759, 4760, 4761) 2694.0
(3600, 3601, 3602) 3022.0
(2999, 3000, 3001) 2997.0
(7831, 7832, 7833) 3932.0
(5487, 5488, 5489) 2285.0
(6257, 6258, 6259) 2609.0
(4888, 4889, 4890) 3254.0
(6030, 6031, 6032) 3662.0
(9052, 9053, 9054) 2425.0
(1534, 1535, 1536) 5249.0
(3643, 3644, 3645) 3693.0
(203, 204, 205) 3731.0
(8422, 8423, 8424) 2128.0
(2306, 2307, 2308) 1990.0
(9773, 9774, 9775) 3017.0
(7343, 7344, 7345) 1962.0
(4673, 4674, 4675) 2288.0
(7035, 7036, 7037) 2771.0
(6016, 6017, 6018) 2604.0
(6793, 6794, 6795) 3951.0
(2439, 2440, 2441) 2077.0
(3857, 3858, 3859) 3207.0
(2398, 2399, 2400) 2025.0
(8596, 8597, 8598) 2581.0
(4613, 4614, 4615) 1828.0
(4043, 4044, 4045) 2716.0
(1385, 1386, 1387) 4118.0
(3891, 3892, 3893) 2872.0
(5282, 5283, 5284) 2844.0
(8488, 8489, 8490) 4106.0
(2242, 2243, 2244) 2790.0
(2954, 2955, 2956) 3640.0
(3923, 3924, 3925) 2392.0
(6601, 6602, 6603) 2233.0
(2426, 2427, 2428) 3317.0
(1539, 1540, 1541) 1826.0
(3597, 3598, 3599) 3305.0
(2326, 2327, 2328) 4041.0
(622, 623, 624) 2928.0
(2727, 2728, 2729) 3892.0
(4766, 4767, 4768) 1927.0
(1009, 1010, 1011) 2131.0
(7524, 7525, 7526) 2856.0
(4344, 4345, 4346) 2609.0
(2472, 2473, 2474) 2738.0
(4226, 4227, 4228) 3484.0
(5688, 5689, 5690) 5090.0
(8303, 8304, 8305) 2030.0
(2755, 2756, 2757) 2694.0
(3444, 3445, 3446) 2669.0
(4691, 4692, 4693) 2339.0
(4807, 4808, 4809) 2466.0
(8088, 8089, 8090) 2389.0
(2851, 2852, 2853) 3233.0
(6646, 6647, 6648) 2560.0
(3827, 3828, 3829) 2328.0
(647, 648, 649) 2876.0
(2103, 2104, 2105) 1833.0
(4796, 4797, 4798) 2667.0
(2624, 2625, 2626) 2891.0
(5259, 5260, 5261) 2411.0
(8894, 8895, 8896) 2357.0
(8661, 8662, 8663) 2385.0
(463, 464, 465) 2211.0
(6191, 6192, 6193) 3243.0
(3207, 3208, 3209) 2648.0
(9577, 9578, 9579) 3235.0
(6876, 6877, 6878) 2742.0
(2512, 2513, 2514) 2970.0
(2209, 2210, 2211) 3086.0
(8975, 8976, 8977) 4340.0
(3119, 3120, 3121) 3356.0
(8629, 8630, 8631) 4934.0
(5549, 5550, 5551) 2000.0
(1779, 1780, 1781) 2457.0
(2844, 2845, 2846) 3374.0
(2369, 2370, 2371) 3093.0
(2287, 2288, 2289) 2860.0
(3838, 3839, 3840) 2301.0
(573, 574, 575) 2151.0
(7512, 7513, 7514) 2759.0
(4376, 4377, 4378) 4602.0
(9680, 9681, 9682) 2560.0
(6850, 6851, 6852) 3063.0
(96, 97, 98) 2506.0
(8316, 8317, 8318) 2547.0
(5854, 5855, 5856) 2937.0
(3498, 3499, 3500) 2480.0
(6339, 6340, 6341) 1726.0
(2636, 2637, 2638) 2474.0
(9781, 9782, 9783) 2502.0
(2743, 2744, 2745) 4810.0
(3124, 3125, 3126) 3630.0
(832, 833, 834) 3867.0
(3249, 3250, 3251) 2402.0
(2400, 2401, 2402) 4163.0
(8001, 8002, 8003) 3801.0
(5273, 5274, 5275) 2810.0
(3892, 3893, 3894) 3066.0
(5469, 5470, 5471) 3216.0
(6825, 6826, 6827) 2391.0
(4871, 4872, 4873) 1887.0
(432, 433, 434) 1699.0
(5501, 5502, 5503) 2262.0
(9295, 9296, 9297) 3098.0
(9565, 9566, 9567) 3094.0
(8392, 8393, 8394) 2596.0
(8319, 8320, 8321) 2983.0
(6581, 6582, 6583) 3012.0
(4757, 4758, 4759) 3060.0
(1728, 1729, 1730) 3272.0
(5980, 5981, 5982) 3525.0
(4303, 4304, 4305) 2190.0
(7016, 7017, 7018) 4146.0
(2026, 2027, 2028) 2473.0
(4133, 4134, 4135) 2763.0
(2518, 2519, 2520) 3715.0
(1981, 1982, 1983) 2773.0
(9788, 9789, 9790) 2157.0
(2980, 2981, 2982) 3515.0
(3102, 3103, 3104) 2685.0
(9138, 9139, 9140) 2617.0
(9649, 9650, 9651) 3323.0
(8166, 8167, 8168) 3407.0
(1534, 1535, 1536) 5249.0
(3260, 3261, 3262) 2613.0
(7559, 7560, 7561) 3016.0
(4213, 4214, 4215) 3396.0
(4960, 4961, 4962) 2305.0
(466, 467, 468) 3151.0
(7526, 7527, 7528) 2798.0
(7673, 7674, 7675) 1347.0
(5171, 5172, 5173) 3020.0
(6720, 6721, 6722) 3657.0
(5639, 5640, 5641) 2160.0
(5271, 5272, 5273) 2259.0
(4200, 4201, 4202) 2639.0
(4011, 4012, 4013) 3019.0
(776, 777, 778) 2322.0
(6672, 6673, 6674) 2467.0
(5417, 5418, 5419) 2038.0
(3772, 3773, 3774) 3698.0
(9818, 9819, 9820) 2842.0
(5804, 5805, 5806) 2935.0
(8485, 8486, 8487) 2226.0
(6482, 6483, 6484) 2780.0
(192, 193, 194) 3133.0
(9694, 9695, 9696) 2785.0
(355, 356, 357) 3639.0
(4786, 4787, 4788) 2461.0
(3612, 3613, 3614) 2305.0
(4740, 4741, 4742) 2817.0
(4774, 4775, 4776) 2372.0
(743, 744, 745) 2408.0
(3122, 3123, 3124) 3372.0
(3843, 3844, 3845) 2192.0
(9104, 9105, 9106) 2546.0
(8337, 8338, 8339) 2839.0
(1691, 1692, 1693) 2645.0
(6564, 6565, 6566) 3777.0
(9649, 9650, 9651) 3323.0
(319, 320, 321) 3344.0
(6078, 6079, 6080) 3002.0
(9978, 9979, 9980) 3513.0
(7569, 7570, 7571) 3097.0
(3376, 3377, 3378) 2092.0
(5793, 5794, 5795) 2477.0
(5937, 5938, 5939) 4128.0
(7777, 7778, 7779) 2911.0
(9475, 9476, 9477) 2581.0
(8580, 8581, 8582) 3880.0
(7800, 7801, 7802) 2454.0
(108, 109, 110) 3016.0
(7226, 7227, 7228) 2093.0
(9571, 9572, 9573) 2571.0
(3478, 3479, 3480) 2757.0
(4184, 4185, 4186) 2904.0
(6753, 6754, 6755) 2059.0
(838, 839, 840) 1983.0
(8222, 8223, 8224) 3123.0
(9729, 9730, 9731) 1885.0
(9740, 9741, 9742) 2545.0
(7930, 7931, 7932) 3440.0
(1295, 1296, 1297) 3891.0
(5206, 5207, 5208) 2421.0
(668, 669, 670) 2816.0
(2950, 2951, 2952) 2091.0
(4469, 4470, 4471) 3333.0
(6046, 6047, 6048) 2328.0
(2502, 2503, 2504) 1926.0
(2188, 2189, 2190) 2894.0
(5508, 5509, 5510) 3668.0
(9035, 9036, 9037) 2434.0
(1575, 1576, 1577) 2474.0
(4518, 4519, 4520) 2687.0
(845, 846, 847) 2622.0
(4899, 4900, 4901) 2766.0
(754, 755, 756) 3000.0
(520, 521, 522) 3281.0
(3061, 3062, 3063) 3219.0
(580, 581, 582) 2656.0
(275, 276, 277) 3050.0
(9692, 9693, 9694) 2571.0
(423, 424, 425) 3759.0
(1025, 1026, 1027) 3337.0
(4967, 4968, 4969) 2594.0
(8153, 8154, 8155) 2614.0
(9631, 9632, 9633) 2126.0
(9186, 9187, 9188) 1855.0
(445, 446, 447) 1601.0
(7715, 7716, 7717) 2958.0
(3201, 3202, 3203) 2433.0
(1221, 1222, 1223) 3887.0
(6814, 6815, 6816) 5099.0
(6753, 6754, 6755) 2059.0
(3123, 3124, 3125) 2100.0
(5006, 5007, 5008) 2275.0
(6990, 6991, 6992) 3974.0
(8984, 8985, 8986) 3656.0
(8046, 8047, 8048) 2462.0
(9529, 9530, 9531) 2770.0
(3035, 3036, 3037) 4413.0
(665, 666, 667) 3563.0
(8658, 8659, 8660) 3045.0
(1779, 1780, 1781) 2457.0
(5156, 5157, 5158) 2348.0
(2346, 2347, 2348) 2110.0
(7267, 7268, 7269) 4068.0
(2971, 2972, 2973) 2482.0
(951, 952, 953) 4037.0
(8577, 8578, 8579) 3609.0
(3191, 3192, 3193) 3426.0
(907, 908, 909) 2981.0
(930, 931, 932) 3316.0
(5105, 5106, 5107) 3910.0
(776, 777, 778) 2322.0
(7773, 7774, 7775) 2663.0
(1313, 1314, 1315) 2460.0
(2344, 2345, 2346) 2488.0
(7675, 7676, 7677) 3428.0
(2057, 2058, 2059) 2933.0
(9786, 9787, 9788) 3184.0
(1582, 1583, 1584) 2704.0
(2344, 2345, 2346) 2488.0
(8192, 8193, 8194) 2898.0
(2920, 2921, 2922) 3628.0
(9965, 9966, 9967) 3691.0
(3094, 3095, 3096) 2592.0
(2152, 2153, 2154) 3027.0
(6212, 6213, 6214) 2239.0
(2069, 2070, 2071) 2491.0
(9138, 9139, 9140) 2617.0
(2844, 2845, 2846) 3374.0
(9494, 9495, 9496) 1708.0
(8502, 8503, 8504) 2749.0
(1174, 1175, 1176) 2651.0
(4896, 4897, 4898) 3590.0
(4299, 4300, 4301) 3516.0
(5357, 5358, 5359) 3563.0
(8393, 8394, 8395) 4906.0
(5759, 5760, 5761) 2465.0
(3276, 3277, 3278) 3789.0
(6730, 6731, 6732) 3795.0
(6570, 6571, 6572) 2590.0
(6780, 6781, 6782) 3064.0
(3015, 3016, 3017) 3308.0
(677, 678, 679) 2042.0
(7498, 7499, 7500) 2603.0
(2149, 2150, 2151) 3809.0
(5627, 5628, 5629) 2304.0
(6391, 6392, 6393) 2927.0
(8974, 8975, 8976) 2419.0
(2372, 2373, 2374) 2157.0
(7125, 7126, 7127) 4029.0
(7179, 7180, 7181) 2248.0
(4318, 4319, 4320) 1853.0
(2921, 2922, 2923) 3069.0
(4381, 4382, 4383) 3513.0
(5102, 5103, 5104) 2627.0
(9633, 9634, 9635) 1834.0
(177, 178, 179) 2327.0
(8870, 8871, 8872) 3084.0
(7198, 7199, 7200) 2758.0
(3604, 3605, 3606) 1675.0
(1437, 1438, 1439) 2794.0
(9587, 9588, 9589) 1994.0
(477, 478, 479) 4457.0
(4392, 4393, 4394) 3324.0
(5913, 5914, 5915) 2927.0
(707, 708, 709) 2945.0
(4765, 4766, 4767) 3884.0
(3941, 3942, 3943) 2869.0
(3203, 3204, 3205) 2004.0
(8511, 8512, 8513) 3112.0
(903, 904, 905) 2446.0
(9470, 9471, 9472) 2286.0
(2983, 2984, 2985) 3070.0
(563, 564, 565) 2597.0
(5809, 5810, 5811) 3082.0
(8965, 8966, 8967) 3301.0
(7304, 7305, 7306) 3360.0
(2404, 2405, 2406) 3618.0
(9162, 9163, 9164) 3944.0
(2308, 2309, 2310) 1946.0
(3243, 3244, 3245) 3570.0
(2547, 2548, 2549) 4198.0
