(3514, 3515, 3516) 66844.0
(999, 1000, 1001) 63633.0
(9364, 9365, 9366) 67344.0
(4830, 4831, 4832) 59197.0
(3766, 3767, 3768) 73147.0
(9600, 9601, 9602) 70333.0
(8354, 8355, 8356) 73592.0
(4661, 4662, 4663) 78995.0
(5216, 5217, 5218) 63000.0
(8964, 8965, 8966) 77221.0
(2973, 2974, 2975) 67021.0
(4942, 4943, 4944) 76308.0
(4676, 4677, 4678) 62015.0
(2678, 2679, 2680) 65231.0
(8988, 8989, 8990) 75855.0
(3114, 3115, 3116) 71268.0
(7273, 7274, 7275) 64269.0
(3033, 3034, 3035) 57596.0
(889, 890, 891) 75066.0
(6334, 6335, 6336) 69320.0
(6893, 6894, 6895) 54770.0
(8768, 8769, 8770) 61551.0
(4586, 4587, 4588) 56020.0
(3608, 3609, 3610) 74142.0
(2171, 2172, 2173) 72983.0
(1285, 1286, 1287) 70115.0
(9249, 9250, 9251) 60213.0
(9678, 9679, 9680) 73591.0
(9252, 9253, 9254) 61273.0
(4797, 4798, 4799) 56233.0
(308, 309, 310) 61645.0
(2803, 2804, 2805) 70629.0
(1896, 1897, 1898) 68265.0
(4202, 4203, 4204) 62564.0
(2620, 2621, 2622) 67160.0
(1945, 1946, 1947) 57257.0
(3732, 3733, 3734) 86547.0
(5518, 5519, 5520) 76062.0
(2489, 2490, 2491) 77452.0
(5537, 5538, 5539) 60009.0
(6565, 6566, 6567) 71969.0
(8892, 8893, 8894) 79819.0
(4121, 4122, 4123) 63229.0
(9609, 9610, 9611) 71655.0
(2425, 2426, 2427) 68656.0
(3083, 3084, 3085) 57853.0
(5359, 5360, 5361) 69867.0
(2734, 2735, 2736) 63175.0
(3647, 3648, 3649) 69943.0
(1428, 1429, 1430) 76383.0
(6468, 6469, 6470) 46871.0
(8619, 8620, 8621) 82119.0
(8972, 8973, 8974) 49272.0
(4501, 4502, 4503) 61717.0
(3209, 3210, 3211) 89520.0
(1607, 1608, 1609) 54244.0
(1081, 1082, 1083) 58939.0
(5173, 5174, 5175) 62065.0
(6174, 6175, 6176) 72712.0
(1153, 1154, 1155) 56472.0
(5074, 5075, 5076) 62378.0
(7312, 7313, 7314) 67832.0
(7867, 7868, 7869) 60766.0
(2416, 2417, 2418) 74832.0
(1614, 1615, 1616) 86876.0
(5166, 5167, 5168) 74748.0
(1804, 1805, 1806) 67923.0
(2352, 2353, 2354) 64683.0
(862, 863, 864) 60961.0
(7319, 7320, 7321) 76782.0
(2156, 2157, 2158) 58295.0
(5022, 5023, 5024) 64366.0
(4727, 4728, 4729) 65422.0
(6121, 6122, 6123) 81617.0
(5448, 5449, 5450) 59581.0
(3389, 3390, 3391) 72255.0
(2225, 2226, 2227) 76625.0
(1580, 1581, 1582) 59198.0
(4286, 4287, 4288) 78611.0
(7094, 7095, 7096) 63189.0
(5299, 5300, 5301) 66993.0
(2937, 2938, 2939) 78202.0
(5778, 5779, 5780) 44455.0
(3063, 3064, 3065) 70674.0
(5147, 5148, 5149) 66167.0
(6, 7, 8) 76536.0
(723, 724, 725) 86891.0
(1730, 1731, 1732) 77673.0
(3487, 3488, 3489) 67236.0
(3546, 3547, 3548) 55601.0
(9212, 9213, 9214) 53381.0
(7738, 7739, 7740) 75160.0
(4640, 4641, 4642) 48557.0
(1004, 1005, 1006) 73584.0
(9990, 9991, 9992) 72212.0
(6564, 6565, 6566) 87405.0
(7855, 7856, 7857) 79157.0
(6014, 6015, 6016) 85318.0
(3441, 3442, 3443) 60072.0
(8929, 8930, 8931) 89060.0
(4445, 4446, 4447) 56572.0
(8390, 8391, 8392) 56238.0
(5311, 5312, 5313) 49932.0
(6663, 6664, 6665) 69435.0
(1376, 1377, 1378) 93997.0
(4978, 4979, 4980) 64778.0
(5875, 5876, 5877) 64443.0
(1954, 1955, 1956) 57040.0
(143, 144, 145) 71935.0
(7409, 7410, 7411) 67013.0
(3558, 3559, 3560) 85770.0
(2326, 2327, 2328) 68650.0
(7311, 7312, 7313) 75851.0
(6325, 6326, 6327) 82324.0
(2748, 2749, 2750) 62365.0
(5225, 5226, 5227) 54885.0
(8339, 8340, 8341) 74313.0
(9186, 9187, 9188) 89489.0
(4139, 4140, 4141) 63374.0
(2326, 2327, 2328) 68650.0
(7442, 7443, 7444) 70812.0
(6481, 6482, 6483) 62892.0
(3315, 3316, 3317) 75093.0
(5010, 5011, 5012) 70777.0
(6235, 6236, 6237) 98852.0
(561, 562, 563) 62930.0
(4394, 4395, 4396) 57912.0
(3012, 3013, 3014) 56175.0
(1172, 1173, 1174) 72206.0
(7795, 7796, 7797) 53793.0
(4409, 4410, 4411) 70174.0
(395, 396, 397) 75466.0
(4943, 4944, 4945) 80981.0
(5543, 5544, 5545) 57468.0
(2461, 2462, 2463) 74103.0
(6260, 6261, 6262) 62897.0
(158, 159, 160) 68619.0
(2987, 2988, 2989) 73936.0
(1174, 1175, 1176) 58063.0
(1264, 1265, 1266) 82280.0
(5423, 5424, 5425) 80241.0
(9885, 9886, 9887) 79718.0
(9486, 9487, 9488) 66193.0
(7685, 7686, 7687) 52552.0
(8841, 8842, 8843) 64435.0
(2681, 2682, 2683) 64168.0
(369, 370, 371) 57404.0
(9654, 9655, 9656) 59225.0
(1486, 1487, 1488) 73762.0
(7800, 7801, 7802) 51771.0
(6339, 6340, 6341) 59299.0
(6704, 6705, 6706) 66497.0
(7787, 7788, 7789) 57241.0
(9284, 9285, 9286) 80724.0
(6909, 6910, 6911) 61468.0
(9674, 9675, 9676) 69465.0
(9063, 9064, 9065) 71328.0
(5589, 5590, 5591) 67139.0
(8037, 8038, 8039) 63591.0
(8302, 8303, 8304) 80332.0
(2201, 2202, 2203) 86790.0
(7438, 7439, 7440) 60939.0
(7136, 7137, 7138) 51943.0
(4134, 4135, 4136) 59733.0
(4009, 4010, 4011) 53557.0
(4514, 4515, 4516) 66971.0
(21, 22, 23) 48229.0
(2666, 2667, 2668) 69372.0
(1679, 1680, 1681) 76424.0
(7358, 7359, 7360) 76236.0
(3519, 3520, 3521) 52939.0
(4857, 4858, 4859) 64988.0
(1876, 1877, 1878) 60524.0
(1806, 1807, 1808) 69275.0
(8257, 8258, 8259) 71887.0
(5884, 5885, 5886) 83486.0
(8805, 8806, 8807) 82234.0
(5731, 5732, 5733) 71650.0
(7432, 7433, 7434) 68275.0
(9241, 9242, 9243) 73058.0
(603, 604, 605) 62461.0
(9549, 9550, 9551) 69009.0
(4852, 4853, 4854) 71151.0
(1733, 1734, 1735) 75814.0
(1548, 1549, 1550) 66316.0
(5925, 5926, 5927) 73770.0
(3149, 3150, 3151) 53801.0
(3038, 3039, 3040) 63731.0
(280, 281, 282) 96238.0
(6773, 6774, 6775) 59098.0
(1355, 1356, 1357) 71390.0
(3499, 3500, 3501) 73986.0
(330, 331, 332) 56443.0
(7134, 7135, 7136) 65053.0
(5553, 5554, 5555) 62642.0
(5526, 5527, 5528) 54911.0
(9798, 9799, 9800) 50937.0
(4309, 4310, 4311) 54063.0
(8541, 8542, 8543) 56886.0
(6109, 6110, 6111) 75901.0
(6149, 6150, 6151) 49612.0
(126, 127, 128) 79775.0
(2481, 2482, 2483) 57510.0
(9316, 9317, 9318) 75966.0
(2068, 2069, 2070) 72712.0
(7558, 7559, 7560) 62889.0
(4236, 4237, 4238) 76868.0
(5307, 5308, 5309) 70691.0
(5581, 5582, 5583) 66556.0
(8948, 8949, 8950) 78614.0
(6173, 6174, 6175) 64770.0
(4859, 4860, 4861) 60207.0
(3237, 3238, 3239) 63095.0
(6466, 6467, 6468) 73312.0
(5868, 5869, 5870) 63237.0
(3398, 3399, 3400) 73742.0
(4271, 4272, 4273) 67695.0
(8853, 8854, 8855) 65634.0
(2036, 2037, 2038) 68030.0
(9044, 9045, 9046) 67271.0
(9788, 9789, 9790) 60636.0
(1660, 1661, 1662) 59189.0
(6660, 6661, 6662) 71853.0
(2432, 2433, 2434) 59680.0
(3425, 3426, 3427) 64636.0
(7753, 7754, 7755) 71936.0
(728, 729, 730) 81261.0
(8436, 8437, 8438) 71995.0
(8685, 8686, 8687) 73664.0
(530, 531, 532) 71993.0
(5993, 5994, 5995) 58347.0
(4059, 4060, 4061) 69261.0
(1330, 1331, 1332) 66941.0
(1732, 1733, 1734) 66765.0
(1665, 1666, 1667) 76414.0
(2266, 2267, 2268) 69899.0
(2698, 2699, 2700) 68726.0
(9813, 9814, 9815) 84254.0
(2511, 2512, 2513) 81124.0
(9989, 9990, 9991) 62372.0
(703, 704, 705) 80700.0
(55, 56, 57) 69959.0
(2177, 2178, 2179) 63926.0
(6481, 6482, 6483) 62892.0
(9705, 9706, 9707) 76298.0
(4174, 4175, 4176) 64892.0
(2953, 2954, 2955) 52145.0
(4837, 4838, 4839) 67260.0
(262, 263, 264) 82496.0
(5213, 5214, 5215) 59245.0
(2301, 2302, 2303) 88991.0
(1046, 1047, 1048) 57474.0
(8686, 8687, 8688) 68425.0
(1304, 1305, 1306) 70734.0
(8315, 8316, 8317) 76807.0
(4190, 4191, 4192) 90178.0
(8344, 8345, 8346) 58657.0
(6998, 6999, 7000) 77103.0
(6983, 6984, 6985) 78089.0
(1263, 1264, 1265) 77944.0
(8055, 8056, 8057) 91940.0
(9706, 9707, 9708) 62430.0
(4054, 4055, 4056) 68621.0
(5873, 5874, 5875) 58168.0
(8502, 8503, 8504) 62058.0
(1270, 1271, 1272) 81324.0
(3114, 3115, 3116) 71268.0
(4542, 4543, 4544) 65388.0
(3403, 3404, 3405) 53946.0
(6062, 6063, 6064) 50319.0
(9327, 9328, 9329) 80422.0
(256, 257, 258) 69553.0
(7625, 7626, 7627) 74591.0
(1423, 1424, 1425) 69121.0
(4072, 4073, 4074) 63956.0
(9605, 9606, 9607) 64625.0
(900, 901, 902) 63761.0
(5600, 5601, 5602) 73269.0
(4704, 4705, 4706) 68723.0
(621, 622, 623) 79095.0
(71, 72, 73) 77973.0
(8527, 8528, 8529) 71621.0
(5270, 5271, 5272) 77309.0
(5552, 5553, 5554) 69609.0
(8761, 8762, 8763) 73248.0
(8217, 8218, 8219) 61610.0
(8712, 8713, 8714) 80456.0
(2300, 2301, 2302) 60625.0
(3579, 3580, 3581) 79356.0
(5884, 5885, 5886) 83486.0
(4849, 4850, 4851) 60664.0
(6700, 6701, 6702) 63748.0
(6110, 6111, 6112) 82096.0
(4640, 4641, 4642) 48557.0
(2111, 2112, 2113) 70421.0
(6030, 6031, 6032) 61341.0
(3602, 3603, 3604) 66162.0
(832, 833, 834) 81186.0
(550, 551, 552) 62869.0
(3435, 3436, 3437) 73999.0
(2089, 2090, 2091) 69299.0
(6476, 6477, 6478) 60274.0
(4623, 4624, 4625) 77962.0
(3259, 3260, 3261) 69263.0
(6390, 6391, 6392) 54051.0
(1145, 1146, 1147) 67505.0
(5961, 5962, 5963) 72991.0
(6262, 6263, 6264) 60784.0
(7383, 7384, 7385) 57958.0
(4686, 4687, 4688) 58767.0
(2451, 2452, 2453) 59141.0
(6927, 6928, 6929) 78712.0
(9563, 9564, 9565) 80035.0
(6165, 6166, 6167) 58693.0
(6976, 6977, 6978) 82592.0
(8054, 8055, 8056) 58346.0
(5444, 5445, 5446) 69598.0
(2785, 2786, 2787) 66276.0
(6214, 6215, 6216) 87803.0
(9372, 9373, 9374) 82511.0
(9808, 9809, 9810) 73798.0
(9748, 9749, 9750) 71946.0
(6448, 6449, 6450) 63959.0
(7154, 7155, 7156) 79751.0
(3344, 3345, 3346) 60470.0
(2880, 2881, 2882) 64276.0
(7837, 7838, 7839) 63407.0
(3655, 3656, 3657) 73770.0
(6675, 6676, 6677) 77907.0
(2839, 2840, 2841) 63581.0
(8063, 8064, 8065) 62582.0
(3176, 3177, 3178) 73240.0
(1630, 1631, 1632) 73134.0
(9177, 9178, 9179) 62752.0
(7490, 7491, 7492) 84831.0
(1400, 1401, 1402) 92631.0
(9584, 9585, 9586) 77395.0
(5740, 5741, 5742) 69477.0
(5516, 5517, 5518) 52363.0
(301, 302, 303) 65498.0
(8567, 8568, 8569) 78728.0
(9648, 9649, 9650) 87221.0
(9785, 9786, 9787) 76586.0
(8973, 8974, 8975) 57913.0
(4501, 4502, 4503) 61717.0
(6589, 6590, 6591) 64857.0
(5164, 5165, 5166) 71369.0
(294, 295, 296) 83766.0
(6029, 6030, 6031) 57210.0
(4396, 4397, 4398) 78908.0
(4988, 4989, 4990) 59310.0
(2837, 2838, 2839) 57123.0
(4897, 4898, 4899) 85947.0
(7675, 7676, 7677) 69340.0
(8419, 8420, 8421) 59609.0
(779, 780, 781) 81530.0
(8589, 8590, 8591) 73343.0
(6228, 6229, 6230) 72050.0
(645, 646, 647) 66793.0
(4094, 4095, 4096) 55483.0
(111, 112, 113) 74767.0
(9089, 9090, 9091) 71965.0
(4010, 4011, 4012) 81950.0
(8498, 8499, 8500) 59359.0
(3286, 3287, 3288) 58191.0
(8606, 8607, 8608) 76815.0
(732, 733, 734) 68326.0
(3351, 3352, 3353) 80219.0
(3517, 3518, 3519) 65719.0
(3612, 3613, 3614) 80312.0
(6976, 6977, 6978) 82592.0
(2552, 2553, 2554) 68091.0
(5164, 5165, 5166) 71369.0
(3536, 3537, 3538) 70681.0
(1475, 1476, 1477) 68675.0
(6914, 6915, 6916) 57084.0
(9838, 9839, 9840) 70198.0
(7539, 7540, 7541) 62603.0
(7158, 7159, 7160) 61993.0
(6859, 6860, 6861) 61685.0
(7744, 7745, 7746) 77198.0
(937, 938, 939) 69219.0
(2480, 2481, 2482) 69077.0
(9561, 9562, 9563) 62620.0
(3643, 3644, 3645) 65629.0
(1725, 1726, 1727) 65703.0
(6431, 6432, 6433) 57476.0
(3547, 3548, 3549) 57289.0
(7724, 7725, 7726) 69637.0
(5113, 5114, 5115) 74837.0
(7861, 7862, 7863) 49319.0
(1443, 1444, 1445) 75960.0
(4665, 4666, 4667) 78664.0
(7762, 7763, 7764) 76441.0
(138, 139, 140) 64675.0
(1116, 1117, 1118) 71375.0
(3875, 3876, 3877) 61362.0
(1233, 1234, 1235) 49299.0
(7383, 7384, 7385) 57958.0
(510, 511, 512) 64155.0
(5095, 5096, 5097) 66441.0
(7996, 7997, 7998) 104322.0
(3719, 3720, 3721) 76034.0
(4315, 4316, 4317) 74701.0
(8032, 8033, 8034) 66351.0
(4057, 4058, 4059) 88893.0
(9355, 9356, 9357) 66034.0
(2295, 2296, 2297) 68516.0
(7843, 7844, 7845) 69528.0
(1654, 1655, 1656) 68234.0
(7326, 7327, 7328) 75230.0
(7809, 7810, 7811) 94557.0
(1071, 1072, 1073) 75220.0
(2490, 2491, 2492) 88217.0
(1799, 1800, 1801) 61207.0
(3275, 3276, 3277) 51467.0
(9815, 9816, 9817) 61862.0
(7210, 7211, 7212) 76510.0
(1794, 1795, 1796) 82503.0
(4431, 4432, 4433) 85776.0
(2735, 2736, 2737) 75825.0
(6793, 6794, 6795) 70815.0
(2660, 2661, 2662) 67604.0
(3147, 3148, 3149) 71695.0
(3022, 3023, 3024) 60750.0
(62, 63, 64) 57073.0
(804, 805, 806) 64973.0
(9103, 9104, 9105) 77762.0
(1219, 1220, 1221) 68513.0
(6647, 6648, 6649) 78171.0
(9535, 9536, 9537) 59420.0
(3830, 3831, 3832) 81169.0
(7197, 7198, 7199) 77153.0
(3221, 3222, 3223) 60941.0
(7493, 7494, 7495) 83293.0
(3446, 3447, 3448) 69173.0
(2837, 2838, 2839) 57123.0
(2292, 2293, 2294) 63026.0
(771, 772, 773) 62717.0
(6202, 6203, 6204) 57540.0
(9557, 9558, 9559) 66260.0
(6937, 6938, 6939) 49832.0
(7845, 7846, 7847) 59867.0
(7097, 7098, 7099) 89327.0
(8356, 8357, 8358) 76967.0
(8707, 8708, 8709) 65208.0
(7189, 7190, 7191) 77251.0
(8731, 8732, 8733) 69285.0
(7370, 7371, 7372) 54716.0
(1870, 1871, 1872) 57129.0
(3052, 3053, 3054) 76633.0
(1842, 1843, 1844) 52655.0
(5694, 5695, 5696) 64314.0
(1797, 1798, 1799) 64861.0
(8005, 8006, 8007) 79168.0
(3612, 3613, 3614) 80312.0
(9889, 9890, 9891) 65957.0
(4648, 4649, 4650) 85602.0
(252, 253, 254) 57472.0
(8095, 8096, 8097) 57522.0
(383, 384, 385) 69890.0
(136, 137, 138) 70577.0
(8693, 8694, 8695) 68158.0
(5128, 5129, 5130) 79334.0
(5960, 5961, 5962) 72648.0
(8158, 8159, 8160) 65298.0
(2124, 2125, 2126) 75093.0
(553, 554, 555) 61425.0
(4013, 4014, 4015) 62082.0
(1042, 1043, 1044) 72758.0
(4456, 4457, 4458) 71200.0
(8995, 8996, 8997) 72687.0
(3264, 3265, 3266) 87964.0
(9762, 9763, 9764) 66689.0
(8892, 8893, 8894) 79819.0
(8382, 8383, 8384) 51722.0
(2380, 2381, 2382) 88482.0
(2309, 2310, 2311) 66543.0
(3678, 3679, 3680) 69463.0
(8425, 8426, 8427) 73636.0
(9562, 9563, 9564) 65325.0
(7107, 7108, 7109) 68559.0
(6594, 6595, 6596) 72389.0
(3792, 3793, 3794) 55240.0
(3040, 3041, 3042) 64374.0
(6881, 6882, 6883) 79583.0
(3875, 3876, 3877) 61362.0
(2899, 2900, 2901) 69370.0
(9940, 9941, 9942) 60432.0
(253, 254, 255) 53539.0
(2489, 2490, 2491) 77452.0
(5044, 5045, 5046) 63528.0
(3437, 3438, 3439) 59564.0
(6204, 6205, 6206) 86910.0
(1235, 1236, 1237) 59862.0
(1042, 1043, 1044) 72758.0
(5743, 5744, 5745) 63152.0
(4882, 4883, 4884) 67665.0
(2386, 2387, 2388) 51238.0
(3945, 3946, 3947) 77601.0
(1737, 1738, 1739) 54767.0
(9669, 9670, 9671) 71677.0
(9396, 9397, 9398) 75209.0
(7079, 7080, 7081) 52106.0
(3363, 3364, 3365) 68165.0
(6760, 6761, 6762) 63835.0
(1089, 1090, 1091) 74778.0
(768, 769, 770) 63811.0
(126, 127, 128) 79775.0
(3997, 3998, 3999) 52200.0
(3393, 3394, 3395) 62162.0
(1857, 1858, 1859) 63200.0
(3938, 3939, 3940) 64816.0
(3810, 3811, 3812) 66540.0
(2523, 2524, 2525) 56100.0
(8983, 8984, 8985) 63728.0
(8949, 8950, 8951) 68288.0
(7297, 7298, 7299) 72792.0
(279, 280, 281) 58831.0
(4033, 4034, 4035) 72942.0
(5179, 5180, 5181) 69863.0
(6362, 6363, 6364) 85508.0
(9601, 9602, 9603) 73173.0
(2791, 2792, 2793) 61082.0
(9456, 9457, 9458) 71182.0
(4138, 4139, 4140) 78212.0
(9298, 9299, 9300) 92195.0
(410, 411, 412) 64585.0
(8325, 8326, 8327) 80182.0
(2167, 2168, 2169) 97010.0
(5876, 5877, 5878) 68209.0
(1583, 1584, 1585) 65763.0
(8735, 8736, 8737) 65947.0
(1086, 1087, 1088) 56736.0
(2146, 2147, 2148) 75376.0
(6578, 6579, 6580) 78023.0
(1020, 1021, 1022) 62469.0
(6855, 6856, 6857) 76282.0
(2402, 2403, 2404) 89758.0
(3200, 3201, 3202) 56256.0
(1370, 1371, 1372) 58270.0
(6255, 6256, 6257) 64657.0
(8049, 8050, 8051) 73434.0
(9369, 9370, 9371) 74153.0
(3426, 3427, 3428) 82607.0
(4147, 4148, 4149) 75058.0
(1855, 1856, 1857) 74632.0
(3693, 3694, 3695) 62582.0
(6439, 6440, 6441) 60931.0
(5537, 5538, 5539) 60009.0
(3094, 3095, 3096) 74217.0
(1451, 1452, 1453) 75460.0
(7353, 7354, 7355) 58814.0
(5861, 5862, 5863) 60337.0
(1812, 1813, 1814) 46576.0
(3749, 3750, 3751) 65338.0
(432, 433, 434) 53931.0
(2518, 2519, 2520) 86243.0
(1854, 1855, 1856) 57909.0
(8806, 8807, 8808) 52318.0
(1355, 1356, 1357) 71390.0
(9806, 9807, 9808) 59914.0
(3673, 3674, 3675) 69738.0
(5834, 5835, 5836) 69413.0
(3239, 3240, 3241) 62039.0
(2783, 2784, 2785) 57483.0
(9335, 9336, 9337) 59881.0
(5934, 5935, 5936) 73030.0
(2227, 2228, 2229) 75952.0
(7489, 7490, 7491) 77549.0
(8481, 8482, 8483) 76124.0
(1177, 1178, 1179) 69351.0
(6345, 6346, 6347) 70518.0
(3757, 3758, 3759) 58684.0
(228, 229, 230) 59909.0
(9906, 9907, 9908) 64287.0
(2323, 2324, 2325) 69525.0
(5369, 5370, 5371) 66719.0
(8294, 8295, 8296) 75568.0
(2497, 2498, 2499) 54453.0
(8887, 8888, 8889) 65359.0
(7643, 7644, 7645) 62197.0
(4569, 4570, 4571) 54725.0
(215, 216, 217) 70038.0
(9099, 9100, 9101) 87645.0
(9344, 9345, 9346) 62333.0
(1999, 2000, 2001) 77207.0
(5526, 5527, 5528) 54911.0
(7753, 7754, 7755) 71936.0
(2042, 2043, 2044) 60980.0
(8866, 8867, 8868) 78020.0
(3675, 3676, 3677) 66586.0
(3740, 3741, 3742) 53681.0
(3482, 3483, 3484) 60360.0
(3843, 3844, 3845) 53437.0
(1751, 1752, 1753) 67281.0
(7601, 7602, 7603) 76230.0
(1378, 1379, 1380) 54804.0
(4390, 4391, 4392) 69319.0
(547, 548, 549) 66808.0
(4398, 4399, 4400) 69646.0
(2938, 2939, 2940) 64945.0
(1947, 1948, 1949) 69738.0
(1665, 1666, 1667) 76414.0
(7339, 7340, 7341) 52815.0
(2132, 2133, 2134) 51815.0
(4894, 4895, 4896) 80654.0
(8661, 8662, 8663) 72078.0
(2378, 2379, 2380) 66216.0
(8521, 8522, 8523) 63352.0
(4794, 4795, 4796) 55256.0
(9044, 9045, 9046) 67271.0
(9946, 9947, 9948) 57443.0
(9478, 9479, 9480) 87355.0
(3706, 3707, 3708) 87680.0
(7044, 7045, 7046) 68476.0
(24, 25, 26) 70769.0
(6464, 6465, 6466) 72836.0
(5169, 5170, 5171) 57935.0
(6682, 6683, 6684) 76765.0
(3603, 3604, 3605) 57554.0
(6139, 6140, 6141) 76115.0
(6297, 6298, 6299) 77137.0
(6185, 6186, 6187) 71183.0
(1100, 1101, 1102) 77168.0
(4042, 4043, 4044) 60495.0
(5695, 5696, 5697) 56835.0
(86, 87, 88) 63455.0
(7865, 7866, 7867) 86460.0
(8852, 8853, 8854) 57096.0
(5410, 5411, 5412) 80623.0
(3330, 3331, 3332) 65065.0
(3669, 3670, 3671) 59720.0
(9151, 9152, 9153) 50681.0
(3782, 3783, 3784) 54461.0
(3314, 3315, 3316) 81018.0
(1866, 1867, 1868) 68917.0
(4968, 4969, 4970) 79093.0
(3528, 3529, 3530) 60623.0
(4899, 4900, 4901) 49108.0
(1622, 1623, 1624) 64146.0
(8293, 8294, 8295) 76737.0
(1126, 1127, 1128) 49092.0
(842, 843, 844) 67398.0
(2886, 2887, 2888) 60788.0
(1649, 1650, 1651) 60061.0
(5854, 5855, 5856) 68722.0
(2359, 2360, 2361) 68839.0
(5416, 5417, 5418) 58127.0
(4655, 4656, 4657) 69512.0
(9362, 9363, 9364) 56396.0
(2376, 2377, 2378) 84427.0
(962, 963, 964) 76940.0
(7499, 7500, 7501) 57700.0
(2269, 2270, 2271) 70703.0
(9641, 9642, 9643) 86466.0
(2633, 2634, 2635) 81182.0
(8210, 8211, 8212) 89483.0
(2294, 2295, 2296) 62208.0
(4514, 4515, 4516) 66971.0
(6173, 6174, 6175) 64770.0
(6452, 6453, 6454) 71636.0
(1082, 1083, 1084) 71279.0
(5946, 5947, 5948) 62822.0
(2275, 2276, 2277) 58803.0
(2457, 2458, 2459) 57748.0
(3598, 3599, 3600) 84426.0
(692, 693, 694) 76241.0
(6464, 6465, 6466) 72836.0
(2407, 2408, 2409) 72998.0
(47, 48, 49) 61007.0
(8402, 8403, 8404) 60034.0
(1533, 1534, 1535) 58639.0
(7544, 7545, 7546) 70617.0
(5304, 5305, 5306) 73900.0
(8507, 8508, 8509) 60188.0
(7384, 7385, 7386) 75397.0
(7766, 7767, 7768) 72241.0
(2117, 2118, 2119) 73696.0
(7175, 7176, 7177) 70869.0
(975, 976, 977) 81886.0
(9760, 9761, 9762) 81508.0
(8968, 8969, 8970) 55783.0
(274, 275, 276) 60785.0
(2597, 2598, 2599) 65953.0
(5802, 5803, 5804) 74339.0
(7114, 7115, 7116) 73926.0
(6543, 6544, 6545) 65364.0
(4958, 4959, 4960) 62069.0
(58, 59, 60) 64665.0
(9668, 9669, 9670) 72827.0
(3794, 3795, 3796) 53844.0
(2569, 2570, 2571) 90860.0
(1216, 1217, 1218) 58987.0
(7374, 7375, 7376) 75835.0
(3233, 3234, 3235) 68900.0
(169, 170, 171) 66609.0
(3521, 3522, 3523) 72759.0
(9645, 9646, 9647) 72686.0
(1487, 1488, 1489) 56100.0
(6813, 6814, 6815) 51420.0
(9794, 9795, 9796) 84404.0
(3552, 3553, 3554) 64776.0
(177, 178, 179) 59472.0
(4301, 4302, 4303) 76086.0
(6341, 6342, 6343) 68424.0
(5040, 5041, 5042) 78190.0
(6056, 6057, 6058) 68991.0
(9836, 9837, 9838) 69743.0
(5322, 5323, 5324) 73868.0
(3857, 3858, 3859) 75161.0
(3399, 3400, 3401) 73797.0
(1917, 1918, 1919) 71843.0
(155, 156, 157) 78953.0
(7441, 7442, 7443) 60132.0
(1927, 1928, 1929) 75867.0
(9628, 9629, 9630) 59563.0
(4711, 4712, 4713) 76036.0
(1984, 1985, 1986) 55961.0
(9138, 9139, 9140) 68849.0
(8335, 8336, 8337) 98199.0
(2613, 2614, 2615) 59296.0
(9846, 9847, 9848) 82848.0
(139, 140, 141) 75628.0
(3451, 3452, 3453) 71083.0
(220, 221, 222) 76581.0
(8866, 8867, 8868) 78020.0
(6267, 6268, 6269) 72811.0
(8324, 8325, 8326) 79678.0
(1196, 1197, 1198) 56884.0
(6928, 6929, 6930) 90916.0
(3506, 3507, 3508) 69370.0
(733, 734, 735) 59639.0
(2418, 2419, 2420) 59644.0
(7063, 7064, 7065) 71980.0
(6139, 6140, 6141) 76115.0
(3487, 3488, 3489) 67236.0
(1579, 1580, 1581) 73586.0
(9784, 9785, 9786) 52128.0
(3042, 3043, 3044) 68098.0
(175, 176, 177) 87789.0
(7297, 7298, 7299) 72792.0
(2538, 2539, 2540) 79633.0
(714, 715, 716) 85419.0
(1103, 1104, 1105) 64042.0
(9875, 9876, 9877) 72068.0
(4768, 4769, 4770) 74111.0
(1243, 1244, 1245) 72997.0
(4634, 4635, 4636) 75872.0
(6248, 6249, 6250) 70549.0
(5690, 5691, 5692) 64646.0
(7336, 7337, 7338) 70393.0
(6940, 6941, 6942) 79040.0
(1768, 1769, 1770) 71118.0
(7883, 7884, 7885) 74398.0
(9887, 9888, 9889) 82771.0
(9843, 9844, 9845) 76717.0
(9208, 9209, 9210) 70533.0
(4831, 4832, 4833) 72427.0
(8552, 8553, 8554) 53808.0
(1509, 1510, 1511) 61287.0
(2462, 2463, 2464) 52663.0
(1576, 1577, 1578) 59429.0
(1945, 1946, 1947) 57257.0
(2705, 2706, 2707) 49078.0
(5588, 5589, 5590) 78250.0
(1861, 1862, 1863) 74807.0
(791, 792, 793) 78756.0
(5949, 5950, 5951) 69162.0
(99, 100, 101) 61192.0
(4724, 4725, 4726) 61491.0
(8563, 8564, 8565) 60640.0
(6731, 6732, 6733) 65159.0
(4770, 4771, 4772) 98461.0
(2532, 2533, 2534) 59083.0
(6435, 6436, 6437) 55299.0
(2239, 2240, 2241) 64395.0
(7196, 7197, 7198) 63665.0
(5988, 5989, 5990) 57542.0
(5788, 5789, 5790) 76816.0
(5103, 5104, 5105) 67373.0
(9590, 9591, 9592) 71795.0
(2440, 2441, 2442) 76597.0
(4761, 4762, 4763) 67461.0
(7949, 7950, 7951) 73357.0
(5224, 5225, 5226) 79198.0
(7125, 7126, 7127) 64341.0
(1021, 1022, 1023) 84801.0
(3587, 3588, 3589) 71133.0
(2109, 2110, 2111) 58578.0
(6262, 6263, 6264) 60784.0
(5663, 5664, 5665) 54195.0
(3244, 3245, 3246) 60848.0
(4867, 4868, 4869) 74787.0
(8039, 8040, 8041) 47741.0
(5781, 5782, 5783) 69572.0
(9244, 9245, 9246) 53752.0
(7350, 7351, 7352) 92092.0
(4775, 4776, 4777) 88296.0
(6769, 6770, 6771) 58802.0
(4808, 4809, 4810) 59153.0
(7743, 7744, 7745) 58769.0
(4888, 4889, 4890) 77260.0
(4568, 4569, 4570) 68448.0
(9606, 9607, 9608) 70143.0
(6698, 6699, 6700) 59754.0
(2370, 2371, 2372) 54679.0
(1114, 1115, 1116) 68076.0
(6016, 6017, 6018) 60964.0
(3993, 3994, 3995) 72507.0
(8983, 8984, 8985) 63728.0
(2680, 2681, 2682) 69543.0
(7356, 7357, 7358) 62260.0
(4298, 4299, 4300) 62866.0
(8209, 8210, 8211) 82840.0
(3381, 3382, 3383) 63105.0
(3288, 3289, 3290) 62481.0
(8141, 8142, 8143) 67298.0
(2217, 2218, 2219) 50667.0
(6313, 6314, 6315) 86873.0
(8690, 8691, 8692) 79024.0
(7955, 7956, 7957) 65127.0
(3379, 3380, 3381) 64703.0
(7078, 7079, 7080) 60150.0
(2118, 2119, 2120) 65127.0
(4885, 4886, 4887) 57855.0
(5758, 5759, 5760) 65513.0
(8555, 8556, 8557) 60083.0
(8420, 8421, 8422) 66608.0
(5941, 5942, 5943) 69498.0
(1262, 1263, 1264) 71399.0
(5864, 5865, 5866) 84513.0
(4516, 4517, 4518) 79730.0
(1808, 1809, 1810) 63166.0
(9897, 9898, 9899) 64284.0
(3010, 3011, 3012) 66287.0
(4781, 4782, 4783) 77360.0
(3045, 3046, 3047) 82656.0
(7394, 7395, 7396) 68174.0
(9534, 9535, 9536) 89921.0
(5308, 5309, 5310) 61945.0
(5263, 5264, 5265) 79612.0
(310, 311, 312) 70162.0
(7513, 7514, 7515) 53451.0
(6631, 6632, 6633) 66160.0
(9285, 9286, 9287) 59306.0
(7421, 7422, 7423) 76208.0
(7739, 7740, 7741) 59481.0
(7424, 7425, 7426) 71601.0
(7554, 7555, 7556) 98332.0
(5628, 5629, 5630) 70114.0
(1696, 1697, 1698) 71528.0
(7172, 7173, 7174) 65122.0
(9937, 9938, 9939) 66566.0
(2962, 2963, 2964) 66577.0
(9138, 9139, 9140) 68849.0
(3586, 3587, 3588) 70624.0
(3440, 3441, 3442) 74177.0
(1612, 1613, 1614) 97398.0
(2591, 2592, 2593) 73900.0
(1506, 1507, 1508) 76783.0
(891, 892, 893) 81626.0
(2862, 2863, 2864) 71924.0
(3952, 3953, 3954) 69371.0
(9794, 9795, 9796) 84404.0
(9715, 9716, 9717) 80252.0
(2354, 2355, 2356) 45452.0
(2477, 2478, 2479) 64828.0
(3545, 3546, 3547) 71604.0
(8441, 8442, 8443) 62128.0
(1228, 1229, 1230) 69309.0
(24, 25, 26) 70769.0
(6093, 6094, 6095) 76902.0
(3180, 3181, 3182) 56995.0
(9991, 9992, 9993) 70138.0
(9412, 9413, 9414) 72312.0
(9032, 9033, 9034) 70241.0
(1868, 1869, 1870) 102723.0
(5874, 5875, 5876) 79613.0
(6365, 6366, 6367) 91559.0
(4621, 4622, 4623) 64134.0
(4678, 4679, 4680) 74217.0
(2671, 2672, 2673) 71079.0
(3721, 3722, 3723) 88420.0
(3958, 3959, 3960) 58893.0
(7001, 7002, 7003) 53845.0
(5610, 5611, 5612) 57773.0
(6058, 6059, 6060) 76682.0
(6266, 6267, 6268) 66661.0
(3305, 3306, 3307) 81513.0
(9089, 9090, 9091) 71965.0
(8382, 8383, 8384) 51722.0
(6753, 6754, 6755) 56711.0
(5940, 5941, 5942) 72814.0
(4522, 4523, 4524) 90388.0
(5556, 5557, 5558) 58214.0
(3200, 3201, 3202) 56256.0
(3782, 3783, 3784) 54461.0
(307, 308, 309) 71262.0
(651, 652, 653) 54202.0
(1743, 1744, 1745) 66990.0
(9655, 9656, 9657) 55821.0
(5584, 5585, 5586) 69405.0
(5029, 5030, 5031) 57207.0
(8392, 8393, 8394) 53986.0
(8077, 8078, 8079) 69796.0
(2972, 2973, 2974) 63445.0
(8244, 8245, 8246) 85171.0
(6234, 6235, 6236) 51737.0
(5687, 5688, 5689) 77554.0
(280, 281, 282) 96238.0
(1156, 1157, 1158) 74970.0
(4183, 4184, 4185) 83921.0
(173, 174, 175) 64180.0
(8848, 8849, 8850) 98615.0
(911, 912, 913) 85072.0
(5981, 5982, 5983) 66941.0
(6122, 6123, 6124) 55009.0
(7856, 7857, 7858) 61231.0
(5401, 5402, 5403) 52494.0
(4085, 4086, 4087) 91257.0
(9351, 9352, 9353) 54547.0
(4758, 4759, 4760) 57515.0
(1864, 1865, 1866) 73546.0
(179, 180, 181) 68460.0
(4, 5, 6) 63055.0
(8214, 8215, 8216) 65246.0
(68, 69, 70) 51713.0
(9925, 9926, 9927) 85678.0
(8755, 8756, 8757) 65751.0
(3572, 3573, 3574) 69498.0
(3561, 3562, 3563) 72761.0
(358, 359, 360) 63058.0
(9620, 9621, 9622) 78900.0
(9363, 9364, 9365) 61294.0
(4115, 4116, 4117) 52462.0
(5403, 5404, 5405) 75167.0
(2984, 2985, 2986) 62946.0
(7843, 7844, 7845) 69528.0
(3667, 3668, 3669) 61033.0
(2990, 2991, 2992) 68520.0
(2814, 2815, 2816) 56396.0
(631, 632, 633) 81967.0
(3046, 3047, 3048) 92596.0
(3459, 3460, 3461) 63633.0
(7733, 7734, 7735) 78304.0
(6089, 6090, 6091) 74085.0
(135, 136, 137) 69707.0
(2347, 2348, 2349) 72029.0
(8151, 8152, 8153) 92178.0
(5169, 5170, 5171) 57935.0
(5381, 5382, 5383) 61927.0
(5362, 5363, 5364) 60996.0
(1787, 1788, 1789) 61368.0
(4216, 4217, 4218) 59502.0
(7867, 7868, 7869) 60766.0
(1631, 1632, 1633) 60717.0
(3630, 3631, 3632) 75787.0
(2959, 2960, 2961) 65509.0
(3533, 3534, 3535) 75153.0
(4046, 4047, 4048) 72670.0
(7656, 7657, 7658) 56275.0
(3737, 3738, 3739) 83650.0
(284, 285, 286) 74362.0
(8598, 8599, 8600) 74521.0
(7914, 7915, 7916) 75414.0
(4473, 4474, 4475) 66764.0
(8584, 8585, 8586) 67339.0
(4708, 4709, 4710) 57296.0
(3810, 3811, 3812) 66540.0
(7697, 7698, 7699) 61747.0
(1175, 1176, 1177) 73694.0
(49, 50, 51) 69948.0
(5361, 5362, 5363) 64321.0
(8283, 8284, 8285) 57880.0
(5270, 5271, 5272) 77309.0
(5377, 5378, 5379) 67334.0
(9549, 9550, 9551) 69009.0
(2140, 2141, 2142) 59553.0
(5801, 5802, 5803) 56548.0
(5544, 5545, 5546) 56056.0
(5201, 5202, 5203) 51590.0
(8881, 8882, 8883) 47992.0
(1671, 1672, 1673) 60236.0
(1309, 1310, 1311) 66162.0
(6142, 6143, 6144) 61614.0
(5892, 5893, 5894) 59480.0
(3495, 3496, 3497) 64163.0
(6289, 6290, 6291) 69769.0
(1318, 1319, 1320) 68389.0
(8304, 8305, 8306) 73106.0
(7938, 7939, 7940) 70055.0
(9650, 9651, 9652) 72451.0
(8960, 8961, 8962) 74681.0
(5074, 5075, 5076) 62378.0
(2193, 2194, 2195) 44086.0
(1159, 1160, 1161) 69001.0
(7331, 7332, 7333) 52275.0
(9239, 9240, 9241) 61488.0
(9112, 9113, 9114) 64125.0
(1750, 1751, 1752) 90090.0
(9619, 9620, 9621) 53855.0
(8489, 8490, 8491) 85166.0
(9104, 9105, 9106) 74957.0
(4242, 4243, 4244) 54025.0
(9340, 9341, 9342) 78481.0
(9172, 9173, 9174) 79335.0
(6160, 6161, 6162) 78433.0
(7990, 7991, 7992) 71421.0
(9795, 9796, 9797) 61343.0
(7876, 7877, 7878) 70462.0
(112, 113, 114) 69107.0
(4039, 4040, 4041) 63319.0
(1270, 1271, 1272) 81324.0
(3604, 3605, 3606) 74255.0
(1959, 1960, 1961) 80834.0
(8331, 8332, 8333) 79362.0
(2215, 2216, 2217) 69435.0
(9937, 9938, 9939) 66566.0
(4853, 4854, 4855) 59578.0
(5588, 5589, 5590) 78250.0
(9517, 9518, 9519) 86079.0
(9671, 9672, 9673) 54384.0
(598, 599, 600) 79852.0
(5686, 5687, 5688) 82909.0
(166, 167, 168) 85671.0
(7840, 7841, 7842) 55867.0
(6987, 6988, 6989) 70565.0
(5734, 5735, 5736) 54305.0
(8452, 8453, 8454) 49176.0
(5351, 5352, 5353) 80797.0
(6865, 6866, 6867) 72857.0
(3187, 3188, 3189) 56357.0
(5457, 5458, 5459) 62580.0
(3722, 3723, 3724) 74836.0
(5085, 5086, 5087) 59560.0
(5752, 5753, 5754) 81119.0
(1662, 1663, 1664) 72357.0
(5846, 5847, 5848) 71508.0
(744, 745, 746) 70958.0
(6107, 6108, 6109) 65282.0
(5475, 5476, 5477) 60428.0
(3833, 3834, 3835) 81388.0
(223, 224, 225) 76272.0
(672, 673, 674) 73080.0
(3177, 3178, 3179) 74504.0
(2924, 2925, 2926) 70388.0
(8312, 8313, 8314) 63436.0
(8984, 8985, 8986) 68659.0
(833, 834, 835) 68307.0
(7413, 7414, 7415) 66881.0
(2989, 2990, 2991) 53781.0
(5349, 5350, 5351) 65598.0
(1996, 1997, 1998) 76447.0
(1957, 1958, 1959) 76678.0
(5560, 5561, 5562) 65481.0
(1447, 1448, 1449) 56190.0
(7605, 7606, 7607) 51905.0
(1369, 1370, 1371) 63690.0
(8243, 8244, 8245) 45439.0
(8205, 8206, 8207) 64245.0
(3641, 3642, 3643) 77906.0
(6435, 6436, 6437) 55299.0
(1767, 1768, 1769) 79779.0
(3349, 3350, 3351) 89002.0
(3196, 3197, 3198) 68143.0
(2313, 2314, 2315) 74573.0
(4498, 4499, 4500) 92341.0
(4210, 4211, 4212) 69812.0
(87, 88, 89) 60885.0
(4741, 4742, 4743) 67593.0
(2890, 2891, 2892) 65972.0
(5058, 5059, 5060) 50021.0
(4314, 4315, 4316) 63298.0
(5173, 5174, 5175) 62065.0
(419, 420, 421) 80123.0
(8254, 8255, 8256) 58085.0
(1478, 1479, 1480) 61618.0
(632, 633, 634) 63033.0
(287, 288, 289) 66641.0
(5225, 5226, 5227) 54885.0
(8202, 8203, 8204) 69992.0
(4734, 4735, 4736) 50918.0
(1525, 1526, 1527) 62277.0
(2732, 2733, 2734) 62106.0
(1958, 1959, 1960) 86296.0
(761, 762, 763) 72193.0
(3742, 3743, 3744) 55835.0
(8177, 8178, 8179) 64891.0
(8975, 8976, 8977) 88588.0
(1985, 1986, 1987) 76479.0
(2235, 2236, 2237) 62501.0
(244, 245, 246) 70124.0
(2721, 2722, 2723) 65271.0
(7590, 7591, 7592) 86403.0
(2339, 2340, 2341) 68898.0
(7082, 7083, 7084) 57315.0
(2728, 2729, 2730) 54471.0
(1772, 1773, 1774) 73865.0
(9362, 9363, 9364) 56396.0
(4670, 4671, 4672) 66520.0
(2927, 2928, 2929) 55167.0
(6236, 6237, 6238) 89647.0
(4909, 4910, 4911) 53962.0
(8531, 8532, 8533) 58851.0
(8486, 8487, 8488) 50578.0
(4750, 4751, 4752) 73945.0
(4151, 4152, 4153) 57004.0
(8052, 8053, 8054) 56821.0
(2956, 2957, 2958) 59151.0
(669, 670, 671) 81298.0
(3788, 3789, 3790) 63999.0
(9422, 9423, 9424) 74698.0
(5992, 5993, 5994) 73845.0
(7670, 7671, 7672) 72984.0
(3397, 3398, 3399) 50970.0
(9671, 9672, 9673) 54384.0
(482, 483, 484) 72060.0
(294, 295, 296) 83766.0
(6313, 6314, 6315) 86873.0
(7840, 7841, 7842) 55867.0
(2984, 2985, 2986) 62946.0
(76, 77, 78) 67931.0
(6929, 6930, 6931) 59864.0
(7610, 7611, 7612) 74507.0
(1077, 1078, 1079) 62959.0
(3436, 3437, 3438) 66803.0
(1042, 1043, 1044) 72758.0
(4883, 4884, 4885) 63647.0
(5815, 5816, 5817) 50994.0
(492, 493, 494) 64680.0
(658, 659, 660) 103972.0
(2782, 2783, 2784) 73265.0
(8589, 8590, 8591) 73343.0
(3812, 3813, 3814) 68969.0
(4136, 4137, 4138) 55173.0
(2681, 2682, 2683) 64168.0
(6992, 6993, 6994) 74350.0
(2156, 2157, 2158) 58295.0
(7460, 7461, 7462) 54386.0
(2671, 2672, 2673) 71079.0
(5412, 5413, 5414) 74877.0
(886, 887, 888) 66663.0
(223, 224, 225) 76272.0
(18, 19, 20) 69158.0
(955, 956, 957) 79134.0
(2028, 2029, 2030) 62227.0
(2909, 2910, 2911) 93351.0
(2383, 2384, 2385) 75636.0
(7428, 7429, 7430) 75566.0
(1295, 1296, 1297) 56147.0
(330, 331, 332) 56443.0
(4094, 4095, 4096) 55483.0
(5382, 5383, 5384) 81431.0
(4951, 4952, 4953) 81223.0
(9082, 9083, 9084) 63147.0
(1505, 1506, 1507) 70306.0
(8054, 8055, 8056) 58346.0
(2906, 2907, 2908) 67684.0
(2686, 2687, 2688) 72571.0
(4346, 4347, 4348) 74262.0
(5331, 5332, 5333) 68483.0
(7112, 7113, 7114) 58056.0
(5859, 5860, 5861) 75782.0
(8563, 8564, 8565) 60640.0
(2308, 2309, 2310) 79372.0
(2139, 2140, 2141) 72707.0
(9770, 9771, 9772) 71749.0
(2112, 2113, 2114) 73482.0
(4216, 4217, 4218) 59502.0
(9074, 9075, 9076) 72067.0
(3737, 3738, 3739) 83650.0
(2213, 2214, 2215) 60059.0
(2775, 2776, 2777) 72709.0
(3398, 3399, 3400) 73742.0
(5306, 5307, 5308) 74105.0
(5940, 5941, 5942) 72814.0
(2965, 2966, 2967) 61993.0
(1367, 1368, 1369) 68821.0
(5025, 5026, 5027) 73374.0
(2672, 2673, 2674) 64134.0
(7796, 7797, 7798) 58405.0
(6805, 6806, 6807) 65099.0
(4324, 4325, 4326) 77258.0
(6249, 6250, 6251) 62916.0
(4177, 4178, 4179) 67672.0
(1620, 1621, 1622) 70884.0
(5249, 5250, 5251) 58569.0
(9674, 9675, 9676) 69465.0
(9483, 9484, 9485) 62461.0
(2642, 2643, 2644) 73702.0
(8536, 8537, 8538) 63788.0
(6368, 6369, 6370) 96403.0
(8753, 8754, 8755) 52991.0
(8105, 8106, 8107) 55510.0
(4993, 4994, 4995) 68801.0
(2092, 2093, 2094) 59327.0
(3086, 3087, 3088) 51686.0
(7053, 7054, 7055) 58770.0
(7353, 7354, 7355) 58814.0
(1622, 1623, 1624) 64146.0
(5109, 5110, 5111) 67589.0
(117, 118, 119) 66921.0
(745, 746, 747) 81447.0
(9333, 9334, 9335) 71599.0
(7666, 7667, 7668) 63427.0
(8761, 8762, 8763) 73248.0
(5778, 5779, 5780) 44455.0
(613, 614, 615) 67878.0
(8008, 8009, 8010) 97122.0
(7574, 7575, 7576) 62005.0
(1773, 1774, 1775) 62690.0
(8351, 8352, 8353) 64670.0
(7356, 7357, 7358) 62260.0
(6616, 6617, 6618) 63537.0
(3264, 3265, 3266) 87964.0
(6853, 6854, 6855) 76195.0
(2265, 2266, 2267) 47802.0
(3255, 3256, 3257) 62108.0
(582, 583, 584) 74058.0
(5067, 5068, 5069) 77517.0
(8673, 8674, 8675) 53994.0
(1981, 1982, 1983) 78157.0
(6571, 6572, 6573) 56544.0
(4865, 4866, 4867) 67991.0
(2052, 2053, 2054) 53565.0
(3223, 3224, 3225) 73356.0
(2519, 2520, 2521) 64700.0
(525, 526, 527) 62966.0
(9186, 9187, 9188) 89489.0
(4626, 4627, 4628) 69657.0
(1462, 1463, 1464) 60792.0
(9260, 9261, 9262) 70180.0
(800, 801, 802) 65031.0
(1082, 1083, 1084) 71279.0
(5576, 5577, 5578) 72888.0
(979, 980, 981) 77256.0
(7833, 7834, 7835) 81858.0
(4263, 4264, 4265) 47658.0
(5285, 5286, 5287) 75897.0
(4934, 4935, 4936) 100535.0
(2370, 2371, 2372) 54679.0
(4698, 4699, 4700) 94727.0
(4836, 4837, 4838) 85725.0
(4547, 4548, 4549) 59292.0
(5776, 5777, 5778) 79835.0
(2413, 2414, 2415) 51760.0
(2180, 2181, 2182) 50946.0
(8263, 8264, 8265) 76788.0
(315, 316, 317) 82480.0
(1586, 1587, 1588) 65596.0
(7639, 7640, 7641) 79010.0
(4883, 4884, 4885) 63647.0
(6598, 6599, 6600) 63068.0
(9663, 9664, 9665) 56597.0
(2086, 2087, 2088) 78313.0
(9130, 9131, 9132) 82376.0
(5914, 5915, 5916) 66625.0
(9181, 9182, 9183) 102296.0
(5938, 5939, 5940) 81471.0
(7287, 7288, 7289) 87567.0
(2078, 2079, 2080) 51438.0
(8167, 8168, 8169) 75078.0
(5805, 5806, 5807) 54583.0
(544, 545, 546) 79406.0
(1627, 1628, 1629) 57039.0
(1139, 1140, 1141) 57562.0
(8915, 8916, 8917) 60431.0
(3497, 3498, 3499) 83178.0
(3500, 3501, 3502) 51152.0
(6346, 6347, 6348) 56078.0
(1994, 1995, 1996) 65261.0
(2818, 2819, 2820) 57797.0
(2754, 2755, 2756) 64637.0
(2523, 2524, 2525) 56100.0
(8621, 8622, 8623) 69588.0
(1048, 1049, 1050) 69301.0
(940, 941, 942) 67948.0
(9574, 9575, 9576) 66570.0
(9244, 9245, 9246) 53752.0
(4324, 4325, 4326) 77258.0
(2754, 2755, 2756) 64637.0
(3342, 3343, 3344) 72606.0
(6048, 6049, 6050) 71268.0
(6940, 6941, 6942) 79040.0
(2836, 2837, 2838) 66790.0
(3257, 3258, 3259) 41839.0
(6966, 6967, 6968) 81536.0
(2393, 2394, 2395) 71582.0
(8602, 8603, 8604) 50986.0
(2149, 2150, 2151) 73155.0
(4761, 4762, 4763) 67461.0
(5351, 5352, 5353) 80797.0
(7532, 7533, 7534) 75151.0
(6150, 6151, 6152) 82206.0
(7804, 7805, 7806) 67593.0
(7063, 7064, 7065) 71980.0
(8506, 8507, 8508) 52529.0
(8885, 8886, 8887) 61676.0
(1083, 1084, 1085) 62312.0
(3844, 3845, 3846) 55140.0
(4653, 4654, 4655) 56139.0
(8476, 8477, 8478) 88063.0
(1316, 1317, 1318) 59141.0
(415, 416, 417) 66097.0
(5627, 5628, 5629) 68802.0
(1022, 1023, 1024) 59188.0
(6746, 6747, 6748) 57531.0
(9148, 9149, 9150) 85444.0
(3021, 3022, 3023) 69968.0
(9128, 9129, 9130) 85795.0
(6605, 6606, 6607) 73594.0
