(3922, 3923, 3924) 68743.0
(479, 480, 481) 58435.0
(8767, 8768, 8769) 53149.0
(4540, 4541, 4542) 51112.0
(2112, 2113, 2114) 73843.0
(2110, 2111, 2112) 80107.0
(9251, 9252, 9253) 72000.0
(5312, 5313, 5314) 85310.0
(2887, 2888, 2889) 80138.0
(9302, 9303, 9304) 64575.0
(9612, 9613, 9614) 69956.0
(4590, 4591, 4592) 66528.0
(8146, 8147, 8148) 73053.0
(1290, 1291, 1292) 62994.0
(2722, 2723, 2724) 68329.0
(6233, 6234, 6235) 83204.0
(8423, 8424, 8425) 73497.0
(9296, 9297, 9298) 64839.0
(3457, 3458, 3459) 56361.0
(6791, 6792, 6793) 77725.0
(8143, 8144, 8145) 82999.0
(5536, 5537, 5538) 58376.0
(6500, 6501, 6502) 65600.0
(2671, 2672, 2673) 72810.0
(8414, 8415, 8416) 61665.0
(2037, 2038, 2039) 74854.0
(8582, 8583, 8584) 65919.0
(8032, 8033, 8034) 67411.0
(2121, 2122, 2123) 63964.0
(2066, 2067, 2068) 84159.0
(225, 226, 227) 67682.0
(1259, 1260, 1261) 62199.0
(2403, 2404, 2405) 92830.0
(8339, 8340, 8341) 75639.0
(7964, 7965, 7966) 56438.0
(5034, 5035, 5036) 66997.0
(8018, 8019, 8020) 82540.0
(2373, 2374, 2375) 82397.0
(6001, 6002, 6003) 67220.0
(7140, 7141, 7142) 77543.0
(6033, 6034, 6035) 52029.0
(9933, 9934, 9935) 63207.0
(5377, 5378, 5379) 70745.0
(1287, 1288, 1289) 81499.0
(250, 251, 252) 58741.0
(5169, 5170, 5171) 61285.0
(2415, 2416, 2417) 62666.0
(1386, 1387, 1388) 65068.0
(4023, 4024, 4025) 85350.0
(5046, 5047, 5048) 53175.0
(2666, 2667, 2668) 70411.0
(6985, 6986, 6987) 52147.0
(4826, 4827, 4828) 54200.0
(827, 828, 829) 94483.0
(1143, 1144, 1145) 72929.0
(6098, 6099, 6100) 69722.0
(8454, 8455, 8456) 70583.0
(7036, 7037, 7038) 42814.0
(7632, 7633, 7634) 64697.0
(5735, 5736, 5737) 61422.0
(2581, 2582, 2583) 60727.0
(7713, 7714, 7715) 87459.0
(5750, 5751, 5752) 61512.0
(1024, 1025, 1026) 56516.0
(3227, 3228, 3229) 60144.0
(6219, 6220, 6221) 73930.0
(9742, 9743, 9744) 56854.0
(570, 571, 572) 76464.0
(5070, 5071, 5072) 80669.0
(7021, 7022, 7023) 55440.0
(3815, 3816, 3817) 69915.0
(3221, 3222, 3223) 60790.0
(520, 521, 522) 79400.0
(9761, 9762, 9763) 76343.0
(2226, 2227, 2228) 66127.0
(4398, 4399, 4400) 69517.0
(2410, 2411, 2412) 69128.0
(623, 624, 625) 53702.0
(9338, 9339, 9340) 72196.0
(5048, 5049, 5050) 72544.0
(8518, 8519, 8520) 68396.0
(5096, 5097, 5098) 56134.0
(3037, 3038, 3039) 71371.0
(9302, 9303, 9304) 64575.0
(4075, 4076, 4077) 73782.0
(9493, 9494, 9495) 81986.0
(7218, 7219, 7220) 84665.0
(9873, 9874, 9875) 73675.0
(1630, 1631, 1632) 74238.0
(5696, 5697, 5698) 77680.0
(7910, 7911, 7912) 90773.0
(5721, 5722, 5723) 68632.0
(2819, 2820, 2821) 61152.0
(7248, 7249, 7250) 72752.0
(5802, 5803, 5804) 78755.0
(5970, 5971, 5972) 77123.0
(5560, 5561, 5562) 66708.0
(539, 540, 541) 72541.0
(4148, 4149, 4150) 72845.0
(2731, 2732, 2733) 92372.0
(7729, 7730, 7731) 87821.0
(442, 443, 444) 84470.0
(5201, 5202, 5203) 53679.0
(8784, 8785, 8786) 53067.0
(5814, 5815, 5816) 73120.0
(9346, 9347, 9348) 86789.0
(4882, 4883, 4884) 67909.0
(8757, 8758, 8759) 55290.0
(3882, 3883, 3884) 97816.0
(6234, 6235, 6236) 52263.0
(423, 424, 425) 78258.0
(5104, 5105, 5106) 72120.0
(494, 495, 496) 74495.0
(2199, 2200, 2201) 65559.0
(1084, 1085, 1086) 56113.0
(630, 631, 632) 50947.0
(6744, 6745, 6746) 81159.0
(3694, 3695, 3696) 63448.0
(9485, 9486, 9487) 74421.0
(830, 831, 832) 69497.0
(6842, 6843, 6844) 65605.0
(3515, 3516, 3517) 58458.0
(1602, 1603, 1604) 108887.0
(2248, 2249, 2250) 70039.0
(1698, 1699, 1700) 69105.0
(7551, 7552, 7553) 73817.0
(9419, 9420, 9421) 82803.0
(2393, 2394, 2395) 72297.0
(2572, 2573, 2574) 73863.0
(8228, 8229, 8230) 81620.0
(6475, 6476, 6477) 79981.0
(9379, 9380, 9381) 81008.0
(7836, 7837, 7838) 73225.0
(215, 216, 217) 71474.0
(4506, 4507, 4508) 65774.0
(230, 231, 232) 93109.0
(8554, 8555, 8556) 72395.0
(8045, 8046, 8047) 52079.0
(9675, 9676, 9677) 72966.0
(6333, 6334, 6335) 78678.0
(1440, 1441, 1442) 80034.0
(635, 636, 637) 62905.0
(6886, 6887, 6888) 61181.0
(6743, 6744, 6745) 76790.0
(6303, 6304, 6305) 71169.0
(6394, 6395, 6396) 72017.0
(6527, 6528, 6529) 55230.0
(1126, 1127, 1128) 51629.0
(3123, 3124, 3125) 61740.0
(2004, 2005, 2006) 65442.0
(6067, 6068, 6069) 80481.0
(8646, 8647, 8648) 57486.0
(3790, 3791, 3792) 68268.0
(2443, 2444, 2445) 68591.0
(9597, 9598, 9599) 75929.0
(1968, 1969, 1970) 94623.0
(8110, 8111, 8112) 77479.0
(539, 540, 541) 72541.0
(9059, 9060, 9061) 53990.0
(8408, 8409, 8410) 60300.0
(6233, 6234, 6235) 83204.0
(8332, 8333, 8334) 55744.0
(9266, 9267, 9268) 61403.0
(8018, 8019, 8020) 82540.0
(7791, 7792, 7793) 47675.0
(937, 938, 939) 71178.0
(8827, 8828, 8829) 72037.0
(2699, 2700, 2701) 65347.0
(4474, 4475, 4476) 71568.0
(8312, 8313, 8314) 64139.0
(7613, 7614, 7615) 77671.0
(7253, 7254, 7255) 68077.0
(1937, 1938, 1939) 78602.0
(9034, 9035, 9036) 75299.0
(3232, 3233, 3234) 80614.0
(7660, 7661, 7662) 79508.0
(6253, 6254, 6255) 80508.0
(9454, 9455, 9456) 62242.0
(6236, 6237, 6238) 90125.0
(8500, 8501, 8502) 87935.0
(9987, 9988, 9989) 64026.0
(5376, 5377, 5378) 63499.0
(5363, 5364, 5365) 63626.0
(4287, 4288, 4289) 70366.0
(2319, 2320, 2321) 66457.0
(6632, 6633, 6634) 72262.0
(8903, 8904, 8905) 57381.0
(2435, 2436, 2437) 91387.0
(764, 765, 766) 63871.0
(5904, 5905, 5906) 76314.0
(7776, 7777, 7778) 49639.0
(4505, 4506, 4507) 60631.0
(8661, 8662, 8663) 76540.0
(7290, 7291, 7292) 74485.0
(839, 840, 841) 68084.0
(6246, 6247, 6248) 67004.0
(9347, 9348, 9349) 69101.0
(6288, 6289, 6290) 63583.0
(304, 305, 306) 60495.0
(1416, 1417, 1418) 70191.0
(498, 499, 500) 77025.0
