(5241, 5242, 5243) 65955.0
(3856, 3857, 3858) 69201.0
(4555, 4556, 4557) 71801.0
(1655, 1656, 1657) 74047.0
(1601, 1602, 1603) 93398.0
(5475, 5476, 5477) 59907.0
(3246, 3247, 3248) 75052.0
(4651, 4652, 4653) 65032.0
(3549, 3550, 3551) 58132.0
(3299, 3300, 3301) 53104.0
(194, 195, 196) 53065.0
(7795, 7796, 7797) 54623.0
(3233, 3234, 3235) 70140.0
(6590, 6591, 6592) 81285.0
(3101, 3102, 3103) 62311.0
(4225, 4226, 4227) 74117.0
(5093, 5094, 5095) 55655.0
(7969, 7970, 7971) 53668.0
(5873, 5874, 5875) 60388.0
(8334, 8335, 8336) 61365.0
(9418, 9419, 9420) 69762.0
(574, 575, 576) 78684.0
(5267, 5268, 5269) 64144.0
(6556, 6557, 6558) 67601.0
(6025, 6026, 6027) 67725.0
(4193, 4194, 4195) 78834.0
(1500, 1501, 1502) 63981.0
(3848, 3849, 3850) 74122.0
(7455, 7456, 7457) 81765.0
(5863, 5864, 5865) 78189.0
(8950, 8951, 8952) 83876.0
(6192, 6193, 6194) 74486.0
(9585, 9586, 9587) 84799.0
(2487, 2488, 2489) 93458.0
(3819, 3820, 3821) 68443.0
(3286, 3287, 3288) 60017.0
(8656, 8657, 8658) 72214.0
(5262, 5263, 5264) 64795.0
(1543, 1544, 1545) 73442.0
(1859, 1860, 1861) 60592.0
(4719, 4720, 4721) 61867.0
(135, 136, 137) 74118.0
(3653, 3654, 3655) 62636.0
(1595, 1596, 1597) 78507.0
(5983, 5984, 5985) 75935.0
(2721, 2722, 2723) 67664.0
(9481, 9482, 9483) 66637.0
(7666, 7667, 7668) 65361.0
(4348, 4349, 4350) 67296.0
(4459, 4460, 4461) 63528.0
(7161, 7162, 7163) 70764.0
(2550, 2551, 2552) 78339.0
(1817, 1818, 1819) 71399.0
(4280, 4281, 4282) 52653.0
(8484, 8485, 8486) 71093.0
(9731, 9732, 9733) 66133.0
(9506, 9507, 9508) 65527.0
(2671, 2672, 2673) 74809.0
(8459, 8460, 8461) 81302.0
(7873, 7874, 7875) 60169.0
(681, 682, 683) 74850.0
(7692, 7693, 7694) 81414.0
(2, 3, 4) 51819.0
(8467, 8468, 8469) 67220.0
(6772, 6773, 6774) 72646.0
(2823, 2824, 2825) 59483.0
(3120, 3121, 3122) 80159.0
(9808, 9809, 9810) 81397.0
(1460, 1461, 1462) 55514.0
(846, 847, 848) 96147.0
(13, 14, 15) 79624.0
(9519, 9520, 9521) 67123.0
(1862, 1863, 1864) 63340.0
(9743, 9744, 9745) 73326.0
(1122, 1123, 1124) 72395.0
(3405, 3406, 3407) 47078.0
(9064, 9065, 9066) 79676.0
(4716, 4717, 4718) 64003.0
(3995, 3996, 3997) 71311.0
(8841, 8842, 8843) 66934.0
(3877, 3878, 3879) 66327.0
(303, 304, 305) 75932.0
(115, 116, 117) 121235.0
(703, 704, 705) 84328.0
(7205, 7206, 7207) 85882.0
(7533, 7534, 7535) 78318.0
(3719, 3720, 3721) 84821.0
(7889, 7890, 7891) 58234.0
(814, 815, 816) 76911.0
(3704, 3705, 3706) 68299.0
(2674, 2675, 2676) 73825.0
(7543, 7544, 7545) 76357.0
(9088, 9089, 9090) 53793.0
(9754, 9755, 9756) 79200.0
(7091, 7092, 7093) 75881.0
(4377, 4378, 4379) 81834.0
(3480, 3481, 3482) 80996.0
(4235, 4236, 4237) 83572.0
(9056, 9057, 9058) 55319.0
(4445, 4446, 4447) 61203.0
(1099, 1100, 1101) 64251.0
(3060, 3061, 3062) 67014.0
(5972, 5973, 5974) 84798.0
(3194, 3195, 3196) 65217.0
(8616, 8617, 8618) 69901.0
(6992, 6993, 6994) 76906.0
(2328, 2329, 2330) 56191.0
(1333, 1334, 1335) 79444.0
(6086, 6087, 6088) 76587.0
(7361, 7362, 7363) 71470.0
(5619, 5620, 5621) 58939.0
(1480, 1481, 1482) 54650.0
(382, 383, 384) 72728.0
(7036, 7037, 7038) 44612.0
(7219, 7220, 7221) 80681.0
(3762, 3763, 3764) 69848.0
(3842, 3843, 3844) 58119.0
(8835, 8836, 8837) 59901.0
(4307, 4308, 4309) 78558.0
(8590, 8591, 8592) 52627.0
(3559, 3560, 3561) 63230.0
(846, 847, 848) 96147.0
(1811, 1812, 1813) 86178.0
(8012, 8013, 8014) 78679.0
(3620, 3621, 3622) 91213.0
(7720, 7721, 7722) 84129.0
(2453, 2454, 2455) 78928.0
(8517, 8518, 8519) 70399.0
(3754, 3755, 3756) 93914.0
(6063, 6064, 6065) 70523.0
(1075, 1076, 1077) 67687.0
(2564, 2565, 2566) 75343.0
(984, 985, 986) 66129.0
(2152, 2153, 2154) 72242.0
(4473, 4474, 4475) 71369.0
(1771, 1772, 1773) 64559.0
(2304, 2305, 2306) 54752.0
(7207, 7208, 7209) 70518.0
(2406, 2407, 2408) 87510.0
(2550, 2551, 2552) 78339.0
(5957, 5958, 5959) 70734.0
(722, 723, 724) 70640.0
(9485, 9486, 9487) 78092.0
(5417, 5418, 5419) 63798.0
(4475, 4476, 4477) 84551.0
(3915, 3916, 3917) 74965.0
(6074, 6075, 6076) 66591.0
(8747, 8748, 8749) 62269.0
(372, 373, 374) 64942.0
(3583, 3584, 3585) 69384.0
(8180, 8181, 8182) 79909.0
(8979, 8980, 8981) 100638.0
(5214, 5215, 5216) 73530.0
(3103, 3104, 3105) 67670.0
(7005, 7006, 7007) 87287.0
(8187, 8188, 8189) 61904.0
(2212, 2213, 2214) 80847.0
(5535, 5536, 5537) 53828.0
(3132, 3133, 3134) 67239.0
(4139, 4140, 4141) 70768.0
(4556, 4557, 4558) 74885.0
(2142, 2143, 2144) 69620.0
(2031, 2032, 2033) 59145.0
(6504, 6505, 6506) 70645.0
(4711, 4712, 4713) 82829.0
(5126, 5127, 5128) 71856.0
(7136, 7137, 7138) 55571.0
(8837, 8838, 8839) 87515.0
(1211, 1212, 1213) 80838.0
(9782, 9783, 9784) 79920.0
(2577, 2578, 2579) 69348.0
(4467, 4468, 4469) 83467.0
(1278, 1279, 1280) 75323.0
(7440, 7441, 7442) 50486.0
(9154, 9155, 9156) 58103.0
(6739, 6740, 6741) 56593.0
(490, 491, 492) 51562.0
(7931, 7932, 7933) 77512.0
(1500, 1501, 1502) 63981.0
(3492, 3493, 3494) 58635.0
(1752, 1753, 1754) 79388.0
(6247, 6248, 6249) 99009.0
(1404, 1405, 1406) 77660.0
(36, 37, 38) 78328.0
(7990, 7991, 7992) 74299.0
(36, 37, 38) 78328.0
(6912, 6913, 6914) 98222.0
(9366, 9367, 9368) 74033.0
(1622, 1623, 1624) 66630.0
(1670, 1671, 1672) 59626.0
(3709, 3710, 3711) 39788.0
(2020, 2021, 2022) 64595.0
(2273, 2274, 2275) 67233.0
(6062, 6063, 6064) 54172.0
(984, 985, 986) 66129.0
(2301, 2302, 2303) 91379.0
(9180, 9181, 9182) 71036.0
(3497, 3498, 3499) 84906.0
(4085, 4086, 4087) 95021.0
(1333, 1334, 1335) 79444.0
(130, 131, 132) 88808.0
