(1416, 1417, 1418) 72996.0
(252, 253, 254) 66364.0
(2817, 2818, 2819) 71067.0
(3384, 3385, 3386) 84197.0
(7315, 7316, 7317) 63454.0
(7061, 7062, 7063) 84661.0
(1210, 1211, 1212) 87795.0
(9590, 9591, 9592) 76543.0
(865, 866, 867) 70203.0
(5656, 5657, 5658) 76618.0
(893, 894, 895) 66327.0
(1724, 1725, 1726) 85721.0
(1832, 1833, 1834) 71349.0
(3883, 3884, 3885) 56010.0
(4471, 4472, 4473) 68034.0
(5137, 5138, 5139) 75552.0
(1815, 1816, 1817) 106230.0
(7054, 7055, 7056) 62859.0
(6068, 6069, 6070) 67049.0
(6625, 6626, 6627) 85366.0
(1432, 1433, 1434) 59527.0
(7992, 7993, 7994) 89796.0
(7923, 7924, 7925) 92483.0
(1324, 1325, 1326) 67501.0
(1112, 1113, 1114) 94198.0
(7724, 7725, 7726) 71368.0
(8425, 8426, 8427) 82017.0
(9034, 9035, 9036) 78272.0
(1144, 1145, 1146) 79025.0
(9247, 9248, 9249) 68570.0
(9632, 9633, 9634) 91522.0
(512, 513, 514) 63063.0
(163, 164, 165) 71036.0
(2240, 2241, 2242) 69012.0
(154, 155, 156) 111785.0
(2164, 2165, 2166) 68653.0
(898, 899, 900) 74836.0
(5435, 5436, 5437) 75582.0
(1399, 1400, 1401) 70374.0
(6074, 6075, 6076) 67140.0
(5316, 5317, 5318) 76655.0
(30, 31, 32) 65396.0
(4949, 4950, 4951) 61200.0
(4925, 4926, 4927) 56137.0
(7910, 7911, 7912) 93933.0
(5615, 5616, 5617) 71522.0
(8027, 8028, 8029) 67181.0
(9009, 9010, 9011) 63351.0
(2387, 2388, 2389) 73561.0
(3480, 3481, 3482) 81755.0
(8680, 8681, 8682) 69013.0
(3304, 3305, 3306) 63035.0
(7832, 7833, 7834) 74260.0
(3312, 3313, 3314) 106751.0
(367, 368, 369) 85163.0
(2949, 2950, 2951) 66683.0
(7529, 7530, 7531) 85091.0
(5012, 5013, 5014) 90491.0
(3132, 3133, 3134) 68514.0
(7714, 7715, 7716) 71776.0
(9193, 9194, 9195) 75177.0
(9823, 9824, 9825) 81496.0
(8850, 8851, 8852) 49316.0
(4922, 4923, 4924) 79049.0
(4674, 4675, 4676) 62021.0
(6455, 6456, 6457) 75039.0
(7014, 7015, 7016) 84663.0
(8929, 8930, 8931) 95454.0
(5743, 5744, 5745) 66957.0
(9689, 9690, 9691) 90916.0
(8183, 8184, 8185) 63664.0
(9883, 9884, 9885) 54581.0
(7974, 7975, 7976) 69484.0
(3983, 3984, 3985) 65165.0
(7720, 7721, 7722) 85727.0
(3998, 3999, 4000) 96336.0
(7375, 7376, 7377) 74017.0
(9000, 9001, 9002) 82063.0
(9738, 9739, 9740) 84798.0
(9884, 9885, 9886) 71219.0
(1217, 1218, 1219) 76069.0
(2205, 2206, 2207) 86402.0
(8823, 8824, 8825) 77612.0
(8418, 8419, 8420) 79103.0
(2697, 2698, 2699) 104084.0
(9222, 9223, 9224) 108214.0
(8546, 8547, 8548) 81988.0
(4538, 4539, 4540) 64940.0
(4651, 4652, 4653) 70076.0
(1960, 1961, 1962) 66904.0
(1572, 1573, 1574) 50797.0
(3848, 3849, 3850) 73799.0
(8315, 8316, 8317) 84705.0
(9814, 9815, 9816) 83032.0
(6751, 6752, 6753) 82437.0
(6649, 6650, 6651) 81512.0
(9273, 9274, 9275) 89481.0
(7664, 7665, 7666) 75833.0
(8574, 8575, 8576) 52652.0
(4882, 4883, 4884) 69739.0
(9096, 9097, 9098) 76745.0
(2047, 2048, 2049) 66026.0
(5077, 5078, 5079) 87437.0
(7752, 7753, 7754) 71007.0
(9571, 9572, 9573) 75264.0
(6210, 6211, 6212) 90007.0
(7463, 7464, 7465) 64362.0
(9803, 9804, 9805) 82181.0
(9213, 9214, 9215) 72665.0
(9086, 9087, 9088) 83805.0
(1842, 1843, 1844) 58268.0
(931, 932, 933) 69918.0
(6754, 6755, 6756) 72400.0
(365, 366, 367) 69974.0
(6819, 6820, 6821) 61990.0
(4805, 4806, 4807) 67597.0
(1241, 1242, 1243) 79893.0
(1681, 1682, 1683) 71359.0
(1037, 1038, 1039) 61382.0
(4353, 4354, 4355) 58010.0
(4062, 4063, 4064) 61221.0
(341, 342, 343) 73261.0
(9921, 9922, 9923) 59599.0
(6450, 6451, 6452) 69316.0
(8411, 8412, 8413) 65550.0
(7746, 7747, 7748) 70748.0
(5173, 5174, 5175) 66821.0
(2303, 2304, 2305) 65188.0
(741, 742, 743) 61406.0
(7290, 7291, 7292) 79282.0
(4720, 4721, 4722) 68076.0
(840, 841, 842) 84289.0
(1675, 1676, 1677) 80927.0
(9174, 9175, 9176) 77593.0
(5931, 5932, 5933) 74697.0
(6660, 6661, 6662) 75325.0
(9601, 9602, 9603) 78174.0
(4179, 4180, 4181) 99957.0
(9342, 9343, 9344) 67529.0
(6555, 6556, 6557) 73978.0
(128, 129, 130) 72274.0
(6153, 6154, 6155) 77580.0
(2076, 2077, 2078) 54649.0
(240, 241, 242) 57408.0
(6352, 6353, 6354) 64605.0
(2545, 2546, 2547) 75622.0
(4957, 4958, 4959) 89480.0
(7607, 7608, 7609) 83302.0
(9259, 9260, 9261) 79113.0
(9292, 9293, 9294) 66406.0
(133, 134, 135) 60529.0
(4703, 4704, 4705) 71479.0
(1831, 1832, 1833) 58253.0
(9143, 9144, 9145) 70996.0
(738, 739, 740) 59066.0
(3196, 3197, 3198) 74796.0
(515, 516, 517) 90764.0
(3603, 3604, 3605) 64566.0
(7053, 7054, 7055) 68962.0
(6925, 6926, 6927) 71285.0
(3775, 3776, 3777) 75999.0
(5045, 5046, 5047) 95310.0
(2758, 2759, 2760) 87103.0
(796, 797, 798) 78825.0
(4260, 4261, 4262) 68823.0
(3389, 3390, 3391) 78075.0
(431, 432, 433) 66276.0
(4258, 4259, 4260) 69431.0
(6234, 6235, 6236) 60871.0
(4866, 4867, 4868) 70372.0
(1671, 1672, 1673) 62280.0
(6639, 6640, 6641) 65963.0
(5021, 5022, 5023) 63460.0
(6738, 6739, 6740) 92663.0
(6072, 6073, 6074) 66366.0
(6349, 6350, 6351) 61980.0
(9524, 9525, 9526) 68725.0
(5585, 5586, 5587) 92070.0
(1966, 1967, 1968) 71551.0
(2004, 2005, 2006) 68268.0
(3089, 3090, 3091) 94242.0
(5901, 5902, 5903) 73615.0
(8912, 8913, 8914) 74255.0
(5015, 5016, 5017) 66862.0
(329, 330, 331) 101244.0
(1313, 1314, 1315) 63596.0
(6619, 6620, 6621) 77387.0
(1148, 1149, 1150) 85182.0
(15, 16, 17) 58858.0
(7198, 7199, 7200) 78426.0
(6228, 6229, 6230) 83201.0
(7270, 7271, 7272) 47297.0
(1155, 1156, 1157) 73771.0
(4433, 4434, 4435) 64342.0
(6794, 6795, 6796) 84615.0
(5618, 5619, 5620) 55189.0
(2311, 2312, 2313) 63033.0
(748, 749, 750) 57102.0
(4573, 4574, 4575) 78753.0
(3298, 3299, 3300) 61359.0
(7214, 7215, 7216) 70509.0
