(970, 971, 972) 59979.0
(9771, 9772, 9773) 83960.0
(6701, 6702, 6703) 85293.0
(9281, 9282, 9283) 64934.0
(2782, 2783, 2784) 76532.0
(7728, 7729, 7730) 74355.0
(4454, 4455, 4456) 75819.0
(2022, 2023, 2024) 63088.0
(6179, 6180, 6181) 86339.0
(8621, 8622, 8623) 79676.0
(2923, 2924, 2925) 61971.0
(1539, 1540, 1541) 63993.0
(1515, 1516, 1517) 73296.0
(2038, 2039, 2040) 68465.0
(4940, 4941, 4942) 71542.0
(980, 981, 982) 91379.0
(3679, 3680, 3681) 83289.0
(1297, 1298, 1299) 80617.0
(6042, 6043, 6044) 79390.0
(6294, 6295, 6296) 71702.0
(5962, 5963, 5964) 67471.0
(9656, 9657, 9658) 76433.0
(5639, 5640, 5641) 75921.0
(5124, 5125, 5126) 74533.0
(7635, 7636, 7637) 74788.0
(4492, 4493, 4494) 69319.0
(2188, 2189, 2190) 73419.0
(697, 698, 699) 83202.0
(9471, 9472, 9473) 64719.0
(1455, 1456, 1457) 90255.0
(3013, 3014, 3015) 95357.0
(3510, 3511, 3512) 89927.0
(1575, 1576, 1577) 73049.0
(2566, 2567, 2568) 53961.0
(4404, 4405, 4406) 70747.0
(8391, 8392, 8393) 66010.0
(9928, 9929, 9930) 61444.0
(4352, 4353, 4354) 75581.0
(9842, 9843, 9844) 72615.0
(4293, 4294, 4295) 76130.0
(8820, 8821, 8822) 77499.0
(6803, 6804, 6805) 65142.0
(9764, 9765, 9766) 79150.0
(5258, 5259, 5260) 65521.0
(392, 393, 394) 74602.0
(3388, 3389, 3390) 84410.0
(4237, 4238, 4239) 61069.0
(8514, 8515, 8516) 70651.0
(1728, 1729, 1730) 73440.0
(8938, 8939, 8940) 73682.0
(4988, 4989, 4990) 66346.0
(201, 202, 203) 102952.0
(2801, 2802, 2803) 80309.0
(2176, 2177, 2178) 84442.0
(1933, 1934, 1935) 80740.0
(5931, 5932, 5933) 75798.0
(2562, 2563, 2564) 79718.0
(5378, 5379, 5380) 58779.0
(3873, 3874, 3875) 92514.0
(1155, 1156, 1157) 74623.0
(9897, 9898, 9899) 74013.0
(3353, 3354, 3355) 69012.0
(1602, 1603, 1604) 113167.0
(8562, 8563, 8564) 75608.0
(6529, 6530, 6531) 81681.0
(2214, 2215, 2216) 65659.0
(5664, 5665, 5666) 91898.0
(5357, 5358, 5359) 82804.0
(7204, 7205, 7206) 77997.0
(5173, 5174, 5175) 67447.0
(2603, 2604, 2605) 72055.0
(9882, 9883, 9884) 70049.0
(7250, 7251, 7252) 61466.0
(480, 481, 482) 86992.0
(6579, 6580, 6581) 60060.0
(4494, 4495, 4496) 73974.0
(1577, 1578, 1579) 66379.0
(9121, 9122, 9123) 78714.0
(3329, 3330, 3331) 73338.0
(4651, 4652, 4653) 70646.0
(9234, 9235, 9236) 64653.0
(100, 101, 102) 75393.0
(5991, 5992, 5993) 82704.0
(3869, 3870, 3871) 66035.0
(3735, 3736, 3737) 60798.0
(2756, 2757, 2758) 74741.0
(9287, 9288, 9289) 57131.0
(5132, 5133, 5134) 70533.0
(2941, 2942, 2943) 87680.0
(2878, 2879, 2880) 61368.0
(1338, 1339, 1340) 64776.0
(726, 727, 728) 80083.0
(5166, 5167, 5168) 78815.0
(9258, 9259, 9260) 97953.0
(3195, 3196, 3197) 67757.0
(728, 729, 730) 87549.0
(1989, 1990, 1991) 87465.0
(8712, 8713, 8714) 89039.0
(2696, 2697, 2698) 87069.0
(1584, 1585, 1586) 77422.0
(1637, 1638, 1639) 57224.0
(5327, 5328, 5329) 93405.0
(6615, 6616, 6617) 73285.0
(3229, 3230, 3231) 73795.0
(8040, 8041, 8042) 82267.0
(9382, 9383, 9384) 81179.0
(9974, 9975, 9976) 86132.0
(6875, 6876, 6877) 98608.0
(375, 376, 377) 91830.0
(7325, 7326, 7327) 51520.0
(4785, 4786, 4787) 69328.0
(7794, 7795, 7796) 71400.0
(2149, 2150, 2151) 78800.0
(1925, 1926, 1927) 78019.0
(2939, 2940, 2941) 67336.0
(9146, 9147, 9148) 80951.0
(7612, 7613, 7614) 71780.0
(2641, 2642, 2643) 77081.0
(1408, 1409, 1410) 88603.0
(5476, 5477, 5478) 67646.0
(8752, 8753, 8754) 58108.0
(2005, 2006, 2007) 85619.0
(8382, 8383, 8384) 58405.0
(4372, 4373, 4374) 62289.0
(2916, 2917, 2918) 67549.0
(5307, 5308, 5309) 76275.0
(6218, 6219, 6220) 91056.0
(3329, 3330, 3331) 73338.0
(5876, 5877, 5878) 79670.0
(4763, 4764, 4765) 75415.0
(2863, 2864, 2865) 80859.0
(584, 585, 586) 68458.0
(5149, 5150, 5151) 79788.0
(8982, 8983, 8984) 97908.0
(2948, 2949, 2950) 69995.0
(7608, 7609, 7610) 86707.0
(24, 25, 26) 83155.0
(8903, 8904, 8905) 63776.0
(2669, 2670, 2671) 74375.0
(1487, 1488, 1489) 62279.0
(9952, 9953, 9954) 65897.0
(8265, 8266, 8267) 84745.0
(9384, 9385, 9386) 65576.0
(8753, 8754, 8755) 58620.0
(7846, 7847, 7848) 77853.0
(9282, 9283, 9284) 109241.0
(7534, 7535, 7536) 52693.0
(3215, 3216, 3217) 90466.0
(5152, 5153, 5154) 83537.0
(2322, 2323, 2324) 67348.0
(3382, 3383, 3384) 99256.0
(4104, 4105, 4106) 83564.0
(9739, 9740, 9741) 73408.0
(6420, 6421, 6422) 61130.0
(7052, 7053, 7054) 72577.0
(1190, 1191, 1192) 51243.0
(2989, 2990, 2991) 61686.0
(8807, 8808, 8809) 97153.0
(4302, 4303, 4304) 92898.0
(4204, 4205, 4206) 67117.0
(4853, 4854, 4855) 66882.0
(2087, 2088, 2089) 60636.0
(9886, 9887, 9888) 65462.0
(7793, 7794, 7795) 61786.0
(1646, 1647, 1648) 77434.0
(476, 477, 478) 96825.0
(8681, 8682, 8683) 67375.0
(2592, 2593, 2594) 84351.0
(448, 449, 450) 91185.0
(8403, 8404, 8405) 64940.0
(364, 365, 366) 76959.0
(2268, 2269, 2270) 67614.0
(3237, 3238, 3239) 72897.0
(1349, 1350, 1351) 72051.0
(9305, 9306, 9307) 68381.0
(3186, 3187, 3188) 87102.0
(4758, 4759, 4760) 62637.0
(9908, 9909, 9910) 61397.0
(2733, 2734, 2735) 81012.0
(3147, 3148, 3149) 79042.0
(918, 919, 920) 80993.0
(9274, 9275, 9276) 82645.0
(4011, 4012, 4013) 67079.0
(3017, 3018, 3019) 55249.0
(3750, 3751, 3752) 77169.0
(3527, 3528, 3529) 56394.0
(1466, 1467, 1468) 59772.0
(2681, 2682, 2683) 75695.0
(171, 172, 173) 70012.0
(1145, 1146, 1147) 72875.0
(3023, 3024, 3025) 89850.0
(952, 953, 954) 71256.0
(8689, 8690, 8691) 77121.0
(7408, 7409, 7410) 71432.0
(5848, 5849, 5850) 67485.0
(3790, 3791, 3792) 76773.0
(6780, 6781, 6782) 69208.0
(5477, 5478, 5479) 64576.0
(6938, 6939, 6940) 79084.0
(7759, 7760, 7761) 69206.0
(2402, 2403, 2404) 102869.0
