(4344, 4345, 4346) 71729.0
(5376, 5377, 5378) 67611.0
(1830, 1831, 1832) 85332.0
(346, 347, 348) 93187.0
(9676, 9677, 9678) 78058.0
(3615, 3616, 3617) 73374.0
(134, 135, 136) 69491.0
(258, 259, 260) 100823.0
(998, 999, 1000) 66726.0
(2295, 2296, 2297) 71724.0
(1351, 1352, 1353) 107134.0
(7212, 7213, 7214) 88717.0
(6775, 6776, 6777) 93661.0
(5357, 5358, 5359) 82948.0
(5168, 5169, 5170) 84706.0
(5478, 5479, 5480) 81011.0
(7924, 7925, 7926) 75954.0
(1846, 1847, 1848) 74312.0
(7979, 7980, 7981) 97393.0
(9705, 9706, 9707) 84849.0
(9376, 9377, 9378) 77240.0
(5997, 5998, 5999) 81216.0
(4597, 4598, 4599) 77138.0
(359, 360, 361) 77078.0
(4168, 4169, 4170) 85447.0
(1315, 1316, 1317) 87673.0
(342, 343, 344) 87230.0
(5688, 5689, 5690) 85358.0
(5519, 5520, 5521) 90732.0
(1067, 1068, 1069) 87669.0
(6719, 6720, 6721) 85107.0
(2542, 2543, 2544) 75557.0
(328, 329, 330) 67888.0
(6268, 6269, 6270) 91997.0
(2445, 2446, 2447) 64424.0
(3853, 3854, 3855) 84146.0
(2538, 2539, 2540) 87008.0
(5282, 5283, 5284) 82112.0
(8195, 8196, 8197) 64886.0
(108, 109, 110) 65549.0
(917, 918, 919) 92106.0
(664, 665, 666) 75271.0
(7620, 7621, 7622) 68059.0
(9855, 9856, 9857) 73992.0
(1387, 1388, 1389) 91832.0
(9216, 9217, 9218) 72244.0
(4551, 4552, 4553) 75581.0
(5505, 5506, 5507) 58138.0
(490, 491, 492) 58056.0
(263, 264, 265) 89427.0
(8147, 8148, 8149) 74882.0
(6476, 6477, 6478) 64768.0
(903, 904, 905) 64886.0
(4156, 4157, 4158) 68516.0
(6389, 6390, 6391) 74895.0
(7792, 7793, 7794) 74398.0
(3981, 3982, 3983) 74680.0
(4483, 4484, 4485) 87289.0
(8810, 8811, 8812) 62133.0
(2012, 2013, 2014) 77974.0
(3746, 3747, 3748) 77259.0
(3337, 3338, 3339) 94058.0
(8988, 8989, 8990) 84769.0
(3278, 3279, 3280) 75911.0
(9923, 9924, 9925) 80846.0
(251, 252, 253) 81685.0
(9527, 9528, 9529) 104484.0
(227, 228, 229) 88324.0
(1782, 1783, 1784) 87324.0
(3737, 3738, 3739) 93769.0
(416, 417, 418) 70039.0
(8868, 8869, 8870) 81921.0
(9849, 9850, 9851) 69335.0
(1172, 1173, 1174) 79591.0
(2131, 2132, 2133) 85003.0
(4593, 4594, 4595) 78428.0
(8251, 8252, 8253) 79269.0
(2627, 2628, 2629) 86863.0
(516, 517, 518) 74783.0
(9814, 9815, 9816) 89927.0
(7480, 7481, 7482) 74850.0
(3525, 3526, 3527) 72042.0
(1086, 1087, 1088) 67833.0
(5350, 5351, 5352) 71877.0
(8504, 8505, 8506) 86111.0
(4492, 4493, 4494) 75021.0
(7543, 7544, 7545) 87192.0
(1190, 1191, 1192) 50805.0
(4271, 4272, 4273) 78197.0
(4426, 4427, 4428) 61037.0
(9619, 9620, 9621) 59083.0
(3729, 3730, 3731) 69913.0
(8250, 8251, 8252) 78964.0
(3035, 3036, 3037) 89665.0
(9796, 9797, 9798) 59013.0
(9420, 9421, 9422) 89238.0
(7464, 7465, 7466) 75921.0
(772, 773, 774) 77866.0
(5914, 5915, 5916) 74505.0
(472, 473, 474) 53568.0
(8238, 8239, 8240) 76986.0
(1668, 1669, 1670) 89115.0
(9503, 9504, 9505) 61532.0
(4116, 4117, 4118) 104436.0
(757, 758, 759) 71590.0
(3593, 3594, 3595) 56622.0
(7466, 7467, 7468) 82587.0
(6956, 6957, 6958) 67536.0
(3281, 3282, 3283) 66225.0
(7603, 7604, 7605) 54108.0
(9449, 9450, 9451) 74133.0
(7434, 7435, 7436) 69914.0
(1175, 1176, 1177) 90813.0
(6530, 6531, 6532) 83757.0
(7103, 7104, 7105) 55775.0
(5992, 5993, 5994) 94224.0
(9583, 9584, 9585) 67065.0
(6647, 6648, 6649) 85221.0
(8240, 8241, 8242) 81052.0
(4138, 4139, 4140) 94231.0
(9462, 9463, 9464) 61344.0
(5494, 5495, 5496) 85741.0
(9552, 9553, 9554) 70794.0
(4917, 4918, 4919) 98366.0
(9614, 9615, 9616) 81446.0
(6006, 6007, 6008) 89759.0
(3562, 3563, 3564) 105355.0
(9428, 9429, 9430) 75403.0
(8856, 8857, 8858) 66688.0
(9850, 9851, 9852) 68946.0
(5812, 5813, 5814) 77691.0
(7454, 7455, 7456) 82829.0
(594, 595, 596) 97442.0
(1136, 1137, 1138) 76004.0
(1198, 1199, 1200) 76462.0
(5577, 5578, 5579) 70739.0
(2130, 2131, 2132) 77094.0
(8170, 8171, 8172) 86375.0
(9578, 9579, 9580) 93315.0
(778, 779, 780) 81664.0
(3185, 3186, 3187) 90899.0
(7253, 7254, 7255) 77782.0
(7980, 7981, 7982) 86222.0
(3303, 3304, 3305) 80091.0
(2395, 2396, 2397) 74883.0
(9008, 9009, 9010) 78670.0
(5665, 5666, 5667) 83850.0
(5347, 5348, 5349) 75221.0
(6195, 6196, 6197) 87838.0
(8226, 8227, 8228) 62181.0
(4636, 4637, 4638) 68837.0
(3833, 3834, 3835) 88603.0
(1113, 1114, 1115) 69550.0
(9716, 9717, 9718) 95059.0
(9911, 9912, 9913) 89168.0
(8613, 8614, 8615) 89025.0
(3059, 3060, 3061) 72359.0
(8066, 8067, 8068) 85123.0
(5892, 5893, 5894) 65416.0
(2382, 2383, 2384) 84157.0
(4606, 4607, 4608) 89248.0
(7817, 7818, 7819) 56292.0
(9662, 9663, 9664) 78930.0
(5519, 5520, 5521) 90732.0
(6571, 6572, 6573) 62592.0
(8040, 8041, 8042) 84344.0
(9966, 9967, 9968) 99784.0
(8494, 8495, 8496) 77560.0
(7454, 7455, 7456) 82829.0
(8819, 8820, 8821) 99825.0
(6055, 6056, 6057) 84705.0
(2145, 2146, 2147) 73837.0
(2972, 2973, 2974) 74158.0
(1999, 2000, 2001) 87122.0
(2477, 2478, 2479) 79411.0
(5611, 5612, 5613) 87839.0
(8533, 8534, 8535) 67578.0
(1189, 1190, 1191) 79690.0
(9834, 9835, 9836) 89029.0
(5139, 5140, 5141) 61251.0
(7987, 7988, 7989) 90795.0
(5347, 5348, 5349) 75221.0
(1440, 1441, 1442) 87925.0
(1826, 1827, 1828) 78427.0
(7190, 7191, 7192) 81498.0
(2848, 2849, 2850) 87916.0
(6891, 6892, 6893) 59874.0
(136, 137, 138) 78263.0
(728, 729, 730) 87535.0
(89, 90, 91) 68447.0
(7016, 7017, 7018) 81032.0
(7337, 7338, 7339) 80167.0
(7968, 7969, 7970) 72964.0
(1856, 1857, 1858) 80807.0
(8611, 8612, 8613) 69808.0
(4096, 4097, 4098) 79592.0
(2794, 2795, 2796) 66472.0
(2715, 2716, 2717) 86670.0
(6025, 6026, 6027) 72377.0
(8800, 8801, 8802) 75150.0
(1057, 1058, 1059) 82765.0
(4561, 4562, 4563) 87867.0
(4579, 4580, 4581) 76056.0
(7280, 7281, 7282) 76250.0
(2378, 2379, 2380) 71743.0
(8002, 8003, 8004) 81742.0
(5858, 5859, 5860) 54202.0
(6620, 6621, 6622) 74067.0
(919, 920, 921) 78084.0
(1251, 1252, 1253) 95905.0
(2927, 2928, 2929) 67099.0
(8708, 8709, 8710) 88171.0
(1435, 1436, 1437) 74617.0
(7440, 7441, 7442) 55497.0
(9254, 9255, 9256) 65702.0
(3407, 3408, 3409) 79722.0
(4240, 4241, 4242) 79845.0
(8655, 8656, 8657) 70640.0
(7155, 7156, 7157) 64956.0
(3385, 3386, 3387) 65826.0
(5217, 5218, 5219) 83595.0
(1283, 1284, 1285) 95898.0
(3677, 3678, 3679) 75515.0
(4296, 4297, 4298) 84816.0
(9302, 9303, 9304) 65132.0
(4683, 4684, 4685) 83794.0
(701, 702, 703) 89332.0
(5775, 5776, 5777) 65281.0
(5500, 5501, 5502) 51705.0
(1875, 1876, 1877) 80680.0
(1456, 1457, 1458) 84376.0
(3708, 3709, 3710) 78312.0
(9874, 9875, 9876) 71371.0
(385, 386, 387) 87411.0
(6603, 6604, 6605) 72277.0
(6919, 6920, 6921) 95938.0
(431, 432, 433) 66352.0
(4444, 4445, 4446) 70539.0
(6884, 6885, 6886) 67133.0
(4551, 4552, 4553) 75581.0
(9574, 9575, 9576) 79605.0
(3346, 3347, 3348) 69604.0
(1334, 1335, 1336) 80146.0
(7690, 7691, 7692) 89076.0
(4327, 4328, 4329) 71490.0
(4901, 4902, 4903) 70992.0
(3050, 3051, 3052) 82992.0
(7317, 7318, 7319) 71472.0
(7473, 7474, 7475) 66895.0
(2278, 2279, 2280) 78851.0
(3420, 3421, 3422) 64162.0
(3581, 3582, 3583) 81573.0
(1438, 1439, 1440) 93056.0
(8817, 8818, 8819) 81205.0
(6501, 6502, 6503) 88287.0
(1218, 1219, 1220) 80562.0
(1190, 1191, 1192) 50805.0
(6306, 6307, 6308) 73179.0
(596, 597, 598) 95178.0
(1154, 1155, 1156) 105968.0
(7935, 7936, 7937) 81235.0
(5618, 5619, 5620) 57534.0
(3667, 3668, 3669) 70976.0
(6889, 6890, 6891) 86040.0
(8382, 8383, 8384) 58599.0
(7959, 7960, 7961) 93377.0
(9582, 9583, 9584) 60776.0
(514, 515, 516) 75929.0
(9531, 9532, 9533) 85375.0
(8520, 8521, 8522) 82958.0
(5379, 5380, 5381) 64273.0
(5192, 5193, 5194) 68208.0
(2592, 2593, 2594) 86183.0
(9319, 9320, 9321) 91711.0
(4526, 4527, 4528) 93641.0
(8318, 8319, 8320) 88090.0
(390, 391, 392) 82093.0
(3670, 3671, 3672) 70573.0
(5643, 5644, 5645) 88058.0
(8348, 8349, 8350) 63350.0
(8272, 8273, 8274) 73980.0
(1310, 1311, 1312) 70558.0
(3426, 3427, 3428) 88629.0
(5966, 5967, 5968) 69580.0
(2058, 2059, 2060) 76122.0
(963, 964, 965) 69108.0
(7397, 7398, 7399) 94276.0
(7127, 7128, 7129) 70479.0
(7551, 7552, 7553) 86864.0
(8078, 8079, 8080) 97897.0
(9406, 9407, 9408) 77300.0
(2417, 2418, 2419) 76222.0
(8724, 8725, 8726) 64981.0
(2822, 2823, 2824) 64724.0
(859, 860, 861) 70244.0
(6229, 6230, 6231) 78136.0
(9328, 9329, 9330) 72863.0
(7137, 7138, 7139) 57474.0
(4103, 4104, 4105) 87464.0
(4301, 4302, 4303) 85891.0
(398, 399, 400) 61071.0
(4957, 4958, 4959) 92527.0
(9771, 9772, 9773) 83892.0
(5150, 5151, 5152) 74678.0
(4658, 4659, 4660) 85000.0
(1126, 1127, 1128) 61000.0
(7793, 7794, 7795) 69197.0
(610, 611, 612) 84998.0
(7023, 7024, 7025) 69547.0
(4631, 4632, 4633) 73075.0
(6160, 6161, 6162) 93905.0
(3052, 3053, 3054) 85082.0
(6914, 6915, 6916) 66080.0
(4868, 4869, 4870) 67201.0
(1899, 1900, 1901) 71854.0
(927, 928, 929) 87225.0
(5484, 5485, 5486) 102090.0
(1222, 1223, 1224) 85128.0
(3399, 3400, 3401) 81238.0
(3080, 3081, 3082) 85721.0
(5405, 5406, 5407) 82209.0
(1808, 1809, 1810) 78834.0
(7602, 7603, 7604) 98375.0
(5576, 5577, 5578) 78753.0
(3273, 3274, 3275) 78170.0
(1484, 1485, 1486) 87632.0
(5702, 5703, 5704) 73440.0
(5221, 5222, 5223) 97240.0
(8373, 8374, 8375) 80642.0
(4506, 4507, 4508) 72712.0
(5458, 5459, 5460) 92497.0
(4928, 4929, 4930) 73078.0
(4199, 4200, 4201) 78320.0
(2910, 2911, 2912) 72108.0
(3260, 3261, 3262) 83394.0
(8178, 8179, 8180) 70525.0
(3543, 3544, 3545) 56427.0
(1807, 1808, 1809) 82179.0
(8055, 8056, 8057) 107291.0
(4570, 4571, 4572) 58489.0
(4685, 4686, 4687) 83480.0
(9567, 9568, 9569) 80532.0
(2045, 2046, 2047) 89819.0
(7028, 7029, 7030) 73607.0
(361, 362, 363) 90936.0
(38, 39, 40) 90708.0
(6565, 6566, 6567) 85067.0
(2112, 2113, 2114) 77081.0
(5527, 5528, 5529) 72384.0
(3758, 3759, 3760) 80332.0
(5564, 5565, 5566) 88993.0
(7829, 7830, 7831) 77221.0
(8870, 8871, 8872) 77612.0
(442, 443, 444) 91361.0
(8624, 8625, 8626) 53768.0
(5188, 5189, 5190) 93402.0
(3307, 3308, 3309) 86318.0
(6242, 6243, 6244) 99720.0
(6087, 6088, 6089) 63531.0
(4248, 4249, 4250) 95600.0
(5485, 5486, 5487) 119170.0
(2411, 2412, 2413) 72003.0
(9590, 9591, 9592) 82611.0
(595, 596, 597) 77669.0
(5272, 5273, 5274) 88338.0
(6764, 6765, 6766) 61510.0
(6243, 6244, 6245) 87830.0
(6897, 6898, 6899) 76120.0
(1788, 1789, 1790) 61827.0
(7763, 7764, 7765) 67780.0
(9566, 9567, 9568) 91519.0
(5313, 5314, 5315) 90549.0
(4791, 4792, 4793) 55554.0
(1755, 1756, 1757) 92517.0
(1852, 1853, 1854) 101380.0
(4015, 4016, 4017) 69526.0
(7911, 7912, 7913) 67210.0
(1728, 1729, 1730) 74158.0
(6594, 6595, 6596) 84534.0
(5572, 5573, 5574) 75444.0
(3483, 3484, 3485) 66917.0
(5703, 5704, 5705) 80228.0
(1861, 1862, 1863) 87940.0
(6774, 6775, 6776) 58139.0
(6615, 6616, 6617) 73515.0
(9559, 9560, 9561) 76771.0
(4716, 4717, 4718) 72810.0
(7360, 7361, 7362) 64063.0
(1335, 1336, 1337) 99743.0
(2779, 2780, 2781) 82165.0
(335, 336, 337) 62331.0
(9907, 9908, 9909) 61399.0
(8574, 8575, 8576) 57136.0
(8629, 8630, 8631) 90325.0
(4587, 4588, 4589) 103610.0
(7423, 7424, 7425) 61859.0
(5469, 5470, 5471) 66260.0
(4291, 4292, 4293) 79539.0
(5039, 5040, 5041) 71854.0
(4213, 4214, 4215) 67147.0
(5861, 5862, 5863) 75393.0
(2376, 2377, 2378) 107036.0
(9931, 9932, 9933) 87422.0
(5893, 5894, 5895) 56247.0
(3997, 3998, 3999) 62441.0
(5747, 5748, 5749) 82948.0
(8912, 8913, 8914) 79211.0
(266, 267, 268) 89320.0
(5995, 5996, 5997) 77381.0
(361, 362, 363) 90936.0
(8680, 8681, 8682) 74348.0
(1612, 1613, 1614) 117055.0
(964, 965, 966) 88762.0
(9836, 9837, 9838) 78643.0
(1465, 1466, 1467) 75002.0
(8261, 8262, 8263) 75056.0
(9148, 9149, 9150) 98683.0
(8762, 8763, 8764) 81540.0
(2664, 2665, 2666) 89343.0
(3079, 3080, 3081) 65568.0
(7154, 7155, 7156) 88063.0
(4207, 4208, 4209) 57213.0
(7499, 7500, 7501) 67249.0
(7812, 7813, 7814) 61739.0
(5912, 5913, 5914) 77960.0
(3778, 3779, 3780) 76749.0
(9726, 9727, 9728) 80778.0
(3384, 3385, 3386) 88787.0
(1787, 1788, 1789) 68031.0
(9248, 9249, 9250) 89542.0
(8681, 8682, 8683) 70806.0
(9635, 9636, 9637) 86049.0
(5242, 5243, 5244) 80169.0
(3825, 3826, 3827) 75860.0
(9906, 9907, 9908) 74484.0
(8624, 8625, 8626) 53768.0
(8533, 8534, 8535) 67578.0
(3179, 3180, 3181) 67946.0
(3128, 3129, 3130) 71832.0
(1798, 1799, 1800) 76050.0
(2369, 2370, 2371) 81409.0
(6919, 6920, 6921) 95938.0
(5496, 5497, 5498) 101863.0
(9981, 9982, 9983) 66006.0
(1019, 1020, 1021) 74668.0
(4907, 4908, 4909) 58867.0
(871, 872, 873) 71928.0
(7191, 7192, 7193) 83896.0
(2857, 2858, 2859) 88611.0
(9989, 9990, 9991) 68035.0
(7290, 7291, 7292) 87660.0
(9939, 9940, 9941) 59484.0
(773, 774, 775) 90433.0
(7720, 7721, 7722) 90378.0
(5027, 5028, 5029) 64539.0
(7659, 7660, 7661) 66167.0
(9042, 9043, 9044) 82535.0
(7910, 7911, 7912) 96946.0
(3069, 3070, 3071) 82850.0
(6864, 6865, 6866) 84555.0
(217, 218, 219) 77275.0
(4373, 4374, 4375) 94760.0
(7599, 7600, 7601) 78084.0
(803, 804, 805) 80584.0
(6590, 6591, 6592) 88933.0
(5618, 5619, 5620) 57534.0
(8673, 8674, 8675) 56821.0
(4217, 4218, 4219) 53313.0
(2324, 2325, 2326) 91337.0
(4041, 4042, 4043) 73088.0
(336, 337, 338) 80686.0
(8936, 8937, 8938) 65929.0
(4417, 4418, 4419) 86520.0
(382, 383, 384) 75804.0
(7722, 7723, 7724) 69608.0
(6860, 6861, 6862) 86363.0
(1329, 1330, 1331) 87735.0
(9936, 9937, 9938) 66726.0
(4559, 4560, 4561) 57504.0
(3232, 3233, 3234) 90425.0
(7684, 7685, 7686) 72137.0
(7048, 7049, 7050) 87846.0
(1925, 1926, 1927) 78339.0
(939, 940, 941) 72068.0
(7222, 7223, 7224) 69615.0
(522, 523, 524) 84128.0
(7998, 7999, 8000) 54751.0
(5405, 5406, 5407) 82209.0
(7037, 7038, 7039) 92438.0
(2965, 2966, 2967) 71060.0
(4474, 4475, 4476) 79261.0
(1509, 1510, 1511) 66410.0
(2189, 2190, 2191) 67163.0
(1603, 1604, 1605) 73443.0
(8000, 8001, 8002) 80672.0
(9018, 9019, 9020) 74708.0
(4461, 4462, 4463) 94542.0
(847, 848, 849) 92878.0
(2057, 2058, 2059) 70424.0
(9104, 9105, 9106) 83967.0
(7336, 7337, 7338) 79694.0
(3815, 3816, 3817) 78052.0
(1885, 1886, 1887) 70651.0
(2374, 2375, 2376) 73248.0
(582, 583, 584) 75453.0
(7587, 7588, 7589) 76941.0
(2415, 2416, 2417) 71358.0
(5869, 5870, 5871) 82542.0
(7621, 7622, 7623) 76583.0
(7897, 7898, 7899) 65036.0
(9024, 9025, 9026) 67388.0
(2308, 2309, 2310) 94816.0
(8542, 8543, 8544) 66567.0
(7034, 7035, 7036) 59438.0
(2567, 2568, 2569) 100036.0
(7441, 7442, 7443) 66049.0
(1426, 1427, 1428) 64960.0
(175, 176, 177) 102013.0
(7745, 7746, 7747) 77558.0
(2378, 2379, 2380) 71743.0
(1470, 1471, 1472) 68244.0
(6609, 6610, 6611) 50664.0
(1068, 1069, 1070) 71841.0
(1236, 1237, 1238) 76169.0
(5105, 5106, 5107) 57090.0
(9269, 9270, 9271) 84821.0
(5353, 5354, 5355) 69729.0
(4670, 4671, 4672) 74513.0
(8379, 8380, 8381) 90027.0
(7908, 7909, 7910) 102506.0
(7067, 7068, 7069) 95715.0
(6708, 6709, 6710) 90085.0
(2649, 2650, 2651) 81341.0
(6458, 6459, 6460) 70803.0
(1055, 1056, 1057) 71440.0
(348, 349, 350) 66738.0
(1054, 1055, 1056) 72041.0
(1244, 1245, 1246) 64199.0
(5189, 5190, 5191) 64030.0
(863, 864, 865) 67873.0
(7683, 7684, 7685) 72322.0
(1110, 1111, 1112) 113723.0
(1401, 1402, 1403) 87680.0
(9082, 9083, 9084) 67477.0
(4425, 4426, 4427) 66743.0
(5836, 5837, 5838) 87691.0
(7505, 7506, 7507) 77976.0
(9838, 9839, 9840) 78326.0
(168, 169, 170) 72121.0
(5913, 5914, 5915) 75293.0
(3662, 3663, 3664) 83906.0
(718, 719, 720) 79656.0
(1455, 1456, 1457) 95834.0
(9787, 9788, 9789) 56433.0
(5909, 5910, 5911) 74972.0
(6206, 6207, 6208) 68588.0
(9296, 9297, 9298) 72759.0
(8289, 8290, 8291) 77884.0
(1928, 1929, 1930) 85866.0
(5392, 5393, 5394) 83725.0
(5793, 5794, 5795) 91051.0
(7408, 7409, 7410) 72505.0
(6106, 6107, 6108) 93203.0
(7436, 7437, 7438) 94622.0
(8783, 8784, 8785) 71714.0
(5857, 5858, 5859) 93698.0
(4742, 4743, 4744) 79334.0
(1527, 1528, 1529) 76709.0
(503, 504, 505) 77517.0
(4197, 4198, 4199) 82664.0
(2247, 2248, 2249) 90444.0
(7289, 7290, 7291) 80875.0
(4214, 4215, 4216) 70147.0
(41, 42, 43) 65495.0
(3406, 3407, 3408) 111286.0
(5302, 5303, 5304) 78348.0
(9865, 9866, 9867) 63604.0
(142, 143, 144) 76949.0
(4294, 4295, 4296) 88994.0
(7117, 7118, 7119) 88744.0
(6320, 6321, 6322) 95930.0
(7808, 7809, 7810) 59403.0
(7620, 7621, 7622) 68059.0
(4781, 4782, 4783) 84574.0
(3154, 3155, 3156) 69308.0
(8400, 8401, 8402) 101159.0
(6216, 6217, 6218) 80959.0
(937, 938, 939) 77013.0
(9861, 9862, 9863) 90241.0
(2754, 2755, 2756) 69351.0
(9905, 9906, 9907) 61167.0
(3593, 3594, 3595) 56622.0
(984, 985, 986) 73965.0
(8013, 8014, 8015) 90553.0
(4386, 4387, 4388) 87113.0
(1914, 1915, 1916) 84239.0
(7470, 7471, 7472) 63455.0
(5766, 5767, 5768) 79770.0
(9604, 9605, 9606) 75683.0
(2410, 2411, 2412) 74888.0
(8208, 8209, 8210) 78852.0
(5209, 5210, 5211) 64978.0
(6122, 6123, 6124) 61754.0
(8097, 8098, 8099) 56448.0
(9486, 9487, 9488) 74838.0
(8050, 8051, 8052) 82423.0
(3268, 3269, 3270) 93967.0
(3351, 3352, 3353) 89119.0
(3471, 3472, 3473) 104104.0
(2611, 2612, 2613) 69558.0
(9990, 9991, 9992) 79205.0
(8116, 8117, 8118) 80410.0
(8021, 8022, 8023) 92071.0
(1562, 1563, 1564) 76855.0
(9920, 9921, 9922) 68455.0
(2930, 2931, 2932) 84924.0
(5253, 5254, 5255) 89400.0
(7509, 7510, 7511) 91538.0
(5070, 5071, 5072) 89648.0
(5838, 5839, 5840) 82259.0
(1683, 1684, 1685) 79994.0
(797, 798, 799) 77154.0
(6579, 6580, 6581) 61970.0
(3094, 3095, 3096) 82470.0
(4044, 4045, 4046) 61209.0
(2369, 2370, 2371) 81409.0
(2125, 2126, 2127) 92108.0
(4154, 4155, 4156) 81303.0
(2172, 2173, 2174) 88312.0
(4237, 4238, 4239) 62680.0
(8077, 8078, 8079) 78073.0
(6730, 6731, 6732) 101042.0
(9571, 9572, 9573) 77461.0
(1612, 1613, 1614) 117055.0
(8002, 8003, 8004) 81742.0
(6165, 6166, 6167) 65173.0
(5242, 5243, 5244) 80169.0
(3560, 3561, 3562) 72239.0
(2125, 2126, 2127) 92108.0
(4264, 4265, 4266) 65598.0
(6495, 6496, 6497) 73167.0
(4312, 4313, 4314) 92634.0
(5128, 5129, 5130) 92387.0
(3545, 3546, 3547) 83599.0
(2602, 2603, 2604) 51739.0
(4740, 4741, 4742) 87510.0
(3045, 3046, 3047) 90813.0
(1178, 1179, 1180) 72127.0
(107, 108, 109) 79326.0
(6539, 6540, 6541) 73600.0
(9594, 9595, 9596) 72560.0
(1220, 1221, 1222) 90476.0
(9685, 9686, 9687) 84113.0
(1825, 1826, 1827) 86746.0
(9380, 9381, 9382) 72476.0
(9911, 9912, 9913) 89168.0
(5293, 5294, 5295) 66553.0
(7952, 7953, 7954) 61312.0
(7053, 7054, 7055) 74709.0
(7928, 7929, 7930) 68122.0
(2237, 2238, 2239) 65367.0
(2727, 2728, 2729) 77771.0
(766, 767, 768) 62980.0
(3963, 3964, 3965) 95028.0
(7334, 7335, 7336) 95931.0
(4396, 4397, 4398) 91848.0
(4384, 4385, 4386) 79303.0
(8203, 8204, 8205) 93714.0
(7334, 7335, 7336) 95931.0
(1788, 1789, 1790) 61827.0
(8182, 8183, 8184) 74947.0
(6364, 6365, 6366) 64863.0
(1484, 1485, 1486) 87632.0
(8228, 8229, 8230) 90341.0
(9650, 9651, 9652) 81227.0
(642, 643, 644) 84859.0
(8109, 8110, 8111) 74024.0
(3178, 3179, 3180) 79978.0
(4023, 4024, 4025) 93015.0
(1814, 1815, 1816) 72085.0
(6259, 6260, 6261) 76211.0
(7490, 7491, 7492) 95100.0
(6129, 6130, 6131) 75830.0
(6416, 6417, 6418) 69122.0
(8593, 8594, 8595) 70496.0
(4409, 4410, 4411) 88220.0
(3976, 3977, 3978) 65973.0
(6674, 6675, 6676) 81095.0
(2882, 2883, 2884) 62640.0
(6253, 6254, 6255) 86411.0
(180, 181, 182) 61466.0
(6220, 6221, 6222) 76840.0
(728, 729, 730) 87535.0
(4034, 4035, 4036) 87771.0
(5470, 5471, 5472) 78038.0
(8103, 8104, 8105) 84106.0
(8038, 8039, 8040) 68123.0
(9946, 9947, 9948) 63647.0
(5043, 5044, 5045) 77766.0
(5089, 5090, 5091) 82914.0
(484, 485, 486) 80468.0
(3410, 3411, 3412) 70160.0
(2243, 2244, 2245) 67870.0
(9768, 9769, 9770) 78748.0
(3293, 3294, 3295) 93357.0
(9714, 9715, 9716) 88152.0
(8382, 8383, 8384) 58599.0
(9147, 9148, 9149) 72529.0
(1100, 1101, 1102) 84933.0
(3580, 3581, 3582) 65775.0
(8584, 8585, 8586) 77749.0
(6700, 6701, 6702) 73038.0
(9435, 9436, 9437) 85074.0
(7785, 7786, 7787) 92708.0
(7489, 7490, 7491) 83333.0
(1115, 1116, 1117) 68351.0
(9796, 9797, 9798) 59013.0
(6333, 6334, 6335) 91084.0
(1395, 1396, 1397) 57231.0
(2545, 2546, 2547) 78060.0
(3129, 3130, 3131) 66851.0
(3965, 3966, 3967) 77515.0
(8394, 8395, 8396) 66529.0
(3522, 3523, 3524) 67071.0
(5882, 5883, 5884) 71534.0
(839, 840, 841) 74943.0
(3215, 3216, 3217) 92929.0
(8710, 8711, 8712) 75167.0
(6409, 6410, 6411) 85956.0
(6807, 6808, 6809) 60449.0
(2719, 2720, 2721) 73936.0
(4239, 4240, 4241) 63702.0
(4510, 4511, 4512) 87531.0
(8603, 8604, 8605) 67617.0
(2706, 2707, 2708) 69146.0
(9745, 9746, 9747) 80916.0
(1499, 1500, 1501) 91403.0
(6672, 6673, 6674) 93906.0
(2969, 2970, 2971) 107883.0
(8042, 8043, 8044) 80247.0
(1472, 1473, 1474) 70697.0
(8934, 8935, 8936) 93943.0
(9213, 9214, 9215) 75559.0
(3337, 3338, 3339) 94058.0
(3459, 3460, 3461) 67464.0
(7598, 7599, 7600) 84788.0
(9303, 9304, 9305) 73750.0
(1385, 1386, 1387) 78096.0
(7290, 7291, 7292) 87660.0
(787, 788, 789) 67434.0
(82, 83, 84) 92781.0
(6879, 6880, 6881) 71974.0
(2056, 2057, 2058) 90657.0
(5360, 5361, 5362) 63223.0
(1813, 1814, 1815) 66365.0
(8754, 8755, 8756) 81258.0
(1944, 1945, 1946) 64851.0
(7057, 7058, 7059) 96806.0
(9718, 9719, 9720) 82948.0
(5306, 5307, 5308) 82389.0
(5538, 5539, 5540) 85276.0
(4886, 4887, 4888) 104499.0
(6220, 6221, 6222) 76840.0
(6029, 6030, 6031) 67700.0
(4304, 4305, 4306) 85842.0
(9643, 9644, 9645) 76256.0
(44, 45, 46) 76966.0
(6045, 6046, 6047) 83061.0
(2962, 2963, 2964) 71455.0
(8154, 8155, 8156) 80216.0
(835, 836, 837) 76181.0
(6925, 6926, 6927) 77035.0
(5938, 5939, 5940) 87755.0
(2853, 2854, 2855) 67248.0
(3874, 3875, 3876) 75235.0
(334, 335, 336) 77181.0
(3032, 3033, 3034) 85244.0
(1285, 1286, 1287) 80010.0
(1022, 1023, 1024) 67395.0
(8835, 8836, 8837) 62645.0
(8230, 8231, 8232) 80455.0
(3835, 3836, 3837) 89750.0
(9851, 9852, 9853) 69327.0
(2279, 2280, 2281) 63926.0
(2371, 2372, 2373) 73678.0
(8041, 8042, 8043) 100767.0
(2537, 2538, 2539) 78687.0
(6519, 6520, 6521) 61205.0
(3173, 3174, 3175) 54659.0
(5034, 5035, 5036) 72970.0
(2424, 2425, 2426) 74595.0
(6597, 6598, 6599) 72426.0
(2503, 2504, 2505) 76804.0
(8400, 8401, 8402) 101159.0
(421, 422, 423) 86710.0
(6325, 6326, 6327) 97545.0
(4809, 4810, 4811) 69506.0
(3296, 3297, 3298) 95564.0
(5086, 5087, 5088) 74262.0
(9632, 9633, 9634) 93315.0
(8443, 8444, 8445) 77075.0
(1799, 1800, 1801) 65752.0
(1389, 1390, 1391) 83708.0
(4622, 4623, 4624) 81552.0
(5655, 5656, 5657) 64324.0
(5025, 5026, 5027) 85208.0
(483, 484, 485) 82963.0
(3226, 3227, 3228) 100591.0
(8830, 8831, 8832) 90016.0
(6588, 6589, 6590) 76193.0
(8468, 8469, 8470) 87259.0
(3190, 3191, 3192) 76333.0
(6368, 6369, 6370) 112230.0
(4565, 4566, 4567) 78948.0
(794, 795, 796) 87710.0
(9089, 9090, 9091) 90556.0
(4055, 4056, 4057) 75059.0
(1923, 1924, 1925) 69321.0
(7945, 7946, 7947) 91717.0
(5970, 5971, 5972) 82551.0
(6159, 6160, 6161) 69471.0
(9014, 9015, 9016) 74882.0
(4315, 4316, 4317) 87436.0
(1951, 1952, 1953) 87948.0
(4298, 4299, 4300) 67852.0
(1889, 1890, 1891) 115439.0
(3991, 3992, 3993) 76084.0
(9025, 9026, 9027) 78601.0
(1196, 1197, 1198) 64163.0
(6003, 6004, 6005) 65672.0
(670, 671, 672) 81630.0
(5488, 5489, 5490) 113458.0
(3890, 3891, 3892) 78468.0
(9780, 9781, 9782) 109763.0
(2601, 2602, 2603) 108101.0
(9093, 9094, 9095) 82245.0
(9421, 9422, 9423) 75066.0
(6643, 6644, 6645) 68105.0
(1887, 1888, 1889) 91006.0
(1803, 1804, 1805) 103744.0
(4070, 4071, 4072) 67881.0
(2323, 2324, 2325) 78769.0
(4372, 4373, 4374) 62391.0
(7558, 7559, 7560) 71824.0
(7541, 7542, 7543) 103806.0
(4181, 4182, 4183) 72916.0
(9010, 9011, 9012) 73151.0
(7921, 7922, 7923) 87266.0
(8449, 8450, 8451) 83286.0
(8101, 8102, 8103) 98886.0
(8796, 8797, 8798) 80919.0
(2723, 2724, 2725) 70213.0
(6594, 6595, 6596) 84534.0
(4657, 4658, 4659) 72447.0
(1096, 1097, 1098) 60662.0
(6221, 6222, 6223) 64233.0
(9711, 9712, 9713) 68704.0
(7884, 7885, 7886) 74141.0
(204, 205, 206) 63321.0
(8538, 8539, 8540) 54454.0
(7145, 7146, 7147) 95880.0
(739, 740, 741) 71876.0
(8492, 8493, 8494) 77718.0
(9708, 9709, 9710) 80474.0
(4047, 4048, 4049) 87119.0
(6707, 6708, 6709) 86326.0
(7422, 7423, 7424) 83620.0
(5910, 5911, 5912) 93219.0
(5471, 5472, 5473) 59507.0
(4554, 4555, 4556) 90171.0
(4415, 4416, 4417) 88505.0
(7860, 7861, 7862) 95593.0
(4790, 4791, 4792) 73380.0
(7267, 7268, 7269) 78601.0
(1342, 1343, 1344) 70781.0
(4837, 4838, 4839) 85444.0
(3474, 3475, 3476) 70133.0
(7368, 7369, 7370) 67793.0
(5194, 5195, 5196) 65632.0
(9442, 9443, 9444) 89171.0
(3758, 3759, 3760) 80332.0
(9167, 9168, 9169) 64901.0
(8574, 8575, 8576) 57136.0
(9170, 9171, 9172) 91400.0
(3126, 3127, 3128) 71565.0
(1398, 1399, 1400) 75828.0
(5116, 5117, 5118) 79398.0
(6640, 6641, 6642) 66958.0
(3279, 3280, 3281) 78307.0
(8600, 8601, 8602) 82685.0
(546, 547, 548) 78155.0
(9515, 9516, 9517) 75687.0
(6097, 6098, 6099) 86469.0
(4686, 4687, 4688) 63328.0
(2037, 2038, 2039) 83742.0
(8829, 8830, 8831) 88107.0
(3670, 3671, 3672) 70573.0
(1900, 1901, 1902) 78742.0
(7494, 7495, 7496) 59999.0
(5788, 5789, 5790) 87283.0
(7442, 7443, 7444) 89995.0
(692, 693, 694) 84492.0
(4845, 4846, 4847) 65851.0
(231, 232, 233) 81000.0
(2823, 2824, 2825) 65210.0
(3066, 3067, 3068) 78189.0
(6017, 6018, 6019) 71857.0
(5778, 5779, 5780) 49684.0
(6927, 6928, 6929) 83132.0
(8261, 8262, 8263) 75056.0
(4106, 4107, 4108) 76081.0
