(723, 724, 725) 99302.0
(6755, 6756, 6757) 93790.0
(6735, 6736, 6737) 59200.0
(8451, 8452, 8453) 88669.0
(8873, 8874, 8875) 75596.0
(6858, 6859, 6860) 67206.0
(7522, 7523, 7524) 97865.0
(8747, 8748, 8749) 67869.0
(1250, 1251, 1252) 85639.0
(7911, 7912, 7913) 68514.0
(4175, 4176, 4177) 89378.0
(1707, 1708, 1709) 69677.0
(9146, 9147, 9148) 83207.0
(1759, 1760, 1761) 87079.0
(163, 164, 165) 79061.0
(1291, 1292, 1293) 111336.0
(480, 481, 482) 88349.0
(3305, 3306, 3307) 102814.0
(6716, 6717, 6718) 83837.0
(913, 914, 915) 90929.0
(4821, 4822, 4823) 75563.0
(4723, 4724, 4725) 91373.0
(9239, 9240, 9241) 66587.0
(1911, 1912, 1913) 80103.0
(5312, 5313, 5314) 96531.0
(2727, 2728, 2729) 77631.0
(7422, 7423, 7424) 82810.0
(7462, 7463, 7464) 60098.0
(5996, 5997, 5998) 75904.0
(1625, 1626, 1627) 71956.0
(2270, 2271, 2272) 88996.0
(193, 194, 195) 79593.0
(1647, 1648, 1649) 82476.0
(6138, 6139, 6140) 57969.0
(1959, 1960, 1961) 97270.0
(2300, 2301, 2302) 72363.0
(7045, 7046, 7047) 76070.0
(5011, 5012, 5013) 59213.0
(7577, 7578, 7579) 66506.0
(7830, 7831, 7832) 63913.0
(2376, 2377, 2378) 110870.0
(3979, 3980, 3981) 98320.0
(4964, 4965, 4966) 80807.0
(5360, 5361, 5362) 64964.0
(9669, 9670, 9671) 82023.0
(861, 862, 863) 75698.0
(7525, 7526, 7527) 70634.0
(9844, 9845, 9846) 75021.0
(5297, 5298, 5299) 99369.0
(1261, 1262, 1263) 80798.0
(91, 92, 93) 66181.0
(7941, 7942, 7943) 73587.0
(9777, 9778, 9779) 85990.0
(4558, 4559, 4560) 106863.0
(4420, 4421, 4422) 88431.0
(3900, 3901, 3902) 95873.0
(7962, 7963, 7964) 72812.0
(7456, 7457, 7458) 68355.0
(2304, 2305, 2306) 62557.0
(4126, 4127, 4128) 79458.0
(6475, 6476, 6477) 93228.0
(9508, 9509, 9510) 67097.0
(8192, 8193, 8194) 103667.0
(8791, 8792, 8793) 66592.0
(6807, 6808, 6809) 63039.0
(3196, 3197, 3198) 80385.0
(6367, 6368, 6369) 76823.0
(5532, 5533, 5534) 71396.0
(2759, 2760, 2761) 61473.0
(8396, 8397, 8398) 72843.0
(2994, 2995, 2996) 73144.0
(2001, 2002, 2003) 104127.0
(6426, 6427, 6428) 72949.0
(4168, 4169, 4170) 90323.0
(3444, 3445, 3446) 90026.0
(3397, 3398, 3399) 64563.0
(6796, 6797, 6798) 64412.0
(7498, 7499, 7500) 84689.0
(6081, 6082, 6083) 71323.0
(9530, 9531, 9532) 85446.0
(1317, 1318, 1319) 65066.0
(8237, 8238, 8239) 72305.0
(2229, 2230, 2231) 79574.0
(9110, 9111, 9112) 69382.0
(2664, 2665, 2666) 88887.0
(4397, 4398, 4399) 88995.0
(4228, 4229, 4230) 86142.0
(4127, 4128, 4129) 69947.0
(3601, 3602, 3603) 97874.0
(6155, 6156, 6157) 96951.0
(2704, 2705, 2706) 69228.0
(9993, 9994, 9995) 87205.0
(7685, 7686, 7687) 60853.0
(1707, 1708, 1709) 69677.0
(3325, 3326, 3327) 74414.0
(568, 569, 570) 81786.0
(3092, 3093, 3094) 80026.0
(686, 687, 688) 72514.0
(7300, 7301, 7302) 108118.0
(1171, 1172, 1173) 77399.0
(9048, 9049, 9050) 81050.0
(8535, 8536, 8537) 61913.0
(6707, 6708, 6709) 87336.0
(6484, 6485, 6486) 101862.0
(8463, 8464, 8465) 59939.0
(3447, 3448, 3449) 72946.0
(18, 19, 20) 77069.0
(5858, 5859, 5860) 54946.0
(9514, 9515, 9516) 93595.0
(9318, 9319, 9320) 76575.0
(1005, 1006, 1007) 99640.0
(7778, 7779, 7780) 88835.0
(213, 214, 215) 84798.0
(8821, 8822, 8823) 78115.0
(7748, 7749, 7750) 102679.0
(7455, 7456, 7457) 83801.0
(6788, 6789, 6790) 88319.0
(125, 126, 127) 68884.0
(218, 219, 220) 58316.0
(7304, 7305, 7306) 85953.0
(243, 244, 245) 65988.0
(2014, 2015, 2016) 82748.0
(136, 137, 138) 78390.0
(7200, 7201, 7202) 80518.0
(9096, 9097, 9098) 86322.0
(1312, 1313, 1314) 77192.0
(3828, 3829, 3830) 77273.0
(6702, 6703, 6704) 82973.0
(6043, 6044, 6045) 81793.0
(4406, 4407, 4408) 95996.0
(7564, 7565, 7566) 87089.0
(8274, 8275, 8276) 72936.0
(7460, 7461, 7462) 61290.0
(1687, 1688, 1689) 81962.0
(4477, 4478, 4479) 72951.0
(4222, 4223, 4224) 81555.0
(3109, 3110, 3111) 86136.0
(1493, 1494, 1495) 82349.0
(8657, 8658, 8659) 82896.0
(2686, 2687, 2688) 84967.0
(4388, 4389, 4390) 82592.0
(4494, 4495, 4496) 83465.0
(5889, 5890, 5891) 83999.0
(2505, 2506, 2507) 66477.0
(6559, 6560, 6561) 99283.0
(9130, 9131, 9132) 92028.0
(7448, 7449, 7450) 93477.0
(1916, 1917, 1918) 75826.0
(8987, 8988, 8989) 82069.0
(4959, 4960, 4961) 67678.0
(6007, 6008, 6009) 69744.0
(5537, 5538, 5539) 68421.0
(3983, 3984, 3985) 67603.0
(977, 978, 979) 78284.0
(823, 824, 825) 87243.0
(3549, 3550, 3551) 62509.0
(641, 642, 643) 92083.0
(3491, 3492, 3493) 84697.0
(6374, 6375, 6376) 86029.0
(2764, 2765, 2766) 78522.0
(5885, 5886, 5887) 79339.0
(3258, 3259, 3260) 66803.0
(2256, 2257, 2258) 105736.0
(1960, 1961, 1962) 77948.0
(1773, 1774, 1775) 72724.0
(9328, 9329, 9330) 74784.0
(960, 961, 962) 84696.0
(7524, 7525, 7526) 83274.0
(9409, 9410, 9411) 77627.0
(4747, 4748, 4749) 79990.0
(7683, 7684, 7685) 72603.0
(62, 63, 64) 64415.0
(5818, 5819, 5820) 95066.0
(5466, 5467, 5468) 83544.0
(839, 840, 841) 77755.0
(51, 52, 53) 99517.0
(7999, 8000, 8001) 68412.0
(7588, 7589, 7590) 71391.0
(4445, 4446, 4447) 67423.0
(7610, 7611, 7612) 88656.0
(3589, 3590, 3591) 76052.0
(80, 81, 82) 92027.0
(4981, 4982, 4983) 84319.0
(1080, 1081, 1082) 77007.0
(3933, 3934, 3935) 64908.0
(5204, 5205, 5206) 63816.0
(3763, 3764, 3765) 84454.0
(3561, 3562, 3563) 81489.0
(6042, 6043, 6044) 83529.0
(1525, 1526, 1527) 75584.0
(1579, 1580, 1581) 83172.0
(654, 655, 656) 74000.0
(2174, 2175, 2176) 81091.0
(7563, 7564, 7565) 89810.0
(8458, 8459, 8460) 85890.0
(9657, 9658, 9659) 61236.0
(672, 673, 674) 86272.0
(9395, 9396, 9397) 87626.0
(1642, 1643, 1644) 88894.0
(957, 958, 959) 93571.0
(9982, 9983, 9984) 73914.0
