(5078, 5079, 5080) 90920.0
(5398, 5399, 5400) 91407.0
(5575, 5576, 5577) 86296.0
(2274, 2275, 2276) 71313.0
(604, 605, 606) 87090.0
(8432, 8433, 8434) 93810.0
(3547, 3548, 3549) 64893.0
(2524, 2525, 2526) 97655.0
(8152, 8153, 8154) 72955.0
(5619, 5620, 5621) 63802.0
(1460, 1461, 1462) 61566.0
(8538, 8539, 8540) 60233.0
(9466, 9467, 9468) 82828.0
(7609, 7610, 7611) 93829.0
(4344, 4345, 4346) 72938.0
(5396, 5397, 5398) 69751.0
(4178, 4179, 4180) 95668.0
(5740, 5741, 5742) 77509.0
(9672, 9673, 9674) 94194.0
(7284, 7285, 7286) 109827.0
(9357, 9358, 9359) 75284.0
(2014, 2015, 2016) 83304.0
(5938, 5939, 5940) 93636.0
(8191, 8192, 8193) 68057.0
(1351, 1352, 1353) 108581.0
(6310, 6311, 6312) 90139.0
(7228, 7229, 7230) 82016.0
(9573, 9574, 9575) 66686.0
(5094, 5095, 5096) 74703.0
(5934, 5935, 5936) 90813.0
(463, 464, 465) 65117.0
(5970, 5971, 5972) 84380.0
(1329, 1330, 1331) 90738.0
(6703, 6704, 6705) 72798.0
(2315, 2316, 2317) 91769.0
(1658, 1659, 1660) 110319.0
(295, 296, 297) 124989.0
(422, 423, 424) 81673.0
(9719, 9720, 9721) 88866.0
(7795, 7796, 7797) 66339.0
(3192, 3193, 3194) 78564.0
(3097, 3098, 3099) 83546.0
(3241, 3242, 3243) 66449.0
(6987, 6988, 6989) 79686.0
(2156, 2157, 2158) 67432.0
(6460, 6461, 6462) 77434.0
(6523, 6524, 6525) 80164.0
(5324, 5325, 5326) 91324.0
(3041, 3042, 3043) 70258.0
(4197, 4198, 4199) 86666.0
(4613, 4614, 4615) 79315.0
(6517, 6518, 6519) 67731.0
(222, 223, 224) 89288.0
(2459, 2460, 2461) 84781.0
(4354, 4355, 4356) 86066.0
(2922, 2923, 2924) 92622.0
(8536, 8537, 8538) 75718.0
(8183, 8184, 8185) 73186.0
(4686, 4687, 4688) 64117.0
(3392, 3393, 3394) 87611.0
(1386, 1387, 1388) 76188.0
(5423, 5424, 5425) 99212.0
(6897, 6898, 6899) 81789.0
(5292, 5293, 5294) 81787.0
(6844, 6845, 6846) 72393.0
(8568, 8569, 8570) 77480.0
(309, 310, 311) 93404.0
(8675, 8676, 8677) 74006.0
(1547, 1548, 1549) 73104.0
(6788, 6789, 6790) 90127.0
(5858, 5859, 5860) 59363.0
(5105, 5106, 5107) 57128.0
(3332, 3333, 3334) 82524.0
(9572, 9573, 9574) 84752.0
(4610, 4611, 4612) 90246.0
(4924, 4925, 4926) 97482.0
(4846, 4847, 4848) 106551.0
(224, 225, 226) 102942.0
(748, 749, 750) 61946.0
(5669, 5670, 5671) 81983.0
(6316, 6317, 6318) 75661.0
(2342, 2343, 2344) 70392.0
(3902, 3903, 3904) 88273.0
(9439, 9440, 9441) 97260.0
(5983, 5984, 5985) 86402.0
(904, 905, 906) 77841.0
(7949, 7950, 7951) 83025.0
(6974, 6975, 6976) 77170.0
(986, 987, 988) 93909.0
(6633, 6634, 6635) 69786.0
(4065, 4066, 4067) 83757.0
(8175, 8176, 8177) 56667.0
(8495, 8496, 8497) 96912.0
(102, 103, 104) 95516.0
(9978, 9979, 9980) 85863.0
(5577, 5578, 5579) 71337.0
(5425, 5426, 5427) 67307.0
(252, 253, 254) 77212.0
(3330, 3331, 3332) 70715.0
(9580, 9581, 9582) 92061.0
(8076, 8077, 8078) 70397.0
(1171, 1172, 1173) 78339.0
(6744, 6745, 6746) 86155.0
(3625, 3626, 3627) 89390.0
(8679, 8680, 8681) 58526.0
(5454, 5455, 5456) 83639.0
(8105, 8106, 8107) 65961.0
(525, 526, 527) 70744.0
(5684, 5685, 5686) 55941.0
(3255, 3256, 3257) 78027.0
(438, 439, 440) 55401.0
(858, 859, 860) 73675.0
(9362, 9363, 9364) 77335.0
(2101, 2102, 2103) 94264.0
(1770, 1771, 1772) 72252.0
(1513, 1514, 1515) 66642.0
(4920, 4921, 4922) 93116.0
(7589, 7590, 7591) 96125.0
(8246, 8247, 8248) 111959.0
(1684, 1685, 1686) 96415.0
(9444, 9445, 9446) 74100.0
(6813, 6814, 6815) 60178.0
(759, 760, 761) 73987.0
(2287, 2288, 2289) 86440.0
(3013, 3014, 3015) 105373.0
(6846, 6847, 6848) 80671.0
(8013, 8014, 8015) 95993.0
(4692, 4693, 4694) 95961.0
(3324, 3325, 3326) 71935.0
(4379, 4380, 4381) 100158.0
(2658, 2659, 2660) 90934.0
(9266, 9267, 9268) 74501.0
(8811, 8812, 8813) 72804.0
(1264, 1265, 1266) 95128.0
(1014, 1015, 1016) 94792.0
(7176, 7177, 7178) 89848.0
(5744, 5745, 5746) 80527.0
(4520, 4521, 4522) 101896.0
(3855, 3856, 3857) 66502.0
(4758, 4759, 4760) 66611.0
(6126, 6127, 6128) 65096.0
(2093, 2094, 2095) 99429.0
(9706, 9707, 9708) 75744.0
(9710, 9711, 9712) 76763.0
(5475, 5476, 5477) 65796.0
(6861, 6862, 6863) 76250.0
(321, 322, 323) 86315.0
(3043, 3044, 3045) 82692.0
(6481, 6482, 6483) 73618.0
(84, 85, 86) 111751.0
(9877, 9878, 9879) 93199.0
(4040, 4041, 4042) 97675.0
(1756, 1757, 1758) 73548.0
(3023, 3024, 3025) 93661.0
(3534, 3535, 3536) 60771.0
(7635, 7636, 7637) 80373.0
(1831, 1832, 1833) 60822.0
(2304, 2305, 2306) 62163.0
(1973, 1974, 1975) 75599.0
(6351, 6352, 6353) 94703.0
(2218, 2219, 2220) 75150.0
(1981, 1982, 1983) 87168.0
(6997, 6998, 6999) 100920.0
(4095, 4096, 4097) 91182.0
(4672, 4673, 4674) 95243.0
(4053, 4054, 4055) 68250.0
(5191, 5192, 5193) 92335.0
(9086, 9087, 9088) 93934.0
(2476, 2477, 2478) 79340.0
(1398, 1399, 1400) 80184.0
(2796, 2797, 2798) 66596.0
(4118, 4119, 4120) 88705.0
(2142, 2143, 2144) 76545.0
(770, 771, 772) 57656.0
(9296, 9297, 9298) 75831.0
(7805, 7806, 7807) 68359.0
(9436, 9437, 9438) 82498.0
(5955, 5956, 5957) 66660.0
(7204, 7205, 7206) 80367.0
(8392, 8393, 8394) 69777.0
(1236, 1237, 1238) 76392.0
(8046, 8047, 8048) 85351.0
(9766, 9767, 9768) 70389.0
(7327, 7328, 7329) 97172.0
(709, 710, 711) 84319.0
(8939, 8940, 8941) 81247.0
(6318, 6319, 6320) 89831.0
(2339, 2340, 2341) 91866.0
(9059, 9060, 9061) 65887.0
(4302, 4303, 4304) 99342.0
(9880, 9881, 9882) 54409.0
(3358, 3359, 3360) 80319.0
(5700, 5701, 5702) 90245.0
(9734, 9735, 9736) 104289.0
(9680, 9681, 9682) 89440.0
(4488, 4489, 4490) 76183.0
(4649, 4650, 4651) 84107.0
(5521, 5522, 5523) 77525.0
(8666, 8667, 8668) 79414.0
(7856, 7857, 7858) 78589.0
(1391, 1392, 1393) 92747.0
