(3245, 3246, 3247) 96898.0
(3592, 3593, 3594) 101701.0
(898, 899, 900) 85542.0
(8266, 8267, 8268) 58939.0
(7091, 7092, 7093) 84306.0
(7406, 7407, 7408) 74393.0
(9021, 9022, 9023) 69639.0
(661, 662, 663) 71161.0
(6057, 6058, 6059) 95828.0
(901, 902, 903) 58161.0
(1306, 1307, 1308) 81460.0
(4746, 4747, 4748) 67290.0
(1130, 1131, 1132) 81752.0
(9424, 9425, 9426) 68755.0
(9469, 9470, 9471) 79572.0
(8147, 8148, 8149) 86537.0
(718, 719, 720) 80865.0
(5910, 5911, 5912) 101116.0
(9556, 9557, 9558) 110446.0
(7847, 7848, 7849) 94968.0
(2245, 2246, 2247) 75837.0
(4229, 4230, 4231) 85079.0
(2749, 2750, 2751) 87230.0
(7772, 7773, 7774) 71759.0
(3800, 3801, 3802) 90320.0
(5630, 5631, 5632) 78342.0
(5568, 5569, 5570) 95277.0
(2950, 2951, 2952) 81972.0
(5506, 5507, 5508) 96784.0
(4304, 4305, 4306) 91936.0
(3594, 3595, 3596) 51123.0
(9722, 9723, 9724) 97235.0
(3436, 3437, 3438) 77511.0
(1687, 1688, 1689) 88640.0
(9079, 9080, 9081) 77713.0
(849, 850, 851) 88462.0
(9380, 9381, 9382) 81599.0
(9952, 9953, 9954) 75213.0
(8579, 8580, 8581) 80862.0
(7920, 7921, 7922) 109487.0
(9569, 9570, 9571) 76171.0
(1596, 1597, 1598) 54005.0
(4268, 4269, 4270) 98272.0
(8926, 8927, 8928) 67521.0
(8591, 8592, 8593) 85488.0
(2843, 2844, 2845) 92795.0
(1763, 1764, 1765) 94759.0
(2046, 2047, 2048) 64731.0
(5685, 5686, 5687) 82726.0
(3359, 3360, 3361) 74850.0
(3785, 3786, 3787) 104619.0
(3582, 3583, 3584) 81649.0
(1541, 1542, 1543) 104997.0
(4179, 4180, 4181) 109882.0
(2691, 2692, 2693) 98759.0
(4461, 4462, 4463) 102500.0
(2363, 2364, 2365) 86826.0
(9496, 9497, 9498) 78907.0
(6717, 6718, 6719) 121485.0
(2789, 2790, 2791) 62454.0
(9225, 9226, 9227) 69250.0
(2644, 2645, 2646) 71645.0
(2268, 2269, 2270) 77804.0
(4290, 4291, 4292) 62563.0
(6996, 6997, 6998) 91503.0
(447, 448, 449) 75967.0
(2475, 2476, 2477) 83794.0
(5364, 5365, 5366) 88044.0
(7815, 7816, 7817) 74103.0
(2555, 2556, 2557) 82115.0
(3979, 3980, 3981) 101864.0
(5429, 5430, 5431) 81268.0
(5983, 5984, 5985) 87473.0
(8987, 8988, 8989) 83925.0
(1289, 1290, 1291) 76682.0
(227, 228, 229) 93890.0
(610, 611, 612) 86597.0
(1297, 1298, 1299) 89375.0
(1681, 1682, 1683) 83183.0
(9298, 9299, 9300) 104768.0
(6399, 6400, 6401) 55573.0
(9659, 9660, 9661) 65727.0
(9068, 9069, 9070) 101366.0
(5321, 5322, 5323) 70186.0
(8644, 8645, 8646) 61910.0
(3811, 3812, 3813) 81297.0
(3794, 3795, 3796) 72087.0
(8754, 8755, 8756) 87270.0
(7776, 7777, 7778) 62288.0
(6668, 6669, 6670) 84870.0
(5710, 5711, 5712) 72638.0
(1333, 1334, 1335) 88070.0
(3653, 3654, 3655) 68647.0
(9508, 9509, 9510) 68823.0
(1134, 1135, 1136) 73502.0
(4646, 4647, 4648) 72104.0
(9351, 9352, 9353) 65560.0
(4694, 4695, 4696) 101965.0
(4462, 4463, 4464) 83230.0
(2531, 2532, 2533) 89761.0
(3432, 3433, 3434) 70233.0
(6394, 6395, 6396) 84665.0
(7300, 7301, 7302) 111562.0
(8963, 8964, 8965) 75920.0
(5835, 5836, 5837) 95190.0
(1849, 1850, 1851) 91639.0
(7715, 7716, 7717) 80815.0
(4454, 4455, 4456) 90979.0
(5066, 5067, 5068) 108599.0
(9415, 9416, 9417) 79623.0
(8800, 8801, 8802) 77195.0
(8948, 8949, 8950) 101040.0
(4798, 4799, 4800) 88216.0
(196, 197, 198) 63394.0
(1082, 1083, 1084) 86839.0
(1495, 1496, 1497) 84522.0
(9651, 9652, 9653) 56865.0
(7534, 7535, 7536) 60441.0
(9210, 9211, 9212) 84737.0
(1670, 1671, 1672) 67423.0
(4277, 4278, 4279) 96942.0
(5906, 5907, 5908) 102703.0
(974, 975, 976) 62205.0
(3359, 3360, 3361) 74850.0
(9445, 9446, 9447) 84473.0
(4437, 4438, 4439) 80782.0
(2361, 2362, 2363) 71423.0
(7481, 7482, 7483) 79414.0
(8871, 8872, 8873) 90081.0
(9856, 9857, 9858) 83996.0
(3121, 3122, 3123) 78819.0
(8996, 8997, 8998) 92528.0
(4325, 4326, 4327) 88894.0
(9360, 9361, 9362) 83726.0
(4481, 4482, 4483) 86087.0
(82, 83, 84) 96231.0
(9899, 9900, 9901) 102653.0
(6032, 6033, 6034) 94889.0
(7589, 7590, 7591) 97687.0
(5819, 5820, 5821) 77882.0
(3183, 3184, 3185) 93733.0
(6081, 6082, 6083) 76911.0
(2479, 2480, 2481) 79079.0
(6042, 6043, 6044) 85709.0
(7941, 7942, 7943) 79178.0
(4683, 4684, 4685) 86107.0
(734, 735, 736) 83993.0
(9012, 9013, 9014) 83706.0
(9950, 9951, 9952) 83325.0
(623, 624, 625) 63286.0
(8150, 8151, 8152) 72551.0
(2790, 2791, 2792) 107331.0
(3873, 3874, 3875) 104130.0
(1344, 1345, 1346) 74346.0
(2962, 2963, 2964) 77704.0
(2476, 2477, 2478) 82502.0
(230, 231, 232) 120244.0
(857, 858, 859) 75619.0
(7967, 7968, 7969) 100689.0
(7811, 7812, 7813) 83765.0
(3691, 3692, 3693) 79703.0
(8197, 8198, 8199) 69100.0
(7026, 7027, 7028) 84947.0
(7256, 7257, 7258) 68477.0
(3688, 3689, 3690) 90318.0
(8121, 8122, 8123) 87956.0
(850, 851, 852) 84911.0
(8627, 8628, 8629) 93749.0
(4947, 4948, 4949) 74100.0
(5418, 5419, 5420) 87225.0
(5375, 5376, 5377) 86615.0
(3399, 3400, 3401) 86226.0
(8368, 8369, 8370) 84122.0
(5415, 5416, 5417) 88482.0
(5028, 5029, 5030) 70758.0
(2018, 2019, 2020) 74976.0
(7698, 7699, 7700) 88938.0
(8382, 8383, 8384) 67650.0
(9279, 9280, 9281) 91696.0
(8669, 8670, 8671) 57603.0
(115, 116, 117) 132579.0
(4581, 4582, 4583) 84011.0
(1471, 1472, 1473) 78856.0
(525, 526, 527) 70968.0
(8859, 8860, 8861) 95996.0
(3020, 3021, 3022) 73248.0
(458, 459, 460) 64447.0
(3054, 3055, 3056) 62671.0
(9391, 9392, 9393) 81149.0
(6582, 6583, 6584) 86238.0
(9835, 9836, 9837) 93458.0
(2142, 2143, 2144) 77886.0
(1693, 1694, 1695) 74220.0
(873, 874, 875) 100921.0
(5463, 5464, 5465) 122234.0
(8950, 8951, 8952) 93704.0
(8986, 8987, 8988) 86708.0
(896, 897, 898) 84660.0
(5189, 5190, 5191) 66849.0
(9697, 9698, 9699) 85875.0
(8294, 8295, 8296) 93929.0
