(2663, 2664, 2665) 72853.0
(1670, 1671, 1672) 69014.0
(9561, 9562, 9563) 84638.0
(1492, 1493, 1494) 80212.0
(9331, 9332, 9333) 93647.0
(1031, 1032, 1033) 80241.0
(3366, 3367, 3368) 100577.0
(7275, 7276, 7277) 80515.0
(3269, 3270, 3271) 94025.0
(3778, 3779, 3780) 83434.0
(8245, 8246, 8247) 83238.0
(8731, 8732, 8733) 83590.0
(808, 809, 810) 87945.0
(4876, 4877, 4878) 100551.0
(3505, 3506, 3507) 73425.0
(6545, 6546, 6547) 78132.0
(8266, 8267, 8268) 61390.0
(9524, 9525, 9526) 72968.0
(1383, 1384, 1385) 98476.0
(627, 628, 629) 66624.0
(2787, 2788, 2789) 75411.0
(2751, 2752, 2753) 87758.0
(2088, 2089, 2090) 79253.0
(7919, 7920, 7921) 90130.0
(9275, 9276, 9277) 84311.0
(7556, 7557, 7558) 114289.0
(5114, 5115, 5116) 75791.0
(1852, 1853, 1854) 104799.0
(9522, 9523, 9524) 93562.0
(3809, 3810, 3811) 103449.0
(3801, 3802, 3803) 80425.0
(5487, 5488, 5489) 78360.0
(4014, 4015, 4016) 76880.0
(6253, 6254, 6255) 101370.0
(5075, 5076, 5077) 96306.0
(7017, 7018, 7019) 85443.0
(978, 979, 980) 80384.0
(219, 220, 221) 82610.0
(4722, 4723, 4724) 72315.0
(1922, 1923, 1924) 79758.0
(9814, 9815, 9816) 97483.0
(2577, 2578, 2579) 81795.0
(9507, 9508, 9509) 80405.0
(2387, 2388, 2389) 80757.0
(5300, 5301, 5302) 74976.0
(8086, 8087, 8088) 90476.0
(2663, 2664, 2665) 72853.0
(7774, 7775, 7776) 88846.0
(1807, 1808, 1809) 89156.0
(3146, 3147, 3148) 101629.0
(495, 496, 497) 88884.0
(7222, 7223, 7224) 73923.0
(8018, 8019, 8020) 96253.0
(6395, 6396, 6397) 72661.0
(3437, 3438, 3439) 80261.0
(2942, 2943, 2944) 83937.0
(1270, 1271, 1272) 97071.0
(5871, 5872, 5873) 106956.0
(6096, 6097, 6098) 80833.0
(9897, 9898, 9899) 93532.0
(6231, 6232, 6233) 84123.0
(6799, 6800, 6801) 83691.0
(2563, 2564, 2565) 79659.0
(7617, 7618, 7619) 82326.0
(7554, 7555, 7556) 124897.0
(8853, 8854, 8855) 80146.0
(5637, 5638, 5639) 72600.0
(8312, 8313, 8314) 72642.0
(2178, 2179, 2180) 95902.0
(7968, 7969, 7970) 81154.0
(3339, 3340, 3341) 75171.0
(4873, 4874, 4875) 89692.0
(5194, 5195, 5196) 71314.0
(9383, 9384, 9385) 76395.0
(3980, 3981, 3982) 70273.0
(4761, 4762, 4763) 83974.0
(5563, 5564, 5565) 80901.0
(1751, 1752, 1753) 79966.0
(5508, 5509, 5510) 92105.0
(3075, 3076, 3077) 69909.0
(431, 432, 433) 74136.0
(8083, 8084, 8085) 90421.0
(7598, 7599, 7600) 91937.0
(173, 174, 175) 82043.0
(4924, 4925, 4926) 104395.0
(384, 385, 386) 79154.0
(6591, 6592, 6593) 72776.0
(5277, 5278, 5279) 75866.0
(1804, 1805, 1806) 87890.0
(3808, 3809, 3810) 67067.0
(4287, 4288, 4289) 85695.0
(2125, 2126, 2127) 100645.0
(9386, 9387, 9388) 96754.0
(413, 414, 415) 91447.0
(8119, 8120, 8121) 96587.0
(8878, 8879, 8880) 74420.0
(3496, 3497, 3498) 100885.0
(28, 29, 30) 61233.0
(1667, 1668, 1669) 77472.0
(6346, 6347, 6348) 69972.0
(4356, 4357, 4358) 83390.0
(7170, 7171, 7172) 90462.0
(9188, 9189, 9190) 62319.0
(2986, 2987, 2988) 78845.0
(8866, 8867, 8868) 97269.0
(6394, 6395, 6396) 88600.0
(6588, 6589, 6590) 85822.0
(4245, 4246, 4247) 126591.0
(6254, 6255, 6256) 109510.0
(1197, 1198, 1199) 90983.0
(8039, 8040, 8041) 61678.0
(7603, 7604, 7605) 60120.0
(5506, 5507, 5508) 98395.0
(4757, 4758, 4759) 80303.0
(992, 993, 994) 78822.0
(3981, 3982, 3983) 86992.0
(2150, 2151, 2152) 98183.0
(1507, 1508, 1509) 84705.0
(6523, 6524, 6525) 83415.0
(4548, 4549, 4550) 64779.0
(4059, 4060, 4061) 85512.0
(4094, 4095, 4096) 79734.0
(6032, 6033, 6034) 95878.0
(8729, 8730, 8731) 102134.0
(1516, 1517, 1518) 75664.0
(9082, 9083, 9084) 78005.0
(3815, 3816, 3817) 85803.0
(5323, 5324, 5325) 89167.0
(3902, 3903, 3904) 90475.0
(2631, 2632, 2633) 88721.0
(6019, 6020, 6021) 85262.0
(1913, 1914, 1915) 89369.0
(6028, 6029, 6030) 88010.0
(6364, 6365, 6366) 69426.0
(8422, 8423, 8424) 96138.0
(9429, 9430, 9431) 102212.0
(1542, 1543, 1544) 66845.0
(8205, 8206, 8207) 81462.0
(9999, 10000, 10001) 80651.0
(9679, 9680, 9681) 79962.0
(8603, 8604, 8605) 75179.0
(1266, 1267, 1268) 78960.0
(9260, 9261, 9262) 91212.0
(8040, 8041, 8042) 95864.0
(8378, 8379, 8380) 84473.0
(2102, 2103, 2104) 84511.0
(964, 965, 966) 104160.0
(766, 767, 768) 69394.0
(8107, 8108, 8109) 88758.0
(3260, 3261, 3262) 94252.0
(6119, 6120, 6121) 83600.0
(7221, 7222, 7223) 60646.0
(7902, 7903, 7904) 85158.0
(8186, 8187, 8188) 103491.0
(7261, 7262, 7263) 85542.0
(5077, 5078, 5079) 95392.0
(293, 294, 295) 94818.0
(5704, 5705, 5706) 80790.0
(63, 64, 65) 81494.0
(2954, 2955, 2956) 93324.0
(612, 613, 614) 77549.0
(6112, 6113, 6114) 76735.0
(6379, 6380, 6381) 72537.0
(1866, 1867, 1868) 91987.0
(4739, 4740, 4741) 115314.0
(1079, 1080, 1081) 64284.0
(4229, 4230, 4231) 84622.0
(7004, 7005, 7006) 84558.0
(6008, 6009, 6010) 71056.0
(4680, 4681, 4682) 75196.0
(2575, 2576, 2577) 105188.0
(2115, 2116, 2117) 95008.0
(8432, 8433, 8434) 101672.0
(1770, 1771, 1772) 77757.0
(7062, 7063, 7064) 74236.0
(5549, 5550, 5551) 79401.0
(61, 62, 63) 76814.0
(5374, 5375, 5376) 100117.0
(8372, 8373, 8374) 109590.0
(9682, 9683, 9684) 95964.0
(3209, 3210, 3211) 117752.0
(1110, 1111, 1112) 114341.0
(9039, 9040, 9041) 134298.0
(473, 474, 475) 63614.0
(4694, 4695, 4696) 105305.0
(7180, 7181, 7182) 83215.0
(8965, 8966, 8967) 86807.0
(4113, 4114, 4115) 73483.0
(5022, 5023, 5024) 76332.0
(9457, 9458, 9459) 119938.0
(694, 695, 696) 74961.0
(8269, 8270, 8271) 73035.0
(1013, 1014, 1015) 81549.0
(5391, 5392, 5393) 89730.0
(7509, 7510, 7511) 100622.0
(923, 924, 925) 81771.0
(4982, 4983, 4984) 78943.0
(9446, 9447, 9448) 93190.0
(5609, 5610, 5611) 103057.0
(4204, 4205, 4206) 79262.0
(6112, 6113, 6114) 76735.0
