(8699, 8700, 8701) 86523.0
(6562, 6563, 6564) 72092.0
(5875, 5876, 5877) 82667.0
(4790, 4791, 4792) 82709.0
(8509, 8510, 8511) 73830.0
(8202, 8203, 8204) 105800.0
(6444, 6445, 6446) 76876.0
(8257, 8258, 8259) 87663.0
(7386, 7387, 7388) 103698.0
(1346, 1347, 1348) 72086.0
(2816, 2817, 2818) 98684.0
(5953, 5954, 5955) 94321.0
(3197, 3198, 3199) 70785.0
(4206, 4207, 4208) 92688.0
(3384, 3385, 3386) 106210.0
(6351, 6352, 6353) 96177.0
(2026, 2027, 2028) 89532.0
(9945, 9946, 9947) 62182.0
(1460, 1461, 1462) 62204.0
(5328, 5329, 5330) 62857.0
(3276, 3277, 3278) 102159.0
(1908, 1909, 1910) 100838.0
(1986, 1987, 1988) 72235.0
(3450, 3451, 3452) 102300.0
(9756, 9757, 9758) 85333.0
(410, 411, 412) 77308.0
(8587, 8588, 8589) 82510.0
(7471, 7472, 7473) 65552.0
(7714, 7715, 7716) 84306.0
(6569, 6570, 6571) 76114.0
(1128, 1129, 1130) 99334.0
(8697, 8698, 8699) 73400.0
(9469, 9470, 9471) 84308.0
(2667, 2668, 2669) 73662.0
(869, 870, 871) 73220.0
(7235, 7236, 7237) 82053.0
(4916, 4917, 4918) 95188.0
(7075, 7076, 7077) 103594.0
(6335, 6336, 6337) 88021.0
(9592, 9593, 9594) 89469.0
(3174, 3175, 3176) 67464.0
(9295, 9296, 9297) 76291.0
(7177, 7178, 7179) 103296.0
(4515, 4516, 4517) 89801.0
(8120, 8121, 8122) 96613.0
(374, 375, 376) 69490.0
(7796, 7797, 7798) 72011.0
(4921, 4922, 4923) 121101.0
(336, 337, 338) 94296.0
(8202, 8203, 8204) 105800.0
(6115, 6116, 6117) 89000.0
(6711, 6712, 6713) 83721.0
(956, 957, 958) 89012.0
(7130, 7131, 7132) 108619.0
(1921, 1922, 1923) 84308.0
(5082, 5083, 5084) 79693.0
(680, 681, 682) 76846.0
(943, 944, 945) 95072.0
(9963, 9964, 9965) 70140.0
(3047, 3048, 3049) 64193.0
(4092, 4093, 4094) 68902.0
(3241, 3242, 3243) 70426.0
(202, 203, 204) 68686.0
(3023, 3024, 3025) 104706.0
(650, 651, 652) 75323.0
(1085, 1086, 1087) 80690.0
(8447, 8448, 8449) 80249.0
(3915, 3916, 3917) 83584.0
(1364, 1365, 1366) 87938.0
(1538, 1539, 1540) 77591.0
(5183, 5184, 5185) 85198.0
(9436, 9437, 9438) 87380.0
(8697, 8698, 8699) 73400.0
(2112, 2113, 2114) 82229.0
(6019, 6020, 6021) 85001.0
(2629, 2630, 2631) 85253.0
(1677, 1678, 1679) 96609.0
(752, 753, 754) 93136.0
(8717, 8718, 8719) 110861.0
(174, 175, 176) 71677.0
(5523, 5524, 5525) 82748.0
(6272, 6273, 6274) 82198.0
(1831, 1832, 1833) 64806.0
(4335, 4336, 4337) 76380.0
(5913, 5914, 5915) 85661.0
(7515, 7516, 7517) 78410.0
(7467, 7468, 7469) 79241.0
(5777, 5778, 5779) 97252.0
(3897, 3898, 3899) 95366.0
(1693, 1694, 1695) 76743.0
(4600, 4601, 4602) 92104.0
(241, 242, 243) 91406.0
(1282, 1283, 1284) 81885.0
(6050, 6051, 6052) 115822.0
(7859, 7860, 7861) 84971.0
(658, 659, 660) 132358.0
(9545, 9546, 9547) 88233.0
(4489, 4490, 4491) 74113.0
(9270, 9271, 9272) 113278.0
(5117, 5118, 5119) 77067.0
(9117, 9118, 9119) 67643.0
(7612, 7613, 7614) 82190.0
(2801, 2802, 2803) 100212.0
(4126, 4127, 4128) 87284.0
(9834, 9835, 9836) 96000.0
(6651, 6652, 6653) 88878.0
(1406, 1407, 1408) 76280.0
(5822, 5823, 5824) 107456.0
(4973, 4974, 4975) 79394.0
(5938, 5939, 5940) 105204.0
(3675, 3676, 3677) 79869.0
(2819, 2820, 2821) 79954.0
(5563, 5564, 5565) 84451.0
(7188, 7189, 7190) 117339.0
(1099, 1100, 1101) 83917.0
(6700, 6701, 6702) 84773.0
(1233, 1234, 1235) 59726.0
(8980, 8981, 8982) 78837.0
(4744, 4745, 4746) 101780.0
(9118, 9119, 9120) 91894.0
(3947, 3948, 3949) 80370.0
(4739, 4740, 4741) 120332.0
(9928, 9929, 9930) 67929.0
(3916, 3917, 3918) 92387.0
(2249, 2250, 2251) 114537.0
(8796, 8797, 8798) 95038.0
(340, 341, 342) 91098.0
(3095, 3096, 3097) 85890.0
(8379, 8380, 8381) 97637.0
(4683, 4684, 4685) 85345.0
(6326, 6327, 6328) 91442.0
(5868, 5869, 5870) 80009.0
(6903, 6904, 6905) 88192.0
(5754, 5755, 5756) 87018.0
(6589, 6590, 6591) 84959.0
(3161, 3162, 3163) 87414.0
(5607, 5608, 5609) 97512.0
(711, 712, 713) 95221.0
(2569, 2570, 2571) 109577.0
(4897, 4898, 4899) 101507.0
(9656, 9657, 9658) 93080.0
(7270, 7271, 7272) 63077.0
(9759, 9760, 9761) 82169.0
(2431, 2432, 2433) 98587.0
(1126, 1127, 1128) 73564.0
(413, 414, 415) 92605.0
(8372, 8373, 8374) 111842.0
(4028, 4029, 4030) 90714.0
(833, 834, 835) 79309.0
(3626, 3627, 3628) 75447.0
(6644, 6645, 6646) 70191.0
(6029, 6030, 6031) 75620.0
(4341, 4342, 4343) 111795.0
(3441, 3442, 3443) 73884.0
(1306, 1307, 1308) 86737.0
(8849, 8850, 8851) 73106.0
(7117, 7118, 7119) 96179.0
(6974, 6975, 6976) 83266.0
(5637, 5638, 5639) 74642.0
(4772, 4773, 4774) 82739.0
(889, 890, 891) 98865.0
(7665, 7666, 7667) 86940.0
(7247, 7248, 7249) 76403.0
(4486, 4487, 4488) 89887.0
(5562, 5563, 5564) 93557.0
(1020, 1021, 1022) 77614.0
(5212, 5213, 5214) 68150.0
(66, 67, 68) 76604.0
(6222, 6223, 6224) 71133.0
(6002, 6003, 6004) 95992.0
(8338, 8339, 8340) 101303.0
(8607, 8608, 8609) 90658.0
(8564, 8565, 8566) 115522.0
(8631, 8632, 8633) 83990.0
(9057, 9058, 9059) 81996.0
(4514, 4515, 4516) 84544.0
(3901, 3902, 3903) 99582.0
(8243, 8244, 8245) 64320.0
(5509, 5510, 5511) 100258.0
(3540, 3541, 3542) 64753.0
(1590, 1591, 1592) 94150.0
(222, 223, 224) 90630.0
(5595, 5596, 5597) 74512.0
(6705, 6706, 6707) 88347.0
(5493, 5494, 5495) 82818.0
(25, 26, 27) 93234.0
(1832, 1833, 1834) 81802.0
(1516, 1517, 1518) 80814.0
(1925, 1926, 1927) 87745.0
(3471, 3472, 3473) 108296.0
(8977, 8978, 8979) 77795.0
(6379, 6380, 6381) 75521.0
(2666, 2667, 2668) 91499.0
(9276, 9277, 9278) 80417.0
(9176, 9177, 9178) 85969.0
(9305, 9306, 9307) 74192.0
(7455, 7456, 7457) 94420.0
(8332, 8333, 8334) 75877.0
(4842, 4843, 4844) 95279.0
(5382, 5383, 5384) 97737.0
(3707, 3708, 3709) 63623.0
(8400, 8401, 8402) 108440.0
(1352, 1353, 1354) 69697.0
(1538, 1539, 1540) 77591.0
(564, 565, 566) 72826.0
(2601, 2602, 2603) 120883.0
(6452, 6453, 6454) 97366.0
(9815, 9816, 9817) 73244.0
(5688, 5689, 5690) 89400.0
(9227, 9228, 9229) 89681.0
(6615, 6616, 6617) 82927.0
(7808, 7809, 7810) 62473.0
(1943, 1944, 1945) 71170.0
(7510, 7511, 7512) 94076.0
(7064, 7065, 7066) 78336.0
(4343, 4344, 4345) 80838.0
(6672, 6673, 6674) 102588.0
(1523, 1524, 1525) 108901.0
(2368, 2369, 2370) 95927.0
(5527, 5528, 5529) 85875.0
(2379, 2380, 2381) 76759.0
(3386, 3387, 3388) 68128.0
(8444, 8445, 8446) 84311.0
(7537, 7538, 7539) 91249.0
(8792, 8793, 8794) 72020.0
(8508, 8509, 8510) 109115.0
(7092, 7093, 7094) 89681.0
(3792, 3793, 3794) 64673.0
(1026, 1027, 1028) 74793.0
(7572, 7573, 7574) 88260.0
(7861, 7862, 7863) 67860.0
(9790, 9791, 9792) 82135.0
(3251, 3252, 3253) 73566.0
(1889, 1890, 1891) 122147.0
(8665, 8666, 8667) 90961.0
(6841, 6842, 6843) 76811.0
(9376, 9377, 9378) 91646.0
(5067, 5068, 5069) 94940.0
(4392, 4393, 4394) 111332.0
(9785, 9786, 9787) 91257.0
(2547, 2548, 2549) 94709.0
(7597, 7598, 7599) 98136.0
(2673, 2674, 2675) 76581.0
(3989, 3990, 3991) 112104.0
(8835, 8836, 8837) 71249.0
(8820, 8821, 8822) 85714.0
(5201, 5202, 5203) 69464.0
(204, 205, 206) 71679.0
(166, 167, 168) 100280.0
(4317, 4318, 4319) 81704.0
(2535, 2536, 2537) 77113.0
(5163, 5164, 5165) 70341.0
(5936, 5937, 5938) 76400.0
(1779, 1780, 1781) 70919.0
(9193, 9194, 9195) 83575.0
(44, 45, 46) 87794.0
(777, 778, 779) 88693.0
(4026, 4027, 4028) 105975.0
(3954, 3955, 3956) 115758.0
(9857, 9858, 9859) 84473.0
(1447, 1448, 1449) 70964.0
(3709, 3710, 3711) 50566.0
(9934, 9935, 9936) 79193.0
(2298, 2299, 2300) 101755.0
(6498, 6499, 6500) 75297.0
(6073, 6074, 6075) 96477.0
(9456, 9457, 9458) 92774.0
(7739, 7740, 7741) 74191.0
(3087, 3088, 3089) 72097.0
(160, 161, 162) 66426.0
(5335, 5336, 5337) 103093.0
(8607, 8608, 8609) 90658.0
(2467, 2468, 2469) 87055.0
(1120, 1121, 1122) 101134.0
(991, 992, 993) 80330.0
(3550, 3551, 3552) 93552.0
(173, 174, 175) 86814.0
(146, 147, 148) 86884.0
(5422, 5423, 5424) 107626.0
(749, 750, 751) 87429.0
(983, 984, 985) 92155.0
(4158, 4159, 4160) 88482.0
(2390, 2391, 2392) 92843.0
(2514, 2515, 2516) 84504.0
(4881, 4882, 4883) 96045.0
(2708, 2709, 2710) 95319.0
(3705, 3706, 3707) 88725.0
(6575, 6576, 6577) 70677.0
(9784, 9785, 9786) 71674.0
(4986, 4987, 4988) 89509.0
(8257, 8258, 8259) 87663.0
(6643, 6644, 6645) 76587.0
(5517, 5518, 5519) 82470.0
(8104, 8105, 8106) 102661.0
(3233, 3234, 3235) 82190.0
(2013, 2014, 2015) 78326.0
(2049, 2050, 2051) 81515.0
(8295, 8296, 8297) 114550.0
(6819, 6820, 6821) 77960.0
(3617, 3618, 3619) 84703.0
(5346, 5347, 5348) 76847.0
(7344, 7345, 7346) 80528.0
(2588, 2589, 2590) 76376.0
(4881, 4882, 4883) 96045.0
(5275, 5276, 5277) 73085.0
(9789, 9790, 9791) 80440.0
(7525, 7526, 7527) 76686.0
(6278, 6279, 6280) 96978.0
(3479, 3480, 3481) 82782.0
(6573, 6574, 6575) 107340.0
(5568, 5569, 5570) 96826.0
(5481, 5482, 5483) 96405.0
(4201, 4202, 4203) 72429.0
(1855, 1856, 1857) 90443.0
(6767, 6768, 6769) 89137.0
(5553, 5554, 5555) 78354.0
(7110, 7111, 7112) 94388.0
(8406, 8407, 8408) 79238.0
(1773, 1774, 1775) 79046.0
(6212, 6213, 6214) 81068.0
(9285, 9286, 9287) 72757.0
(9883, 9884, 9885) 63567.0
(9530, 9531, 9532) 89959.0
(4077, 4078, 4079) 90765.0
(6074, 6075, 6076) 78741.0
(51, 52, 53) 106476.0
(6730, 6731, 6732) 120480.0
(3578, 3579, 3580) 79400.0
(5730, 5731, 5732) 120507.0
(886, 887, 888) 88624.0
(7272, 7273, 7274) 100184.0
(2636, 2637, 2638) 89568.0
(8456, 8457, 8458) 86516.0
(3400, 3401, 3402) 82675.0
(3858, 3859, 3860) 89033.0
(6371, 6372, 6373) 82632.0
(9182, 9183, 9184) 109501.0
(5162, 5163, 5164) 106081.0
(2347, 2348, 2349) 87846.0
(5779, 5780, 5781) 92809.0
(6738, 6739, 6740) 105482.0
(4992, 4993, 4994) 65220.0
(2881, 2882, 2883) 63378.0
(8193, 8194, 8195) 85065.0
(3511, 3512, 3513) 77553.0
(4696, 4697, 4698) 79687.0
(9601, 9602, 9603) 96991.0
(5385, 5386, 5387) 95881.0
(1991, 1992, 1993) 82071.0
(1129, 1130, 1131) 72326.0
(3987, 3988, 3989) 83361.0
(3499, 3500, 3501) 101545.0
(3676, 3677, 3678) 70127.0
(1061, 1062, 1063) 91145.0
(9422, 9423, 9424) 93654.0
(7079, 7080, 7081) 68226.0
(5204, 5205, 5206) 70207.0
(9969, 9970, 9971) 90737.0
(7679, 7680, 7681) 72845.0
(8219, 8220, 8221) 80946.0
(3236, 3237, 3238) 71378.0
(4337, 4338, 4339) 86105.0
(9755, 9756, 9757) 77901.0
(5486, 5487, 5488) 80311.0
(7022, 7023, 7024) 63631.0
(430, 431, 432) 86721.0
(4330, 4331, 4332) 90332.0
(1171, 1172, 1173) 86029.0
(2741, 2742, 2743) 87294.0
(9098, 9099, 9100) 91848.0
(8107, 8108, 8109) 94000.0
(2391, 2392, 2393) 62123.0
(1198, 1199, 1200) 82407.0
(4812, 4813, 4814) 94351.0
(5070, 5071, 5072) 98555.0
(4334, 4335, 4336) 63339.0
(8259, 8260, 8261) 98106.0
(3768, 3769, 3770) 69588.0
(4639, 4640, 4641) 103521.0
(2440, 2441, 2442) 98185.0
(9882, 9883, 9884) 75114.0
(8677, 8678, 8679) 96803.0
(8113, 8114, 8115) 74495.0
(6827, 6828, 6829) 94211.0
(3594, 3595, 3596) 51555.0
(7037, 7038, 7039) 103086.0
(3474, 3475, 3476) 79885.0
(89, 90, 91) 83375.0
(3944, 3945, 3946) 97346.0
(1803, 1804, 1805) 112379.0
(7406, 7407, 7408) 77676.0
(6479, 6480, 6481) 83863.0
(3526, 3527, 3528) 71678.0
(9030, 9031, 9032) 89113.0
(6462, 6463, 6464) 97519.0
(4718, 4719, 4720) 130541.0
(4736, 4737, 4738) 102757.0
(2920, 2921, 2922) 89285.0
(3296, 3297, 3298) 109342.0
(3539, 3540, 3541) 89849.0
(1210, 1211, 1212) 103443.0
(4892, 4893, 4894) 85913.0
(1228, 1229, 1230) 98212.0
(4006, 4007, 4008) 81914.0
(6089, 6090, 6091) 90791.0
(7201, 7202, 7203) 74619.0
(9756, 9757, 9758) 85333.0
(2219, 2220, 2221) 92249.0
(7117, 7118, 7119) 96179.0
(9130, 9131, 9132) 98769.0
(8607, 8608, 8609) 90658.0
(2654, 2655, 2656) 75275.0
(1329, 1330, 1331) 96140.0
(1293, 1294, 1295) 79723.0
(1147, 1148, 1149) 88233.0
(5176, 5177, 5178) 72343.0
(4703, 4704, 4705) 85534.0
(1130, 1131, 1132) 90310.0
(8245, 8246, 8247) 84327.0
(402, 403, 404) 76632.0
(3890, 3891, 3892) 90832.0
(383, 384, 385) 93340.0
(8140, 8141, 8142) 86713.0
(8111, 8112, 8113) 90211.0
(6025, 6026, 6027) 77770.0
(3274, 3275, 3276) 91681.0
(2410, 2411, 2412) 89011.0
(2067, 2068, 2069) 107041.0
(3811, 3812, 3813) 82179.0
(9075, 9076, 9077) 111274.0
(9034, 9035, 9036) 91443.0
(9116, 9117, 9118) 90539.0
(2107, 2108, 2109) 73746.0
(9764, 9765, 9766) 92203.0
(9952, 9953, 9954) 77913.0
(6894, 6895, 6896) 91388.0
(3714, 3715, 3716) 110241.0
(746, 747, 748) 79803.0
(9974, 9975, 9976) 109434.0
(9484, 9485, 9486) 86177.0
(3921, 3922, 3923) 90449.0
(7002, 7003, 7004) 78964.0
(8483, 8484, 8485) 87233.0
(58, 59, 60) 79384.0
(7459, 7460, 7461) 66460.0
(6922, 6923, 6924) 106543.0
(6474, 6475, 6476) 80442.0
(155, 156, 157) 95598.0
(3580, 3581, 3582) 73121.0
(6914, 6915, 6916) 80250.0
(3699, 3700, 3701) 95535.0
(4078, 4079, 4080) 72822.0
(5358, 5359, 5360) 78196.0
(7798, 7799, 7800) 86244.0
(6674, 6675, 6676) 95728.0
(2810, 2811, 2812) 99278.0
(1277, 1278, 1279) 72935.0
(946, 947, 948) 83951.0
(7086, 7087, 7088) 77466.0
(2310, 2311, 2312) 125517.0
(3434, 3435, 3436) 96330.0
(1091, 1092, 1093) 83307.0
(1704, 1705, 1706) 90635.0
(4884, 4885, 4886) 61579.0
(593, 594, 595) 92883.0
(3159, 3160, 3161) 106364.0
(507, 508, 509) 91312.0
(3976, 3977, 3978) 83067.0
(322, 323, 324) 82933.0
(2887, 2888, 2889) 102883.0
(8876, 8877, 8878) 79651.0
(3403, 3404, 3405) 72401.0
(1483, 1484, 1485) 101753.0
(5496, 5497, 5498) 111681.0
(6715, 6716, 6717) 107280.0
(6439, 6440, 6441) 79913.0
(4068, 4069, 4070) 95576.0
(8696, 8697, 8698) 83092.0
(3023, 3024, 3025) 104706.0
(9020, 9021, 9022) 69542.0
(5241, 5242, 5243) 79779.0
(4323, 4324, 4325) 92282.0
(5183, 5184, 5185) 85198.0
(2603, 2604, 2605) 83148.0
(4858, 4859, 4860) 108787.0
(780, 781, 782) 92702.0
(4929, 4930, 4931) 99925.0
(7383, 7384, 7385) 78420.0
(9876, 9877, 9878) 111448.0
(9425, 9426, 9427) 64828.0
(4602, 4603, 4604) 69135.0
(254, 255, 256) 73669.0
(5079, 5080, 5081) 78973.0
(6013, 6014, 6015) 92383.0
(7578, 7579, 7580) 76223.0
(2708, 2709, 2710) 95319.0
(7873, 7874, 7875) 77649.0
(7750, 7751, 7752) 99363.0
(3729, 3730, 3731) 82205.0
(238, 239, 240) 89059.0
(9297, 9298, 9299) 96157.0
(7973, 7974, 7975) 96217.0
(6214, 6215, 6216) 110335.0
(3624, 3625, 3626) 93303.0
(8891, 8892, 8893) 96796.0
(7964, 7965, 7966) 74090.0
(2836, 2837, 2838) 84597.0
(4476, 4477, 4478) 77319.0
(4806, 4807, 4808) 100622.0
(728, 729, 730) 92719.0
(7093, 7094, 7095) 66894.0
(1789, 1790, 1791) 108306.0
(3490, 3491, 3492) 86940.0
(6580, 6581, 6582) 87204.0
(1905, 1906, 1907) 79685.0
(5473, 5474, 5475) 68318.0
(1511, 1512, 1513) 70542.0
(7627, 7628, 7629) 104528.0
(2603, 2604, 2605) 83148.0
(3242, 3243, 3244) 108329.0
(6845, 6846, 6847) 73920.0
(353, 354, 355) 84437.0
(7514, 7515, 7516) 101724.0
(687, 688, 689) 84979.0
(7752, 7753, 7754) 84556.0
(8522, 8523, 8524) 70558.0
(2340, 2341, 2342) 86571.0
(6955, 6956, 6957) 77702.0
(9171, 9172, 9173) 112751.0
(4085, 4086, 4087) 103371.0
(7603, 7604, 7605) 60325.0
(919, 920, 921) 83522.0
(2173, 2174, 2175) 78534.0
(5409, 5410, 5411) 94743.0
(3059, 3060, 3061) 79735.0
(2154, 2155, 2156) 86388.0
(7072, 7073, 7074) 99924.0
(4653, 4654, 4655) 78079.0
(4157, 4158, 4159) 100810.0
(2454, 2455, 2456) 73337.0
(7693, 7694, 7695) 104328.0
(3716, 3717, 3718) 59554.0
(7481, 7482, 7483) 84943.0
(9401, 9402, 9403) 98693.0
(8555, 8556, 8557) 81788.0
(6093, 6094, 6095) 88791.0
(9840, 9841, 9842) 70636.0
(7741, 7742, 7743) 63640.0
(9781, 9782, 9783) 78157.0
(4086, 4087, 4088) 80794.0
(2648, 2649, 2650) 93663.0
(2485, 2486, 2487) 78638.0
(8956, 8957, 8958) 81075.0
(4384, 4385, 4386) 89392.0
(1628, 1629, 1630) 99807.0
(3872, 3873, 3874) 97448.0
(1027, 1028, 1029) 83827.0
(1112, 1113, 1114) 108076.0
(9375, 9376, 9377) 85634.0
(1415, 1416, 1417) 98350.0
(9714, 9715, 9716) 92019.0
(9319, 9320, 9321) 97397.0
(9370, 9371, 9372) 70575.0
(3924, 3925, 3926) 85043.0
(3831, 3832, 3833) 66916.0
(129, 130, 131) 90105.0
(5243, 5244, 5245) 74270.0
(6054, 6055, 6056) 111563.0
(9189, 9190, 9191) 82851.0
(2335, 2336, 2337) 112650.0
(7492, 7493, 7494) 88982.0
(9462, 9463, 9464) 69324.0
(2474, 2475, 2476) 85342.0
(1583, 1584, 1585) 95681.0
(272, 273, 274) 77333.0
(4773, 4774, 4775) 70507.0
(5359, 5360, 5361) 84844.0
(5668, 5669, 5670) 88667.0
(5292, 5293, 5294) 90524.0
(8844, 8845, 8846) 64069.0
(9688, 9689, 9690) 96250.0
(109, 110, 111) 92775.0
(5435, 5436, 5437) 92139.0
(1949, 1950, 1951) 109982.0
(3419, 3420, 3421) 100973.0
(2660, 2661, 2662) 81092.0
(5327, 5328, 5329) 103303.0
(7418, 7419, 7420) 65620.0
(7811, 7812, 7813) 89604.0
(980, 981, 982) 105311.0
(6420, 6421, 6422) 68054.0
(7551, 7552, 7553) 91448.0
(970, 971, 972) 74149.0
(4012, 4013, 4014) 85352.0
(2690, 2691, 2692) 79345.0
(9358, 9359, 9360) 92236.0
(9536, 9537, 9538) 92529.0
(5908, 5909, 5910) 73929.0
(3883, 3884, 3885) 75113.0
(5022, 5023, 5024) 79952.0
(7650, 7651, 7652) 88934.0
(5970, 5971, 5972) 94165.0
(7014, 7015, 7016) 103840.0
(1630, 1631, 1632) 93293.0
(7339, 7340, 7341) 67000.0
(52, 53, 54) 90171.0
(1103, 1104, 1105) 81833.0
(1245, 1246, 1247) 88839.0
(5984, 5985, 5986) 101892.0
(9243, 9244, 9245) 85701.0
(4671, 4672, 4673) 68152.0
(1409, 1410, 1411) 98954.0
(7603, 7604, 7605) 60325.0
(8895, 8896, 8897) 103738.0
(2107, 2108, 2109) 73746.0
(6768, 6769, 6770) 83175.0
(5137, 5138, 5139) 91818.0
(1342, 1343, 1344) 77421.0
(3455, 3456, 3457) 111094.0
(9592, 9593, 9594) 89469.0
(9167, 9168, 9169) 72387.0
(2554, 2555, 2556) 88010.0
(837, 838, 839) 85438.0
(3399, 3400, 3401) 88227.0
(4683, 4684, 4685) 85345.0
(6970, 6971, 6972) 77908.0
(4791, 4792, 4793) 59879.0
(6490, 6491, 6492) 82057.0
(7439, 7440, 7441) 102258.0
(9859, 9860, 9861) 91927.0
(5067, 5068, 5069) 94940.0
(1447, 1448, 1449) 70964.0
(9087, 9088, 9089) 72898.0
(8976, 8977, 8978) 89967.0
(8464, 8465, 8466) 69430.0
(6270, 6271, 6272) 85688.0
(6048, 6049, 6050) 93573.0
(4516, 4517, 4518) 98137.0
(6933, 6934, 6935) 78162.0
(214, 215, 216) 90704.0
(5092, 5093, 5094) 71236.0
(3860, 3861, 3862) 110832.0
(4322, 4323, 4324) 104218.0
(8805, 8806, 8807) 102627.0
(7207, 7208, 7209) 87471.0
(4898, 4899, 4900) 85343.0
(5437, 5438, 5439) 75074.0
(3836, 3837, 3838) 84064.0
(1697, 1698, 1699) 75205.0
(7930, 7931, 7932) 95297.0
(5035, 5036, 5037) 77967.0
(26, 27, 28) 71579.0
(4921, 4922, 4923) 121101.0
(2962, 2963, 2964) 83159.0
(9040, 9041, 9042) 72618.0
(6281, 6282, 6283) 50699.0
(9264, 9265, 9266) 82205.0
(5969, 5970, 5971) 85211.0
(1339, 1340, 1341) 58743.0
(1761, 1762, 1763) 77029.0
(1840, 1841, 1842) 106877.0
(7352, 7353, 7354) 88079.0
(89, 90, 91) 83375.0
(478, 479, 480) 105044.0
(6135, 6136, 6137) 80643.0
(1567, 1568, 1569) 83931.0
(1323, 1324, 1325) 81472.0
(1171, 1172, 1173) 86029.0
(7534, 7535, 7536) 60681.0
(5484, 5485, 5486) 114018.0
(9054, 9055, 9056) 75232.0
(5623, 5624, 5625) 78025.0
(3202, 3203, 3204) 94212.0
(7182, 7183, 7184) 75877.0
(1992, 1993, 1994) 91511.0
(4695, 4696, 4697) 97949.0
(248, 249, 250) 83798.0
(3086, 3087, 3088) 63241.0
(4400, 4401, 4402) 106232.0
(9872, 9873, 9874) 80369.0
(5495, 5496, 5497) 85287.0
(1326, 1327, 1328) 83232.0
(4162, 4163, 4164) 73456.0
(1201, 1202, 1203) 73112.0
(4542, 4543, 4544) 92083.0
(4122, 4123, 4124) 83945.0
(1276, 1277, 1278) 101191.0
(5675, 5676, 5677) 95560.0
(5490, 5491, 5492) 95053.0
(2101, 2102, 2103) 100658.0
(697, 698, 699) 93877.0
(7747, 7748, 7749) 97033.0
(8441, 8442, 8443) 82185.0
(562, 563, 564) 77703.0
(4464, 4465, 4466) 68842.0
(9912, 9913, 9914) 72678.0
(5787, 5788, 5789) 77643.0
(2523, 2524, 2525) 82898.0
(800, 801, 802) 76702.0
(4824, 4825, 4826) 83781.0
(9424, 9425, 9426) 75435.0
(4459, 4460, 4461) 76975.0
(3191, 3192, 3193) 90454.0
(4384, 4385, 4386) 89392.0
(3501, 3502, 3503) 91934.0
(6829, 6830, 6831) 111422.0
(6427, 6428, 6429) 75629.0
(47, 48, 49) 74869.0
(9832, 9833, 9834) 101205.0
(5168, 5169, 5170) 93935.0
(9951, 9952, 9953) 96469.0
(2159, 2160, 2161) 87969.0
(2754, 2755, 2756) 73135.0
(9564, 9565, 9566) 77240.0
(7847, 7848, 7849) 98988.0
(187, 188, 189) 74877.0
(2565, 2566, 2567) 97085.0
(9958, 9959, 9960) 97783.0
(3875, 3876, 3877) 73817.0
(590, 591, 592) 73930.0
(9765, 9766, 9767) 84997.0
(9577, 9578, 9579) 92450.0
(7135, 7136, 7137) 84599.0
(5226, 5227, 5228) 77034.0
(8874, 8875, 8876) 83681.0
(5061, 5062, 5063) 87494.0
(3081, 3082, 3083) 96965.0
(7297, 7298, 7299) 86059.0
(330, 331, 332) 69524.0
(6500, 6501, 6502) 83321.0
(5862, 5863, 5864) 79171.0
(4794, 4795, 4796) 66042.0
(8110, 8111, 8112) 88548.0
(2057, 2058, 2059) 78872.0
(9654, 9655, 9656) 76107.0
(211, 212, 213) 85951.0
(2185, 2186, 2187) 104378.0
(274, 275, 276) 81233.0
(3191, 3192, 3193) 90454.0
(6534, 6535, 6536) 74499.0
(9834, 9835, 9836) 96000.0
(8383, 8384, 8385) 95937.0
(6177, 6178, 6179) 68717.0
(2563, 2564, 2565) 81907.0
(3788, 3789, 3790) 78782.0
(2336, 2337, 2338) 78926.0
(7260, 7261, 7262) 71900.0
(2688, 2689, 2690) 68686.0
(3272, 3273, 3274) 105325.0
(1071, 1072, 1073) 97099.0
(271, 272, 273) 100160.0
(4425, 4426, 4427) 80632.0
(7155, 7156, 7157) 73756.0
(9562, 9563, 9564) 84418.0
(3245, 3246, 3247) 98990.0
(7015, 7016, 7017) 87407.0
(4625, 4626, 4627) 116381.0
(4528, 4529, 4530) 88493.0
(5935, 5936, 5937) 93283.0
(5017, 5018, 5019) 93317.0
(1053, 1054, 1055) 103046.0
(8929, 8930, 8931) 112145.0
(7256, 7257, 7258) 70074.0
(1402, 1403, 1404) 81327.0
(343, 344, 345) 107760.0
(5618, 5619, 5620) 71569.0
(783, 784, 785) 80337.0
(3118, 3119, 3120) 84715.0
(2835, 2836, 2837) 90908.0
(349, 350, 351) 96520.0
(2504, 2505, 2506) 84163.0
(3229, 3230, 3231) 86366.0
(7224, 7225, 7226) 89424.0
(4851, 4852, 4853) 93268.0
(4854, 4855, 4856) 96198.0
(4688, 4689, 4690) 82363.0
(7942, 7943, 7944) 91107.0
(9213, 9214, 9215) 84673.0
(5138, 5139, 5140) 100982.0
(7624, 7625, 7626) 102861.0
(4169, 4170, 4171) 100233.0
(1188, 1189, 1190) 93193.0
(1539, 1540, 1541) 69451.0
(150, 151, 152) 86742.0
(2124, 2125, 2126) 94429.0
(1711, 1712, 1713) 74918.0
(8260, 8261, 8262) 93719.0
(3175, 3176, 3177) 89141.0
(7272, 7273, 7274) 100184.0
(1081, 1082, 1083) 78261.0
(8103, 8104, 8105) 88333.0
(694, 695, 696) 75182.0
(6917, 6918, 6919) 85374.0
(8273, 8274, 8275) 82700.0
(367, 368, 369) 97862.0
(6522, 6523, 6524) 99788.0
(3271, 3272, 3273) 69041.0
(5258, 5259, 5260) 76555.0
(8845, 8846, 8847) 89644.0
(5244, 5245, 5246) 65886.0
(5404, 5405, 5406) 118600.0
(1690, 1691, 1692) 94519.0
(4923, 4924, 4925) 84914.0
(8226, 8227, 8228) 73145.0
(6292, 6293, 6294) 92334.0
(7030, 7031, 7032) 94022.0
(1081, 1082, 1083) 78261.0
(3771, 3772, 3773) 72811.0
(6458, 6459, 6460) 87078.0
(6312, 6313, 6314) 83145.0
(8266, 8267, 8268) 60611.0
(4951, 4952, 4953) 107755.0
(2677, 2678, 2679) 98269.0
(3411, 3412, 3413) 100703.0
(2554, 2555, 2556) 88010.0
(1815, 1816, 1817) 122881.0
(1294, 1295, 1296) 78650.0
(6652, 6653, 6654) 114826.0
(6343, 6344, 6345) 94815.0
(4031, 4032, 4033) 114185.0
(7592, 7593, 7594) 94630.0
(4010, 4011, 4012) 99774.0
(4909, 4910, 4911) 63874.0
(1818, 1819, 1820) 62717.0
(1607, 1608, 1609) 73590.0
(7342, 7343, 7344) 62132.0
(8299, 8300, 8301) 82605.0
(841, 842, 843) 54114.0
(1090, 1091, 1092) 96639.0
(2655, 2656, 2657) 93664.0
(4946, 4947, 4948) 79479.0
(2444, 2445, 2446) 108920.0
(4326, 4327, 4328) 87659.0
(3386, 3387, 3388) 68128.0
(2330, 2331, 2332) 70531.0
(8662, 8663, 8664) 86726.0
(2891, 2892, 2893) 90327.0
(3717, 3718, 3719) 101755.0
(3797, 3798, 3799) 76114.0
(8354, 8355, 8356) 87100.0
(5625, 5626, 5627) 79375.0
(8134, 8135, 8136) 99429.0
(4779, 4780, 4781) 97570.0
(1085, 1086, 1087) 80690.0
(6045, 6046, 6047) 90270.0
(9814, 9815, 9816) 98014.0
(7880, 7881, 7882) 95832.0
(6206, 6207, 6208) 82377.0
(3257, 3258, 3259) 57148.0
(7221, 7222, 7223) 66688.0
(4, 5, 6) 82068.0
(9273, 9274, 9275) 105659.0
(4371, 4372, 4373) 65685.0
(3950, 3951, 3952) 90156.0
(9590, 9591, 9592) 89210.0
(2719, 2720, 2721) 89146.0
(9305, 9306, 9307) 74192.0
(9165, 9166, 9167) 78157.0
(8252, 8253, 8254) 80880.0
(8587, 8588, 8589) 82510.0
(7138, 7139, 7140) 98030.0
(1199, 1200, 1201) 94793.0
(5639, 5640, 5641) 94595.0
(1532, 1533, 1534) 76948.0
(4435, 4436, 4437) 78624.0
(6741, 6742, 6743) 75631.0
(1962, 1963, 1964) 76295.0
(2348, 2349, 2350) 100205.0
(8876, 8877, 8878) 79651.0
(2805, 2806, 2807) 104319.0
(7219, 7220, 7221) 103857.0
(8317, 8318, 8319) 94587.0
(3778, 3779, 3780) 89039.0
(5136, 5137, 5138) 99560.0
(1635, 1636, 1637) 114641.0
(3493, 3494, 3495) 76602.0
(2167, 2168, 2169) 118483.0
(1035, 1036, 1037) 91305.0
(9202, 9203, 9204) 103677.0
(3475, 3476, 3477) 101975.0
(6268, 6269, 6270) 99597.0
(2159, 2160, 2161) 87969.0
(3894, 3895, 3896) 97891.0
(9384, 9385, 9386) 73564.0
(8616, 8617, 8618) 82064.0
(7493, 7494, 7495) 102546.0
(1219, 1220, 1221) 79026.0
(8508, 8509, 8510) 109115.0
(7585, 7586, 7587) 61296.0
(1158, 1159, 1160) 104359.0
(280, 281, 282) 119198.0
(5789, 5790, 5791) 87203.0
(8976, 8977, 8978) 89967.0
(4031, 4032, 4033) 114185.0
(6158, 6159, 6160) 91921.0
(1225, 1226, 1227) 85054.0
(2244, 2245, 2246) 78254.0
(6322, 6323, 6324) 87100.0
(9882, 9883, 9884) 75114.0
(4017, 4018, 4019) 76459.0
(7099, 7100, 7101) 111169.0
(9875, 9876, 9877) 95487.0
(3727, 3728, 3729) 71453.0
(9775, 9776, 9777) 70121.0
(2938, 2939, 2940) 89420.0
(3776, 3777, 3778) 76009.0
(7063, 7064, 7065) 92237.0
(3238, 3239, 3240) 102592.0
(4563, 4564, 4565) 71624.0
(4091, 4092, 4093) 93377.0
(5855, 5856, 5857) 64540.0
(9515, 9516, 9517) 83359.0
(2986, 2987, 2988) 80311.0
(5150, 5151, 5152) 78082.0
(307, 308, 309) 85460.0
(4285, 4286, 4287) 95312.0
(9313, 9314, 9315) 98435.0
(3497, 3498, 3499) 98364.0
(3249, 3250, 3251) 87610.0
(5703, 5704, 5705) 88906.0
(6767, 6768, 6769) 89137.0
(8594, 8595, 8596) 85014.0
(5916, 5917, 5918) 88918.0
(1826, 1827, 1828) 97884.0
(7253, 7254, 7255) 84945.0
(6208, 6209, 6210) 75124.0
(7334, 7335, 7336) 98296.0
(9580, 9581, 9582) 95399.0
(7410, 7411, 7412) 88155.0
(9777, 9778, 9779) 97054.0
(715, 716, 717) 74199.0
(2641, 2642, 2643) 87238.0
(3610, 3611, 3612) 102727.0
(1880, 1881, 1882) 96141.0
(1945, 1946, 1947) 75684.0
(2188, 2189, 2190) 91200.0
(148, 149, 150) 84544.0
(9021, 9022, 9023) 70857.0
(6440, 6441, 6442) 92802.0
(2299, 2300, 2301) 90254.0
(5861, 5862, 5863) 84964.0
(5878, 5879, 5880) 86033.0
(3334, 3335, 3336) 105057.0
(8799, 8800, 8801) 90717.0
(6636, 6637, 6638) 104786.0
(7905, 7906, 7907) 111125.0
(9057, 9058, 9059) 81996.0
(5628, 5629, 5630) 94480.0
(4989, 4990, 4991) 93739.0
(8358, 8359, 8360) 73183.0
(599, 600, 601) 105534.0
(8184, 8185, 8186) 99980.0
(5097, 5098, 5099) 92182.0
(1865, 1866, 1867) 111609.0
(6846, 6847, 6848) 82567.0
(573, 574, 575) 77047.0
(3900, 3901, 3902) 102586.0
(8689, 8690, 8691) 84572.0
(2343, 2344, 2345) 105309.0
(9921, 9922, 9923) 73639.0
(2742, 2743, 2744) 85364.0
(3594, 3595, 3596) 51555.0
(2467, 2468, 2469) 87055.0
(3984, 3985, 3986) 96369.0
(8605, 8606, 8607) 68848.0
(5687, 5688, 5689) 94114.0
(7233, 7234, 7235) 82344.0
(4881, 4882, 4883) 96045.0
(9642, 9643, 9644) 80852.0
(3095, 3096, 3097) 85890.0
(529, 530, 531) 109236.0
(7240, 7241, 7242) 84474.0
(5390, 5391, 5392) 90110.0
(6874, 6875, 6876) 96233.0
(190, 191, 192) 74920.0
(9141, 9142, 9143) 111779.0
(6317, 6318, 6319) 91807.0
(4135, 4136, 4137) 91758.0
(9405, 9406, 9407) 89136.0
(921, 922, 923) 103369.0
(7046, 7047, 7048) 88056.0
(368, 369, 370) 79961.0
(9067, 9068, 9069) 88337.0
(3670, 3671, 3672) 73703.0
(1047, 1048, 1049) 114819.0
(7246, 7247, 7248) 84213.0
(4579, 4580, 4581) 83572.0
(3116, 3117, 3118) 83135.0
(3988, 3989, 3990) 77443.0
(7501, 7502, 7503) 65330.0
(9296, 9297, 9298) 79812.0
(7415, 7416, 7417) 112529.0
(3490, 3491, 3492) 86940.0
(5732, 5733, 5734) 77741.0
(2265, 2266, 2267) 68106.0
(1603, 1604, 1605) 84015.0
(1032, 1033, 1034) 105497.0
(4164, 4165, 4166) 83719.0
(6123, 6124, 6125) 77557.0
(4808, 4809, 4810) 67150.0
(9081, 9082, 9083) 82752.0
(4374, 4375, 4376) 115302.0
(1611, 1612, 1613) 91258.0
(3226, 3227, 3228) 116232.0
(2030, 2031, 2032) 94929.0
(191, 192, 193) 92662.0
(1172, 1173, 1174) 90099.0
(2213, 2214, 2215) 72306.0
(2695, 2696, 2697) 100559.0
(6462, 6463, 6464) 97519.0
(9676, 9677, 9678) 87276.0
