(973, 974, 975) 3052.0
(6366, 6367, 6368) 4282.0
(8225, 8226, 8227) 4851.0
(9684, 9685, 9686) 2705.0
(756, 757, 758) 4307.0
(771, 772, 773) 5603.0
(2724, 2725, 2726) 4859.0
(7637, 7638, 7639) 3382.0
(4060, 4061, 4062) 4012.0
(2997, 2998, 2999) 4233.0
(8083, 8084, 8085) 3183.0
(3789, 3790, 3791) 5586.0
(7547, 7548, 7549) 5344.0
(4648, 4649, 4650) 4299.0
(9312, 9313, 9314) 2813.0
(1724, 1725, 1726) 4462.0
(1603, 1604, 1605) 3364.0
(3836, 3837, 3838) 2867.0
(2360, 2361, 2362) 4248.0
(7556, 7557, 7558) 4899.0
(4795, 4796, 4797) 4297.0
(690, 691, 692) 3683.0
(9142, 9143, 9144) 2239.0
(3541, 3542, 3543) 3748.0
(4493, 4494, 4495) 3053.0
(1746, 1747, 1748) 4166.0
(1490, 1491, 1492) 3965.0
(1611, 1612, 1613) 3115.0
(9234, 9235, 9236) 2657.0
(9636, 9637, 9638) 3535.0
(5260, 5261, 5262) 3129.0
(4188, 4189, 4190) 4878.0
(5162, 5163, 5164) 3373.0
(8489, 8490, 8491) 3474.0
(667, 668, 669) 3988.0
(6168, 6169, 6170) 2859.0
(240, 241, 242) 3426.0
(5694, 5695, 5696) 4510.0
(8797, 8798, 8799) 4002.0
(6778, 6779, 6780) 3640.0
(7823, 7824, 7825) 4375.0
(598, 599, 600) 4120.0
(4407, 4408, 4409) 4208.0
(8303, 8304, 8305) 2462.0
(2783, 2784, 2785) 2158.0
(7964, 7965, 7966) 2971.0
(3344, 3345, 3346) 3277.0
(5673, 5674, 5675) 2824.0
(9357, 9358, 9359) 2936.0
(6259, 6260, 6261) 4421.0
(6674, 6675, 6676) 3395.0
(7981, 7982, 7983) 3473.0
(3038, 3039, 3040) 3607.0
(2466, 2467, 2468) 4333.0
(8602, 8603, 8604) 3566.0
(2240, 2241, 2242) 4103.0
(6563, 6564, 6565) 4017.0
(8207, 8208, 8209) 4411.0
(4798, 4799, 4800) 4432.0
(2371, 2372, 2373) 5924.0
(5794, 5795, 5796) 3714.0
(11, 12, 13) 3506.0
(128, 129, 130) 6909.0
(7872, 7873, 7874) 3881.0
(9950, 9951, 9952) 3160.0
(104, 105, 106) 4746.0
(6296, 6297, 6298) 3196.0
(4810, 4811, 4812) 4642.0
(4909, 4910, 4911) 4026.0
(9324, 9325, 9326) 2887.0
(6067, 6068, 6069) 3272.0
(2266, 2267, 2268) 3100.0
(1794, 1795, 1796) 3870.0
(5972, 5973, 5974) 3989.0
(2405, 2406, 2407) 2543.0
(3023, 3024, 3025) 4794.0
(1808, 1809, 1810) 4649.0
(5681, 5682, 5683) 2824.0
(9971, 9972, 9973) 3256.0
(2815, 2816, 2817) 3088.0
(4157, 4158, 4159) 2655.0
(125, 126, 127) 2886.0
(7769, 7770, 7771) 6127.0
(4461, 4462, 4463) 4573.0
(7387, 7388, 7389) 4151.0
(8518, 8519, 8520) 3140.0
(3069, 3070, 3071) 6295.0
(943, 944, 945) 3257.0
(8867, 8868, 8869) 3924.0
(8538, 8539, 8540) 3273.0
(431, 432, 433) 3763.0
(8248, 8249, 8250) 3210.0
(8193, 8194, 8195) 3512.0
(5263, 5264, 5265) 3704.0
(6729, 6730, 6731) 3437.0
(6194, 6195, 6196) 3894.0
(6748, 6749, 6750) 3161.0
(4254, 4255, 4256) 2725.0
(5671, 5672, 5673) 2893.0
(8438, 8439, 8440) 3481.0
(1529, 1530, 1531) 2606.0
(6976, 6977, 6978) 3683.0
(1668, 1669, 1670) 3631.0
(6930, 6931, 6932) 2601.0
(8724, 8725, 8726) 2528.0
(9869, 9870, 9871) 3081.0
(8296, 8297, 8298) 2944.0
(7052, 7053, 7054) 2796.0
(7915, 7916, 7917) 3176.0
(4519, 4520, 4521) 2862.0
(3931, 3932, 3933) 5269.0
(1517, 1518, 1519) 4398.0
(1173, 1174, 1175) 2873.0
(9951, 9952, 9953) 2110.0
(8362, 8363, 8364) 4689.0
(8347, 8348, 8349) 3073.0
(8145, 8146, 8147) 3482.0
(2015, 2016, 2017) 3833.0
(9339, 9340, 9341) 4172.0
(9439, 9440, 9441) 3691.0
(5507, 5508, 5509) 3008.0
(5872, 5873, 5874) 4229.0
(5695, 5696, 5697) 3406.0
(3299, 3300, 3301) 3095.0
(6564, 6565, 6566) 4871.0
(8825, 8826, 8827) 3967.0
(9355, 9356, 9357) 4569.0
(7014, 7015, 7016) 3432.0
(6904, 6905, 6906) 3929.0
(3063, 3064, 3065) 2889.0
(2426, 2427, 2428) 5024.0
(9681, 9682, 9683) 3191.0
(9164, 9165, 9166) 5387.0
(8335, 8336, 8337) 5143.0
(3389, 3390, 3391) 3224.0
(3365, 3366, 3367) 4068.0
(1188, 1189, 1190) 4345.0
(9097, 9098, 9099) 2466.0
(1475, 1476, 1477) 4409.0
(6613, 6614, 6615) 2615.0
(2412, 2413, 2414) 4105.0
(6627, 6628, 6629) 5974.0
(533, 534, 535) 4528.0
(1119, 1120, 1121) 4253.0
(6193, 6194, 6195) 2198.0
(4980, 4981, 4982) 3286.0
(4705, 4706, 4707) 3668.0
(8308, 8309, 8310) 4568.0
(9196, 9197, 9198) 3589.0
(123, 124, 125) 2647.0
(2409, 2410, 2411) 4451.0
(515, 516, 517) 3688.0
(3207, 3208, 3209) 3078.0
(6333, 6334, 6335) 4439.0
(7971, 7972, 7973) 3122.0
(2220, 2221, 2222) 2901.0
(4945, 4946, 4947) 3722.0
(2695, 2696, 2697) 3640.0
(2460, 2461, 2462) 3947.0
(8388, 8389, 8390) 3363.0
(7718, 7719, 7720) 3576.0
(6777, 6778, 6779) 3047.0
(7762, 7763, 7764) 3953.0
(3707, 3708, 3709) 2537.0
(4595, 4596, 4597) 3010.0
(4027, 4028, 4029) 2977.0
(920, 921, 922) 4158.0
(4757, 4758, 4759) 3665.0
(3503, 3504, 3505) 3229.0
(9973, 9974, 9975) 3376.0
(2778, 2779, 2780) 3468.0
(4340, 4341, 4342) 2877.0
(712, 713, 714) 3419.0
(1621, 1622, 1623) 3514.0
(6292, 6293, 6294) 4068.0
(739, 740, 741) 4169.0
(8460, 8461, 8462) 3969.0
(1020, 1021, 1022) 3311.0
(7517, 7518, 7519) 3689.0
(4201, 4202, 4203) 3641.0
(3314, 3315, 3316) 2286.0
(3400, 3401, 3402) 3485.0
(1613, 1614, 1615) 3761.0
(3674, 3675, 3676) 3861.0
(2262, 2263, 2264) 3276.0
(2094, 2095, 2096) 2820.0
(6452, 6453, 6454) 4174.0
(9786, 9787, 9788) 4122.0
(7014, 7015, 7016) 3432.0
(6841, 6842, 6843) 3031.0
(548, 549, 550) 3792.0
(5987, 5988, 5989) 3764.0
(9599, 9600, 9601) 3494.0
(9661, 9662, 9663) 4423.0
(9377, 9378, 9379) 5237.0
(1865, 1866, 1867) 3491.0
(1961, 1962, 1963) 3890.0
(4504, 4505, 4506) 3315.0
(7316, 7317, 7318) 3117.0
(2771, 2772, 2773) 3244.0
(8162, 8163, 8164) 3161.0
