(6803, 6804, 6805) 73311.0
(3168, 3169, 3170) 85628.0
(1168, 1169, 1170) 90465.0
(8020, 8021, 8022) 78651.0
(1395, 1396, 1397) 62950.0
(3550, 3551, 3552) 94652.0
(9267, 9268, 9269) 73069.0
(2879, 2880, 2881) 85052.0
(777, 778, 779) 88880.0
(4516, 4517, 4518) 100677.0
(8366, 8367, 8368) 89779.0
(9847, 9848, 9849) 84218.0
(3576, 3577, 3578) 95194.0
(2587, 2588, 2589) 104067.0
(9601, 9602, 9603) 99927.0
(6990, 6991, 6992) 80462.0
(7437, 7438, 7439) 104487.0
(2545, 2546, 2547) 89705.0
(3264, 3265, 3266) 117893.0
(4737, 4738, 4739) 87421.0
(8093, 8094, 8095) 91457.0
(7217, 7218, 7219) 119554.0
(3801, 3802, 3803) 83947.0
(7327, 7328, 7329) 101437.0
(3132, 3133, 3134) 81747.0
(9250, 9251, 9252) 71422.0
(4232, 4233, 4234) 126374.0
(2492, 2493, 2494) 83702.0
(2956, 2957, 2958) 77475.0
(4189, 4190, 4191) 98875.0
(6, 7, 8) 92491.0
(8149, 8150, 8151) 81862.0
(3151, 3152, 3153) 89653.0
(2209, 2210, 2211) 74918.0
(6965, 6966, 6967) 68335.0
(8485, 8486, 8487) 72136.0
(5759, 5760, 5761) 76730.0
(6251, 6252, 6253) 84106.0
(461, 462, 463) 89516.0
(2656, 2657, 2658) 80540.0
(9391, 9392, 9393) 90597.0
(8537, 8538, 8539) 80507.0
(849, 850, 851) 93000.0
(2987, 2988, 2989) 99083.0
(978, 979, 980) 82967.0
(962, 963, 964) 95164.0
(2142, 2143, 2144) 79513.0
(2677, 2678, 2679) 100462.0
(1824, 1825, 1826) 92671.0
(1341, 1342, 1343) 102271.0
(5761, 5762, 5763) 122194.0
(8482, 8483, 8484) 91054.0
(474, 475, 476) 70773.0
(9890, 9891, 9892) 73560.0
(6108, 6109, 6110) 73210.0
(4495, 4496, 4497) 87170.0
(6373, 6374, 6375) 68381.0
(1806, 1807, 1808) 90189.0
(9934, 9935, 9936) 82122.0
(4500, 4501, 4502) 79909.0
(891, 892, 893) 95816.0
(6144, 6145, 6146) 82788.0
(2444, 2445, 2446) 114610.0
(4133, 4134, 4135) 90642.0
(8571, 8572, 8573) 94224.0
(9103, 9104, 9105) 105496.0
(3876, 3877, 3878) 87084.0
(355, 356, 357) 87783.0
(6219, 6220, 6221) 95847.0
(4406, 4407, 4408) 108833.0
(3870, 3871, 3872) 84651.0
(3702, 3703, 3704) 92755.0
(5062, 5063, 5064) 84570.0
(9689, 9690, 9691) 106725.0
(1026, 1027, 1028) 76441.0
(5123, 5124, 5125) 86529.0
(833, 834, 835) 80402.0
(7426, 7427, 7428) 83971.0
(5657, 5658, 5659) 90683.0
(2192, 2193, 2194) 88141.0
(7650, 7651, 7652) 93671.0
(1548, 1549, 1550) 85227.0
(6820, 6821, 6822) 79299.0
(6419, 6420, 6421) 119710.0
(4877, 4878, 4879) 90995.0
(6530, 6531, 6532) 95567.0
(630, 631, 632) 67723.0
(3580, 3581, 3582) 74206.0
(4388, 4389, 4390) 98203.0
(4190, 4191, 4192) 111027.0
(1871, 1872, 1873) 95528.0
(9049, 9050, 9051) 79308.0
(3995, 3996, 3997) 93425.0
(7829, 7830, 7831) 90992.0
(3534, 3535, 3536) 65646.0
(8086, 8087, 8088) 94552.0
(7896, 7897, 7898) 98897.0
(3014, 3015, 3016) 80824.0
(6090, 6091, 6092) 71865.0
(2557, 2558, 2559) 92065.0
(6575, 6576, 6577) 70886.0
(3303, 3304, 3305) 89592.0
(9427, 9428, 9429) 94167.0
(4100, 4101, 4102) 80135.0
(275, 276, 277) 104220.0
(9527, 9528, 9529) 117669.0
(8296, 8297, 8298) 71448.0
(9167, 9168, 9169) 73830.0
(108, 109, 110) 81024.0
(4739, 4740, 4741) 123493.0
(7034, 7035, 7036) 72797.0
(5516, 5517, 5518) 66159.0
(825, 826, 827) 97540.0
(6370, 6371, 6372) 69281.0
(9510, 9511, 9512) 84535.0
(9532, 9533, 9534) 100898.0
(5401, 5402, 5403) 72310.0
(4864, 4865, 4866) 83279.0
(6513, 6514, 6515) 92703.0
(9298, 9299, 9300) 109247.0
(108, 109, 110) 81024.0
(7003, 7004, 7005) 85493.0
(7476, 7477, 7478) 90403.0
(184, 185, 186) 83576.0
(3720, 3721, 3722) 89689.0
(9438, 9439, 9440) 100679.0
(1845, 1846, 1847) 96584.0
(4576, 4577, 4578) 93864.0
(586, 587, 588) 84355.0
(8792, 8793, 8794) 73450.0
(5762, 5763, 5764) 90609.0
(1421, 1422, 1423) 85718.0
(4339, 4340, 4341) 80292.0
(9960, 9961, 9962) 93017.0
(9987, 9988, 9989) 80029.0
(4993, 4994, 4995) 88789.0
(313, 314, 315) 87052.0
(7642, 7643, 7644) 72192.0
(2725, 2726, 2727) 94737.0
(7329, 7330, 7331) 85849.0
(4693, 4694, 4695) 96416.0
(978, 979, 980) 82967.0
(716, 717, 718) 76517.0
(113, 114, 115) 84263.0
(8809, 8810, 8811) 109626.0
(6783, 6784, 6785) 78265.0
(4304, 4305, 4306) 93055.0
(2870, 2871, 2872) 94668.0
(3908, 3909, 3910) 75221.0
(4413, 4414, 4415) 113532.0
(3307, 3308, 3309) 94396.0
(5963, 5964, 5965) 84243.0
(1725, 1726, 1727) 84400.0
(8058, 8059, 8060) 88577.0
(2358, 2359, 2360) 109373.0
(2291, 2292, 2293) 85201.0
(2481, 2482, 2483) 68104.0
(3940, 3941, 3942) 92349.0
(1048, 1049, 1050) 86630.0
(6605, 6606, 6607) 94592.0
(6324, 6325, 6326) 111823.0
(8695, 8696, 8697) 102099.0
(7332, 7333, 7334) 79945.0
(1579, 1580, 1581) 99197.0
(7406, 7407, 7408) 84747.0
(1477, 1478, 1479) 92464.0
(9489, 9490, 9491) 86610.0
(7818, 7819, 7820) 89906.0
(6331, 6332, 6333) 71773.0
(8927, 8928, 8929) 90681.0
(2787, 2788, 2789) 80253.0
(1565, 1566, 1567) 88219.0
(6698, 6699, 6700) 73284.0
(4717, 4718, 4719) 105207.0
(5877, 5878, 5879) 91998.0
(5428, 5429, 5430) 90262.0
(5323, 5324, 5325) 96497.0
(3830, 3831, 3832) 110664.0
(7113, 7114, 7115) 105255.0
(2380, 2381, 2382) 112156.0
(8778, 8779, 8780) 72368.0
(337, 338, 339) 98885.0
(9791, 9792, 9793) 98528.0
(3874, 3875, 3876) 85587.0
(292, 293, 294) 97176.0
(8434, 8435, 8436) 79192.0
(8037, 8038, 8039) 76852.0
(4662, 4663, 4664) 88071.0
(5319, 5320, 5321) 93634.0
(7053, 7054, 7055) 78555.0
(4624, 4625, 4626) 83911.0
(9302, 9303, 9304) 75128.0
(4777, 4778, 4779) 94241.0
(3926, 3927, 3928) 76285.0
(6433, 6434, 6435) 81923.0
(3108, 3109, 3110) 79076.0
(1075, 1076, 1077) 81407.0
(9382, 9383, 9384) 91813.0
(3545, 3546, 3547) 98806.0
(768, 769, 770) 89196.0
(4372, 4373, 4374) 73118.0
