(8887, 8888, 8889) 88493.0
(2804, 2805, 2806) 102129.0
(291, 292, 293) 98300.0
(5227, 5228, 5229) 99647.0
(6249, 6250, 6251) 85582.0
(5119, 5120, 5121) 111653.0
(3294, 3295, 3296) 103646.0
(4595, 4596, 4597) 97782.0
(8924, 8925, 8926) 65155.0
(9181, 9182, 9183) 132017.0
(795, 796, 797) 73195.0
(9812, 9813, 9814) 116918.0
(3829, 3830, 3831) 105161.0
(1635, 1636, 1637) 114864.0
(6078, 6079, 6080) 103459.0
(3668, 3669, 3670) 81438.0
(5746, 5747, 5748) 91609.0
(2416, 2417, 2418) 96358.0
(191, 192, 193) 98565.0
(4649, 4650, 4651) 89832.0
(815, 816, 817) 89282.0
(1558, 1559, 1560) 86304.0
(650, 651, 652) 77520.0
(315, 316, 317) 110992.0
(4415, 4416, 4417) 103192.0
(6405, 6406, 6407) 94389.0
(4939, 4940, 4941) 83702.0
(3264, 3265, 3266) 126266.0
(3, 4, 5) 121359.0
(3556, 3557, 3558) 107746.0
(7342, 7343, 7344) 66389.0
(5012, 5013, 5014) 103071.0
(3476, 3477, 3478) 89397.0
(4108, 4109, 4110) 82539.0
(9318, 9319, 9320) 92059.0
(4551, 4552, 4553) 95323.0
(8833, 8834, 8835) 100620.0
(7857, 7858, 7859) 92920.0
(2219, 2220, 2221) 95494.0
(201, 202, 203) 123736.0
(1917, 1918, 1919) 92821.0
(4890, 4891, 4892) 95029.0
(2337, 2338, 2339) 94671.0
(6534, 6535, 6536) 78231.0
(2185, 2186, 2187) 104279.0
(3322, 3323, 3324) 112856.0
(7340, 7341, 7342) 84138.0
(9853, 9854, 9855) 93527.0
(7814, 7815, 7816) 76163.0
(3638, 3639, 3640) 98579.0
(7576, 7577, 7578) 81103.0
(5746, 5747, 5748) 91609.0
(7211, 7212, 7213) 87941.0
(1199, 1200, 1201) 96486.0
(7237, 7238, 7239) 80002.0
(6523, 6524, 6525) 99474.0
(4772, 4773, 4774) 88971.0
(4619, 4620, 4621) 71678.0
(7426, 7427, 7428) 84646.0
(7711, 7712, 7713) 59588.0
(1643, 1644, 1645) 100864.0
(5367, 5368, 5369) 103748.0
(1879, 1880, 1881) 68111.0
(1680, 1681, 1682) 85689.0
(6565, 6566, 6567) 97019.0
(8245, 8246, 8247) 91939.0
(4601, 4602, 4603) 97981.0
(2679, 2680, 2681) 100148.0
(6328, 6329, 6330) 98143.0
(9577, 9578, 9579) 98282.0
(8159, 8160, 8161) 70522.0
(3930, 3931, 3932) 106996.0
(5969, 5970, 5971) 89258.0
(413, 414, 415) 96957.0
(9131, 9132, 9133) 77783.0
(9172, 9173, 9174) 97317.0
(1041, 1042, 1043) 92438.0
(804, 805, 806) 91169.0
(4095, 4096, 4097) 106982.0
(7083, 7084, 7085) 97499.0
(7335, 7336, 7337) 93910.0
(2401, 2402, 2403) 89918.0
(973, 974, 975) 81864.0
(2664, 2665, 2666) 99946.0
(6141, 6142, 6143) 108712.0
(7723, 7724, 7725) 82330.0
(2826, 2827, 2828) 115776.0
(2195, 2196, 2197) 88813.0
(9730, 9731, 9732) 108073.0
(4176, 4177, 4178) 82780.0
(7243, 7244, 7245) 94268.0
(3868, 3869, 3870) 106849.0
(3436, 3437, 3438) 85345.0
(1530, 1531, 1532) 106056.0
(200, 201, 202) 104229.0
(7828, 7829, 7830) 88369.0
(3310, 3311, 3312) 103908.0
(578, 579, 580) 87032.0
(1745, 1746, 1747) 99869.0
(2689, 2690, 2691) 84346.0
(8396, 8397, 8398) 84405.0
(8050, 8051, 8052) 91478.0
(9962, 9963, 9964) 71349.0
(2677, 2678, 2679) 100270.0
(6834, 6835, 6836) 84647.0
(9077, 9078, 9079) 84151.0
(6140, 6141, 6142) 82054.0
(1813, 1814, 1815) 72979.0
(5220, 5221, 5222) 82229.0
(4773, 4774, 4775) 72042.0
(5934, 5935, 5936) 96060.0
(5955, 5956, 5957) 72826.0
(1898, 1899, 1900) 85066.0
(7966, 7967, 7968) 130409.0
(8490, 8491, 8492) 82772.0
(2365, 2366, 2367) 81077.0
(6009, 6010, 6011) 113742.0
(9912, 9913, 9914) 73428.0
(9057, 9058, 9059) 82344.0
(3932, 3933, 3934) 92556.0
(1396, 1397, 1398) 92282.0
(3102, 3103, 3104) 69325.0
(3118, 3119, 3120) 92853.0
(2806, 2807, 2808) 79250.0
(9324, 9325, 9326) 83486.0
(814, 815, 816) 98134.0
(546, 547, 548) 91943.0
(3080, 3081, 3082) 95930.0
(5734, 5735, 5736) 79429.0
(6696, 6697, 6698) 112075.0
(5918, 5919, 5920) 80713.0
(4726, 4727, 4728) 74315.0
(822, 823, 824) 107581.0
(7546, 7547, 7548) 75773.0
(143, 144, 145) 101005.0
(6907, 6908, 6909) 75332.0
(6839, 6840, 6841) 100731.0
(4683, 4684, 4685) 87922.0
(9575, 9576, 9577) 100591.0
(6767, 6768, 6769) 94429.0
(8081, 8082, 8083) 86540.0
(5138, 5139, 5140) 106498.0
(70, 71, 72) 79317.0
(8113, 8114, 8115) 77033.0
(2536, 2537, 2538) 88627.0
(8375, 8376, 8377) 123894.0
(7141, 7142, 7143) 96215.0
(1017, 1018, 1019) 96913.0
(9328, 9329, 9330) 87513.0
(1347, 1348, 1349) 89542.0
(2064, 2065, 2066) 109137.0
(2574, 2575, 2576) 88749.0
(8732, 8733, 8734) 99777.0
(9145, 9146, 9147) 91819.0
(1791, 1792, 1793) 85727.0
(2388, 2389, 2390) 78999.0
(1563, 1564, 1565) 112346.0
(3857, 3858, 3859) 96662.0
(8138, 8139, 8140) 96555.0
(2026, 2027, 2028) 93762.0
(9595, 9596, 9597) 97115.0
(5043, 5044, 5045) 84770.0
(7782, 7783, 7784) 115546.0
(6327, 6328, 6329) 79206.0
(483, 484, 485) 96522.0
(3764, 3765, 3766) 80515.0
(5151, 5152, 5153) 105260.0
(8081, 8082, 8083) 86540.0
(1946, 1947, 1948) 76432.0
(8274, 8275, 8276) 81285.0
(5813, 5814, 5815) 98769.0
(6372, 6373, 6374) 83223.0
(9594, 9595, 9596) 79297.0
(3549, 3550, 3551) 69902.0
(9811, 9812, 9813) 107045.0
(7277, 7278, 7279) 100407.0
(5856, 5857, 5858) 119402.0
(912, 913, 914) 98308.0
(4371, 4372, 4373) 72297.0
(1947, 1948, 1949) 86353.0
(9667, 9668, 9669) 86824.0
(4715, 4716, 4717) 82904.0
(5173, 5174, 5175) 75962.0
(5815, 5816, 5817) 68826.0
(553, 554, 555) 83157.0
(7489, 7490, 7491) 95973.0
(2502, 2503, 2504) 84987.0
(2999, 3000, 3001) 87772.0
(6280, 6281, 6282) 77105.0
(8864, 8865, 8866) 95142.0
(4282, 4283, 4284) 85853.0
(7074, 7075, 7076) 88200.0
(2229, 2230, 2231) 90982.0
(1764, 1765, 1766) 78057.0
(6914, 6915, 6916) 82017.0
(7518, 7519, 7520) 98915.0
(4950, 4951, 4952) 104240.0
(7914, 7915, 7916) 95816.0
(8518, 8519, 8520) 92556.0
(9648, 9649, 9650) 109265.0
(8744, 8745, 8746) 109772.0
