(3565, 3566, 3567) 110164.0
(2073, 2074, 2075) 86207.0
(7017, 7018, 7019) 96826.0
(7291, 7292, 7293) 104639.0
(3700, 3701, 3702) 84236.0
(7293, 7294, 7295) 91321.0
(1636, 1637, 1638) 96460.0
(878, 879, 880) 88931.0
(7463, 7464, 7465) 82675.0
(5592, 5593, 5594) 83823.0
(7261, 7262, 7263) 87611.0
(8749, 8750, 8751) 95953.0
(441, 442, 443) 99173.0
(2231, 2232, 2233) 112424.0
(6369, 6370, 6371) 91873.0
(5556, 5557, 5558) 72797.0
(3250, 3251, 3252) 75952.0
(2619, 2620, 2621) 78703.0
(5506, 5507, 5508) 107282.0
(9379, 9380, 9381) 94345.0
(5968, 5969, 5970) 112426.0
(5677, 5678, 5679) 118857.0
(4300, 4301, 4302) 107634.0
(6763, 6764, 6765) 110429.0
(9687, 9688, 9689) 104164.0
(6581, 6582, 6583) 119718.0
(2709, 2710, 2711) 79949.0
(1758, 1759, 1760) 108471.0
(9603, 9604, 9605) 107125.0
(8131, 8132, 8133) 98608.0
(8928, 8929, 8930) 81480.0
(5166, 5167, 5168) 99923.0
(7005, 7006, 7007) 102406.0
(7786, 7787, 7788) 122049.0
(3940, 3941, 3942) 100035.0
(3780, 3781, 3782) 60886.0
(4442, 4443, 4444) 96977.0
(5573, 5574, 5575) 105838.0
(9541, 9542, 9543) 77013.0
(8166, 8167, 8168) 91479.0
(2460, 2461, 2462) 110049.0
(4565, 4566, 4567) 86810.0
(2288, 2289, 2290) 82287.0
(9186, 9187, 9188) 105353.0
(6783, 6784, 6785) 85570.0
(9754, 9755, 9756) 96716.0
(1277, 1278, 1279) 80919.0
(7285, 7286, 7287) 84353.0
(6734, 6735, 6736) 85354.0
(8095, 8096, 8097) 86588.0
(7869, 7870, 7871) 109260.0
(3388, 3389, 3390) 98159.0
(5173, 5174, 5175) 76028.0
(3738, 3739, 3740) 116887.0
(3865, 3866, 3867) 97552.0
(4635, 4636, 4637) 100831.0
(5307, 5308, 5309) 98933.0
(6540, 6541, 6542) 85756.0
(4427, 4428, 4429) 101126.0
(6072, 6073, 6074) 92742.0
(4571, 4572, 4573) 87933.0
(5389, 5390, 5391) 93460.0
(7907, 7908, 7909) 109889.0
(3760, 3761, 3762) 91466.0
(2708, 2709, 2710) 106602.0
(674, 675, 676) 78285.0
(7288, 7289, 7290) 87610.0
(6395, 6396, 6397) 74508.0
(7260, 7261, 7262) 74468.0
(4225, 4226, 4227) 110386.0
(7712, 7713, 7714) 91173.0
(3182, 3183, 3184) 131131.0
(6757, 6758, 6759) 82729.0
(9923, 9924, 9925) 92377.0
(8083, 8084, 8085) 97469.0
(6252, 6253, 6254) 91317.0
(6407, 6408, 6409) 91441.0
(5908, 5909, 5910) 80812.0
(5996, 5997, 5998) 89095.0
(7099, 7100, 7101) 115298.0
(8790, 8791, 8792) 85999.0
(1081, 1082, 1083) 85629.0
(3364, 3365, 3366) 114397.0
(3359, 3360, 3361) 81284.0
(9943, 9944, 9945) 79884.0
(7822, 7823, 7824) 87202.0
(7135, 7136, 7137) 91752.0
(3903, 3904, 3905) 95757.0
(3430, 3431, 3432) 83919.0
(3696, 3697, 3698) 122428.0
(2818, 2819, 2820) 83414.0
(6115, 6116, 6117) 90213.0
(6758, 6759, 6760) 126156.0
(5448, 5449, 5450) 86314.0
(8402, 8403, 8404) 85302.0
(9189, 9190, 9191) 90296.0
(3357, 3358, 3359) 93663.0
(3632, 3633, 3634) 83414.0
(2498, 2499, 2500) 71186.0
(2581, 2582, 2583) 88332.0
(3806, 3807, 3808) 73742.0
(2575, 2576, 2577) 111070.0
(3365, 3366, 3367) 70760.0
(2527, 2528, 2529) 92566.0
(8317, 8318, 8319) 105779.0
(2848, 2849, 2850) 107514.0
(6758, 6759, 6760) 126156.0
(2729, 2730, 2731) 103469.0
(7938, 7939, 7940) 95012.0
(2832, 2833, 2834) 97957.0
(240, 241, 242) 70193.0
(4446, 4447, 4448) 83307.0
(1754, 1755, 1756) 129493.0
(5968, 5969, 5970) 112426.0
(1294, 1295, 1296) 85811.0
(9019, 9020, 9021) 75425.0
(1726, 1727, 1728) 106754.0
(1048, 1049, 1050) 93534.0
(3282, 3283, 3284) 88375.0
(198, 199, 200) 100955.0
(9526, 9527, 9528) 87198.0
(4924, 4925, 4926) 112589.0
(6008, 6009, 6010) 80155.0
(2159, 2160, 2161) 105852.0
(8824, 8825, 8826) 70880.0
(9685, 9686, 9687) 104390.0
(8894, 8895, 8896) 95099.0
(7544, 7545, 7546) 104365.0
(6290, 6291, 6292) 97742.0
(7414, 7415, 7416) 87374.0
(4042, 4043, 4044) 72427.0
(1090, 1091, 1092) 100295.0
(1594, 1595, 1596) 99936.0
(7347, 7348, 7349) 82495.0
(4158, 4159, 4160) 93307.0
(311, 312, 313) 102728.0
(8227, 8228, 8229) 111131.0
(2137, 2138, 2139) 81282.0
(4871, 4872, 4873) 73887.0
(9328, 9329, 9330) 87717.0
(8583, 8584, 8585) 80309.0
(8269, 8270, 8271) 76126.0
(7705, 7706, 7707) 84948.0
(1482, 1483, 1484) 107483.0
(5551, 5552, 5553) 102406.0
(2531, 2532, 2533) 96158.0
(8942, 8943, 8944) 89629.0
(3648, 3649, 3650) 70326.0
(7843, 7844, 7845) 99796.0
(6410, 6411, 6412) 74437.0
(3453, 3454, 3455) 92967.0
(5009, 5010, 5011) 107608.0
(8196, 8197, 8198) 89843.0
(8807, 8808, 8809) 111868.0
(7390, 7391, 7392) 83642.0
(1747, 1748, 1749) 79120.0
(4849, 4850, 4851) 83661.0
(4735, 4736, 4737) 71133.0
(187, 188, 189) 83910.0
(1458, 1459, 1460) 109949.0
(4427, 4428, 4429) 101126.0
(8366, 8367, 8368) 95006.0
(7665, 7666, 7667) 96720.0
(9043, 9044, 9045) 104093.0
(5522, 5523, 5524) 105755.0
(6937, 6938, 6939) 71888.0
(7353, 7354, 7355) 77842.0
(3038, 3039, 3040) 100011.0
(5683, 5684, 5685) 87517.0
(7678, 7679, 7680) 92432.0
(599, 600, 601) 111734.0
(3438, 3439, 3440) 96338.0
(2760, 2761, 2762) 92307.0
(9122, 9123, 9124) 105030.0
(6548, 6549, 6550) 95459.0
(3040, 3041, 3042) 87836.0
(3988, 3989, 3990) 82737.0
(7365, 7366, 7367) 91198.0
(6596, 6597, 6598) 93577.0
(8093, 8094, 8095) 98110.0
(3839, 3840, 3841) 82450.0
(670, 671, 672) 105283.0
(841, 842, 843) 58926.0
(45, 46, 47) 111864.0
(233, 234, 235) 95051.0
(4619, 4620, 4621) 72931.0
(7592, 7593, 7594) 102024.0
(7772, 7773, 7774) 81142.0
(612, 613, 614) 83008.0
(2858, 2859, 2860) 104652.0
(751, 752, 753) 101198.0
(1227, 1228, 1229) 98869.0
(4386, 4387, 4388) 105025.0
(9038, 9039, 9040) 117695.0
(1965, 1966, 1967) 63841.0
(521, 522, 523) 106784.0
(8615, 8616, 8617) 77948.0
(706, 707, 708) 109617.0
(617, 618, 619) 74897.0
(2996, 2997, 2998) 76385.0
(9817, 9818, 9819) 91537.0
