(6863, 6864, 6865) 123451.0
(8448, 8449, 8450) 94368.0
(6683, 6684, 6685) 108586.0
(1664, 1665, 1666) 72629.0
(3204, 3205, 3206) 99856.0
(1907, 1908, 1909) 86334.0
(5764, 5765, 5766) 88271.0
(3327, 3328, 3329) 100013.0
(5007, 5008, 5009) 86936.0
(7620, 7621, 7622) 90459.0
(7743, 7744, 7745) 75264.0
(59, 60, 61) 84107.0
(1848, 1849, 1850) 127167.0
(7323, 7324, 7325) 88800.0
(7330, 7331, 7332) 105043.0
(313, 314, 315) 93926.0
(2238, 2239, 2240) 98319.0
(87, 88, 89) 83852.0
(4301, 4302, 4303) 108127.0
(6395, 6396, 6397) 75864.0
(2720, 2721, 2722) 83743.0
(2902, 2903, 2904) 89155.0
(1461, 1462, 1463) 113682.0
(9575, 9576, 9577) 105229.0
(1437, 1438, 1439) 93851.0
(1484, 1485, 1486) 100419.0
(7482, 7483, 7484) 86098.0
(2515, 2516, 2517) 102708.0
(9526, 9527, 9528) 92879.0
(1967, 1968, 1969) 107908.0
(4109, 4110, 4111) 102526.0
(2234, 2235, 2236) 114589.0
(6268, 6269, 6270) 107458.0
(1689, 1690, 1691) 87347.0
(2915, 2916, 2917) 100712.0
(9505, 9506, 9507) 102367.0
(7404, 7405, 7406) 80944.0
(276, 277, 278) 96835.0
(7494, 7495, 7496) 72155.0
(4405, 4406, 4407) 91324.0
(265, 266, 267) 97068.0
(283, 284, 285) 76496.0
(9008, 9009, 9010) 106348.0
(9534, 9535, 9536) 117542.0
(4074, 4075, 4076) 153310.0
(5271, 5272, 5273) 85252.0
(1659, 1660, 1661) 106943.0
(2492, 2493, 2494) 85769.0
(2038, 2039, 2040) 92308.0
(6197, 6198, 6199) 89682.0
(2418, 2419, 2420) 76970.0
(2175, 2176, 2177) 112078.0
(9620, 9621, 9622) 104743.0
(7830, 7831, 7832) 81058.0
(8957, 8958, 8959) 107020.0
(9591, 9592, 9593) 117134.0
(4983, 4984, 4985) 93662.0
(2764, 2765, 2766) 94079.0
(9147, 9148, 9149) 86468.0
(1431, 1432, 1433) 89371.0
(1339, 1340, 1341) 71719.0
(5125, 5126, 5127) 110641.0
(2632, 2633, 2634) 69084.0
(6503, 6504, 6505) 95595.0
(5748, 5749, 5750) 110430.0
(1174, 1175, 1176) 78128.0
(1980, 1981, 1982) 90041.0
(2234, 2235, 2236) 114589.0
(7565, 7566, 7567) 108165.0
(7054, 7055, 7056) 92853.0
(5896, 5897, 5898) 104489.0
(6841, 6842, 6843) 79463.0
(9037, 9038, 9039) 87595.0
(601, 602, 603) 116473.0
(9433, 9434, 9435) 101827.0
(5659, 5660, 5661) 86910.0
(1355, 1356, 1357) 104740.0
(8872, 8873, 8874) 63724.0
(4268, 4269, 4270) 108506.0
(3421, 3422, 3423) 74158.0
(3156, 3157, 3158) 85836.0
(1557, 1558, 1559) 93929.0
(2379, 2380, 2381) 90144.0
(4111, 4112, 4113) 93569.0
(1179, 1180, 1181) 77422.0
(6978, 6979, 6980) 132320.0
(3057, 3058, 3059) 121752.0
(761, 762, 763) 109075.0
(5159, 5160, 5161) 100104.0
(9126, 9127, 9128) 84697.0
(7251, 7252, 7253) 84688.0
(4369, 4370, 4371) 69920.0
(2355, 2356, 2357) 119898.0
(7589, 7590, 7591) 110416.0
(7013, 7014, 7015) 87557.0
(7147, 7148, 7149) 82242.0
(568, 569, 570) 88339.0
(8458, 8459, 8460) 99815.0
(4734, 4735, 4736) 71586.0
(5763, 5764, 5765) 117790.0
(32, 33, 34) 94656.0
(182, 183, 184) 119605.0
(4573, 4574, 4575) 103733.0
(572, 573, 574) 81877.0
(6505, 6506, 6507) 83751.0
(9951, 9952, 9953) 107604.0
(1375, 1376, 1377) 72351.0
(233, 234, 235) 94867.0
(8497, 8498, 8499) 79962.0
(5598, 5599, 5600) 96704.0
(2412, 2413, 2414) 83648.0
(1547, 1548, 1549) 87740.0
(3205, 3206, 3207) 101417.0
(1301, 1302, 1303) 104048.0
(3280, 3281, 3282) 78559.0
(5563, 5564, 5565) 89026.0
(1174, 1175, 1176) 78128.0
(4479, 4480, 4481) 93383.0
(2556, 2557, 2558) 91571.0
(22, 23, 24) 88929.0
(1551, 1552, 1553) 81839.0
(4603, 4604, 4605) 106211.0
(3466, 3467, 3468) 83230.0
(6794, 6795, 6796) 105630.0
(5994, 5995, 5996) 100911.0
(6104, 6105, 6106) 85953.0
(1195, 1196, 1197) 102226.0
(9825, 9826, 9827) 107968.0
(3805, 3806, 3807) 94203.0
(5960, 5961, 5962) 102682.0
(42, 43, 44) 94707.0
(8628, 8629, 8630) 105355.0
(342, 343, 344) 106931.0
(7997, 7998, 7999) 89646.0
(5729, 5730, 5731) 93157.0
(4596, 4597, 4598) 108544.0
(7577, 7578, 7579) 78976.0
(8344, 8345, 8346) 84447.0
(1149, 1150, 1151) 106034.0
(346, 347, 348) 105819.0
(6301, 6302, 6303) 91786.0
(6546, 6547, 6548) 101579.0
(1749, 1750, 1751) 75671.0
(2980, 2981, 2982) 79798.0
(5518, 5519, 5520) 109764.0
(8180, 8181, 8182) 94188.0
(2149, 2150, 2151) 99862.0
(6348, 6349, 6350) 116359.0
(7675, 7676, 7677) 95528.0
(2886, 2887, 2888) 82190.0
(132, 133, 134) 120101.0
(1580, 1581, 1582) 86562.0
(604, 605, 606) 105924.0
(999, 1000, 1001) 96336.0
(7136, 7137, 7138) 75433.0
(8976, 8977, 8978) 100173.0
(8117, 8118, 8119) 94574.0
(1460, 1461, 1462) 71164.0
(9228, 9229, 9230) 105295.0
(9628, 9629, 9630) 86719.0
(7491, 7492, 7493) 101391.0
(1516, 1517, 1518) 93954.0
(7891, 7892, 7893) 95522.0
(2834, 2835, 2836) 108691.0
(3477, 3478, 3479) 75808.0
(6391, 6392, 6393) 83458.0
(3599, 3600, 3601) 91606.0
(1534, 1535, 1536) 93943.0
(9773, 9774, 9775) 82736.0
(7952, 7953, 7954) 81281.0
(9834, 9835, 9836) 102899.0
(7970, 7971, 7972) 105254.0
(752, 753, 754) 98585.0
(5746, 5747, 5748) 94245.0
(4971, 4972, 4973) 82129.0
(6809, 6810, 6811) 76296.0
(8929, 8930, 8931) 121616.0
(1272, 1273, 1274) 90208.0
(4989, 4990, 4991) 102723.0
(7353, 7354, 7355) 81252.0
(7774, 7775, 7776) 98107.0
(5768, 5769, 5770) 114069.0
(4680, 4681, 4682) 79765.0
(1344, 1345, 1346) 81698.0
(8019, 8020, 8021) 89819.0
(433, 434, 435) 97139.0
(2999, 3000, 3001) 92820.0
(1764, 1765, 1766) 80189.0
(8298, 8299, 8300) 88193.0
(2661, 2662, 2663) 107416.0
(9277, 9278, 9279) 100665.0
(9565, 9566, 9567) 105117.0
(1642, 1643, 1644) 111358.0
(5856, 5857, 5858) 127840.0
(5035, 5036, 5037) 82012.0
(1545, 1546, 1547) 85597.0
(8818, 8819, 8820) 86757.0
(1823, 1824, 1825) 102264.0
(7169, 7170, 7171) 101911.0
(7573, 7574, 7575) 84783.0
(6419, 6420, 6421) 127310.0
