(3787, 3788, 3789) 74728.0
(892, 893, 894) 84767.0
(5168, 5169, 5170) 100769.0
(9459, 9460, 9461) 104530.0
(7994, 7995, 7996) 69392.0
(6308, 6309, 6310) 109503.0
(9065, 9066, 9067) 85885.0
(8067, 8068, 8069) 123377.0
(6049, 6050, 6051) 117673.0
(3281, 3282, 3283) 88016.0
(2694, 2695, 2696) 117972.0
(5399, 5400, 5401) 73401.0
(7922, 7923, 7924) 98665.0
(5298, 5299, 5300) 96539.0
(3726, 3727, 3728) 89026.0
(354, 355, 356) 75827.0
(4451, 4452, 4453) 91943.0
(7350, 7351, 7352) 132917.0
(3090, 3091, 3092) 135889.0
(9223, 9224, 9225) 103413.0
(9344, 9345, 9346) 90419.0
(4100, 4101, 4102) 87898.0
(585, 586, 587) 96442.0
(8577, 8578, 8579) 104985.0
(7990, 7991, 7992) 94081.0
(5466, 5467, 5468) 102518.0
(7813, 7814, 7815) 70007.0
(895, 896, 897) 84473.0
(3187, 3188, 3189) 74828.0
(8513, 8514, 8515) 80612.0
(5611, 5612, 5613) 106764.0
(6940, 6941, 6942) 120025.0
(4530, 4531, 4532) 121149.0
(1157, 1158, 1159) 91364.0
(6755, 6756, 6757) 102833.0
(7357, 7358, 7359) 132637.0
(7595, 7596, 7597) 90549.0
(5393, 5394, 5395) 82367.0
(3736, 3737, 3738) 83908.0
(7304, 7305, 7306) 99233.0
(9192, 9193, 9194) 90794.0
(7654, 7655, 7656) 107574.0
(4383, 4384, 4385) 90441.0
(7721, 7722, 7723) 78140.0
(1724, 1725, 1726) 112357.0
(5152, 5153, 5154) 110347.0
(5254, 5255, 5256) 95721.0
(4554, 4555, 4556) 110576.0
(3472, 3473, 3474) 110436.0
(7963, 7964, 7965) 107227.0
(3716, 3717, 3718) 75919.0
(1033, 1034, 1035) 96783.0
(5211, 5212, 5213) 101176.0
(4117, 4118, 4119) 102346.0
(9919, 9920, 9921) 101739.0
(2504, 2505, 2506) 97194.0
(576, 577, 578) 101782.0
(2179, 2180, 2181) 95884.0
(1830, 1831, 1832) 102250.0
(9823, 9824, 9825) 108140.0
(6852, 6853, 6854) 97689.0
(5561, 5562, 5563) 92179.0
(8770, 8771, 8772) 105932.0
(5439, 5440, 5441) 82120.0
(9483, 9484, 9485) 90232.0
(9207, 9208, 9209) 98265.0
(3412, 3413, 3414) 88178.0
(6367, 6368, 6369) 86790.0
(8672, 8673, 8674) 93792.0
(8137, 8138, 8139) 96022.0
(8847, 8848, 8849) 95740.0
(9497, 9498, 9499) 85411.0
(6763, 6764, 6765) 116064.0
(9235, 9236, 9237) 102273.0
(6027, 6028, 6029) 90055.0
(3379, 3380, 3381) 90175.0
(5811, 5812, 5813) 94810.0
(9049, 9050, 9051) 85777.0
(866, 867, 868) 115009.0
(6588, 6589, 6590) 97066.0
(7281, 7282, 7283) 73418.0
(1810, 1811, 1812) 118500.0
(6861, 6862, 6863) 99511.0
(5039, 5040, 5041) 99583.0
(6222, 6223, 6224) 80730.0
(5399, 5400, 5401) 73401.0
(2022, 2023, 2024) 79018.0
(685, 686, 687) 81960.0
(5291, 5292, 5293) 95367.0
(8170, 8171, 8172) 99881.0
(1938, 1939, 1940) 103155.0
(9065, 9066, 9067) 85885.0
(5645, 5646, 5647) 120871.0
(1577, 1578, 1579) 80803.0
(334, 335, 336) 95510.0
(1727, 1728, 1729) 90568.0
(908, 909, 910) 83584.0
(3949, 3950, 3951) 93991.0
(5525, 5526, 5527) 105545.0
(577, 578, 579) 95901.0
(4150, 4151, 4152) 87919.0
(136, 137, 138) 94797.0
(6883, 6884, 6885) 143469.0
(6682, 6683, 6684) 108405.0
(8426, 8427, 8428) 113939.0
(230, 231, 232) 139874.0
(4167, 4168, 4169) 85978.0
(982, 983, 984) 87452.0
(1504, 1505, 1506) 77839.0
(8160, 8161, 8162) 64040.0
(7817, 7818, 7819) 79611.0
(5697, 5698, 5699) 112078.0
(3498, 3499, 3500) 114904.0
(6582, 6583, 6584) 103023.0
(7398, 7399, 7400) 98624.0
(2010, 2011, 2012) 112062.0
(5391, 5392, 5393) 104247.0
(5962, 5963, 5964) 79128.0
(704, 705, 706) 115964.0
(4727, 4728, 4729) 99707.0
(5520, 5521, 5522) 106198.0
(8323, 8324, 8325) 114697.0
(4365, 4366, 4367) 105306.0
(6014, 6015, 6016) 126791.0
(3412, 3413, 3414) 88178.0
(7111, 7112, 7113) 107928.0
(5064, 5065, 5066) 109306.0
(9230, 9231, 9232) 97896.0
(5091, 5092, 5093) 104213.0
(9059, 9060, 9061) 82263.0
(612, 613, 614) 86795.0
(7591, 7592, 7593) 96659.0
(9690, 9691, 9692) 107506.0
(610, 611, 612) 97615.0
(5609, 5610, 5611) 111156.0
(7363, 7364, 7365) 115171.0
(6253, 6254, 6255) 125764.0
(5687, 5688, 5689) 101613.0
(638, 639, 640) 87634.0
(2275, 2276, 2277) 84422.0
(7714, 7715, 7716) 89129.0
(1312, 1313, 1314) 88514.0
(6533, 6534, 6535) 112213.0
(7302, 7303, 7304) 108400.0
(2901, 2902, 2903) 87433.0
(6038, 6039, 6040) 110050.0
(6661, 6662, 6663) 99939.0
(2789, 2790, 2791) 77280.0
(3626, 3627, 3628) 79063.0
(4515, 4516, 4517) 98205.0
(4417, 4418, 4419) 105707.0
(5883, 5884, 5885) 77665.0
(9166, 9167, 9168) 92392.0
(961, 962, 963) 97582.0
(4377, 4378, 4379) 102501.0
(9483, 9484, 9485) 90232.0
(7059, 7060, 7061) 112895.0
(225, 226, 227) 99727.0
(8088, 8089, 8090) 103530.0
(2038, 2039, 2040) 93887.0
(5019, 5020, 5021) 81193.0
(7032, 7033, 7034) 106595.0
(5391, 5392, 5393) 104247.0
(4936, 4937, 4938) 91336.0
(7277, 7278, 7279) 115247.0
(4391, 4392, 4393) 105395.0
(9256, 9257, 9258) 77785.0
(6454, 6455, 6456) 96280.0
(611, 612, 613) 114010.0
(8144, 8145, 8146) 109041.0
(6735, 6736, 6737) 73877.0
(7617, 7618, 7619) 88946.0
(9694, 9695, 9696) 148404.0
(9748, 9749, 9750) 109535.0
(70, 71, 72) 87232.0
(1634, 1635, 1636) 98887.0
(7119, 7120, 7121) 91982.0
(2002, 2003, 2004) 91188.0
(7880, 7881, 7882) 111269.0
(37, 38, 39) 79267.0
(1150, 1151, 1152) 119534.0
(6405, 6406, 6407) 99064.0
(3409, 3410, 3411) 76935.0
(4765, 4766, 4767) 123971.0
(6091, 6092, 6093) 110295.0
(3245, 3246, 3247) 105130.0
(2941, 2942, 2943) 102560.0
(1402, 1403, 1404) 90462.0
(1307, 1308, 1309) 112899.0
(3742, 3743, 3744) 89245.0
(8872, 8873, 8874) 64125.0
(872, 873, 874) 83260.0
(830, 831, 832) 95588.0
(2412, 2413, 2414) 83441.0
(8168, 8169, 8170) 89818.0
(7472, 7473, 7474) 84643.0
(5146, 5147, 5148) 95304.0
(8875, 8876, 8877) 89070.0
(3511, 3512, 3513) 85757.0
(9908, 9909, 9910) 85595.0
(4729, 4730, 4731) 93976.0
(8236, 8237, 8238) 90011.0
(6650, 6651, 6652) 87356.0
(555, 556, 557) 104151.0
(9257, 9258, 9259) 95224.0
(1750, 1751, 1752) 112763.0
(4809, 4810, 4811) 94897.0
(2985, 2986, 2987) 94131.0
(2189, 2190, 2191) 91274.0
(835, 836, 837) 96813.0
(2035, 2036, 2037) 83919.0
(8363, 8364, 8365) 91646.0
(8446, 8447, 8448) 109662.0
(5505, 5506, 5507) 75437.0
(4641, 4642, 4643) 80497.0
(822, 823, 824) 116317.0
(8929, 8930, 8931) 126342.0
(8810, 8811, 8812) 80573.0
(5466, 5467, 5468) 102518.0
(1612, 1613, 1614) 137776.0
(6130, 6131, 6132) 86894.0
(4736, 4737, 4738) 121508.0
(3877, 3878, 3879) 94745.0
(8056, 8057, 8058) 96312.0
(7667, 7668, 7669) 89486.0
(3097, 3098, 3099) 101247.0
(494, 495, 496) 96255.0
(2584, 2585, 2586) 105429.0
(3667, 3668, 3669) 79693.0
(4511, 4512, 4513) 90955.0
(3902, 3903, 3904) 100864.0
(3219, 3220, 3221) 80482.0
(9699, 9700, 9701) 96490.0
(9808, 9809, 9810) 106362.0
(244, 245, 246) 92301.0
(8309, 8310, 8311) 72624.0
(763, 764, 765) 106227.0
(9713, 9714, 9715) 101917.0
(8631, 8632, 8633) 93337.0
(4039, 4040, 4041) 81101.0
(9048, 9049, 9050) 96125.0
(3757, 3758, 3759) 83122.0
(3824, 3825, 3826) 98631.0
(3630, 3631, 3632) 101675.0
(5767, 5768, 5769) 85120.0
(6777, 6778, 6779) 130494.0
(9896, 9897, 9898) 79154.0
(6195, 6196, 6197) 104202.0
(168, 169, 170) 79328.0
(9019, 9020, 9021) 81150.0
(9264, 9265, 9266) 91642.0
(3320, 3321, 3322) 108280.0
(447, 448, 449) 97495.0
(1920, 1921, 1922) 97674.0
(1944, 1945, 1946) 89332.0
(7219, 7220, 7221) 109301.0
(4654, 4655, 4656) 85936.0
(6648, 6649, 6650) 99531.0
(6376, 6377, 6378) 88756.0
(1498, 1499, 1500) 84652.0
(9004, 9005, 9006) 124217.0
(6815, 6816, 6817) 110131.0
(6668, 6669, 6670) 107004.0
(9778, 9779, 9780) 108330.0
(7410, 7411, 7412) 102228.0
(725, 726, 727) 102055.0
(3394, 3395, 3396) 87057.0
(2546, 2547, 2548) 89932.0
(7663, 7664, 7665) 99738.0
(4269, 4270, 4271) 106173.0
(783, 784, 785) 90411.0
(902, 903, 904) 68139.0
(5091, 5092, 5093) 104213.0
(317, 318, 319) 102965.0
(1084, 1085, 1086) 81416.0
(780, 781, 782) 103772.0
(2061, 2062, 2063) 86104.0
(4805, 4806, 4807) 90773.0
(6516, 6517, 6518) 99201.0
(3851, 3852, 3853) 115948.0
(5704, 5705, 5706) 89083.0
(9989, 9990, 9991) 88276.0
(8720, 8721, 8722) 93889.0
(3285, 3286, 3287) 96551.0
(9703, 9704, 9705) 110358.0
(5661, 5662, 5663) 101304.0
(4387, 4388, 4389) 99827.0
(352, 353, 354) 96970.0
(5306, 5307, 5308) 105361.0
(4643, 4644, 4645) 99414.0
(4875, 4876, 4877) 70321.0
(2342, 2343, 2344) 91272.0
(1227, 1228, 1229) 109136.0
(3921, 3922, 3923) 100956.0
(664, 665, 666) 97815.0
(9349, 9350, 9351) 89982.0
(7682, 7683, 7684) 76064.0
(3152, 3153, 3154) 108752.0
(3578, 3579, 3580) 83318.0
(1284, 1285, 1286) 92674.0
(8905, 8906, 8907) 90445.0
(9634, 9635, 9636) 103923.0
(1568, 1569, 1570) 114109.0
(8277, 8278, 8279) 120984.0
(6360, 6361, 6362) 99448.0
(8215, 8216, 8217) 89304.0
(836, 837, 838) 91599.0
(6321, 6322, 6323) 87923.0
(8583, 8584, 8585) 85970.0
(9261, 9262, 9263) 72563.0
(3397, 3398, 3399) 78782.0
(1793, 1794, 1795) 101467.0
(6529, 6530, 6531) 98714.0
(2421, 2422, 2423) 82380.0
(3363, 3364, 3365) 88594.0
(3798, 3799, 3800) 105342.0
(7446, 7447, 7448) 97603.0
(6770, 6771, 6772) 99732.0
(7258, 7259, 7260) 106932.0
(570, 571, 572) 105096.0
(7876, 7877, 7878) 95210.0
(901, 902, 903) 72071.0
(5009, 5010, 5011) 117038.0
(6867, 6868, 6869) 102034.0
(3925, 3926, 3927) 123827.0
(2715, 2716, 2717) 99829.0
(3088, 3089, 3090) 85896.0
(5261, 5262, 5263) 69739.0
(9186, 9187, 9188) 108124.0
(1556, 1557, 1558) 102920.0
(622, 623, 624) 103759.0
(5636, 5637, 5638) 96495.0
(1053, 1054, 1055) 118344.0
(1873, 1874, 1875) 113265.0
(764, 765, 766) 86627.0
(8251, 8252, 8253) 95369.0
(5330, 5331, 5332) 92581.0
(9620, 9621, 9622) 105134.0
(9459, 9460, 9461) 104530.0
(5179, 5180, 5181) 98777.0
(6916, 6917, 6918) 113948.0
(197, 198, 199) 128162.0
(3094, 3095, 3096) 97650.0
(766, 767, 768) 86717.0
(351, 352, 353) 86648.0
(9673, 9674, 9675) 108067.0
(2441, 2442, 2443) 86057.0
(1261, 1262, 1263) 96769.0
(6219, 6220, 6221) 104270.0
(6777, 6778, 6779) 130494.0
(8111, 8112, 8113) 105220.0
(670, 671, 672) 112148.0
(2094, 2095, 2096) 117389.0
(9444, 9445, 9446) 84286.0
(4584, 4585, 4586) 105578.0
(7020, 7021, 7022) 105186.0
(2175, 2176, 2177) 114112.0
(8857, 8858, 8859) 88744.0
(1896, 1897, 1898) 98103.0
(7042, 7043, 7044) 104880.0
(8387, 8388, 8389) 74697.0
(7271, 7272, 7273) 108356.0
(8915, 8916, 8917) 79728.0
(4343, 4344, 4345) 96944.0
(1037, 1038, 1039) 87154.0
(1994, 1995, 1996) 91563.0
(9285, 9286, 9287) 83850.0
(3995, 3996, 3997) 95646.0
(7679, 7680, 7681) 80367.0
(5723, 5724, 5725) 105320.0
(5048, 5049, 5050) 100435.0
(2501, 2502, 2503) 103703.0
(5827, 5828, 5829) 83050.0
(6328, 6329, 6330) 106166.0
(5971, 5972, 5973) 96325.0
(9813, 9814, 9815) 102760.0
(5504, 5505, 5506) 83225.0
(358, 359, 360) 90894.0
(1678, 1679, 1680) 86333.0
(7427, 7428, 7429) 91825.0
(2170, 2171, 2172) 95158.0
(5172, 5173, 5174) 95386.0
(5872, 5873, 5874) 110336.0
(4722, 4723, 4724) 80620.0
(5301, 5302, 5303) 92454.0
(4954, 4955, 4956) 100417.0
(6894, 6895, 6896) 109930.0
(5912, 5913, 5914) 90048.0
(3234, 3235, 3236) 98704.0
(5725, 5726, 5727) 80070.0
(7904, 7905, 7906) 128087.0
(4398, 4399, 4400) 101352.0
(265, 266, 267) 97530.0
(823, 824, 825) 97948.0
(1427, 1428, 1429) 93735.0
(40, 41, 42) 97138.0
(2559, 2560, 2561) 100857.0
(1243, 1244, 1245) 97293.0
(2623, 2624, 2625) 97463.0
(9066, 9067, 9068) 79473.0
(1775, 1776, 1777) 110583.0
(147, 148, 149) 96470.0
(9345, 9346, 9347) 81949.0
(6998, 6999, 7000) 112306.0
(8540, 8541, 8542) 84601.0
(216, 217, 218) 71911.0
(5223, 5224, 5225) 98123.0
(5166, 5167, 5168) 103285.0
(7620, 7621, 7622) 89384.0
(8208, 8209, 8210) 98411.0
(6058, 6059, 6060) 108045.0
(4004, 4005, 4006) 105221.0
(4776, 4777, 4778) 108547.0
(2853, 2854, 2855) 77292.0
(922, 923, 924) 79436.0
(4777, 4778, 4779) 107236.0
(274, 275, 276) 90827.0
(6976, 6977, 6978) 105563.0
(7435, 7436, 7437) 89953.0
(4806, 4807, 4808) 113071.0
(2225, 2226, 2227) 107748.0
(6108, 6109, 6110) 78435.0
(2082, 2083, 2084) 80826.0
(4521, 4522, 4523) 80201.0
(4345, 4346, 4347) 82029.0
(9054, 9055, 9056) 79486.0
(277, 278, 279) 71014.0
(1009, 1010, 1011) 101412.0
(8465, 8466, 8467) 91784.0
(6848, 6849, 6850) 95257.0
(6111, 6112, 6113) 75002.0
(7336, 7337, 7338) 90912.0
(2027, 2028, 2029) 100622.0
(4491, 4492, 4493) 71216.0
(393, 394, 395) 77194.0
(1278, 1279, 1280) 96659.0
(6545, 6546, 6547) 85968.0
(5273, 5274, 5275) 117380.0
(295, 296, 297) 141299.0
(5275, 5276, 5277) 83125.0
(544, 545, 546) 115468.0
(5910, 5911, 5912) 118683.0
(2088, 2089, 2090) 87049.0
(7569, 7570, 7571) 96652.0
(862, 863, 864) 89791.0
(6396, 6397, 6398) 115842.0
(3083, 3084, 3085) 83013.0
(3368, 3369, 3370) 79644.0
(7423, 7424, 7425) 78264.0
(5269, 5270, 5271) 100696.0
(8910, 8911, 8912) 119878.0
(7439, 7440, 7441) 119740.0
(1391, 1392, 1393) 117139.0
(1425, 1426, 1427) 101500.0
(2720, 2721, 2722) 87951.0
(7114, 7115, 7116) 114676.0
(213, 214, 215) 106012.0
(968, 969, 970) 98410.0
(7502, 7503, 7504) 106747.0
(499, 500, 501) 127537.0
(9978, 9979, 9980) 96588.0
(8545, 8546, 8547) 89817.0
(638, 639, 640) 87634.0
(1668, 1669, 1670) 100747.0
(4483, 4484, 4485) 117599.0
(4027, 4028, 4029) 90531.0
(9258, 9259, 9260) 134182.0
(5045, 5046, 5047) 115329.0
(9565, 9566, 9567) 108898.0
(5533, 5534, 5535) 116042.0
(8333, 8334, 8335) 95792.0
(6794, 6795, 6796) 107965.0
(7011, 7012, 7013) 102927.0
(4713, 4714, 4715) 92312.0
(4915, 4916, 4917) 91965.0
(4720, 4721, 4722) 80175.0
(6403, 6404, 6405) 84845.0
(8470, 8471, 8472) 86263.0
(5195, 5196, 5197) 89334.0
(7938, 7939, 7940) 104920.0
(3563, 3564, 3565) 90053.0
(8977, 8978, 8979) 88695.0
(7294, 7295, 7296) 90731.0
(5777, 5778, 5779) 115429.0
(2108, 2109, 2110) 107698.0
(2006, 2007, 2008) 75390.0
(2981, 2982, 2983) 94100.0
(4283, 4284, 4285) 104470.0
(8686, 8687, 8688) 101894.0
(4692, 4693, 4694) 110647.0
(2229, 2230, 2231) 97065.0
(7929, 7930, 7931) 84138.0
(3865, 3866, 3867) 104492.0
(2003, 2004, 2005) 78220.0
(1170, 1171, 1172) 107064.0
(315, 316, 317) 114319.0
(1312, 1313, 1314) 88514.0
(6238, 6239, 6240) 101332.0
(386, 387, 388) 114475.0
(9319, 9320, 9321) 108649.0
(7270, 7271, 7272) 79504.0
(5546, 5547, 5548) 99538.0
(6658, 6659, 6660) 95316.0
(6151, 6152, 6153) 91356.0
(9325, 9326, 9327) 71476.0
(8006, 8007, 8008) 118061.0
(5008, 5009, 5010) 77108.0
(8640, 8641, 8642) 107706.0
(247, 248, 249) 104398.0
(4147, 4148, 4149) 98564.0
(985, 986, 987) 92491.0
(8216, 8217, 8218) 107768.0
(5027, 5028, 5029) 85883.0
(9000, 9001, 9002) 107696.0
(9748, 9749, 9750) 109535.0
(8299, 8300, 8301) 94272.0
(1994, 1995, 1996) 91563.0
(1204, 1205, 1206) 98069.0
(3648, 3649, 3650) 75433.0
(6772, 6773, 6774) 89205.0
(7946, 7947, 7948) 72390.0
(8001, 8002, 8003) 93240.0
(7540, 7541, 7542) 64596.0
(5968, 5969, 5970) 113907.0
(4173, 4174, 4175) 90621.0
(8141, 8142, 8143) 95145.0
(7983, 7984, 7985) 72809.0
(8302, 8303, 8304) 117190.0
(8364, 8365, 8366) 94303.0
(6745, 6746, 6747) 106906.0
(2179, 2180, 2181) 95884.0
(5220, 5221, 5222) 85249.0
(498, 499, 500) 101350.0
(4080, 4081, 4082) 85107.0
(8437, 8438, 8439) 100768.0
(4764, 4765, 4766) 111725.0
(7773, 7774, 7775) 93722.0
(2624, 2625, 2626) 83663.0
(3925, 3926, 3927) 123827.0
(5029, 5030, 5031) 89929.0
(1270, 1271, 1272) 105623.0
(3145, 3146, 3147) 100981.0
(8662, 8663, 8664) 98800.0
(8323, 8324, 8325) 114697.0
(4781, 4782, 4783) 105846.0
(3926, 3927, 3928) 91051.0
(8433, 8434, 8435) 87917.0
(4027, 4028, 4029) 90531.0
(6304, 6305, 6306) 107394.0
(8089, 8090, 8091) 104002.0
(2371, 2372, 2373) 87193.0
(2811, 2812, 2813) 88175.0
(3335, 3336, 3337) 112934.0
(1398, 1399, 1400) 90772.0
(6073, 6074, 6075) 106894.0
(7385, 7386, 7387) 84962.0
(4185, 4186, 4187) 113459.0
(3437, 3438, 3439) 95662.0
(1241, 1242, 1243) 110335.0
(9494, 9495, 9496) 99646.0
(3408, 3409, 3410) 112793.0
(2469, 2470, 2471) 114718.0
(4748, 4749, 4750) 89748.0
(3069, 3070, 3071) 110097.0
(3206, 3207, 3208) 86880.0
(6985, 6986, 6987) 71427.0
(859, 860, 861) 98337.0
(4470, 4471, 4472) 99391.0
(7706, 7707, 7708) 75089.0
(2662, 2663, 2664) 98777.0
(9874, 9875, 9876) 96263.0
(7093, 7094, 7095) 73988.0
(863, 864, 865) 86351.0
(2107, 2108, 2109) 83732.0
(4462, 4463, 4464) 94920.0
(1212, 1213, 1214) 99195.0
(5589, 5590, 5591) 85077.0
(1093, 1094, 1095) 83726.0
(6556, 6557, 6558) 97610.0
(6046, 6047, 6048) 84629.0
(4232, 4233, 4234) 136656.0
(3700, 3701, 3702) 89268.0
(3221, 3222, 3223) 95516.0
(6890, 6891, 6892) 105759.0
(7149, 7150, 7151) 110464.0
(2986, 2987, 2988) 89569.0
(1537, 1538, 1539) 94897.0
(8661, 8662, 8663) 112682.0
(5236, 5237, 5238) 73669.0
(1363, 1364, 1365) 72016.0
(497, 498, 499) 97067.0
(4097, 4098, 4099) 102563.0
(3832, 3833, 3834) 95218.0
(8072, 8073, 8074) 90439.0
(8460, 8461, 8462) 113119.0
(5121, 5122, 5123) 113533.0
(4018, 4019, 4020) 74639.0
(4960, 4961, 4962) 105977.0
(1453, 1454, 1455) 86880.0
(8303, 8304, 8305) 98212.0
(5066, 5067, 5068) 122532.0
(3740, 3741, 3742) 77066.0
(2842, 2843, 2844) 85338.0
(3431, 3432, 3433) 84340.0
(9595, 9596, 9597) 101705.0
(6728, 6729, 6730) 86292.0
(2426, 2427, 2428) 77012.0
(6329, 6330, 6331) 82656.0
(8570, 8571, 8572) 96299.0
(4817, 4818, 4819) 83619.0
(2768, 2769, 2770) 109815.0
(4332, 4333, 4334) 86475.0
(2152, 2153, 2154) 115316.0
(2963, 2964, 2965) 88550.0
(2611, 2612, 2613) 86445.0
(1926, 1927, 1928) 88065.0
(5572, 5573, 5574) 95000.0
(4970, 4971, 4972) 110509.0
(9755, 9756, 9757) 95817.0
(2763, 2764, 2765) 106437.0
(6553, 6554, 6555) 95837.0
(3118, 3119, 3120) 97415.0
(8023, 8024, 8025) 120954.0
(3943, 3944, 3945) 101067.0
(5546, 5547, 5548) 99538.0
(8361, 8362, 8363) 108389.0
(7497, 7498, 7499) 75983.0
(5626, 5627, 5628) 122429.0
(9482, 9483, 9484) 90558.0
(5418, 5419, 5420) 96210.0
(1000, 1001, 1002) 109061.0
(6786, 6787, 6788) 97728.0
(7552, 7553, 7554) 73918.0
(2496, 2497, 2498) 89506.0
(913, 914, 915) 108228.0
(6029, 6030, 6031) 86258.0
(1943, 1944, 1945) 79307.0
(4413, 4414, 4415) 115978.0
(9313, 9314, 9315) 109095.0
(3843, 3844, 3845) 84965.0
(9789, 9790, 9791) 91867.0
(9331, 9332, 9333) 105152.0
(4278, 4279, 4280) 83620.0
(7878, 7879, 7880) 81610.0
(6316, 6317, 6318) 99132.0
(4316, 4317, 4318) 105517.0
(3288, 3289, 3290) 100603.0
(204, 205, 206) 84062.0
(4013, 4014, 4015) 91036.0
(6598, 6599, 6600) 81240.0
(8544, 8545, 8546) 91216.0
(2430, 2431, 2432) 82665.0
(3330, 3331, 3332) 90920.0
(3534, 3535, 3536) 71655.0
(1493, 1494, 1495) 93598.0
(9857, 9858, 9859) 90709.0
(9046, 9047, 9048) 98513.0
(4176, 4177, 4178) 83796.0
(2066, 2067, 2068) 108304.0
(4211, 4212, 4213) 85883.0
(7251, 7252, 7253) 87636.0
(768, 769, 770) 93787.0
(7522, 7523, 7524) 115155.0
(9762, 9763, 9764) 91020.0
(4370, 4371, 4372) 107572.0
(7247, 7248, 7249) 84862.0
(2292, 2293, 2294) 90657.0
(2971, 2972, 2973) 104358.0
(168, 169, 170) 79328.0
(2363, 2364, 2365) 97158.0
(246, 247, 248) 110267.0
(7934, 7935, 7936) 98269.0
(5496, 5497, 5498) 121677.0
(4986, 4987, 4988) 96651.0
(8675, 8676, 8677) 95490.0
(4817, 4818, 4819) 83619.0
(4858, 4859, 4860) 117952.0
(8741, 8742, 8743) 109039.0
(9589, 9590, 9591) 115676.0
(7749, 7750, 7751) 103062.0
(8468, 8469, 8470) 110714.0
(7683, 7684, 7685) 108818.0
(6613, 6614, 6615) 86994.0
(3871, 3872, 3873) 113817.0
(9993, 9994, 9995) 109020.0
(1580, 1581, 1582) 91711.0
(2800, 2801, 2802) 109519.0
(5207, 5208, 5209) 93176.0
(3532, 3533, 3534) 88646.0
(5657, 5658, 5659) 95663.0
(7909, 7910, 7911) 98933.0
(572, 573, 574) 82494.0
(709, 710, 711) 97204.0
(3479, 3480, 3481) 88946.0
(4804, 4805, 4806) 132176.0
(6536, 6537, 6538) 110051.0
(5312, 5313, 5314) 116527.0
(3803, 3804, 3805) 90822.0
(1012, 1013, 1014) 97148.0
(5438, 5439, 5440) 100479.0
(7328, 7329, 7330) 84769.0
(4347, 4348, 4349) 91210.0
(5926, 5927, 5928) 98400.0
(2930, 2931, 2932) 108916.0
(6068, 6069, 6070) 93603.0
(8095, 8096, 8097) 93348.0
(9663, 9664, 9665) 100550.0
(3908, 3909, 3910) 81381.0
(3491, 3492, 3493) 116303.0
(2353, 2354, 2355) 101283.0
(7469, 7470, 7471) 110427.0
(4577, 4578, 4579) 91324.0
(826, 827, 828) 107531.0
(4432, 4433, 4434) 91773.0
(9178, 9179, 9180) 105211.0
(7785, 7786, 7787) 113832.0
(9779, 9780, 9781) 116012.0
(1642, 1643, 1644) 111638.0
(3027, 3028, 3029) 104512.0
(8121, 8122, 8123) 97769.0
(2791, 2792, 2793) 89506.0
(1647, 1648, 1649) 90103.0
(6218, 6219, 6220) 112990.0
(4306, 4307, 4308) 74888.0
(7661, 7662, 7663) 88539.0
(9475, 9476, 9477) 98614.0
(9441, 9442, 9443) 103782.0
(6033, 6034, 6035) 71331.0
(3316, 3317, 3318) 86682.0
(4749, 4750, 4751) 107615.0
(9606, 9607, 9608) 98289.0
(3406, 3407, 3408) 132436.0
(2804, 2805, 2806) 115867.0
(8747, 8748, 8749) 79446.0
(9312, 9313, 9314) 74937.0
(3404, 3405, 3406) 90288.0
(4305, 4306, 4307) 68198.0
(3343, 3344, 3345) 88369.0
(6202, 6203, 6204) 81793.0
(1935, 1936, 1937) 78440.0
(1391, 1392, 1393) 117139.0
(2540, 2541, 2542) 113548.0
(3718, 3719, 3720) 75984.0
(1576, 1577, 1578) 92140.0
(9849, 9850, 9851) 80196.0
(6347, 6348, 6349) 72934.0
(9955, 9956, 9957) 108544.0
(9285, 9286, 9287) 83850.0
(9155, 9156, 9157) 91918.0
(2439, 2440, 2441) 75964.0
(3428, 3429, 3430) 77581.0
(539, 540, 541) 101499.0
(7755, 7756, 7757) 93510.0
(2669, 2670, 2671) 93628.0
(6658, 6659, 6660) 95316.0
(1242, 1243, 1244) 95989.0
(6849, 6850, 6851) 81938.0
(2517, 2518, 2519) 114336.0
(4043, 4044, 4045) 80891.0
(1405, 1406, 1407) 79085.0
(7072, 7073, 7074) 118032.0
(7728, 7729, 7730) 96473.0
(1882, 1883, 1884) 119338.0
(5763, 5764, 5765) 118496.0
(990, 991, 992) 110923.0
(7002, 7003, 7004) 87072.0
(9169, 9170, 9171) 104543.0
(5879, 5880, 5881) 124832.0
(5627, 5628, 5629) 96488.0
(3125, 3126, 3127) 97028.0
(9805, 9806, 9807) 86285.0
(1190, 1191, 1192) 76649.0
(5952, 5953, 5954) 100425.0
(7480, 7481, 7482) 96958.0
(3020, 3021, 3022) 84343.0
(6984, 6985, 6986) 103215.0
(615, 616, 617) 99154.0
(6272, 6273, 6274) 104555.0
(7357, 7358, 7359) 132637.0
(7532, 7533, 7534) 96710.0
(7904, 7905, 7906) 128087.0
(8465, 8466, 8467) 91784.0
(9008, 9009, 9010) 110977.0
(5570, 5571, 5572) 109319.0
(2299, 2300, 2301) 93689.0
(8356, 8357, 8358) 109201.0
(6772, 6773, 6774) 89205.0
(5717, 5718, 5719) 99861.0
(1367, 1368, 1369) 94112.0
(634, 635, 636) 92058.0
(723, 724, 725) 117414.0
(724, 725, 726) 78257.0
(3648, 3649, 3650) 75433.0
(1952, 1953, 1954) 78478.0
(6113, 6114, 6115) 95262.0
(3704, 3705, 3706) 93962.0
(1338, 1339, 1340) 80921.0
(8752, 8753, 8754) 74431.0
(6152, 6153, 6154) 100107.0
(1701, 1702, 1703) 102957.0
(1557, 1558, 1559) 96350.0
(2753, 2754, 2755) 125833.0
(5957, 5958, 5959) 116904.0
(3147, 3148, 3149) 100303.0
(4722, 4723, 4724) 80620.0
(3436, 3437, 3438) 93855.0
(4060, 4061, 4062) 114046.0
(4684, 4685, 4686) 106718.0
(1192, 1193, 1194) 121256.0
(4160, 4161, 4162) 101547.0
(2701, 2702, 2703) 100392.0
(1430, 1431, 1432) 113490.0
(7936, 7937, 7938) 95695.0
(7095, 7096, 7097) 118615.0
(2624, 2625, 2626) 83663.0
(4647, 4648, 4649) 105609.0
(8867, 8868, 8869) 90694.0
(6294, 6295, 6296) 91021.0
(8090, 8091, 8092) 104750.0
(1566, 1567, 1568) 96988.0
(6265, 6266, 6267) 89512.0
(9226, 9227, 9228) 92644.0
(8751, 8752, 8753) 118246.0
(337, 338, 339) 109988.0
(3168, 3169, 3170) 93785.0
(3586, 3587, 3588) 89411.0
(3901, 3902, 3903) 111973.0
(810, 811, 812) 115599.0
(8212, 8213, 8214) 100528.0
(715, 716, 717) 80397.0
(4487, 4488, 4489) 101661.0
(1418, 1419, 1420) 97987.0
(9249, 9250, 9251) 96916.0
(1978, 1979, 1980) 94932.0
(8995, 8996, 8997) 115928.0
(1833, 1834, 1835) 92106.0
(6505, 6506, 6507) 89796.0
(1970, 1971, 1972) 78767.0
(3679, 3680, 3681) 110197.0
(1907, 1908, 1909) 86573.0
(9273, 9274, 9275) 115664.0
(8068, 8069, 8070) 99943.0
(435, 436, 437) 88504.0
(6228, 6229, 6230) 113123.0
(8785, 8786, 8787) 116611.0
(7904, 7905, 7906) 128087.0
(2998, 2999, 3000) 88481.0
(7110, 7111, 7112) 102823.0
(1721, 1722, 1723) 116509.0
(838, 839, 840) 73462.0
(5451, 5452, 5453) 90889.0
(8054, 8055, 8056) 85546.0
(963, 964, 965) 94024.0
(2044, 2045, 2046) 105545.0
(5240, 5241, 5242) 98540.0
(9087, 9088, 9089) 81249.0
(6877, 6878, 6879) 95823.0
(6662, 6663, 6664) 100630.0
(2867, 2868, 2869) 86781.0
(9168, 9169, 9170) 94466.0
(7944, 7945, 7946) 84715.0
(1341, 1342, 1343) 107027.0
(4406, 4407, 4408) 113407.0
(9058, 9059, 9060) 87405.0
(3900, 3901, 3902) 114648.0
(2740, 2741, 2742) 67196.0
(8287, 8288, 8289) 78302.0
(7054, 7055, 7056) 93277.0
(1357, 1358, 1359) 93774.0
(8382, 8383, 8384) 80953.0
(2783, 2784, 2785) 75114.0
(9805, 9806, 9807) 86285.0
(5849, 5850, 5851) 92005.0
(6641, 6642, 6643) 95929.0
(1831, 1832, 1833) 73912.0
(6781, 6782, 6783) 96346.0
(9118, 9119, 9120) 107288.0
(1700, 1701, 1702) 104137.0
(6439, 6440, 6441) 87353.0
(7679, 7680, 7681) 80367.0
(2067, 2068, 2069) 112302.0
(1827, 1828, 1829) 84192.0
(359, 360, 361) 99158.0
(1966, 1967, 1968) 99510.0
(1084, 1085, 1086) 81416.0
(2023, 2024, 2025) 108578.0
(8829, 8830, 8831) 104839.0
(4830, 4831, 4832) 72914.0
(2394, 2395, 2396) 112502.0
(9063, 9064, 9065) 113946.0
(7755, 7756, 7757) 93510.0
(9284, 9285, 9286) 113201.0
(9024, 9025, 9026) 84094.0
(4905, 4906, 4907) 88136.0
(8273, 8274, 8275) 88726.0
(807, 808, 809) 90313.0
(3947, 3948, 3949) 90064.0
(4910, 4911, 4912) 95107.0
(4817, 4818, 4819) 83619.0
(1710, 1711, 1712) 93869.0
(669, 670, 671) 117911.0
(8636, 8637, 8638) 72362.0
(3195, 3196, 3197) 88657.0
(6650, 6651, 6652) 87356.0
(5559, 5560, 5561) 97578.0
(7817, 7818, 7819) 79611.0
(879, 880, 881) 105455.0
(6392, 6393, 6394) 128475.0
(7006, 7007, 7008) 94281.0
(3035, 3036, 3037) 108555.0
(6653, 6654, 6655) 109281.0
