(14, 15, 16) 103103.0
(4579, 4580, 4581) 92338.0
(6850, 6851, 6852) 77875.0
(4136, 4137, 4138) 88553.0
(9321, 9322, 9323) 94903.0
(5210, 5211, 5212) 84293.0
(6096, 6097, 6098) 94701.0
(2677, 2678, 2679) 105746.0
(5320, 5321, 5322) 105963.0
(9052, 9053, 9054) 98139.0
(5310, 5311, 5312) 110259.0
(7796, 7797, 7798) 84800.0
(4447, 4448, 4449) 91699.0
(2417, 2418, 2419) 89362.0
(8323, 8324, 8325) 115707.0
(7421, 7422, 7423) 114804.0
(5557, 5558, 5559) 110252.0
(5062, 5063, 5064) 96679.0
(2569, 2570, 2571) 114309.0
(2203, 2204, 2205) 70066.0
(7421, 7422, 7423) 114804.0
(3051, 3052, 3053) 82928.0
(7705, 7706, 7707) 88493.0
(544, 545, 546) 114037.0
(2233, 2234, 2235) 131495.0
(586, 587, 588) 97316.0
(8967, 8968, 8969) 128696.0
(9775, 9776, 9777) 88975.0
(2861, 2862, 2863) 105441.0
(6398, 6399, 6400) 91310.0
(741, 742, 743) 79089.0
(3247, 3248, 3249) 106594.0
(8973, 8974, 8975) 88604.0
(8008, 8009, 8010) 130296.0
(8600, 8601, 8602) 111227.0
(69, 70, 71) 89672.0
(7348, 7349, 7350) 89692.0
(821, 822, 823) 71255.0
(1564, 1565, 1566) 106051.0
(8805, 8806, 8807) 121038.0
(1428, 1429, 1430) 104049.0
(770, 771, 772) 71939.0
(8240, 8241, 8242) 114252.0
(3781, 3782, 3783) 114569.0
(8965, 8966, 8967) 95713.0
(3505, 3506, 3507) 81632.0
(2201, 2202, 2203) 110540.0
(791, 792, 793) 116416.0
(7772, 7773, 7774) 85226.0
(1086, 1087, 1088) 87943.0
(492, 493, 494) 99831.0
(6136, 6137, 6138) 87617.0
(3975, 3976, 3977) 106494.0
(3876, 3877, 3878) 97945.0
(9607, 9608, 9609) 88286.0
(8521, 8522, 8523) 94563.0
(6583, 6584, 6585) 80700.0
(1756, 1757, 1758) 90426.0
(3698, 3699, 3700) 96126.0
(4908, 4909, 4910) 101500.0
(8757, 8758, 8759) 77944.0
(8334, 8335, 8336) 84808.0
(8805, 8806, 8807) 121038.0
(1538, 1539, 1540) 95184.0
(3553, 3554, 3555) 105715.0
(1112, 1113, 1114) 122111.0
(4635, 4636, 4637) 108444.0
(7087, 7088, 7089) 87932.0
(8604, 8605, 8606) 114322.0
(9578, 9579, 9580) 116457.0
(9871, 9872, 9873) 85512.0
(58, 59, 60) 87913.0
(7719, 7720, 7721) 86281.0
(4839, 4840, 4841) 91201.0
(8810, 8811, 8812) 83191.0
(6875, 6876, 6877) 131609.0
(3377, 3378, 3379) 86575.0
(1157, 1158, 1159) 93201.0
(5756, 5757, 5758) 118081.0
(7424, 7425, 7426) 94576.0
(1984, 1985, 1986) 90464.0
(4168, 4169, 4170) 123477.0
(8393, 8394, 8395) 109408.0
(6755, 6756, 6757) 104074.0
(5092, 5093, 5094) 74616.0
(1512, 1513, 1514) 88674.0
(3030, 3031, 3032) 106858.0
(5641, 5642, 5643) 88764.0
(694, 695, 696) 92423.0
(7825, 7826, 7827) 95471.0
(8787, 8788, 8789) 113211.0
(2969, 2970, 2971) 122830.0
(9774, 9775, 9776) 82167.0
(6323, 6324, 6325) 76980.0
(2735, 2736, 2737) 110457.0
(1653, 1654, 1655) 74685.0
(8001, 8002, 8003) 93187.0
(3672, 3673, 3674) 86139.0
(5336, 5337, 5338) 125107.0
(1252, 1253, 1254) 114296.0
(4522, 4523, 4524) 119224.0
(7294, 7295, 7296) 96011.0
(5154, 5155, 5156) 87902.0
(4020, 4021, 4022) 101083.0
(6065, 6066, 6067) 97953.0
(4007, 4008, 4009) 96801.0
(9370, 9371, 9372) 78348.0
(2516, 2517, 2518) 115244.0
(4527, 4528, 4529) 67286.0
(8816, 8817, 8818) 131819.0
(828, 829, 830) 108475.0
(1797, 1798, 1799) 92376.0
(5602, 5603, 5604) 107154.0
(2101, 2102, 2103) 117814.0
(6189, 6190, 6191) 94957.0
(7964, 7965, 7966) 87825.0
(5793, 5794, 5795) 104230.0
(7092, 7093, 7094) 97601.0
(6465, 6466, 6467) 101354.0
(7113, 7114, 7115) 116065.0
(7902, 7903, 7904) 93012.0
(3585, 3586, 3587) 98157.0
(3696, 3697, 3698) 132987.0
(4452, 4453, 4454) 83310.0
(4919, 4920, 4921) 110113.0
(3989, 3990, 3991) 141251.0
(1023, 1024, 1025) 91461.0
(9950, 9951, 9952) 112341.0
(7586, 7587, 7588) 91441.0
(515, 516, 517) 119388.0
(2216, 2217, 2218) 85759.0
(6252, 6253, 6254) 93725.0
(7112, 7113, 7114) 95762.0
(8022, 8023, 8024) 72625.0
(6356, 6357, 6358) 91863.0
(110, 111, 112) 94257.0
(8192, 8193, 8194) 130079.0
(9020, 9021, 9022) 79613.0
(5727, 5728, 5729) 82011.0
(6615, 6616, 6617) 90110.0
(5433, 5434, 5435) 109301.0
(51, 52, 53) 117707.0
(8672, 8673, 8674) 93734.0
(165, 166, 167) 107197.0
(9050, 9051, 9052) 85949.0
(716, 717, 718) 83533.0
(6441, 6442, 6443) 126325.0
(1869, 1870, 1871) 115833.0
(4835, 4836, 4837) 106095.0
(6202, 6203, 6204) 80791.0
(2319, 2320, 2321) 93774.0
(318, 319, 320) 99670.0
(8398, 8399, 8400) 96748.0
(1682, 1683, 1684) 83339.0
(7921, 7922, 7923) 116225.0
(4691, 4692, 4693) 111028.0
(7790, 7791, 7792) 105130.0
(2611, 2612, 2613) 84980.0
(6710, 6711, 6712) 92823.0
(7241, 7242, 7243) 105246.0
(4463, 4464, 4465) 86315.0
(9196, 9197, 9198) 106455.0
(2517, 2518, 2519) 115141.0
(9677, 9678, 9679) 108114.0
(8126, 8127, 8128) 96169.0
(6142, 6143, 6144) 82742.0
(2552, 2553, 2554) 94790.0
(3108, 3109, 3110) 87177.0
(6127, 6128, 6129) 103785.0
(2870, 2871, 2872) 105310.0
(4537, 4538, 4539) 112627.0
(2698, 2699, 2700) 92412.0
(3257, 3258, 3259) 72264.0
(1997, 1998, 1999) 72285.0
(2772, 2773, 2774) 94376.0
(9462, 9463, 9464) 81218.0
(5194, 5195, 5196) 84253.0
(1392, 1393, 1394) 110315.0
(1567, 1568, 1569) 90904.0
(1568, 1569, 1570) 118011.0
(5864, 5865, 5866) 116054.0
(2357, 2358, 2359) 112147.0
(6640, 6641, 6642) 85471.0
(8101, 8102, 8103) 128845.0
(7067, 7068, 7069) 126808.0
(9054, 9055, 9056) 80038.0
(4288, 4289, 4290) 67816.0
(1386, 1387, 1388) 100339.0
(1580, 1581, 1582) 91769.0
(6665, 6666, 6667) 102558.0
(4442, 4443, 4444) 99515.0
(2218, 2219, 2220) 90139.0
(4265, 4266, 4267) 132100.0
(6980, 6981, 6982) 99885.0
(1957, 1958, 1959) 114307.0
(7981, 7982, 7983) 114220.0
(8847, 8848, 8849) 97778.0
(4846, 4847, 4848) 117778.0
(3250, 3251, 3252) 81086.0
(3188, 3189, 3190) 111622.0
(7048, 7049, 7050) 112513.0
