(5655, 5656, 5657) 91564.0
(9695, 9696, 9697) 79470.0
(2419, 2420, 2421) 103145.0
(4343, 4344, 4345) 100512.0
(9818, 9819, 9820) 112890.0
(9736, 9737, 9738) 88479.0
(7009, 7010, 7011) 107037.0
(5408, 5409, 5410) 84335.0
(7297, 7298, 7299) 103559.0
(8739, 8740, 8741) 97315.0
(2738, 2739, 2740) 96857.0
(4965, 4966, 4967) 101043.0
(5167, 5168, 5169) 105583.0
(7610, 7611, 7612) 101369.0
(2647, 2648, 2649) 126507.0
(8033, 8034, 8035) 98001.0
(161, 162, 163) 116915.0
(601, 602, 603) 121610.0
(419, 420, 421) 123257.0
(8013, 8014, 8015) 139609.0
(459, 460, 461) 112823.0
(3938, 3939, 3940) 90127.0
(7443, 7444, 7445) 111536.0
(7383, 7384, 7385) 94296.0
(4951, 4952, 4953) 135005.0
(4573, 4574, 4575) 111808.0
(3866, 3867, 3868) 85881.0
(1361, 1362, 1363) 93757.0
(1105, 1106, 1107) 84208.0
(4913, 4914, 4915) 81899.0
(9695, 9696, 9697) 79470.0
(626, 627, 628) 141967.0
(5151, 5152, 5153) 110891.0
(7288, 7289, 7290) 92447.0
(7088, 7089, 7090) 119872.0
(7956, 7957, 7958) 126040.0
(6038, 6039, 6040) 113310.0
(1097, 1098, 1099) 103109.0
(737, 738, 739) 102914.0
(7347, 7348, 7349) 91889.0
(170, 171, 172) 99011.0
(6770, 6771, 6772) 103220.0
(5209, 5210, 5211) 74172.0
(9551, 9552, 9553) 67803.0
(8335, 8336, 8337) 128976.0
(746, 747, 748) 97862.0
(2098, 2099, 2100) 111329.0
(556, 557, 558) 104213.0
(6128, 6129, 6130) 144517.0
(9883, 9884, 9885) 77849.0
(1824, 1825, 1826) 102379.0
(4025, 4026, 4027) 127571.0
(1815, 1816, 1817) 150927.0
(7762, 7763, 7764) 112002.0
(4327, 4328, 4329) 98864.0
(2270, 2271, 2272) 125718.0
(4727, 4728, 4729) 104064.0
(1885, 1886, 1887) 84475.0
(6486, 6487, 6488) 120751.0
(5200, 5201, 5202) 106626.0
(5084, 5085, 5086) 82082.0
(9125, 9126, 9127) 97935.0
(2582, 2583, 2584) 72832.0
(8430, 8431, 8432) 75600.0
(7481, 7482, 7483) 92185.0
(1735, 1736, 1737) 102675.0
(2161, 2162, 2163) 79745.0
(100, 101, 102) 98699.0
(2764, 2765, 2766) 101476.0
(2622, 2623, 2624) 112758.0
(3991, 3992, 3993) 95064.0
(1490, 1491, 1492) 85144.0
(6592, 6593, 6594) 105633.0
(2285, 2286, 2287) 95328.0
(6470, 6471, 6472) 92881.0
(7884, 7885, 7886) 90424.0
(3658, 3659, 3660) 92228.0
(7237, 7238, 7239) 85101.0
(8718, 8719, 8720) 103245.0
(3629, 3630, 3631) 101149.0
(3742, 3743, 3744) 92858.0
(5520, 5521, 5522) 112203.0
(8967, 8968, 8969) 131328.0
(5847, 5848, 5849) 100734.0
(3621, 3622, 3623) 96327.0
(7437, 7438, 7439) 111688.0
(9586, 9587, 9588) 98470.0
(9124, 9125, 9126) 111665.0
(2055, 2056, 2057) 93985.0
(1280, 1281, 1282) 95779.0
(2431, 2432, 2433) 126580.0
(8160, 8161, 8162) 66120.0
(5053, 5054, 5055) 115934.0
(4141, 4142, 4143) 90627.0
(2394, 2395, 2396) 114864.0
(483, 484, 485) 101654.0
(54, 55, 56) 73417.0
(5789, 5790, 5791) 102501.0
(576, 577, 578) 107683.0
(384, 385, 386) 91619.0
(8237, 8238, 8239) 98560.0
(3667, 3668, 3669) 82691.0
(8446, 8447, 8448) 119075.0
(4771, 4772, 4773) 95478.0
(4013, 4014, 4015) 93425.0
(5578, 5579, 5580) 89810.0
(9750, 9751, 9752) 117184.0
(4198, 4199, 4200) 134191.0
(3372, 3373, 3374) 121117.0
(6697, 6698, 6699) 98589.0
(8520, 8521, 8522) 97877.0
(6530, 6531, 6532) 104701.0
(3362, 3363, 3364) 88791.0
(489, 490, 491) 115317.0
(1257, 1258, 1259) 117231.0
(2990, 2991, 2992) 92446.0
(4432, 4433, 4434) 93191.0
(50, 51, 52) 101793.0
(277, 278, 279) 76603.0
(8583, 8584, 8585) 90459.0
(6043, 6044, 6045) 102318.0
(417, 418, 419) 125354.0
(7067, 7068, 7069) 127498.0
(2806, 2807, 2808) 82759.0
(774, 775, 776) 110709.0
(2236, 2237, 2238) 94461.0
(84, 85, 86) 129984.0
(7331, 7332, 7333) 87437.0
(3736, 3737, 3738) 92498.0
(4519, 4520, 4521) 90143.0
(3896, 3897, 3898) 100506.0
(1946, 1947, 1948) 88262.0
(8835, 8836, 8837) 81464.0
(4040, 4041, 4042) 114478.0
(1784, 1785, 1786) 100271.0
(4340, 4341, 4342) 114994.0
(8771, 8772, 8773) 101091.0
(424, 425, 426) 90007.0
(6256, 6257, 6258) 104749.0
(2844, 2845, 2846) 101449.0
(4455, 4456, 4457) 113634.0
(207, 208, 209) 117867.0
(5258, 5259, 5260) 89834.0
(1478, 1479, 1480) 84459.0
(1162, 1163, 1164) 86600.0
(3533, 3534, 3535) 126725.0
(7270, 7271, 7272) 80978.0
(6728, 6729, 6730) 91231.0
(1317, 1318, 1319) 73689.0
(1360, 1361, 1362) 95835.0
(5896, 5897, 5898) 113096.0
(785, 786, 787) 112689.0
(7603, 7604, 7605) 71994.0
(162, 163, 164) 127634.0
(505, 506, 507) 112887.0
(1584, 1585, 1586) 97465.0
(1568, 1569, 1570) 120857.0
(3500, 3501, 3502) 75781.0
(1563, 1564, 1565) 117034.0
(4089, 4090, 4091) 102755.0
(5428, 5429, 5430) 106828.0
(7896, 7897, 7898) 104263.0
(933, 934, 935) 106593.0
(1718, 1719, 1720) 103369.0
(2267, 2268, 2269) 115353.0
(9613, 9614, 9615) 111842.0
(6989, 6990, 6991) 102672.0
(1443, 1444, 1445) 122172.0
(7293, 7294, 7295) 96996.0
(1836, 1837, 1838) 93398.0
(4556, 4557, 4558) 103859.0
(8591, 8592, 8593) 103427.0
(70, 71, 72) 88389.0
(7245, 7246, 7247) 93755.0
(8033, 8034, 8035) 98001.0
(4071, 4072, 4073) 105957.0
(748, 749, 750) 78163.0
(160, 161, 162) 77368.0
(6128, 6129, 6130) 144517.0
(5752, 5753, 5754) 127584.0
(8451, 8452, 8453) 108466.0
(9303, 9304, 9305) 91387.0
(8528, 8529, 8530) 93036.0
(4095, 4096, 4097) 123133.0
(3401, 3402, 3403) 107942.0
(7685, 7686, 7687) 74690.0
(3142, 3143, 3144) 93998.0
(1319, 1320, 1321) 108084.0
(4218, 4219, 4220) 82531.0
(8107, 8108, 8109) 109671.0
(4760, 4761, 4762) 118233.0
(238, 239, 240) 97789.0
(107, 108, 109) 102219.0
(4203, 4204, 4205) 79260.0
(7879, 7880, 7881) 117954.0
(6712, 6713, 6714) 95742.0
(8020, 8021, 8022) 89584.0
(8732, 8733, 8734) 107556.0
(3685, 3686, 3687) 96806.0
(1712, 1713, 1714) 100313.0
(3221, 3222, 3223) 97964.0
