(7365, 7366, 7367) 97772.0
(6316, 6317, 6318) 103349.0
(3497, 3498, 3499) 109236.0
(7455, 7456, 7457) 112566.0
(9311, 9312, 9313) 104334.0
(4414, 4415, 4416) 97101.0
(6211, 6212, 6213) 83473.0
(2004, 2005, 2006) 92425.0
(701, 702, 703) 123176.0
(2122, 2123, 2124) 118327.0
(1463, 1464, 1465) 82823.0
(8755, 8756, 8757) 109034.0
(3855, 3856, 3857) 83795.0
(3458, 3459, 3460) 108928.0
(3048, 3049, 3050) 73849.0
(9764, 9765, 9766) 104615.0
(7205, 7206, 7207) 114209.0
(9142, 9143, 9144) 93091.0
(5987, 5988, 5989) 88717.0
(5108, 5109, 5110) 98629.0
(7473, 7474, 7475) 88596.0
(2592, 2593, 2594) 105603.0
(1770, 1771, 1772) 90717.0
(7420, 7421, 7422) 113837.0
(6027, 6028, 6029) 95684.0
(9121, 9122, 9123) 108170.0
(1354, 1355, 1356) 87575.0
(9729, 9730, 9731) 87742.0
(549, 550, 551) 117639.0
(1496, 1497, 1498) 98535.0
(9223, 9224, 9225) 109253.0
(9890, 9891, 9892) 79587.0
(8108, 8109, 8110) 104994.0
(4936, 4937, 4938) 94867.0
(7629, 7630, 7631) 115397.0
(6356, 6357, 6358) 92772.0
(749, 750, 751) 108642.0
(444, 445, 446) 116667.0
(3896, 3897, 3898) 104190.0
(7662, 7663, 7664) 104501.0
(5690, 5691, 5692) 94656.0
(62, 63, 64) 83947.0
(9000, 9001, 9002) 110094.0
(5330, 5331, 5332) 103138.0
(1023, 1024, 1025) 96122.0
(9716, 9717, 9718) 134852.0
(1970, 1971, 1972) 86077.0
(9657, 9658, 9659) 71567.0
(4920, 4921, 4922) 119121.0
(3703, 3704, 3705) 95819.0
(2942, 2943, 2944) 96295.0
(6332, 6333, 6334) 98185.0
(7674, 7675, 7676) 127836.0
(1812, 1813, 1814) 69617.0
(8817, 8818, 8819) 106943.0
(6336, 6337, 6338) 127154.0
(9279, 9280, 9281) 105718.0
(8686, 8687, 8688) 105312.0
(4847, 4848, 4849) 98364.0
(2090, 2091, 2092) 109690.0
(5579, 5580, 5581) 114068.0
(4889, 4890, 4891) 94297.0
(5500, 5501, 5502) 69782.0
(4189, 4190, 4191) 111277.0
(8114, 8115, 8116) 106563.0
(482, 483, 484) 102806.0
(9010, 9011, 9012) 100767.0
(1962, 1963, 1964) 87714.0
(4139, 4140, 4141) 97041.0
(1145, 1146, 1147) 96612.0
(2501, 2502, 2503) 112304.0
(1792, 1793, 1794) 76218.0
(2086, 2087, 2088) 103163.0
(5076, 5077, 5078) 91643.0
(9825, 9826, 9827) 118162.0
(5422, 5423, 5424) 129075.0
(7091, 7092, 7093) 109019.0
(659, 660, 661) 101521.0
(207, 208, 209) 118158.0
(5530, 5531, 5532) 93596.0
(6257, 6258, 6259) 102967.0
(6960, 6961, 6962) 106308.0
(8562, 8563, 8564) 104449.0
(6922, 6923, 6924) 131660.0
(7999, 8000, 8001) 88058.0
(9120, 9121, 9122) 101627.0
(215, 216, 217) 110486.0
(1837, 1838, 1839) 104641.0
(9508, 9509, 9510) 91107.0
(7714, 7715, 7716) 99622.0
(1703, 1704, 1705) 78365.0
(277, 278, 279) 78982.0
(8727, 8728, 8729) 137233.0
(2513, 2514, 2515) 129072.0
(8496, 8497, 8498) 89811.0
(8049, 8050, 8051) 109304.0
(5037, 5038, 5039) 105072.0
(8913, 8914, 8915) 119811.0
(4809, 4810, 4811) 100757.0
(3674, 3675, 3676) 89463.0
(341, 342, 343) 95122.0
(974, 975, 976) 89164.0
(7741, 7742, 7743) 76316.0
(1026, 1027, 1028) 89078.0
(3488, 3489, 3490) 94135.0
(35, 36, 37) 128753.0
(4215, 4216, 4217) 96161.0
(8117, 8118, 8119) 101516.0
(1813, 1814, 1815) 81039.0
(2311, 2312, 2313) 89602.0
(2755, 2756, 2757) 94929.0
(7114, 7115, 7116) 116219.0
(4427, 4428, 4429) 110875.0
(2016, 2017, 2018) 90925.0
(1647, 1648, 1649) 95278.0
(1766, 1767, 1768) 107870.0
(4100, 4101, 4102) 92884.0
(1830, 1831, 1832) 109955.0
(6330, 6331, 6332) 130955.0
(545, 546, 547) 113246.0
(7882, 7883, 7884) 99659.0
(8595, 8596, 8597) 130595.0
(1452, 1453, 1454) 89569.0
(7158, 7159, 7160) 103466.0
(8925, 8926, 8927) 106669.0
(2648, 2649, 2650) 115712.0
(9691, 9692, 9693) 112528.0
(7555, 7556, 7557) 110487.0
(6945, 6946, 6947) 108503.0
(2845, 2846, 2847) 89334.0
(7808, 7809, 7810) 76131.0
(8796, 8797, 8798) 100993.0
(7108, 7109, 7110) 120917.0
(5166, 5167, 5168) 106437.0
(2541, 2542, 2543) 96214.0
(7661, 7662, 7663) 92247.0
(9490, 9491, 9492) 107028.0
(2294, 2295, 2296) 102471.0
(9383, 9384, 9385) 91759.0
(8758, 8759, 8760) 112056.0
(9823, 9824, 9825) 119057.0
(5322, 5323, 5324) 108475.0
(4766, 4767, 4768) 95831.0
(6043, 6044, 6045) 102967.0
(2892, 2893, 2894) 115183.0
(1304, 1305, 1306) 105033.0
(8418, 8419, 8420) 117423.0
(1593, 1594, 1595) 106159.0
(6166, 6167, 6168) 94909.0
(3469, 3470, 3471) 113669.0
(9589, 9590, 9591) 123836.0
(3455, 3456, 3457) 127536.0
(6437, 6438, 6439) 102734.0
(8870, 8871, 8872) 96524.0
(8890, 8891, 8892) 95188.0
(9011, 9012, 9013) 84609.0
(4924, 4925, 4926) 123467.0
(9008, 9009, 9010) 115803.0
(4732, 4733, 4734) 100531.0
(4548, 4549, 4550) 84964.0
(8403, 8404, 8405) 82929.0
(1352, 1353, 1354) 86149.0
(8559, 8560, 8561) 96034.0
(5726, 5727, 5728) 106831.0
(2148, 2149, 2150) 105706.0
(9206, 9207, 9208) 99243.0
(5718, 5719, 5720) 132588.0
(4823, 4824, 4825) 84074.0
(1235, 1236, 1237) 93951.0
(2061, 2062, 2063) 88942.0
(4298, 4299, 4300) 86316.0
(7212, 7213, 7214) 128317.0
(6552, 6553, 6554) 98050.0
(9433, 9434, 9435) 115666.0
(6967, 6968, 6969) 123632.0
(8563, 8564, 8565) 77051.0
(4675, 4676, 4677) 103566.0
(8870, 8871, 8872) 96524.0
(2369, 2370, 2371) 122155.0
(9907, 9908, 9909) 90372.0
(5795, 5796, 5797) 92738.0
(7930, 7931, 7932) 119120.0
(7466, 7467, 7468) 110508.0
(5802, 5803, 5804) 100686.0
(9245, 9246, 9247) 112105.0
(6277, 6278, 6279) 118088.0
(7523, 7524, 7525) 101631.0
(8104, 8105, 8106) 124426.0
(7434, 7435, 7436) 107353.0
(6960, 6961, 6962) 106308.0
(9072, 9073, 9074) 128053.0
(273, 274, 275) 107407.0
(2206, 2207, 2208) 79198.0
(5143, 5144, 5145) 132353.0
(2352, 2353, 2354) 95079.0
(8323, 8324, 8325) 121193.0
(9284, 9285, 9286) 118159.0
(455, 456, 457) 117296.0
(2662, 2663, 2664) 113065.0
(3570, 3571, 3572) 98933.0
(2953, 2954, 2955) 77980.0
