(2366, 2367, 2368) 96519.0
(7779, 7780, 7781) 98690.0
(1291, 1292, 1293) 140249.0
(2423, 2424, 2425) 91196.0
(6203, 6204, 6205) 98357.0
(9993, 9994, 9995) 118096.0
(2729, 2730, 2731) 112501.0
(3364, 3365, 3366) 129627.0
(7379, 7380, 7381) 109198.0
(473, 474, 475) 90742.0
(3889, 3890, 3891) 94423.0
(3438, 3439, 3440) 110946.0
(3534, 3535, 3536) 84071.0
(352, 353, 354) 104332.0
(8180, 8181, 8182) 100526.0
(7483, 7484, 7485) 102366.0
(4929, 4930, 4931) 125694.0
(7058, 7059, 7060) 83046.0
(3661, 3662, 3663) 93004.0
(1801, 1802, 1803) 119895.0
(2523, 2524, 2525) 88741.0
(8514, 8515, 8516) 103979.0
(41, 42, 43) 87881.0
(3832, 3833, 3834) 110311.0
(6438, 6439, 6440) 84723.0
(4415, 4416, 4417) 115164.0
(8511, 8512, 8513) 105029.0
(8192, 8193, 8194) 132795.0
(3439, 3440, 3441) 94219.0
(4985, 4986, 4987) 143270.0
(7495, 7496, 7497) 105839.0
(9881, 9882, 9883) 92734.0
(189, 190, 191) 115310.0
(5306, 5307, 5308) 116952.0
(69, 70, 71) 94101.0
(3936, 3937, 3938) 133035.0
(2047, 2048, 2049) 104494.0
(6434, 6435, 6436) 106333.0
(6947, 6948, 6949) 84904.0
(1491, 1492, 1493) 100140.0
(1119, 1120, 1121) 96101.0
(3113, 3114, 3115) 100637.0
(1879, 1880, 1881) 84327.0
(25, 26, 27) 108344.0
(434, 435, 436) 120292.0
(9002, 9003, 9004) 118417.0
(8898, 8899, 8900) 118133.0
(8593, 8594, 8595) 106294.0
(8534, 8535, 8536) 89101.0
(957, 958, 959) 118730.0
(9997, 9998, 9999) 140584.0
(6055, 6056, 6057) 109156.0
(7145, 7146, 7147) 121235.0
(4764, 4765, 4766) 119965.0
(2020, 2021, 2022) 106219.0
(6296, 6297, 6298) 85833.0
(5651, 5652, 5653) 118035.0
(9347, 9348, 9349) 101781.0
(4751, 4752, 4753) 109700.0
(6623, 6624, 6625) 104526.0
(3020, 3021, 3022) 92627.0
(1928, 1929, 1930) 124793.0
(1092, 1093, 1094) 98011.0
(8361, 8362, 8363) 107970.0
(2462, 2463, 2464) 80825.0
(5384, 5385, 5386) 81880.0
(3673, 3674, 3675) 115476.0
(3815, 3816, 3817) 104987.0
(3229, 3230, 3231) 95711.0
(4654, 4655, 4656) 93344.0
(4473, 4474, 4475) 97718.0
(1581, 1582, 1583) 129363.0
(2085, 2086, 2087) 104703.0
(2802, 2803, 2804) 117165.0
(7287, 7288, 7289) 124338.0
(3453, 3454, 3455) 103615.0
(8090, 8091, 8092) 108545.0
(3625, 3626, 3627) 107518.0
(9818, 9819, 9820) 115722.0
(5450, 5451, 5452) 106872.0
(1511, 1512, 1513) 86826.0
(3441, 3442, 3443) 83075.0
(3872, 3873, 3874) 116172.0
(3861, 3862, 3863) 156140.0
(7461, 7462, 7463) 89150.0
(6475, 6476, 6477) 124194.0
(7606, 7607, 7608) 111661.0
(6890, 6891, 6892) 117151.0
(3092, 3093, 3094) 102604.0
(1294, 1295, 1296) 98886.0
(9741, 9742, 9743) 79995.0
(3531, 3532, 3533) 132641.0
(4169, 4170, 4171) 119331.0
(4700, 4701, 4702) 97821.0
(4728, 4729, 4730) 124455.0
(1848, 1849, 1850) 139227.0
(5410, 5411, 5412) 130169.0
(2277, 2278, 2279) 124458.0
(7285, 7286, 7287) 93723.0
(5014, 5015, 5016) 89405.0
(3411, 3412, 3413) 123282.0
(8575, 8576, 8577) 112748.0
(3065, 3066, 3067) 72145.0
(5672, 5673, 5674) 100235.0
(712, 713, 714) 114648.0
(1104, 1105, 1106) 113763.0
(3773, 3774, 3775) 98228.0
(8156, 8157, 8158) 110739.0
(685, 686, 687) 88427.0
(7530, 7531, 7532) 93641.0
(5170, 5171, 5172) 118909.0
(61, 62, 63) 90614.0
(2293, 2294, 2295) 96650.0
(4444, 4445, 4446) 96765.0
(4640, 4641, 4642) 74277.0
(9025, 9026, 9027) 97766.0
(4759, 4760, 4761) 82007.0
(534, 535, 536) 87788.0
(3818, 3819, 3820) 126354.0
(2325, 2326, 2327) 90715.0
(3202, 3203, 3204) 111091.0
(5894, 5895, 5896) 116630.0
(6490, 6491, 6492) 97408.0
(6806, 6807, 6808) 116708.0
(307, 308, 309) 102462.0
(8670, 8671, 8672) 113638.0
(2120, 2121, 2122) 87444.0
(123, 124, 125) 112131.0
(7885, 7886, 7887) 130364.0
(3590, 3591, 3592) 98359.0
(391, 392, 393) 96190.0
(7167, 7168, 7169) 103764.0
(4615, 4616, 4617) 105230.0
(7145, 7146, 7147) 121235.0
(987, 988, 989) 93343.0
(780, 781, 782) 110391.0
(341, 342, 343) 105561.0
(2419, 2420, 2421) 116424.0
(1550, 1551, 1552) 91414.0
(5172, 5173, 5174) 101806.0
(4471, 4472, 4473) 102598.0
(8321, 8322, 8323) 80206.0
(2933, 2934, 2935) 94788.0
(8553, 8554, 8555) 98531.0
(9818, 9819, 9820) 115722.0
(6469, 6470, 6471) 101603.0
(4671, 4672, 4673) 92339.0
(7726, 7727, 7728) 138251.0
(4615, 4616, 4617) 105230.0
(9992, 9993, 9994) 86057.0
(8513, 8514, 8515) 97149.0
(8406, 8407, 8408) 88719.0
(5070, 5071, 5072) 108760.0
(9525, 9526, 9527) 89921.0
(3918, 3919, 3920) 119228.0
(6842, 6843, 6844) 103454.0
(6597, 6598, 6599) 107593.0
(3264, 3265, 3266) 141239.0
(6228, 6229, 6230) 128449.0
(4916, 4917, 4918) 125504.0
(3705, 3706, 3707) 119779.0
(385, 386, 387) 109378.0
(3612, 3613, 3614) 118927.0
(8718, 8719, 8720) 109116.0
(7364, 7365, 7366) 104552.0
(4002, 4003, 4004) 107735.0
(5840, 5841, 5842) 93530.0
(8746, 8747, 8748) 101990.0
(3650, 3651, 3652) 98647.0
(4776, 4777, 4778) 111957.0
(1471, 1472, 1473) 104064.0
(9167, 9168, 9169) 89739.0
(1860, 1861, 1862) 127237.0
(8041, 8042, 8043) 127776.0
(6118, 6119, 6120) 102649.0
(6179, 6180, 6181) 123964.0
(6359, 6360, 6361) 95331.0
(1927, 1928, 1929) 114136.0
(1304, 1305, 1306) 108386.0
(8864, 8865, 8866) 108699.0
(791, 792, 793) 126549.0
(1666, 1667, 1668) 105848.0
(4004, 4005, 4006) 119133.0
(9709, 9710, 9711) 110153.0
(9528, 9529, 9530) 111296.0
(1900, 1901, 1902) 98990.0
(916, 917, 918) 91607.0
(7134, 7135, 7136) 95488.0
(8942, 8943, 8944) 100066.0
(2143, 2144, 2145) 126026.0
(6873, 6874, 6875) 112028.0
(9243, 9244, 9245) 94741.0
(2507, 2508, 2509) 112981.0
(1230, 1231, 1232) 106201.0
(5492, 5493, 5494) 115832.0
(7935, 7936, 7937) 122629.0
(8060, 8061, 8062) 107734.0
(5439, 5440, 5441) 90306.0
(4883, 4884, 4885) 108014.0
(2303, 2304, 2305) 92904.0
(2129, 2130, 2131) 96101.0
