(5310, 5311, 5312) 123036.0
(8917, 8918, 8919) 103706.0
(4470, 4471, 4472) 108913.0
(302, 303, 304) 101862.0
(509, 510, 511) 125408.0
(1827, 1828, 1829) 87293.0
(6398, 6399, 6400) 96644.0
(2568, 2569, 2570) 112335.0
(3324, 3325, 3326) 90546.0
(518, 519, 520) 105427.0
(3349, 3350, 3351) 136816.0
(3971, 3972, 3973) 114518.0
(7022, 7023, 7024) 87015.0
(4627, 4628, 4629) 118070.0
(6324, 6325, 6326) 140539.0
(8275, 8276, 8277) 115079.0
(5452, 5453, 5454) 108196.0
(7641, 7642, 7643) 110507.0
(9569, 9570, 9571) 96343.0
(5686, 5687, 5688) 130509.0
(7020, 7021, 7022) 112312.0
(7195, 7196, 7197) 103428.0
(9946, 9947, 9948) 84064.0
(1687, 1688, 1689) 111812.0
(1797, 1798, 1799) 97089.0
(5323, 5324, 5325) 113658.0
(4173, 4174, 4175) 97183.0
(5803, 5804, 5805) 102807.0
(5825, 5826, 5827) 83367.0
(1370, 1371, 1372) 94045.0
(5222, 5223, 5224) 106337.0
(4740, 4741, 4742) 139272.0
(6730, 6731, 6732) 142673.0
(8715, 8716, 8717) 78403.0
(5299, 5300, 5301) 110001.0
(4348, 4349, 4350) 101964.0
(8719, 8720, 8721) 77696.0
(6183, 6184, 6185) 126884.0
(9091, 9092, 9093) 101353.0
(8811, 8812, 8813) 88003.0
(7808, 7809, 7810) 78125.0
(4981, 4982, 4983) 128238.0
(7895, 7896, 7897) 119731.0
(1091, 1092, 1093) 103223.0
(6924, 6925, 6926) 111254.0
(5893, 5894, 5895) 92269.0
(3554, 3555, 3556) 125147.0
(916, 917, 918) 92941.0
(4880, 4881, 4882) 124888.0
(8559, 8560, 8561) 97509.0
(7376, 7377, 7378) 98035.0
(4837, 4838, 4839) 122081.0
(9780, 9781, 9782) 136530.0
(2957, 2958, 2959) 84294.0
(3079, 3080, 3081) 82453.0
(6477, 6478, 6479) 88406.0
(8065, 8066, 8067) 99421.0
(5700, 5701, 5702) 109455.0
(5720, 5721, 5722) 102875.0
(209, 210, 211) 118266.0
(8880, 8881, 8882) 115790.0
(8932, 8933, 8934) 120509.0
(8312, 8313, 8314) 103031.0
(3701, 3702, 3703) 93145.0
(8891, 8892, 8893) 109073.0
(502, 503, 504) 126261.0
(2646, 2647, 2648) 92807.0
(615, 616, 617) 110654.0
(170, 171, 172) 103112.0
(8853, 8854, 8855) 101539.0
(6724, 6725, 6726) 96713.0
(4039, 4040, 4041) 91647.0
(4062, 4063, 4064) 106111.0
(7645, 7646, 7647) 75737.0
(4290, 4291, 4292) 89864.0
(828, 829, 830) 116357.0
(3348, 3349, 3350) 88785.0
(874, 875, 876) 105012.0
(2750, 2751, 2752) 105752.0
(3823, 3824, 3825) 132739.0
(4810, 4811, 4812) 123309.0
(7370, 7371, 7372) 87620.0
(726, 727, 728) 116586.0
(5314, 5315, 5316) 100651.0
(9940, 9941, 9942) 95225.0
(3198, 3199, 3200) 131892.0
(213, 214, 215) 120961.0
(4832, 4833, 4834) 128175.0
(2458, 2459, 2460) 113396.0
(8611, 8612, 8613) 103238.0
(4106, 4107, 4108) 105790.0
(218, 219, 220) 95511.0
(8807, 8808, 8809) 124819.0
(254, 255, 256) 88117.0
(2740, 2741, 2742) 75468.0
(981, 982, 983) 118246.0
(6849, 6850, 6851) 82832.0
(4545, 4546, 4547) 101716.0
(4866, 4867, 4868) 97779.0
(1902, 1903, 1904) 105357.0
(3789, 3790, 3791) 92447.0
(1897, 1898, 1899) 112524.0
(7790, 7791, 7792) 107418.0
(6163, 6164, 6165) 114259.0
(4305, 4306, 4307) 70061.0
(2615, 2616, 2617) 118754.0
(9433, 9434, 9435) 119745.0
(9724, 9725, 9726) 102867.0
(7403, 7404, 7405) 109700.0
(8657, 8658, 8659) 115400.0
(329, 330, 331) 135158.0
(3304, 3305, 3306) 87455.0
(5683, 5684, 5685) 100189.0
(5174, 5175, 5176) 92864.0
(4142, 4143, 4144) 107803.0
(7961, 7962, 7963) 101467.0
(7324, 7325, 7326) 101802.0
(1532, 1533, 1534) 99652.0
(309, 310, 311) 115374.0
(4661, 4662, 4663) 111324.0
(5129, 5130, 5131) 123746.0
(7327, 7328, 7329) 116464.0
(3476, 3477, 3478) 97468.0
(5024, 5025, 5026) 127029.0
(447, 448, 449) 106317.0
(9052, 9053, 9054) 101889.0
(1463, 1464, 1465) 83370.0
(8618, 8619, 8620) 87146.0
(9799, 9800, 9801) 97990.0
(7489, 7490, 7491) 108168.0
(619, 620, 621) 149152.0
(8196, 8197, 8198) 99459.0
(64, 65, 66) 96505.0
(2769, 2770, 2771) 116145.0
(6270, 6271, 6272) 95022.0
(5601, 5602, 5603) 98593.0
(5954, 5955, 5956) 101075.0
(5963, 5964, 5965) 99066.0
(3402, 3403, 3404) 131090.0
(3717, 3718, 3719) 123572.0
(3709, 3710, 3711) 72530.0
(8846, 8847, 8848) 105393.0
(9364, 9365, 9366) 109698.0
(8493, 8494, 8495) 100145.0
(3571, 3572, 3573) 84651.0
(6634, 6635, 6636) 127221.0
(2010, 2011, 2012) 128863.0
(2354, 2355, 2356) 76079.0
(3087, 3088, 3089) 85037.0
(7708, 7709, 7710) 108596.0
(9535, 9536, 9537) 105142.0
(7182, 7183, 7184) 98600.0
(8575, 8576, 8577) 114587.0
(3485, 3486, 3487) 87029.0
(9565, 9566, 9567) 116950.0
(2133, 2134, 2135) 119774.0
(6841, 6842, 6843) 87431.0
(8446, 8447, 8448) 125102.0
(2209, 2210, 2211) 84120.0
(5779, 5780, 5781) 111222.0
(606, 607, 608) 78416.0
(2470, 2471, 2472) 88109.0
(3352, 3353, 3354) 79906.0
(2694, 2695, 2696) 126021.0
(8146, 8147, 8148) 105491.0
(4575, 4576, 4577) 98742.0
(7687, 7688, 7689) 121885.0
(9084, 9085, 9086) 105463.0
(6542, 6543, 6544) 111627.0
(9763, 9764, 9765) 135012.0
(1178, 1179, 1180) 101784.0
(7019, 7020, 7021) 130970.0
(2423, 2424, 2425) 92639.0
(4542, 4543, 4544) 109078.0
(1397, 1398, 1399) 102200.0
(3604, 3605, 3606) 115396.0
(7508, 7509, 7510) 119212.0
(7931, 7932, 7933) 106097.0
(4596, 4597, 4598) 123547.0
(4885, 4886, 4887) 82911.0
(9596, 9597, 9598) 107128.0
(7595, 7596, 7597) 103657.0
(9814, 9815, 9816) 114333.0
(4170, 4171, 4172) 80533.0
(6762, 6763, 6764) 90374.0
(3457, 3458, 3459) 89165.0
(2843, 2844, 2845) 101881.0
(2135, 2136, 2137) 83479.0
(2127, 2128, 2129) 104657.0
(4178, 4179, 4180) 123608.0
(8989, 8990, 8991) 115838.0
(7140, 7141, 7142) 105285.0
(1350, 1351, 1352) 127291.0
(9434, 9435, 9436) 110167.0
(4698, 4699, 4700) 162964.0
(7723, 7724, 7725) 92170.0
(6248, 6249, 6250) 110578.0
(2918, 2919, 2920) 88365.0
(2451, 2452, 2453) 95205.0
(2176, 2177, 2178) 119906.0
(9861, 9862, 9863) 118087.0
(8682, 8683, 8684) 112395.0
(3553, 3554, 3555) 122613.0
(842, 843, 844) 115449.0
(1559, 1560, 1561) 111670.0
(6856, 6857, 6858) 100380.0
(1430, 1431, 1432) 122000.0
(777, 778, 779) 111747.0
(6184, 6185, 6186) 98372.0
(1885, 1886, 1887) 90182.0
(8747, 8748, 8749) 97876.0
(4582, 4583, 4584) 125382.0
(8891, 8892, 8893) 109073.0
(4906, 4907, 4908) 99283.0
(1326, 1327, 1328) 97618.0
(7307, 7308, 7309) 90248.0
(7651, 7652, 7653) 117612.0
(8876, 8877, 8878) 101773.0
(1611, 1612, 1613) 104744.0
(3617, 3618, 3619) 108946.0
(196, 197, 198) 80067.0
(553, 554, 555) 90043.0
(6692, 6693, 6694) 107776.0
(6904, 6905, 6906) 89331.0
(1418, 1419, 1420) 106609.0
(5314, 5315, 5316) 100651.0
(568, 569, 570) 110018.0
(8642, 8643, 8644) 99630.0
(1402, 1403, 1404) 98471.0
(6822, 6823, 6824) 93324.0
(7122, 7123, 7124) 81968.0
(4878, 4879, 4880) 135177.0
(5190, 5191, 5192) 120499.0
(4030, 4031, 4032) 93303.0
(3496, 3497, 3498) 131361.0
(1471, 1472, 1473) 108065.0
(7512, 7513, 7514) 104009.0
(7992, 7993, 7994) 117880.0
(2482, 2483, 2484) 100436.0
(3479, 3480, 3481) 98342.0
(1173, 1174, 1175) 90526.0
(3748, 3749, 3750) 105863.0
(3226, 3227, 3228) 132224.0
(5605, 5606, 5607) 137834.0
(5005, 5006, 5007) 125367.0
(7058, 7059, 7060) 84389.0
(7315, 7316, 7317) 95418.0
(357, 358, 359) 124411.0
(9893, 9894, 9895) 107795.0
(1380, 1381, 1382) 105577.0
(5096, 5097, 5098) 92342.0
(7647, 7648, 7649) 93035.0
(6333, 6334, 6335) 120530.0
(1566, 1567, 1568) 107595.0
(3117, 3118, 3119) 129400.0
(805, 806, 807) 104397.0
(7676, 7677, 7678) 99609.0
(6999, 7000, 7001) 116492.0
(9442, 9443, 9444) 125255.0
(4266, 4267, 4268) 77060.0
(1615, 1616, 1617) 132337.0
(6460, 6461, 6462) 111450.0
(3838, 3839, 3840) 84316.0
(2712, 2713, 2714) 102035.0
(9291, 9292, 9293) 110108.0
(1026, 1027, 1028) 98210.0
(3567, 3568, 3569) 86406.0
(3809, 3810, 3811) 133729.0
(8092, 8093, 8094) 110243.0
(6903, 6904, 6905) 102301.0
(1904, 1905, 1906) 98147.0
(4871, 4872, 4873) 83133.0
(4214, 4215, 4216) 92117.0
(9340, 9341, 9342) 106886.0
(5192, 5193, 5194) 102650.0
(6998, 6999, 7000) 116770.0
(6884, 6885, 6886) 85008.0
(46, 47, 48) 105118.0
(6834, 6835, 6836) 101868.0
(3107, 3108, 3109) 122103.0
(5081, 5082, 5083) 100178.0
(9075, 9076, 9077) 130708.0
(7715, 7716, 7717) 95008.0
(3278, 3279, 3280) 109507.0
(8281, 8282, 8283) 104524.0
(5411, 5412, 5413) 92605.0
(895, 896, 897) 91662.0
(6779, 6780, 6781) 118833.0
(9333, 9334, 9335) 104652.0
(3514, 3515, 3516) 114339.0
(7937, 7938, 7939) 97804.0
(2078, 2079, 2080) 97668.0
(2128, 2129, 2130) 78050.0
(68, 69, 70) 85842.0
(7105, 7106, 7107) 129958.0
(5086, 5087, 5088) 101760.0
(5720, 5721, 5722) 102875.0
(9531, 9532, 9533) 120944.0
(1361, 1362, 1363) 101666.0
(3867, 3868, 3869) 92538.0
(9578, 9579, 9580) 131373.0
(5671, 5672, 5673) 120958.0
(1451, 1452, 1453) 119760.0
(2529, 2530, 2531) 104820.0
(8491, 8492, 8493) 87721.0
(8193, 8194, 8195) 100020.0
(6308, 6309, 6310) 119308.0
(8761, 8762, 8763) 121141.0
(7947, 7948, 7949) 109901.0
(3844, 3845, 3846) 93819.0
(9108, 9109, 9110) 116576.0
(7063, 7064, 7065) 118219.0
(4141, 4142, 4143) 106598.0
(8564, 8565, 8566) 137677.0
(5469, 5470, 5471) 99821.0
(4200, 4201, 4202) 99106.0
(6281, 6282, 6283) 66712.0
(5133, 5134, 5135) 100161.0
(2314, 2315, 2316) 94669.0
(9797, 9798, 9799) 99977.0
(7610, 7611, 7612) 104174.0
(1508, 1509, 1510) 93519.0
(4843, 4844, 4845) 130738.0
(8285, 8286, 8287) 109382.0
(3686, 3687, 3688) 88005.0
(9425, 9426, 9427) 84758.0
(1711, 1712, 1713) 95304.0
(3579, 3580, 3581) 118136.0
(3241, 3242, 3243) 88918.0
(433, 434, 435) 104202.0
(9473, 9474, 9475) 103458.0
(3189, 3190, 3191) 102823.0
(3747, 3748, 3749) 101033.0
(215, 216, 217) 122145.0
(9208, 9209, 9210) 111266.0
(8981, 8982, 8983) 88230.0
(9963, 9964, 9965) 92014.0
(8611, 8612, 8613) 103238.0
(6716, 6717, 6718) 106577.0
(1216, 1217, 1218) 90229.0
(1766, 1767, 1768) 110116.0
(2708, 2709, 2710) 120917.0
(5756, 5757, 5758) 128465.0
(6042, 6043, 6044) 104218.0
(4629, 4630, 4631) 107918.0
(7217, 7218, 7219) 150750.0
(3212, 3213, 3214) 102086.0
(8581, 8582, 8583) 117209.0
(6719, 6720, 6721) 125891.0
(5837, 5838, 5839) 113279.0
(1049, 1050, 1051) 101225.0
(3762, 3763, 3764) 114433.0
(9046, 9047, 9048) 107091.0
(9910, 9911, 9912) 131207.0
(8188, 8189, 8190) 93402.0
(1490, 1491, 1492) 91516.0
(5385, 5386, 5387) 114624.0
(7853, 7854, 7855) 111909.0
(6651, 6652, 6653) 103234.0
(4424, 4425, 4426) 95613.0
(3707, 3708, 3709) 86727.0
(9238, 9239, 9240) 106443.0
(1899, 1900, 1901) 93936.0
(7850, 7851, 7852) 90159.0
(6927, 6928, 6929) 118729.0
(6664, 6665, 6666) 93453.0
(872, 873, 874) 99562.0
(4507, 4508, 4509) 88774.0
(4778, 4779, 4780) 126463.0
(1104, 1105, 1106) 114724.0
(4314, 4315, 4316) 95499.0
(5816, 5817, 5818) 115588.0
(6003, 6004, 6005) 90659.0
(5369, 5370, 5371) 97243.0
(7565, 7566, 7567) 115817.0
(1831, 1832, 1833) 82474.0
(6541, 6542, 6543) 103016.0
(2833, 2834, 2835) 103467.0
(2721, 2722, 2723) 93829.0
(6683, 6684, 6685) 119844.0
(8327, 8328, 8329) 99483.0
(684, 685, 686) 105762.0
(4088, 4089, 4090) 134705.0
(8392, 8393, 8394) 100490.0
(1210, 1211, 1212) 115580.0
(183, 184, 185) 112802.0
(1164, 1165, 1166) 137041.0
(9718, 9719, 9720) 110155.0
(2975, 2976, 2977) 111138.0
(5514, 5515, 5516) 128809.0
(2794, 2795, 2796) 98987.0
(8323, 8324, 8325) 126660.0
(8227, 8228, 8229) 141642.0
(4547, 4548, 4549) 95114.0
(1788, 1789, 1790) 97955.0
(5110, 5111, 5112) 120085.0
(8304, 8305, 8306) 93971.0
(938, 939, 940) 95331.0
(3788, 3789, 3790) 102778.0
(3566, 3567, 3568) 132984.0
(181, 182, 183) 122480.0
(5029, 5030, 5031) 96349.0
(1842, 1843, 1844) 84515.0
(1504, 1505, 1506) 81698.0
(5610, 5611, 5612) 90593.0
(4864, 4865, 4866) 107007.0
(9918, 9919, 9920) 102572.0
(2622, 2623, 2624) 121230.0
(3339, 3340, 3341) 89176.0
(9586, 9587, 9588) 100238.0
(7536, 7537, 7538) 118300.0
(2203, 2204, 2205) 74080.0
(1143, 1144, 1145) 121355.0
(2718, 2719, 2720) 129702.0
(3501, 3502, 3503) 119997.0
(7192, 7193, 7194) 111916.0
(7900, 7901, 7902) 89525.0
(6333, 6334, 6335) 120530.0
(232, 233, 234) 118973.0
(8122, 8123, 8124) 118991.0
(759, 760, 761) 86864.0
(9674, 9675, 9676) 99798.0
(4184, 4185, 4186) 86361.0
(3336, 3337, 3338) 107328.0
(6058, 6059, 6060) 130156.0
(8254, 8255, 8256) 94566.0
(7156, 7157, 7158) 123691.0
(8424, 8425, 8426) 80239.0
(8041, 8042, 8043) 126703.0
(5181, 5182, 5183) 90478.0
(9894, 9895, 9896) 89681.0
(9085, 9086, 9087) 105530.0
(9727, 9728, 9729) 97890.0
(3056, 3057, 3058) 114896.0
(3140, 3141, 3142) 100554.0
(3175, 3176, 3177) 110085.0
(9772, 9773, 9774) 132906.0
(5642, 5643, 5644) 98655.0
(4695, 4696, 4697) 115087.0
(7183, 7184, 7185) 109189.0
(2873, 2874, 2875) 105877.0
(1646, 1647, 1648) 106481.0
(3636, 3637, 3638) 117343.0
(2481, 2482, 2483) 80739.0
(3145, 3146, 3147) 104822.0
(809, 810, 811) 116628.0
(8793, 8794, 8795) 133079.0
(1115, 1116, 1117) 93202.0
(7510, 7511, 7512) 113889.0
(2539, 2540, 2541) 107761.0
(6346, 6347, 6348) 91058.0
(9832, 9833, 9834) 133611.0
(7225, 7226, 7227) 110069.0
(4258, 4259, 4260) 104802.0
(6933, 6934, 6935) 94054.0
(8248, 8249, 8250) 115563.0
(346, 347, 348) 127098.0
(5439, 5440, 5441) 89623.0
(8163, 8164, 8165) 108618.0
(8804, 8805, 8806) 98518.0
(9790, 9791, 9792) 111995.0
(5092, 5093, 5094) 79570.0
(8917, 8918, 8919) 103706.0
(2592, 2593, 2594) 111790.0
(9756, 9757, 9758) 102245.0
(665, 666, 667) 102321.0
(1596, 1597, 1598) 79502.0
(2294, 2295, 2296) 108671.0
(8455, 8456, 8457) 109498.0
(1049, 1050, 1051) 101225.0
(7074, 7075, 7076) 98326.0
(6607, 6608, 6609) 98778.0
(5705, 5706, 5707) 97082.0
(6438, 6439, 6440) 87361.0
(5324, 5325, 5326) 119135.0
(9299, 9300, 9301) 89053.0
(8084, 8085, 8086) 92791.0
(773, 774, 775) 135731.0
(4331, 4332, 4333) 112079.0
(5557, 5558, 5559) 125905.0
(5527, 5528, 5529) 106220.0
(2699, 2700, 2701) 87806.0
(6593, 6594, 6595) 133743.0
(9371, 9372, 9373) 115088.0
(5072, 5073, 5074) 82576.0
(5760, 5761, 5762) 128535.0
(7454, 7455, 7456) 103449.0
(3179, 3180, 3181) 102091.0
(717, 718, 719) 122472.0
(4409, 4410, 4411) 121187.0
(2644, 2645, 2646) 93089.0
(1545, 1546, 1547) 98558.0
(9480, 9481, 9482) 119398.0
(9822, 9823, 9824) 99616.0
(3517, 3518, 3519) 107929.0
(8611, 8612, 8613) 103238.0
(562, 563, 564) 91668.0
(5341, 5342, 5343) 94262.0
(4079, 4080, 4081) 109410.0
(7000, 7001, 7002) 110717.0
(3528, 3529, 3530) 100653.0
(6479, 6480, 6481) 99791.0
(2494, 2495, 2496) 102371.0
(8715, 8716, 8717) 78403.0
(6687, 6688, 6689) 105203.0
(5076, 5077, 5078) 97034.0
(8375, 8376, 8377) 137289.0
(4043, 4044, 4045) 93325.0
(845, 846, 847) 125168.0
(4421, 4422, 4423) 131122.0
(9257, 9258, 9259) 107719.0
(8727, 8728, 8729) 137159.0
(4528, 4529, 4530) 110347.0
(5794, 5795, 5796) 109205.0
(2746, 2747, 2748) 107709.0
(5185, 5186, 5187) 102030.0
(6481, 6482, 6483) 105704.0
(8029, 8030, 8031) 109270.0
(4787, 4788, 4789) 91410.0
(6856, 6857, 6858) 100380.0
(9868, 9869, 9870) 104963.0
(984, 985, 986) 99701.0
(2963, 2964, 2965) 102623.0
(6944, 6945, 6946) 113703.0
(1950, 1951, 1952) 101578.0
(3816, 3817, 3818) 123369.0
(3052, 3053, 3054) 112106.0
(9914, 9915, 9916) 116621.0
(2072, 2073, 2074) 97024.0
(8437, 8438, 8439) 113042.0
(5815, 5816, 5817) 82867.0
(6862, 6863, 6864) 108479.0
(7733, 7734, 7735) 125008.0
(1364, 1365, 1366) 105274.0
(652, 653, 654) 104807.0
(1075, 1076, 1077) 99574.0
(6591, 6592, 6593) 92684.0
(3181, 3182, 3183) 101408.0
(7215, 7216, 7217) 120537.0
(5131, 5132, 5133) 102719.0
(1154, 1155, 1156) 144045.0
(4692, 4693, 4694) 129373.0
(6646, 6647, 6648) 108691.0
(3348, 3349, 3350) 88785.0
(6627, 6628, 6629) 116229.0
(2040, 2041, 2042) 125506.0
(8405, 8406, 8407) 130557.0
(2407, 2408, 2409) 104171.0
(6626, 6627, 6628) 95495.0
(1943, 1944, 1945) 87242.0
(175, 176, 177) 126937.0
(2764, 2765, 2766) 110247.0
(4254, 4255, 4256) 88312.0
(4833, 4834, 4835) 88055.0
(9956, 9957, 9958) 132241.0
(3419, 3420, 3421) 122408.0
(3152, 3153, 3154) 120378.0
(9225, 9226, 9227) 85854.0
(4238, 4239, 4240) 113351.0
(1267, 1268, 1269) 102968.0
(8746, 8747, 8748) 106936.0
(4292, 4293, 4294) 98741.0
(9379, 9380, 9381) 100499.0
(4632, 4633, 4634) 91544.0
(6054, 6055, 6056) 140445.0
(6588, 6589, 6590) 111153.0
(2505, 2506, 2507) 86425.0
(5014, 5015, 5016) 88811.0
(7105, 7106, 7107) 129958.0
(1495, 1496, 1497) 125941.0
(3060, 3061, 3062) 99719.0
(888, 889, 890) 112579.0
(7855, 7856, 7857) 118896.0
(5087, 5088, 5089) 117078.0
(668, 669, 670) 101709.0
(7497, 7498, 7499) 85974.0
(5218, 5219, 5220) 118908.0
(3667, 3668, 3669) 88188.0
(6061, 6062, 6063) 98763.0
(6857, 6858, 6859) 113610.0
(3165, 3166, 3167) 103204.0
(5998, 5999, 6000) 90526.0
(6566, 6567, 6568) 104404.0
(8637, 8638, 8639) 138862.0
(1494, 1495, 1496) 114339.0
(5193, 5194, 5195) 92222.0
(7065, 7066, 7067) 96333.0
(1088, 1089, 1090) 121521.0
(6763, 6764, 6765) 123703.0
(3398, 3399, 3400) 105720.0
(2282, 2283, 2284) 135870.0
(7370, 7371, 7372) 87620.0
(1394, 1395, 1396) 110558.0
(4834, 4835, 4836) 148297.0
(9086, 9087, 9088) 109974.0
(2596, 2597, 2598) 89816.0
(3692, 3693, 3694) 87034.0
(8583, 8584, 8585) 102803.0
(8743, 8744, 8745) 98069.0
(7938, 7939, 7940) 111520.0
(3736, 3737, 3738) 96955.0
(9607, 9608, 9609) 93531.0
(4232, 4233, 4234) 152976.0
(9628, 9629, 9630) 93806.0
(8557, 8558, 8559) 99023.0
(8303, 8304, 8305) 104275.0
(9893, 9894, 9895) 107795.0
(1703, 1704, 1705) 85744.0
(9027, 9028, 9029) 93717.0
(1424, 1425, 1426) 109271.0
(2967, 2968, 2969) 129554.0
(568, 569, 570) 110018.0
(1443, 1444, 1445) 134360.0
(4133, 4134, 4135) 102839.0
(7781, 7782, 7783) 120010.0
(3496, 3497, 3498) 131361.0
(1991, 1992, 1993) 109520.0
(3863, 3864, 3865) 88586.0
(2063, 2064, 2065) 114249.0
(6292, 6293, 6294) 116094.0
(7166, 7167, 7168) 130244.0
(4361, 4362, 4363) 131590.0
(3866, 3867, 3868) 89492.0
(6796, 6797, 6798) 98385.0
(2185, 2186, 2187) 122972.0
(3505, 3506, 3507) 88130.0
(5501, 5502, 5503) 91479.0
(7299, 7300, 7301) 105039.0
(1870, 1871, 1872) 89953.0
(9872, 9873, 9874) 106142.0
(5831, 5832, 5833) 113272.0
(2732, 2733, 2734) 91304.0
(7921, 7922, 7923) 126127.0
(4480, 4481, 4482) 111470.0
(128, 129, 130) 108654.0
(4753, 4754, 4755) 96932.0
(9643, 9644, 9645) 94888.0
(7300, 7301, 7302) 132109.0
(4024, 4025, 4026) 128900.0
(5271, 5272, 5273) 97363.0
(697, 698, 699) 115966.0
(4215, 4216, 4217) 102258.0
(7678, 7679, 7680) 104243.0
(4015, 4016, 4017) 94409.0
(4553, 4554, 4555) 93023.0
(1628, 1629, 1630) 120175.0
(8418, 8419, 8420) 121808.0
(6177, 6178, 6179) 88259.0
(3314, 3315, 3316) 129534.0
(5048, 5049, 5050) 109641.0
(9132, 9133, 9134) 110069.0
(6597, 6598, 6599) 109922.0
(8738, 8739, 8740) 104312.0
(1350, 1351, 1352) 127291.0
(5530, 5531, 5532) 105415.0
(6200, 6201, 6202) 93081.0
(241, 242, 243) 108207.0
(7616, 7617, 7618) 95922.0
(7891, 7892, 7893) 106157.0
(4886, 4887, 4888) 127447.0
(3026, 3027, 3028) 106714.0
(9990, 9991, 9992) 96566.0
(8209, 8210, 8211) 126043.0
(8623, 8624, 8625) 120797.0
(7936, 7937, 7938) 110630.0
(3563, 3564, 3565) 108105.0
(5873, 5874, 5875) 90283.0
(8268, 8269, 8270) 87950.0
(3351, 3352, 3353) 125752.0
(3779, 3780, 3781) 84285.0
(6261, 6262, 6263) 102159.0
(6740, 6741, 6742) 121040.0
(3507, 3508, 3509) 80779.0
(2803, 2804, 2805) 100349.0
(1178, 1179, 1180) 101784.0
(5731, 5732, 5733) 118913.0
(6528, 6529, 6530) 120896.0
(694, 695, 696) 97757.0
(2072, 2073, 2074) 97024.0
(6580, 6581, 6582) 100289.0
(5101, 5102, 5103) 96964.0
(4953, 4954, 4955) 124907.0
(6758, 6759, 6760) 140484.0
(7648, 7649, 7650) 115655.0
(7257, 7258, 7259) 123582.0
(3199, 3200, 3201) 102304.0
(8990, 8991, 8992) 130790.0
(7056, 7057, 7058) 114223.0
(3662, 3663, 3664) 113984.0
(2587, 2588, 2589) 118657.0
(3309, 3310, 3311) 104835.0
(799, 800, 801) 126652.0
(4200, 4201, 4202) 99106.0
(47, 48, 49) 83186.0
(9239, 9240, 9241) 83053.0
(2280, 2281, 2282) 89369.0
(956, 957, 958) 110341.0
(255, 256, 257) 104405.0
(2634, 2635, 2636) 110934.0
(4841, 4842, 4843) 91632.0
(6007, 6008, 6009) 85978.0
(9988, 9989, 9990) 121597.0
(2522, 2523, 2524) 119594.0
(265, 266, 267) 107560.0
(7235, 7236, 7237) 96236.0
(4565, 4566, 4567) 102610.0
(188, 189, 190) 110187.0
(4080, 4081, 4082) 93500.0
(8273, 8274, 8275) 104797.0
(6435, 6436, 6437) 95874.0
(1328, 1329, 1330) 110260.0
(3762, 3763, 3764) 114433.0
(1178, 1179, 1180) 101784.0
(8000, 8001, 8002) 111844.0
(5377, 5378, 5379) 112210.0
(1707, 1708, 1709) 95584.0
(7502, 7503, 7504) 114095.0
(195, 196, 197) 111242.0
(7632, 7633, 7634) 101881.0
(6542, 6543, 6544) 111627.0
(4266, 4267, 4268) 77060.0
(4163, 4164, 4165) 114551.0
(7991, 7992, 7993) 113058.0
(9523, 9524, 9525) 123388.0
(3248, 3249, 3250) 126405.0
(190, 191, 192) 97581.0
(7786, 7787, 7788) 131867.0
(25, 26, 27) 110578.0
(4973, 4974, 4975) 104943.0
(4575, 4576, 4577) 98742.0
(9865, 9866, 9867) 86297.0
(504, 505, 506) 84682.0
(2770, 2771, 2772) 123043.0
(8794, 8795, 8796) 120287.0
(6890, 6891, 6892) 118490.0
(7212, 7213, 7214) 133533.0
(1482, 1483, 1484) 118578.0
(2085, 2086, 2087) 108501.0
(4790, 4791, 4792) 103742.0
(7643, 7644, 7645) 85535.0
(555, 556, 557) 126519.0
(3233, 3234, 3235) 91919.0
(8844, 8845, 8846) 85289.0
(9867, 9868, 9869) 89106.0
(8495, 8496, 8497) 126747.0
(5042, 5043, 5044) 119975.0
(5144, 5145, 5146) 100085.0
(4433, 4434, 4435) 97356.0
(2335, 2336, 2337) 145104.0
(4200, 4201, 4202) 99106.0
(2998, 2999, 3000) 98023.0
(7969, 7970, 7971) 92720.0
(3221, 3222, 3223) 104715.0
(1885, 1886, 1887) 90182.0
(2937, 2938, 2939) 120113.0
(9726, 9727, 9728) 106359.0
(8843, 8844, 8845) 119858.0
(4114, 4115, 4116) 106262.0
(3949, 3950, 3951) 104480.0
(5478, 5479, 5480) 109232.0
(4022, 4023, 4024) 90707.0
(3159, 3160, 3161) 128035.0
(2605, 2606, 2607) 112042.0
(3073, 3074, 3075) 116051.0
(4532, 4533, 4534) 108922.0
(9551, 9552, 9553) 74491.0
(6284, 6285, 6286) 134811.0
(3141, 3142, 3143) 110870.0
(5536, 5537, 5538) 87776.0
(9590, 9591, 9592) 105437.0
(6592, 6593, 6594) 108780.0
(41, 42, 43) 87880.0
(7954, 7955, 7956) 105360.0
(5269, 5270, 5271) 107727.0
(5928, 5929, 5930) 108748.0
(4888, 4889, 4890) 106041.0
(2552, 2553, 2554) 101567.0
(7163, 7164, 7165) 115501.0
(276, 277, 278) 113731.0
(9364, 9365, 9366) 109698.0
(7624, 7625, 7626) 113535.0
(8451, 8452, 8453) 116014.0
(3227, 3228, 3229) 106727.0
(4909, 4910, 4911) 78832.0
(4222, 4223, 4224) 106425.0
(6999, 7000, 7001) 116492.0
(4143, 4144, 4145) 107003.0
(9491, 9492, 9493) 109691.0
(681, 682, 683) 114671.0
(6784, 6785, 6786) 111725.0
(4482, 4483, 4484) 92127.0
(7629, 7630, 7631) 119418.0
(5282, 5283, 5284) 133950.0
(4863, 4864, 4865) 79624.0
(3449, 3450, 3451) 104344.0
(3220, 3221, 3222) 79767.0
(1953, 1954, 1955) 117370.0
(6025, 6026, 6027) 96617.0
(2895, 2896, 2897) 116054.0
(2329, 2330, 2331) 95828.0
(9498, 9499, 9500) 127383.0
(289, 290, 291) 89506.0
(3428, 3429, 3430) 96894.0
(6473, 6474, 6475) 119730.0
(703, 704, 705) 131229.0
(4671, 4672, 4673) 95645.0
(2728, 2729, 2730) 93988.0
(7213, 7214, 7215) 121586.0
(1318, 1319, 1320) 119782.0
(9553, 9554, 9555) 85308.0
(1142, 1143, 1144) 99937.0
(1728, 1729, 1730) 104577.0
(670, 671, 672) 117504.0
(2721, 2722, 2723) 93829.0
(1484, 1485, 1486) 109658.0
(188, 189, 190) 110187.0
(9341, 9342, 9343) 103393.0
(57, 58, 59) 123664.0
(7331, 7332, 7333) 94592.0
(9536, 9537, 9538) 117638.0
(8431, 8432, 8433) 98396.0
(956, 957, 958) 110341.0
(312, 313, 314) 110650.0
(7694, 7695, 7696) 106601.0
(1088, 1089, 1090) 121521.0
(6600, 6601, 6602) 111802.0
(3296, 3297, 3298) 133976.0
(7792, 7793, 7794) 98383.0
(1824, 1825, 1826) 113912.0
(4501, 4502, 4503) 81805.0
(4507, 4508, 4509) 88774.0
(6589, 6590, 6591) 95954.0
(8406, 8407, 8408) 88859.0
(3601, 3602, 3603) 133059.0
(2958, 2959, 2960) 96822.0
(6754, 6755, 6756) 110936.0
(4651, 4652, 4653) 91426.0
(1562, 1563, 1564) 106455.0
(8662, 8663, 8664) 107307.0
(6203, 6204, 6205) 99836.0
(952, 953, 954) 99654.0
(2785, 2786, 2787) 105693.0
(5787, 5788, 5789) 96471.0
(6173, 6174, 6175) 94702.0
(2406, 2407, 2408) 128026.0
(6836, 6837, 6838) 89278.0
(8500, 8501, 8502) 135639.0
(5530, 5531, 5532) 105415.0
(6493, 6494, 6495) 105690.0
(7097, 7098, 7099) 128001.0
(8698, 8699, 8700) 96880.0
(1313, 1314, 1315) 84047.0
(5428, 5429, 5430) 113954.0
(2177, 2178, 2179) 97604.0
(6268, 6269, 6270) 118219.0
(9116, 9117, 9118) 114048.0
(9641, 9642, 9643) 127208.0
(9559, 9560, 9561) 111868.0
(8632, 8633, 8634) 110285.0
(6365, 6366, 6367) 129346.0
(6505, 6506, 6507) 99092.0
(9797, 9798, 9799) 99977.0
(7968, 7969, 7970) 98114.0
(2049, 2050, 2051) 92260.0
(8558, 8559, 8560) 120389.0
(5683, 5684, 5685) 100189.0
(3610, 3611, 3612) 118745.0
(3884, 3885, 3886) 89944.0
(8489, 8490, 8491) 138753.0
(3302, 3303, 3304) 119945.0
(9916, 9917, 9918) 114390.0
(7580, 7581, 7582) 133072.0
(7557, 7558, 7559) 81013.0
(3924, 3925, 3926) 103292.0
(1346, 1347, 1348) 89586.0
(6073, 6074, 6075) 117248.0
(633, 634, 635) 133706.0
(4143, 4144, 4145) 107003.0
(4566, 4567, 4568) 104496.0
(198, 199, 200) 115115.0
(6232, 6233, 6234) 87902.0
(2007, 2008, 2009) 102924.0
(4333, 4334, 4335) 115907.0
(1852, 1853, 1854) 131030.0
(7313, 7314, 7315) 134698.0
(9774, 9775, 9776) 89099.0
(6683, 6684, 6685) 119844.0
(1020, 1021, 1022) 94735.0
(278, 279, 280) 100818.0
(8348, 8349, 8350) 83546.0
(6469, 6470, 6471) 101196.0
(7910, 7911, 7912) 136715.0
(8467, 8468, 8469) 85954.0
(1608, 1609, 1610) 111601.0
(3250, 3251, 3252) 87449.0
(6623, 6624, 6625) 107608.0
(1887, 1888, 1889) 119767.0
(5602, 5603, 5604) 109493.0
(2897, 2898, 2899) 95903.0
(9646, 9647, 9648) 140731.0
(89, 90, 91) 100026.0
(4841, 4842, 4843) 91632.0
(8064, 8065, 8066) 97548.0
(3907, 3908, 3909) 92566.0
(6573, 6574, 6575) 126581.0
(3172, 3173, 3174) 122401.0
(9853, 9854, 9855) 101807.0
(8936, 8937, 8938) 99734.0
(7353, 7354, 7355) 92339.0
(2176, 2177, 2178) 119906.0
(6620, 6621, 6622) 104366.0
(1786, 1787, 1788) 128114.0
(783, 784, 785) 97484.0
(8892, 8893, 8894) 124071.0
(5770, 5771, 5772) 123818.0
(9131, 9132, 9133) 101628.0
(4790, 4791, 4792) 103742.0
(2187, 2188, 2189) 117021.0
(7236, 7237, 7238) 120150.0
(2696, 2697, 2698) 132614.0
(1280, 1281, 1282) 103090.0
(5930, 5931, 5932) 106509.0
(6758, 6759, 6760) 140484.0
(9245, 9246, 9247) 115469.0
(6386, 6387, 6388) 70365.0
(5376, 5377, 5378) 95960.0
(5872, 5873, 5874) 127207.0
(3006, 3007, 3008) 100227.0
(4100, 4101, 4102) 100129.0
(489, 490, 491) 116447.0
(6582, 6583, 6584) 120903.0
(6036, 6037, 6038) 128698.0
(9148, 9149, 9150) 133386.0
(2977, 2978, 2979) 95522.0
(8175, 8176, 8177) 79471.0
(497, 498, 499) 115127.0
(5657, 5658, 5659) 109102.0
(2750, 2751, 2752) 105752.0
(7891, 7892, 7893) 106157.0
(4652, 4653, 4654) 139828.0
(1878, 1879, 1880) 140808.0
(2510, 2511, 2512) 111566.0
(9426, 9427, 9428) 97304.0
(82, 83, 84) 116159.0
(7685, 7686, 7687) 82880.0
(9632, 9633, 9634) 131305.0
(6844, 6845, 6846) 91261.0
(8083, 8084, 8085) 119172.0
(7467, 7468, 7469) 92408.0
(1336, 1337, 1338) 104757.0
(9187, 9188, 9189) 111210.0
(2326, 2327, 2328) 109967.0
(5419, 5420, 5421) 141955.0
(5777, 5778, 5779) 120265.0
(3896, 3897, 3898) 109401.0
(3489, 3490, 3491) 109916.0
(8941, 8942, 8943) 123790.0
(9752, 9753, 9754) 89666.0
(8758, 8759, 8760) 118892.0
(8442, 8443, 8444) 120920.0
(3164, 3165, 3166) 129654.0
(116, 117, 118) 105354.0
(2730, 2731, 2732) 101256.0
(7941, 7942, 7943) 93904.0
(6653, 6654, 6655) 121760.0
(1858, 1859, 1860) 92323.0
(2572, 2573, 2574) 102381.0
(8233, 8234, 8235) 109306.0
(6789, 6790, 6791) 125496.0
(1296, 1297, 1298) 110499.0
(9106, 9107, 9108) 83466.0
(6341, 6342, 6343) 97231.0
(22, 23, 24) 113838.0
(5521, 5522, 5523) 108164.0
(4365, 4366, 4367) 122632.0
(8101, 8102, 8103) 145432.0
(9065, 9066, 9067) 99893.0
(9164, 9165, 9166) 99337.0
(3487, 3488, 3489) 105069.0
(8721, 8722, 8723) 105463.0
(9631, 9632, 9633) 127407.0
(5625, 5626, 5627) 102411.0
(4883, 4884, 4885) 108451.0
(6742, 6743, 6744) 113246.0
(6632, 6633, 6634) 111625.0
(2824, 2825, 2826) 128280.0
(376, 377, 378) 103838.0
(5834, 5835, 5836) 106928.0
(5629, 5630, 5631) 105839.0
(5427, 5428, 5429) 127128.0
(9516, 9517, 9518) 111372.0
(3476, 3477, 3478) 97468.0
(5107, 5108, 5109) 123686.0
(2627, 2628, 2629) 115341.0
(7963, 7964, 7965) 116848.0
(6460, 6461, 6462) 111450.0
(1452, 1453, 1454) 97973.0
(8495, 8496, 8497) 126747.0
(6348, 6349, 6350) 120381.0
(9990, 9991, 9992) 96566.0
(927, 928, 929) 113216.0
(980, 981, 982) 130613.0
(7407, 7408, 7409) 110078.0
(7558, 7559, 7560) 103413.0
(5036, 5037, 5038) 119957.0
(1262, 1263, 1264) 117296.0
(7353, 7354, 7355) 92339.0
(3441, 3442, 3443) 83561.0
(2589, 2590, 2591) 100220.0
(1651, 1652, 1653) 111278.0
(7596, 7597, 7598) 116230.0
