(3337, 3338, 3339) 3296.0
(7551, 7552, 7553) 3794.0
(6917, 6918, 6919) 4189.0
(2638, 2639, 2640) 4254.0
(4485, 4486, 4487) 5282.0
(2720, 2721, 2722) 4013.0
(2495, 2496, 2497) 4961.0
(5115, 5116, 5117) 4412.0
(5984, 5985, 5986) 6018.0
(8497, 8498, 8499) 5398.0
(8652, 8653, 8654) 4190.0
(4745, 4746, 4747) 5245.0
(3668, 3669, 3670) 2924.0
(8100, 8101, 8102) 4205.0
(3845, 3846, 3847) 4403.0
(404, 405, 406) 5520.0
(1759, 1760, 1761) 5263.0
(1612, 1613, 1614) 4846.0
(8594, 8595, 8596) 4423.0
(8482, 8483, 8484) 4579.0
(8309, 8310, 8311) 4258.0
(5909, 5910, 5911) 4117.0
(9269, 9270, 9271) 7545.0
(3745, 3746, 3747) 6005.0
(5322, 5323, 5324) 5375.0
(6889, 6890, 6891) 4596.0
(5854, 5855, 5856) 4566.0
(8458, 8459, 8460) 3637.0
(2521, 2522, 2523) 3863.0
(646, 647, 648) 5101.0
(5655, 5656, 5657) 3817.0
(8054, 8055, 8056) 4553.0
(5652, 5653, 5654) 6471.0
(6305, 6306, 6307) 7010.0
(1759, 1760, 1761) 5263.0
(2073, 2074, 2075) 4880.0
(186, 187, 188) 5029.0
(3905, 3906, 3907) 5919.0
(178, 179, 180) 5263.0
(7733, 7734, 7735) 3307.0
(4510, 4511, 4512) 4408.0
(878, 879, 880) 5364.0
(2036, 2037, 2038) 4179.0
(357, 358, 359) 5850.0
(9209, 9210, 9211) 3097.0
(5980, 5981, 5982) 4604.0
(9715, 9716, 9717) 4604.0
(4575, 4576, 4577) 5140.0
(5262, 5263, 5264) 5342.0
(7019, 7020, 7021) 4947.0
(1253, 1254, 1255) 4685.0
(3312, 3313, 3314) 5646.0
(3452, 3453, 3454) 4555.0
(8502, 8503, 8504) 3807.0
(995, 996, 997) 6304.0
(7800, 7801, 7802) 4174.0
(2314, 2315, 2316) 6632.0
(6032, 6033, 6034) 4653.0
(4109, 4110, 4111) 6555.0
(1211, 1212, 1213) 4196.0
(1379, 1380, 1381) 4553.0
(2402, 2403, 2404) 4177.0
(3473, 3474, 3475) 4532.0
(7642, 7643, 7644) 4083.0
(6066, 6067, 6068) 4455.0
(188, 189, 190) 4039.0
(9796, 9797, 9798) 3756.0
(2118, 2119, 2120) 5575.0
(4103, 4104, 4105) 4434.0
(8373, 8374, 8375) 4746.0
(5278, 5279, 5280) 4039.0
(7119, 7120, 7121) 3678.0
(6934, 6935, 6936) 4885.0
(5045, 5046, 5047) 5353.0
(6176, 6177, 6178) 5311.0
(5988, 5989, 5990) 3858.0
(420, 421, 422) 4840.0
(6053, 6054, 6055) 6918.0
(6497, 6498, 6499) 3813.0
(6793, 6794, 6795) 5467.0
(3309, 3310, 3311) 3723.0
(7893, 7894, 7895) 4293.0
(5344, 5345, 5346) 5534.0
(8431, 8432, 8433) 4811.0
(9097, 9098, 9099) 3316.0
(1676, 1677, 1678) 4579.0
(2043, 2044, 2045) 4055.0
(4728, 4729, 4730) 4904.0
(4352, 4353, 4354) 3064.0
(5807, 5808, 5809) 3805.0
(1915, 1916, 1917) 3980.0
(8199, 8200, 8201) 3485.0
(9307, 9308, 9309) 4276.0
(1553, 1554, 1555) 3345.0
(8608, 8609, 8610) 5751.0
(5294, 5295, 5296) 5452.0
(8555, 8556, 8557) 6053.0
(8827, 8828, 8829) 6133.0
(9757, 9758, 9759) 4818.0
(3480, 3481, 3482) 5678.0
(5759, 5760, 5761) 5624.0
(4362, 4363, 4364) 5584.0
(795, 796, 797) 5415.0
(4927, 4928, 4929) 4214.0
(3586, 3587, 3588) 3483.0
(7774, 7775, 7776) 6331.0
(1400, 1401, 1402) 5354.0
(3633, 3634, 3635) 5440.0
(2256, 2257, 2258) 5866.0
(205, 206, 207) 4920.0
(2776, 2777, 2778) 4400.0
(855, 856, 857) 4381.0
(8797, 8798, 8799) 4595.0
(6834, 6835, 6836) 3521.0
(3220, 3221, 3222) 3084.0
(5429, 5430, 5431) 6595.0
(843, 844, 845) 3998.0
(5851, 5852, 5853) 5784.0
(9503, 9504, 9505) 4301.0
(968, 969, 970) 4736.0
(4755, 4756, 4757) 3972.0
(9756, 9757, 9758) 3308.0
(5041, 5042, 5043) 3267.0
(6297, 6298, 6299) 4134.0
(4802, 4803, 4804) 5429.0
(4805, 4806, 4807) 3866.0
(333, 334, 335) 3632.0
(5648, 5649, 5650) 5941.0
(9540, 9541, 9542) 3668.0
(4508, 4509, 4510) 4721.0
(4100, 4101, 4102) 5240.0
(5075, 5076, 5077) 8463.0
(1424, 1425, 1426) 4442.0
(6080, 6081, 6082) 6643.0
(1739, 1740, 1741) 3235.0
(7991, 7992, 7993) 6587.0
(9662, 9663, 9664) 5058.0
(5865, 5866, 5867) 3175.0
(8225, 8226, 8227) 5903.0
(22, 23, 24) 5011.0
(9766, 9767, 9768) 5035.0
(8261, 8262, 8263) 2851.0
(655, 656, 657) 4701.0
(3120, 3121, 3122) 4587.0
(7179, 7180, 7181) 3726.0
(5531, 5532, 5533) 5408.0
(1438, 1439, 1440) 4049.0
(2160, 2161, 2162) 3992.0
(981, 982, 983) 5459.0
(4684, 4685, 4686) 4201.0
(2514, 2515, 2516) 6349.0
(6882, 6883, 6884) 4493.0
(7738, 7739, 7740) 5700.0
(8237, 8238, 8239) 3249.0
(2689, 2690, 2691) 4919.0
(1118, 1119, 1120) 5271.0
(8273, 8274, 8275) 3863.0
(2145, 2146, 2147) 5712.0
(2119, 2120, 2121) 3377.0
(1643, 1644, 1645) 4170.0
(4801, 4802, 4803) 4786.0
(2404, 2405, 2406) 5700.0
(4541, 4542, 4543) 4351.0
(9413, 9414, 9415) 4577.0
(8884, 8885, 8886) 3126.0
(8784, 8785, 8786) 6108.0
(2646, 2647, 2648) 4644.0
(9438, 9439, 9440) 3746.0
(4889, 4890, 4891) 5042.0
(9841, 9842, 9843) 5223.0
(7519, 7520, 7521) 5671.0
(5527, 5528, 5529) 4632.0
(9950, 9951, 9952) 4546.0
(1945, 1946, 1947) 4807.0
(3271, 3272, 3273) 4433.0
(8337, 8338, 8339) 4798.0
(1257, 1258, 1259) 3952.0
(1719, 1720, 1721) 4034.0
(9771, 9772, 9773) 6255.0
(9964, 9965, 9966) 6248.0
(2834, 2835, 2836) 6197.0
(8324, 8325, 8326) 3784.0
(6209, 6210, 6211) 5955.0
(5479, 5480, 5481) 3629.0
(6314, 6315, 6316) 5251.0
(1490, 1491, 1492) 4591.0
(4568, 4569, 4570) 4124.0
(838, 839, 840) 2509.0
(9328, 9329, 9330) 5586.0
(7800, 7801, 7802) 4174.0
(2368, 2369, 2370) 4736.0
(9942, 9943, 9944) 5173.0
(583, 584, 585) 5005.0
(8893, 8894, 8895) 4724.0
(7056, 7057, 7058) 5598.0
(2198, 2199, 2200) 6346.0
(3668, 3669, 3670) 2924.0
(6832, 6833, 6834) 3766.0
(2428, 2429, 2430) 5063.0
(9639, 9640, 9641) 5259.0
(4144, 4145, 4146) 4575.0
