(3855, 3856, 3857) 87062.0
(2052, 2053, 2054) 83456.0
(4491, 4492, 4493) 80550.0
(779, 780, 781) 126807.0
(788, 789, 790) 105796.0
(9912, 9913, 9914) 84697.0
(1675, 1676, 1677) 115796.0
(3455, 3456, 3457) 137735.0
(5853, 5854, 5855) 150293.0
(4421, 4422, 4423) 130489.0
(5622, 5623, 5624) 95126.0
(8629, 8630, 8631) 120961.0
(8842, 8843, 8844) 111874.0
(2967, 2968, 2969) 131900.0
(4006, 4007, 4008) 107368.0
(2165, 2166, 2167) 102422.0
(3046, 3047, 3048) 136106.0
(3416, 3417, 3418) 107597.0
(3824, 3825, 3826) 105443.0
(4061, 4062, 4063) 116963.0
(4077, 4078, 4079) 115667.0
(7231, 7232, 7233) 73045.0
(2131, 2132, 2133) 137288.0
(575, 576, 577) 84485.0
(6116, 6117, 6118) 71602.0
(735, 736, 737) 115689.0
(3471, 3472, 3473) 126570.0
(9648, 9649, 9650) 127917.0
(6679, 6680, 6681) 103762.0
(4846, 4847, 4848) 132699.0
(3120, 3121, 3122) 124760.0
(5933, 5934, 5935) 89281.0
(6933, 6934, 6935) 95479.0
(8516, 8517, 8518) 117536.0
(8746, 8747, 8748) 113745.0
(4103, 4104, 4105) 128331.0
(8432, 8433, 8434) 125249.0
(3613, 3614, 3615) 93581.0
(9903, 9904, 9905) 98585.0
(9721, 9722, 9723) 129047.0
(2413, 2414, 2415) 86350.0
(3791, 3792, 3793) 106446.0
(6466, 6467, 6468) 115845.0
(627, 628, 629) 82275.0
(4044, 4045, 4046) 87122.0
(9257, 9258, 9259) 109181.0
(5957, 5958, 5959) 133925.0
(5175, 5176, 5177) 125190.0
(7410, 7411, 7412) 132120.0
(4635, 4636, 4637) 113915.0
(3220, 3221, 3222) 81697.0
(8543, 8544, 8545) 103383.0
(6406, 6407, 6408) 97226.0
(2044, 2045, 2046) 109895.0
(9927, 9928, 9929) 121577.0
(5162, 5163, 5164) 129486.0
(5609, 5610, 5611) 115303.0
(5542, 5543, 5544) 105146.0
(8814, 8815, 8816) 124574.0
(4346, 4347, 4348) 128163.0
(7414, 7415, 7416) 103791.0
(6580, 6581, 6582) 101410.0
(6091, 6092, 6093) 129211.0
(1853, 1854, 1855) 108558.0
(6601, 6602, 6603) 104486.0
(8796, 8797, 8798) 104120.0
(4496, 4497, 4498) 88667.0
(7793, 7794, 7795) 95272.0
(5914, 5915, 5916) 115994.0
(1720, 1721, 1722) 93012.0
(9054, 9055, 9056) 91646.0
(2488, 2489, 2490) 129246.0
(4890, 4891, 4892) 112530.0
(2015, 2016, 2017) 118347.0
(1411, 1412, 1413) 92608.0
(5933, 5934, 5935) 89281.0
(3151, 3152, 3153) 100039.0
(1040, 1041, 1042) 105123.0
(320, 321, 322) 93461.0
(2707, 2708, 2709) 92879.0
(8217, 8218, 8219) 105876.0
(982, 983, 984) 96258.0
(9185, 9186, 9187) 127533.0
(172, 173, 174) 84647.0
(5030, 5031, 5032) 83511.0
(785, 786, 787) 125273.0
(3971, 3972, 3973) 121353.0
(3437, 3438, 3439) 110038.0
(5964, 5965, 5966) 116354.0
(4604, 4605, 4606) 108089.0
(5883, 5884, 5885) 91208.0
(464, 465, 466) 115349.0
(9235, 9236, 9237) 117959.0
(2717, 2718, 2719) 113824.0
(39, 40, 41) 140010.0
(5970, 5971, 5972) 121035.0
(7730, 7731, 7732) 90978.0
(6373, 6374, 6375) 80864.0
(9836, 9837, 9838) 121048.0
(6503, 6504, 6505) 115261.0
(7627, 7628, 7629) 129450.0
(4858, 4859, 4860) 127077.0
(9850, 9851, 9852) 102831.0
(653, 654, 655) 110179.0
(1743, 1744, 1745) 95158.0
(6922, 6923, 6924) 140797.0
(1640, 1641, 1642) 132043.0
(4676, 4677, 4678) 101370.0
(2681, 2682, 2683) 126408.0
(3423, 3424, 3425) 91411.0
(6351, 6352, 6353) 123698.0
(864, 865, 866) 86788.0
(8569, 8570, 8571) 88374.0
(373, 374, 375) 114487.0
(3822, 3823, 3824) 97401.0
(4230, 4231, 4232) 114912.0
(1662, 1663, 1664) 100587.0
(9148, 9149, 9150) 134322.0
(7492, 7493, 7494) 100817.0
(7940, 7941, 7942) 92579.0
(269, 270, 271) 133986.0
(3275, 3276, 3277) 87133.0
(8254, 8255, 8256) 94187.0
(6348, 6349, 6350) 126326.0
(9430, 9431, 9432) 140012.0
(4275, 4276, 4277) 114332.0
(2372, 2373, 2374) 130706.0
(9380, 9381, 9382) 102913.0
(614, 615, 616) 129874.0
(1510, 1511, 1512) 97744.0
(4460, 4461, 4462) 108967.0
(5744, 5745, 5746) 117957.0
(3083, 3084, 3085) 95493.0
(3433, 3434, 3435) 104722.0
(4091, 4092, 4093) 108445.0
(1609, 1610, 1611) 110830.0
(3654, 3655, 3656) 78721.0
(686, 687, 688) 100730.0
(4026, 4027, 4028) 134539.0
(6428, 6429, 6430) 84565.0
(4178, 4179, 4180) 125468.0
(3382, 3383, 3384) 127207.0
(1019, 1020, 1021) 107898.0
(9840, 9841, 9842) 92890.0
(7922, 7923, 7924) 107937.0
(4575, 4576, 4577) 99188.0
(5261, 5262, 5263) 85520.0
(8139, 8140, 8141) 95608.0
(5836, 5837, 5838) 123724.0
(8569, 8570, 8571) 88374.0
(1362, 1363, 1364) 93772.0
(4804, 4805, 4806) 142305.0
(9716, 9717, 9718) 137230.0
(2750, 2751, 2752) 106595.0
(9397, 9398, 9399) 87427.0
(8158, 8159, 8160) 106517.0
(9023, 9024, 9025) 124856.0
(7437, 7438, 7439) 122819.0
(8219, 8220, 8221) 99051.0
(2776, 2777, 2778) 110055.0
(1205, 1206, 1207) 93145.0
(7316, 7317, 7318) 90134.0
(9315, 9316, 9317) 144795.0
(1712, 1713, 1714) 112589.0
(4040, 4041, 4042) 122875.0
(108, 109, 110) 101925.0
(3864, 3865, 3866) 115417.0
(190, 191, 192) 102216.0
(6271, 6272, 6273) 109710.0
(3411, 3412, 3413) 133193.0
(8012, 8013, 8014) 119305.0
(3933, 3934, 3935) 88004.0
(8655, 8656, 8657) 106356.0
(5157, 5158, 5159) 120004.0
(207, 208, 209) 133562.0
(327, 328, 329) 104715.0
(1723, 1724, 1725) 93439.0
(9577, 9578, 9579) 121542.0
(5882, 5883, 5884) 96473.0
(9912, 9913, 9914) 84697.0
(1989, 1990, 1991) 111320.0
(1456, 1457, 1458) 140648.0
(2920, 2921, 2922) 108941.0
(2839, 2840, 2841) 100173.0
(6319, 6320, 6321) 87831.0
(1460, 1461, 1462) 89734.0
(4894, 4895, 4896) 115261.0
(271, 272, 273) 122591.0
(5345, 5346, 5347) 88146.0
(1577, 1578, 1579) 93388.0
(6404, 6405, 6406) 109402.0
(4640, 4641, 4642) 74771.0
(9923, 9924, 9925) 119491.0
(6918, 6919, 6920) 122608.0
(7242, 7243, 7244) 84274.0
(1118, 1119, 1120) 117142.0
(3256, 3257, 3258) 103725.0
(9242, 9243, 9244) 120195.0
(9616, 9617, 9618) 107685.0
(7768, 7769, 7770) 113945.0
(179, 180, 181) 99644.0
