(9142, 9143, 9144) 100896.0
(6894, 6895, 6896) 127268.0
(9779, 9780, 9781) 119845.0
(3192, 3193, 3194) 104004.0
(89, 90, 91) 102775.0
(5142, 5143, 5144) 133734.0
(1383, 1384, 1385) 118184.0
(26, 27, 28) 96287.0
(7286, 7287, 7288) 89763.0
(5597, 5598, 5599) 88348.0
(101, 102, 103) 115743.0
(5248, 5249, 5250) 95872.0
(125, 126, 127) 97219.0
(4250, 4251, 4252) 100747.0
(9129, 9130, 9131) 105256.0
(8420, 8421, 8422) 114375.0
(9757, 9758, 9759) 98652.0
(3143, 3144, 3145) 103226.0
(6353, 6354, 6355) 75436.0
(8000, 8001, 8002) 119439.0
(7370, 7371, 7372) 92391.0
(8830, 8831, 8832) 133310.0
(8098, 8099, 8100) 100265.0
(1086, 1087, 1088) 99066.0
(2955, 2956, 2957) 90978.0
(4496, 4497, 4498) 89497.0
(1615, 1616, 1617) 134495.0
(8156, 8157, 8158) 114384.0
(9264, 9265, 9266) 100988.0
(8527, 8528, 8529) 115665.0
(3408, 3409, 3410) 126823.0
(6516, 6517, 6518) 117228.0
(889, 890, 891) 132305.0
(6346, 6347, 6348) 92220.0
(8326, 8327, 8328) 110188.0
(4236, 4237, 4238) 132531.0
(1880, 1881, 1882) 119870.0
(3776, 3777, 3778) 89354.0
(5638, 5639, 5640) 106061.0
(1136, 1137, 1138) 103657.0
(5890, 5891, 5892) 106177.0
(4480, 4481, 4482) 114695.0
(4749, 4750, 4751) 118498.0
(2715, 2716, 2717) 112495.0
(45, 46, 47) 146816.0
(2388, 2389, 2390) 107700.0
(2408, 2409, 2410) 93755.0
(4869, 4870, 4871) 117137.0
(2656, 2657, 2658) 100556.0
(5018, 5019, 5020) 99190.0
(2640, 2641, 2642) 115527.0
(898, 899, 900) 114489.0
(9922, 9923, 9924) 102590.0
(1635, 1636, 1637) 135165.0
(90, 91, 92) 113052.0
(1176, 1177, 1178) 131806.0
(7179, 7180, 7181) 109812.0
(8930, 8931, 8932) 113857.0
(6534, 6535, 6536) 96549.0
(7984, 7985, 7986) 98228.0
(8091, 8092, 8093) 106558.0
(5682, 5683, 5684) 98919.0
(1932, 1933, 1934) 132359.0
(6500, 6501, 6502) 103109.0
(9582, 9583, 9584) 87000.0
(7716, 7717, 7718) 105653.0
(7476, 7477, 7478) 122546.0
(9641, 9642, 9643) 129333.0
(7902, 7903, 7904) 106167.0
(511, 512, 513) 88824.0
(4547, 4548, 4549) 98862.0
(1290, 1291, 1292) 98435.0
(2827, 2828, 2829) 134053.0
(9642, 9643, 9644) 107122.0
(9728, 9729, 9730) 112201.0
(3779, 3780, 3781) 87314.0
(1704, 1705, 1706) 118635.0
(6982, 6983, 6984) 97078.0
(7783, 7784, 7785) 149102.0
(4844, 4845, 4846) 114110.0
(8598, 8599, 8600) 120528.0
(1401, 1402, 1403) 134030.0
(1018, 1019, 1020) 134695.0
(9078, 9079, 9080) 88970.0
(1291, 1292, 1293) 145633.0
(3614, 3615, 3616) 124180.0
(6135, 6136, 6137) 103260.0
(2336, 2337, 2338) 95155.0
(158, 159, 160) 107658.0
(6730, 6731, 6732) 144750.0
(5026, 5027, 5028) 98155.0
(5712, 5713, 5714) 96563.0
(5927, 5928, 5929) 106072.0
(797, 798, 799) 114389.0
(4498, 4499, 4500) 146003.0
(5024, 5025, 5026) 128449.0
(3825, 3826, 3827) 105179.0
(3029, 3030, 3031) 146238.0
(8075, 8076, 8077) 93335.0
(5551, 5552, 5553) 112955.0
(5389, 5390, 5391) 107903.0
(4949, 4950, 4951) 92540.0
(2975, 2976, 2977) 113511.0
(5680, 5681, 5682) 113615.0
(7356, 7357, 7358) 112088.0
(2333, 2334, 2335) 113194.0
(981, 982, 983) 121556.0
(223, 224, 225) 129146.0
(8651, 8652, 8653) 120369.0
(8244, 8245, 8246) 124748.0
(3501, 3502, 3503) 123279.0
(2008, 2009, 2010) 125782.0
(3082, 3083, 3084) 121502.0
(4978, 4979, 4980) 103948.0
(7008, 7009, 7010) 118000.0
(9030, 9031, 9032) 106777.0
(2850, 2851, 2852) 107151.0
(2429, 2430, 2431) 127024.0
(2234, 2235, 2236) 130150.0
(4643, 4644, 4645) 114499.0
(2379, 2380, 2381) 105736.0
(3841, 3842, 3843) 100124.0
(965, 966, 967) 124634.0
(6200, 6201, 6202) 99824.0
(3800, 3801, 3802) 117980.0
(4309, 4310, 4311) 91270.0
(503, 504, 505) 107657.0
(8081, 8082, 8083) 100223.0
(87, 88, 89) 99806.0
(8831, 8832, 8833) 113940.0
(6848, 6849, 6850) 104937.0
(889, 890, 891) 132305.0
(2180, 2181, 2182) 96895.0
(4010, 4011, 4012) 124282.0
(7500, 7501, 7502) 120294.0
(9191, 9192, 9193) 141402.0
(3991, 3992, 3993) 100887.0
(436, 437, 438) 125182.0
(1435, 1436, 1437) 105680.0
(9552, 9553, 9554) 107195.0
(366, 367, 368) 97407.0
(373, 374, 375) 113988.0
(5868, 5869, 5870) 94487.0
(2000, 2001, 2002) 162194.0
(285, 286, 287) 105396.0
(927, 928, 929) 116821.0
(2053, 2054, 2055) 130292.0
(5362, 5363, 5364) 97270.0
(9751, 9752, 9753) 99563.0
(5736, 5737, 5738) 118793.0
(7524, 7525, 7526) 106415.0
(9157, 9158, 9159) 100847.0
(6165, 6166, 6167) 99118.0
(7387, 7388, 7389) 98512.0
(9280, 9281, 9282) 117924.0
(6773, 6774, 6775) 105134.0
(7647, 7648, 7649) 100754.0
(7076, 7077, 7078) 108002.0
(8824, 8825, 8826) 88418.0
(2931, 2932, 2933) 142189.0
(3715, 3716, 3717) 120285.0
(8596, 8597, 8598) 139411.0
(5916, 5917, 5918) 119688.0
(854, 855, 856) 100212.0
(3382, 3383, 3384) 128926.0
(8168, 8169, 8170) 99862.0
(4951, 4952, 4953) 140106.0
(1150, 1151, 1152) 129438.0
(9426, 9427, 9428) 107379.0
(7408, 7409, 7410) 105983.0
(8366, 8367, 8368) 122979.0
(9425, 9426, 9427) 89417.0
(1090, 1091, 1092) 127810.0
(7701, 7702, 7703) 98166.0
(7158, 7159, 7160) 108868.0
(8577, 8578, 8579) 117874.0
(173, 174, 175) 114059.0
(2121, 2122, 2123) 105558.0
(6905, 6906, 6907) 127414.0
(1360, 1361, 1362) 108787.0
(4106, 4107, 4108) 115924.0
(5365, 5366, 5367) 111435.0
(5955, 5956, 5957) 99965.0
(3764, 3765, 3766) 97996.0
(3297, 3298, 3299) 86852.0
(2380, 2381, 2382) 139307.0
(7461, 7462, 7463) 91554.0
(4067, 4068, 4069) 124904.0
(4478, 4479, 4480) 98850.0
(8507, 8508, 8509) 96490.0
(7346, 7347, 7348) 114104.0
(2119, 2120, 2121) 81967.0
(9032, 9033, 9034) 104286.0
(2978, 2979, 2980) 88508.0
(4621, 4622, 4623) 108658.0
(893, 894, 895) 95760.0
(759, 760, 761) 87200.0
(1109, 1110, 1111) 108133.0
(6499, 6500, 6501) 127501.0
(7499, 7500, 7501) 86065.0
(5017, 5018, 5019) 115673.0
