(4658, 4659, 4660) 120065.0
(69, 70, 71) 103356.0
(2338, 2339, 2340) 124055.0
(8149, 8150, 8151) 102200.0
(4259, 4260, 4261) 99580.0
(8514, 8515, 8516) 114790.0
(4810, 4811, 4812) 126386.0
(7453, 7454, 7455) 94703.0
(2882, 2883, 2884) 92719.0
(6760, 6761, 6762) 95401.0
(8482, 8483, 8484) 114107.0
(9533, 9534, 9535) 103412.0
(4081, 4082, 4083) 117891.0
(2995, 2996, 2997) 94641.0
(2223, 2224, 2225) 111786.0
(7215, 7216, 7217) 124137.0
(1385, 1386, 1387) 108599.0
(1625, 1626, 1627) 118739.0
(7291, 7292, 7293) 137899.0
(2203, 2204, 2205) 78667.0
(7242, 7243, 7244) 84956.0
(4734, 4735, 4736) 81797.0
(5697, 5698, 5699) 128130.0
(4481, 4482, 4483) 129609.0
(237, 238, 239) 114407.0
(5077, 5078, 5079) 129317.0
(7491, 7492, 7493) 119488.0
(5364, 5365, 5366) 118484.0
(1297, 1298, 1299) 110308.0
(8273, 8274, 8275) 106115.0
(8196, 8197, 8198) 101237.0
(8089, 8090, 8091) 120245.0
(5818, 5819, 5820) 127300.0
(541, 542, 543) 96746.0
(831, 832, 833) 88955.0
(9105, 9106, 9107) 137542.0
(8535, 8536, 8537) 101105.0
(6459, 6460, 6461) 137630.0
(9574, 9575, 9576) 110391.0
(7480, 7481, 7482) 115879.0
(9694, 9695, 9696) 159208.0
(9874, 9875, 9876) 116779.0
(4858, 4859, 4860) 132729.0
(4778, 4779, 4780) 130041.0
(6560, 6561, 6562) 113854.0
(8708, 8709, 8710) 125140.0
(2075, 2076, 2077) 92357.0
(4718, 4719, 4720) 156005.0
(9594, 9595, 9596) 92573.0
(3104, 3105, 3106) 107167.0
(6841, 6842, 6843) 89474.0
(7152, 7153, 7154) 115347.0
(7353, 7354, 7355) 101598.0
(2031, 2032, 2033) 93448.0
(2826, 2827, 2828) 154002.0
(2143, 2144, 2145) 135056.0
(2707, 2708, 2709) 96965.0
(8233, 8234, 8235) 113179.0
(4065, 4066, 4067) 115525.0
(797, 798, 799) 120932.0
(4113, 4114, 4115) 92161.0
(3258, 3259, 3260) 100765.0
(9173, 9174, 9175) 126293.0
(956, 957, 958) 116410.0
(8547, 8548, 8549) 117294.0
(6868, 6869, 6870) 111932.0
(8928, 8929, 8930) 101857.0
(7646, 7647, 7648) 128892.0
(5111, 5112, 5113) 107432.0
(9889, 9890, 9891) 95161.0
(6400, 6401, 6402) 109921.0
(1451, 1452, 1453) 122655.0
(3944, 3945, 3946) 118188.0
(4528, 4529, 4530) 115311.0
(8121, 8122, 8123) 110683.0
(2725, 2726, 2727) 113106.0
(997, 998, 999) 96510.0
(9207, 9208, 9209) 111777.0
(4712, 4713, 4714) 96382.0
(566, 567, 568) 90947.0
(2983, 2984, 2985) 126755.0
(5219, 5220, 5221) 117536.0
(1226, 1227, 1228) 137765.0
(7972, 7973, 7974) 116998.0
(7341, 7342, 7343) 125241.0
(8134, 8135, 8136) 130179.0
(5843, 5844, 5845) 83890.0
(6594, 6595, 6596) 119249.0
(2063, 2064, 2065) 114034.0
(9198, 9199, 9200) 114906.0
(5013, 5014, 5015) 116230.0
(2881, 2882, 2883) 90577.0
(5727, 5728, 5729) 85813.0
(3244, 3245, 3246) 125990.0
(138, 139, 140) 108484.0
(4265, 4266, 4267) 160644.0
(2670, 2671, 2672) 96721.0
(4290, 4291, 4292) 93864.0
(6238, 6239, 6240) 113302.0
(4413, 4414, 4415) 132986.0
(8242, 8243, 8244) 109743.0
(7427, 7428, 7429) 101917.0
(8051, 8052, 8053) 138917.0
(2177, 2178, 2179) 104427.0
(2132, 2133, 2134) 88213.0
(4030, 4031, 4032) 101497.0
(6685, 6686, 6687) 100072.0
(4739, 4740, 4741) 140526.0
(966, 967, 968) 106416.0
(2283, 2284, 2285) 109658.0
(2151, 2152, 2153) 103514.0
(8091, 8092, 8093) 107951.0
(5899, 5900, 5901) 112309.0
(417, 418, 419) 138634.0
(1355, 1356, 1357) 128572.0
(9974, 9975, 9976) 122869.0
(7838, 7839, 7840) 111239.0
(5889, 5890, 5891) 132101.0
(1385, 1386, 1387) 108599.0
(664, 665, 666) 109380.0
(6455, 6456, 6457) 109005.0
(1789, 1790, 1791) 139635.0
(8639, 8640, 8641) 81826.0
(1732, 1733, 1734) 118689.0
(4822, 4823, 4824) 101017.0
(5270, 5271, 5272) 135362.0
(3175, 3176, 3177) 112752.0
(4875, 4876, 4877) 87279.0
(2741, 2742, 2743) 106923.0
(145, 146, 147) 106594.0
(5036, 5037, 5038) 133490.0
(3997, 3998, 3999) 108535.0
(713, 714, 715) 115825.0
(5144, 5145, 5146) 104369.0
(7420, 7421, 7422) 122805.0
(2875, 2876, 2877) 118122.0
(8345, 8346, 8347) 121598.0
(4044, 4045, 4046) 93091.0
(5637, 5638, 5639) 96422.0
(2337, 2338, 2339) 115728.0
(6683, 6684, 6685) 121407.0
(2411, 2412, 2413) 111232.0
(4114, 4115, 4116) 111826.0
(4304, 4305, 4306) 123791.0
(2957, 2958, 2959) 87837.0
(7944, 7945, 7946) 109870.0
(822, 823, 824) 139824.0
(3911, 3912, 3913) 118426.0
(4477, 4478, 4479) 117878.0
(181, 182, 183) 129022.0
(2157, 2158, 2159) 103404.0
(3262, 3263, 3264) 102443.0
(8659, 8660, 8661) 86336.0
(9103, 9104, 9105) 137121.0
(9270, 9271, 9272) 134886.0
(1614, 1615, 1616) 145153.0
(135, 136, 137) 114198.0
(7497, 7498, 7499) 96916.0
(1784, 1785, 1786) 115945.0
(1151, 1152, 1153) 145761.0
(3119, 3120, 3121) 98255.0
(7972, 7973, 7974) 116998.0
(7403, 7404, 7405) 115825.0
(7053, 7054, 7055) 112735.0
(2639, 2640, 2641) 111476.0
(3689, 3690, 3691) 122030.0
(6624, 6625, 6626) 91312.0
(1002, 1003, 1004) 118633.0
(1382, 1383, 1384) 111779.0
(1618, 1619, 1620) 134510.0
(9637, 9638, 9639) 108462.0
(4147, 4148, 4149) 132307.0
(1388, 1389, 1390) 145208.0
(7244, 7245, 7246) 128121.0
(7632, 7633, 7634) 102847.0
(8375, 8376, 8377) 140910.0
(7381, 7382, 7383) 132444.0
(8448, 8449, 8450) 119808.0
(7128, 7129, 7130) 116344.0
(1764, 1765, 1766) 95431.0
(8926, 8927, 8928) 90429.0
(2722, 2723, 2724) 106305.0
(3232, 3233, 3234) 147058.0
(9274, 9275, 9276) 113856.0
(6601, 6602, 6603) 106900.0
(8358, 8359, 8360) 105605.0
(3014, 3015, 3016) 98852.0
(4957, 4958, 4959) 127711.0
(9219, 9220, 9221) 150405.0
(972, 973, 974) 94561.0
(8693, 8694, 8695) 125923.0
(9473, 9474, 9475) 107322.0
(6, 7, 8) 116596.0
(3706, 3707, 3708) 125672.0
(117, 118, 119) 108175.0
(8433, 8434, 8435) 106988.0
(9303, 9304, 9305) 99125.0
(2342, 2343, 2344) 110742.0
(4208, 4209, 4210) 91199.0
(3974, 3975, 3976) 112210.0
(1661, 1662, 1663) 135356.0
