(2426, 2427, 2428) 86943.0
(5986, 5987, 5988) 85347.0
(4688, 4689, 4690) 119813.0
(6029, 6030, 6031) 102672.0
(4862, 4863, 4864) 122967.0
(4851, 4852, 4853) 117255.0
(3994, 3995, 3996) 145063.0
(1423, 1424, 1425) 92340.0
(793, 794, 795) 106115.0
(7816, 7817, 7818) 153466.0
(9302, 9303, 9304) 91879.0
(9947, 9948, 9949) 122514.0
(1943, 1944, 1945) 91890.0
(7496, 7497, 7498) 124947.0
(898, 899, 900) 130077.0
(842, 843, 844) 126772.0
(8093, 8094, 8095) 114105.0
(6030, 6031, 6032) 93994.0
(7060, 7061, 7062) 151719.0
(4093, 4094, 4095) 120657.0
(240, 241, 242) 92418.0
(629, 630, 631) 114563.0
(6979, 6980, 6981) 127702.0
(7890, 7891, 7892) 108355.0
(1932, 1933, 1934) 136757.0
(8462, 8463, 8464) 110692.0
(309, 310, 311) 122471.0
(6960, 6961, 6962) 111188.0
(446, 447, 448) 127971.0
(4416, 4417, 4418) 111232.0
(1084, 1085, 1086) 97830.0
(2652, 2653, 2654) 121646.0
(680, 681, 682) 107090.0
(5913, 5914, 5915) 124456.0
(4050, 4051, 4052) 108806.0
(4131, 4132, 4133) 102582.0
(8559, 8560, 8561) 103034.0
(2005, 2006, 2007) 150950.0
(7603, 7604, 7605) 81687.0
(9974, 9975, 9976) 125399.0
(4778, 4779, 4780) 132325.0
(6140, 6141, 6142) 116334.0
(909, 910, 911) 113959.0
(3663, 3664, 3665) 105896.0
(2699, 2700, 2701) 91691.0
(8831, 8832, 8833) 114468.0
(2776, 2777, 2778) 113352.0
(1296, 1297, 1298) 113981.0
(6950, 6951, 6952) 101041.0
(214, 215, 216) 127645.0
(3205, 3206, 3207) 121678.0
(6078, 6079, 6080) 122047.0
(7173, 7174, 7175) 95365.0
(8324, 8325, 8326) 115939.0
(8373, 8374, 8375) 111280.0
(4257, 4258, 4259) 146350.0
(910, 911, 912) 126362.0
(1441, 1442, 1443) 110073.0
(3819, 3820, 3821) 124780.0
(325, 326, 327) 107355.0
(2688, 2689, 2690) 87767.0
(1341, 1342, 1343) 127435.0
(3241, 3242, 3243) 96983.0
(3903, 3904, 3905) 118357.0
(4067, 4068, 4069) 125043.0
(5146, 5147, 5148) 109869.0
(6303, 6304, 6305) 116822.0
(869, 870, 871) 92507.0
(7628, 7629, 7630) 129248.0
(2771, 2772, 2773) 88327.0
(7940, 7941, 7942) 95907.0
(1202, 1203, 1204) 111195.0
(7275, 7276, 7277) 104982.0
(4090, 4091, 4092) 130138.0
(4168, 4169, 4170) 147980.0
(1193, 1194, 1195) 123422.0
(4237, 4238, 4239) 83404.0
(6423, 6424, 6425) 108818.0
(1003, 1004, 1005) 104208.0
(692, 693, 694) 136866.0
(9514, 9515, 9516) 133331.0
(9123, 9124, 9125) 134952.0
(4420, 4421, 4422) 112775.0
(9716, 9717, 9718) 141247.0
(9104, 9105, 9106) 135503.0
(7397, 7398, 7399) 125634.0
(9375, 9376, 9377) 111040.0
(2892, 2893, 2894) 120284.0
(9947, 9948, 9949) 122514.0
(4993, 4994, 4995) 117232.0
(9287, 9288, 9289) 106092.0
(3801, 3802, 3803) 109392.0
(6184, 6185, 6186) 108068.0
(2014, 2015, 2016) 115204.0
(3340, 3341, 3342) 117526.0
(8002, 8003, 8004) 110644.0
(4341, 4342, 4343) 145424.0
(8529, 8530, 8531) 92622.0
(7980, 7981, 7982) 120421.0
(8514, 8515, 8516) 119646.0
(636, 637, 638) 107741.0
(3091, 3092, 3093) 92801.0
(3659, 3660, 3661) 95266.0
(4780, 4781, 4782) 104534.0
(8386, 8387, 8388) 121940.0
(8000, 8001, 8002) 122741.0
(2062, 2063, 2064) 124374.0
(7833, 7834, 7835) 134087.0
(9573, 9574, 9575) 106703.0
(2189, 2190, 2191) 104374.0
(6273, 6274, 6275) 108885.0
(5571, 5572, 5573) 104626.0
(9667, 9668, 9669) 126797.0
(4957, 4958, 4959) 129483.0
(7598, 7599, 7600) 113399.0
(6681, 6682, 6683) 115018.0
(7083, 7084, 7085) 141415.0
(2344, 2345, 2346) 144012.0
(5479, 5480, 5481) 117388.0
(5895, 5896, 5897) 107981.0
(2441, 2442, 2443) 102607.0
(2815, 2816, 2817) 106535.0
(7157, 7158, 7159) 107461.0
(7255, 7256, 7257) 136146.0
(2692, 2693, 2694) 105184.0
(1715, 1716, 1717) 113907.0
(1099, 1100, 1101) 109808.0
(3319, 3320, 3321) 130350.0
(7589, 7590, 7591) 121172.0
(3374, 3375, 3376) 102495.0
(1966, 1967, 1968) 124134.0
(1220, 1221, 1222) 145502.0
(4595, 4596, 4597) 112238.0
(9858, 9859, 9860) 128738.0
(6162, 6163, 6164) 105396.0
(1043, 1044, 1045) 103463.0
(9589, 9590, 9591) 138423.0
(8548, 8549, 8550) 118007.0
(6026, 6027, 6028) 130239.0
(1395, 1396, 1397) 78836.0
(1154, 1155, 1156) 147161.0
(8181, 8182, 8183) 133601.0
(9235, 9236, 9237) 133019.0
(6785, 6786, 6787) 129010.0
(1689, 1690, 1691) 100684.0
(1323, 1324, 1325) 108734.0
(1114, 1115, 1116) 114318.0
(1845, 1846, 1847) 131336.0
(5196, 5197, 5198) 96310.0
(9403, 9404, 9405) 105534.0
(1792, 1793, 1794) 85222.0
(6393, 6394, 6395) 142984.0
(7515, 7516, 7517) 93474.0
(7694, 7695, 7696) 110748.0
(7511, 7512, 7513) 111347.0
(9157, 9158, 9159) 110640.0
(3677, 3678, 3679) 110622.0
(7651, 7652, 7653) 127437.0
(79, 80, 81) 131159.0
(4234, 4235, 4236) 98802.0
(1832, 1833, 1834) 108039.0
(4025, 4026, 4027) 142939.0
(2670, 2671, 2672) 98985.0
(9487, 9488, 9489) 133830.0
(9848, 9849, 9850) 126610.0
(4960, 4961, 4962) 131361.0
(9091, 9092, 9093) 100442.0
(2866, 2867, 2868) 122322.0
(9026, 9027, 9028) 108316.0
(725, 726, 727) 121583.0
(5434, 5435, 5436) 131326.0
(9230, 9231, 9232) 131240.0
(9067, 9068, 9069) 114450.0
(6479, 6480, 6481) 108039.0
(2654, 2655, 2656) 98423.0
(1058, 1059, 1060) 93744.0
(7132, 7133, 7134) 116579.0
(6550, 6551, 6552) 132574.0
(6137, 6138, 6139) 124424.0
(9554, 9555, 9556) 134878.0
(3569, 3570, 3571) 118884.0
(3398, 3399, 3400) 108135.0
(4868, 4869, 4870) 110554.0
(3538, 3539, 3540) 118182.0
(8639, 8640, 8641) 82437.0
(4107, 4108, 4109) 108022.0
(1712, 1713, 1714) 114293.0
(4127, 4128, 4129) 97543.0
(6505, 6506, 6507) 116168.0
(2528, 2529, 2530) 125599.0
(5683, 5684, 5685) 103550.0
(7016, 7017, 7018) 117162.0
(5501, 5502, 5503) 96989.0
(9536, 9537, 9538) 125111.0
(4493, 4494, 4495) 105756.0
(2980, 2981, 2982) 102607.0
(2725, 2726, 2727) 113393.0
(192, 193, 194) 133349.0
(9706, 9707, 9708) 104319.0
(4359, 4360, 4361) 103716.0
(5582, 5583, 5584) 130103.0
