(828, 829, 830) 121864.0
(9226, 9227, 9228) 113061.0
(1161, 1162, 1163) 107728.0
(9053, 9054, 9055) 125348.0
(6011, 6012, 6013) 115714.0
(9111, 9112, 9113) 110214.0
(1593, 1594, 1595) 120573.0
(8277, 8278, 8279) 152651.0
(6654, 6655, 6656) 112218.0
(8115, 8116, 8117) 96970.0
(8423, 8424, 8425) 114581.0
(3422, 3423, 3424) 112277.0
(5472, 5473, 5474) 95215.0
(6120, 6121, 6122) 114933.0
(6690, 6691, 6692) 131196.0
(357, 358, 359) 129408.0
(1164, 1165, 1166) 150652.0
(1172, 1173, 1174) 115126.0
(2475, 2476, 2477) 112751.0
(8878, 8879, 8880) 110784.0
(2411, 2412, 2413) 115447.0
(1810, 1811, 1812) 146820.0
(6015, 6016, 6017) 79121.0
(1561, 1562, 1563) 119194.0
(9926, 9927, 9928) 123574.0
(4134, 4135, 4136) 119710.0
(9425, 9426, 9427) 97255.0
(8321, 8322, 8323) 93690.0
(1980, 1981, 1982) 114147.0
(3877, 3878, 3879) 119446.0
(6680, 6681, 6682) 90305.0
(2246, 2247, 2248) 105173.0
(5318, 5319, 5320) 174135.0
(7201, 7202, 7203) 99910.0
(4296, 4297, 4298) 123020.0
(4196, 4197, 4198) 112604.0
(9843, 9844, 9845) 128307.0
(3964, 3965, 3966) 135588.0
(5749, 5750, 5751) 118146.0
(1519, 1520, 1521) 103433.0
(8069, 8070, 8071) 98943.0
(9548, 9549, 9550) 106821.0
(537, 538, 539) 149658.0
(664, 665, 666) 111538.0
(9916, 9917, 9918) 118117.0
(8759, 8760, 8761) 106530.0
(1385, 1386, 1387) 113240.0
(7677, 7678, 7679) 134505.0
(8761, 8762, 8763) 135084.0
(1379, 1380, 1381) 117904.0
(2703, 2704, 2705) 122082.0
(5960, 5961, 5962) 131254.0
(3526, 3527, 3528) 90728.0
(8010, 8011, 8012) 168801.0
(3635, 3636, 3637) 134769.0
(7786, 7787, 7788) 143526.0
(946, 947, 948) 117740.0
(7677, 7678, 7679) 134505.0
(817, 818, 819) 103013.0
(4784, 4785, 4786) 113366.0
(4435, 4436, 4437) 103870.0
(6758, 6759, 6760) 149032.0
(1441, 1442, 1443) 119209.0
(9752, 9753, 9754) 100148.0
(9394, 9395, 9396) 94081.0
(3651, 3652, 3653) 101589.0
(5859, 5860, 5861) 121448.0
(3893, 3894, 3895) 107571.0
(3071, 3072, 3073) 117102.0
(5397, 5398, 5399) 111439.0
(1770, 1771, 1772) 100863.0
(474, 475, 476) 89480.0
(8597, 8598, 8599) 117884.0
(4760, 4761, 4762) 137740.0
(9309, 9310, 9311) 116818.0
(4955, 4956, 4957) 142546.0
(3229, 3230, 3231) 110973.0
(3982, 3983, 3984) 139337.0
(9296, 9297, 9298) 103622.0
(1307, 1308, 1309) 123566.0
(198, 199, 200) 128334.0
(6255, 6256, 6257) 119052.0
(1611, 1612, 1613) 111963.0
(9761, 9762, 9763) 120304.0
(1532, 1533, 1534) 108699.0
(5538, 5539, 5540) 138012.0
(3369, 3370, 3371) 123934.0
(111, 112, 113) 139084.0
(3941, 3942, 3943) 156955.0
(5802, 5803, 5804) 109641.0
(8095, 8096, 8097) 113804.0
(2519, 2520, 2521) 116469.0
(3598, 3599, 3600) 134674.0
(4700, 4701, 4702) 110336.0
(1753, 1754, 1755) 141073.0
(9590, 9591, 9592) 113755.0
(8235, 8236, 8237) 114690.0
(2733, 2734, 2735) 125354.0
(8500, 8501, 8502) 149588.0
(6490, 6491, 6492) 104434.0
(3345, 3346, 3347) 120047.0
(1264, 1265, 1266) 130141.0
(8047, 8048, 8049) 88459.0
(9887, 9888, 9889) 144145.0
(3868, 3869, 3870) 138833.0
(2334, 2335, 2336) 90245.0
(4907, 4908, 4909) 97075.0
(4063, 4064, 4065) 131376.0
(2010, 2011, 2012) 143098.0
(6224, 6225, 6226) 142420.0
(9066, 9067, 9068) 98339.0
(4235, 4236, 4237) 128057.0
(1291, 1292, 1293) 151414.0
(7209, 7210, 7211) 103816.0
(1486, 1487, 1488) 129745.0
(1066, 1067, 1068) 118462.0
(4341, 4342, 4343) 145210.0
(8240, 8241, 8242) 132109.0
(7406, 7407, 7408) 119639.0
(8300, 8301, 8302) 145397.0
(3676, 3677, 3678) 87592.0
(3675, 3676, 3677) 97964.0
(8904, 8905, 8906) 113204.0
(8254, 8255, 8256) 98740.0
(7660, 7661, 7662) 123548.0
(3846, 3847, 3848) 139987.0
(3481, 3482, 3483) 116629.0
(6732, 6733, 6734) 104408.0
(3901, 3902, 3903) 140341.0
(7287, 7288, 7289) 133757.0
(6956, 6957, 6958) 106236.0
(8982, 8983, 8984) 149768.0
(9200, 9201, 9202) 102475.0
(9161, 9162, 9163) 110759.0
(2598, 2599, 2600) 134661.0
(8522, 8523, 8524) 98850.0
(1565, 1566, 1567) 123973.0
(128, 129, 130) 122399.0
(4376, 4377, 4378) 122467.0
(1321, 1322, 1323) 137242.0
(4894, 4895, 4896) 123921.0
(3040, 3041, 3042) 113054.0
(856, 857, 858) 85366.0
(4026, 4027, 4028) 137092.0
(3787, 3788, 3789) 91896.0
(4690, 4691, 4692) 106205.0
(1156, 1157, 1158) 135029.0
(5832, 5833, 5834) 116265.0
(4439, 4440, 4441) 99764.0
(6821, 6822, 6823) 93655.0
(8051, 8052, 8053) 143536.0
(8327, 8328, 8329) 106659.0
(5985, 5986, 5987) 124357.0
(8054, 8055, 8056) 110081.0
(6506, 6507, 6508) 102955.0
(5306, 5307, 5308) 128818.0
(6290, 6291, 6292) 125778.0
(3097, 3098, 3099) 119010.0
(160, 161, 162) 91251.0
(4744, 4745, 4746) 142371.0
(7283, 7284, 7285) 98024.0
(6428, 6429, 6430) 87100.0
(4017, 4018, 4019) 107149.0
(1978, 1979, 1980) 117101.0
(6590, 6591, 6592) 146945.0
(6073, 6074, 6075) 120338.0
(4334, 4335, 4336) 80885.0
(8248, 8249, 8250) 137324.0
(4765, 4766, 4767) 160819.0
(3325, 3326, 3327) 117861.0
(8417, 8418, 8419) 119948.0
(4391, 4392, 4393) 128675.0
(5013, 5014, 5015) 120690.0
(8910, 8911, 8912) 140680.0
(2006, 2007, 2008) 90851.0
(6117, 6118, 6119) 126769.0
(4800, 4801, 4802) 124640.0
(7685, 7686, 7687) 89297.0
(5328, 5329, 5330) 88750.0
(4643, 4644, 4645) 116677.0
(7210, 7211, 7212) 138470.0
(450, 451, 452) 104293.0
(6687, 6688, 6689) 111607.0
(6537, 6538, 6539) 120025.0
(8937, 8938, 8939) 141782.0
(7493, 7494, 7495) 118066.0
(2519, 2520, 2521) 116469.0
(6032, 6033, 6034) 132396.0
(1442, 1443, 1444) 131763.0
(7320, 7321, 7322) 99586.0
(5894, 5895, 5896) 131957.0
(9331, 9332, 9333) 128491.0
(4694, 4695, 4696) 136027.0
(2655, 2656, 2657) 132992.0
(7304, 7305, 7306) 112490.0
(7564, 7565, 7566) 124474.0
(1005, 1006, 1007) 125337.0
(8684, 8685, 8686) 111740.0
(2064, 2065, 2066) 140718.0
(4263, 4264, 4265) 98646.0
(6769, 6770, 6771) 95637.0
(3033, 3034, 3035) 105616.0
(9438, 9439, 9440) 135861.0
(117, 118, 119) 115635.0
(9138, 9139, 9140) 108472.0
(1603, 1604, 1605) 109898.0
(8282, 8283, 8284) 117971.0
(5152, 5153, 5154) 156850.0
(5920, 5921, 5922) 102710.0
(73, 74, 75) 105741.0
(3318, 3319, 3320) 78309.0
(6553, 6554, 6555) 115783.0
(6210, 6211, 6212) 143483.0
(9916, 9917, 9918) 118117.0
(7307, 7308, 7309) 110213.0
(1049, 1050, 1051) 112909.0
(947, 948, 949) 104903.0
(5124, 5125, 5126) 120153.0
(3243, 3244, 3245) 103716.0
(4994, 4995, 4996) 117750.0
(8237, 8238, 8239) 107287.0
(4278, 4279, 4280) 112705.0
(9125, 9126, 9127) 112516.0
(3692, 3693, 3694) 108644.0
(3895, 3896, 3897) 115513.0
(1209, 1210, 1211) 105175.0
(6985, 6986, 6987) 89997.0
(1966, 1967, 1968) 125189.0
(8611, 8612, 8613) 114464.0
(6557, 6558, 6559) 127182.0
(4020, 4021, 4022) 120876.0
(6663, 6664, 6665) 116745.0
(4889, 4890, 4891) 103855.0
(7614, 7615, 7616) 129118.0
(6520, 6521, 6522) 129885.0
(8461, 8462, 8463) 133438.0
(6102, 6103, 6104) 109510.0
(5798, 5799, 5800) 117459.0
(7617, 7618, 7619) 102083.0
(6813, 6814, 6815) 94637.0
(179, 180, 181) 105932.0
(3384, 3385, 3386) 140791.0
(5819, 5820, 5821) 109563.0
(818, 819, 820) 113832.0
(5784, 5785, 5786) 120460.0
(8576, 8577, 8578) 118862.0
(4828, 4829, 4830) 143098.0
(8045, 8046, 8047) 92826.0
(6739, 6740, 6741) 85206.0
(1313, 1314, 1315) 87514.0
(4219, 4220, 4221) 118208.0
(1222, 1223, 1224) 115086.0
(4276, 4277, 4278) 116750.0
(1709, 1710, 1711) 116967.0
(4867, 4868, 4869) 140695.0
(8983, 8984, 8985) 111842.0
(5934, 5935, 5936) 115636.0
(4877, 4878, 4879) 130406.0
(5222, 5223, 5224) 121134.0
(7836, 7837, 7838) 125800.0
(8817, 8818, 8819) 117599.0
(2605, 2606, 2607) 131203.0
(7874, 7875, 7876) 108674.0
(3625, 3626, 3627) 120694.0
(4543, 4544, 4545) 108189.0
(1901, 1902, 1903) 97987.0
(7345, 7346, 7347) 145152.0
(5033, 5034, 5035) 103300.0
(1207, 1208, 1209) 118048.0
(6681, 6682, 6683) 119632.0
(1161, 1162, 1163) 107728.0
(8994, 8995, 8996) 113966.0
(178, 179, 180) 123644.0
(3267, 3268, 3269) 129610.0
(7815, 7816, 7817) 130853.0
(4030, 4031, 4032) 100076.0
(1743, 1744, 1745) 107841.0
(9953, 9954, 9955) 110401.0
(2952, 2953, 2954) 119209.0
(4244, 4245, 4246) 111636.0
(7733, 7734, 7735) 150101.0
(5491, 5492, 5493) 109829.0
(4794, 4795, 4796) 86785.0
(9432, 9433, 9434) 102066.0
(1037, 1038, 1039) 95369.0
(4753, 4754, 4755) 111671.0
(6475, 6476, 6477) 138144.0
(3357, 3358, 3359) 119506.0
(9810, 9811, 9812) 116203.0
(2303, 2304, 2305) 115242.0
(866, 867, 868) 146166.0
(7766, 7767, 7768) 140319.0
(533, 534, 535) 124969.0
(6528, 6529, 6530) 132036.0
(9115, 9116, 9117) 80681.0
(2883, 2884, 2885) 116847.0
(1186, 1187, 1188) 135281.0
(986, 987, 988) 146283.0
(6153, 6154, 6155) 138386.0
(973, 974, 975) 94304.0
(192, 193, 194) 133482.0
(7699, 7700, 7701) 110701.0
(1078, 1079, 1080) 132529.0
(1387, 1388, 1389) 131128.0
(2501, 2502, 2503) 129792.0
(9901, 9902, 9903) 101813.0
(3524, 3525, 3526) 112412.0
(8767, 8768, 8769) 94958.0
(1747, 1748, 1749) 95945.0
(6660, 6661, 6662) 115578.0
(1825, 1826, 1827) 139294.0
(2148, 2149, 2150) 116344.0
(3353, 3354, 3355) 113196.0
(8859, 8860, 8861) 130296.0
(9417, 9418, 9419) 96714.0
(7138, 7139, 7140) 135526.0
(5055, 5056, 5057) 105380.0
(7434, 7435, 7436) 120089.0
(2675, 2676, 2677) 141879.0
(7240, 7241, 7242) 118886.0
(4048, 4049, 4050) 84152.0
(5518, 5519, 5520) 121844.0
(9070, 9071, 9072) 130575.0
(9108, 9109, 9110) 121392.0
(6229, 6230, 6231) 113556.0
(8370, 8371, 8372) 97792.0
(4315, 4316, 4317) 111586.0
(3697, 3698, 3699) 114539.0
(3684, 3685, 3686) 100425.0
(300, 301, 302) 95318.0
(2655, 2656, 2657) 132992.0
(4444, 4445, 4446) 109772.0
(8227, 8228, 8229) 162118.0
(3081, 3082, 3083) 143852.0
(315, 316, 317) 145626.0
(5463, 5464, 5465) 160296.0
(4465, 4466, 4467) 162752.0
(2676, 2677, 2678) 126575.0
(6760, 6761, 6762) 104442.0
(899, 900, 901) 90524.0
(2683, 2684, 2685) 109620.0
(1475, 1476, 1477) 129364.0
(9710, 9711, 9712) 108475.0
(1551, 1552, 1553) 99132.0
(5831, 5832, 5833) 130951.0
(8208, 8209, 8210) 124001.0
(8674, 8675, 8676) 91459.0
(8513, 8514, 8515) 112646.0
(7897, 7898, 7899) 103002.0
(6957, 6958, 6959) 103954.0
(3545, 3546, 3547) 118778.0
(2146, 2147, 2148) 145300.0
(3580, 3581, 3582) 107117.0
(7186, 7187, 7188) 122035.0
(9145, 9146, 9147) 105434.0
(1887, 1888, 1889) 137184.0
(3122, 3123, 3124) 99808.0
(6093, 6094, 6095) 111545.0
(1201, 1202, 1203) 100467.0
(1319, 1320, 1321) 124113.0
(7974, 7975, 7976) 102884.0
(4195, 4196, 4197) 107984.0
(7352, 7353, 7354) 118109.0
(3082, 3083, 3084) 129312.0
(5050, 5051, 5052) 113346.0
(9260, 9261, 9262) 112807.0
(5704, 5705, 5706) 110643.0
(6958, 6959, 6960) 116765.0
(8744, 8745, 8746) 139702.0
(8120, 8121, 8122) 129328.0
(3525, 3526, 3527) 130700.0
(1744, 1745, 1746) 141493.0
(5558, 5559, 5560) 141790.0
(4307, 4308, 4309) 117251.0
(2249, 2250, 2251) 140529.0
(6979, 6980, 6981) 127307.0
(433, 434, 435) 118536.0
(1801, 1802, 1803) 126170.0
(9757, 9758, 9759) 102915.0
(8401, 8402, 8403) 102486.0
(9322, 9323, 9324) 168504.0
(7124, 7125, 7126) 100448.0
(1965, 1966, 1967) 89103.0
(5525, 5526, 5527) 130520.0
(3864, 3865, 3866) 122946.0
(9883, 9884, 9885) 90594.0
(1949, 1950, 1951) 152152.0
(7367, 7368, 7369) 132144.0
(7083, 7084, 7085) 142517.0
(4453, 4454, 4455) 92973.0
(3659, 3660, 3661) 96331.0
(205, 206, 207) 109949.0
(2855, 2856, 2857) 135407.0
(1511, 1512, 1513) 98626.0
(7049, 7050, 7051) 116139.0
(4923, 4924, 4925) 114649.0
(5319, 5320, 5321) 120104.0
(2260, 2261, 2262) 118445.0
(3185, 3186, 3187) 132984.0
(8922, 8923, 8924) 138685.0
(9115, 9116, 9117) 80681.0
(3413, 3414, 3415) 117113.0
(1898, 1899, 1900) 101807.0
(1692, 1693, 1694) 120851.0
(6842, 6843, 6844) 115262.0
(6236, 6237, 6238) 148873.0
(2951, 2952, 2953) 133287.0
(1387, 1388, 1389) 131128.0
(5484, 5485, 5486) 142442.0
(5837, 5838, 5839) 120543.0
(4894, 4895, 4896) 123921.0
(8304, 8305, 8306) 104433.0
(6166, 6167, 6168) 105749.0
(5108, 5109, 5110) 117913.0
(7624, 7625, 7626) 118605.0
(8682, 8683, 8684) 121205.0
(4726, 4727, 4728) 95536.0
(6122, 6123, 6124) 93382.0
(8745, 8746, 8747) 125979.0
(5365, 5366, 5367) 116281.0
(8768, 8769, 8770) 105057.0
(3311, 3312, 3313) 159489.0
(4663, 4664, 4665) 121352.0
(960, 961, 962) 107414.0
(6376, 6377, 6378) 111644.0
(1047, 1048, 1049) 160826.0
(8593, 8594, 8595) 126415.0
(2155, 2156, 2157) 118616.0
(1906, 1907, 1908) 115607.0
(5964, 5965, 5966) 128592.0
(7765, 7766, 7767) 131453.0
(7176, 7177, 7178) 114894.0
(3681, 3682, 3683) 132216.0
(3369, 3370, 3371) 123934.0
(2652, 2653, 2654) 125002.0
(1489, 1490, 1491) 104327.0
(6013, 6014, 6015) 108433.0
(7433, 7434, 7435) 111401.0
(6693, 6694, 6695) 78446.0
(1292, 1293, 1294) 110085.0
(4099, 4100, 4101) 131546.0
(793, 794, 795) 106512.0
(654, 655, 656) 107462.0
(9918, 9919, 9920) 112884.0
(3936, 3937, 3938) 145651.0
(9479, 9480, 9481) 110578.0
(6023, 6024, 6025) 115140.0
(8259, 8260, 8261) 142706.0
(2047, 2048, 2049) 118206.0
(6907, 6908, 6909) 99458.0
(6242, 6243, 6244) 158080.0
(5923, 5924, 5925) 120705.0
(5710, 5711, 5712) 133888.0
(6645, 6646, 6647) 97599.0
(3587, 3588, 3589) 128819.0
(6304, 6305, 6306) 143736.0
(6810, 6811, 6812) 112010.0
(2446, 2447, 2448) 120852.0
(5954, 5955, 5956) 112558.0
(315, 316, 317) 145626.0
(9062, 9063, 9064) 110673.0
(876, 877, 878) 104857.0
(4655, 4656, 4657) 111205.0
(3982, 3983, 3984) 139337.0
(72, 73, 74) 96292.0
(3298, 3299, 3300) 102408.0
(8959, 8960, 8961) 128945.0
(2421, 2422, 2423) 94869.0
(7914, 7915, 7916) 121055.0
(8602, 8603, 8604) 98516.0
(9928, 9929, 9930) 110063.0
(5646, 5647, 5648) 136241.0
(2951, 2952, 2953) 133287.0
(9211, 9212, 9213) 133329.0
(6102, 6103, 6104) 109510.0
(1729, 1730, 1731) 128113.0
(3664, 3665, 3666) 104028.0
(6181, 6182, 6183) 112664.0
(5905, 5906, 5907) 118519.0
(6463, 6464, 6465) 120375.0
(8121, 8122, 8123) 121188.0
(2641, 2642, 2643) 118935.0
(7938, 7939, 7940) 117339.0
(6865, 6866, 6867) 120945.0
(4185, 4186, 4187) 138406.0
(83, 84, 85) 89919.0
(7442, 7443, 7444) 112523.0
(542, 543, 544) 117517.0
(5733, 5734, 5735) 98097.0
(7933, 7934, 7935) 145702.0
(239, 240, 241) 118187.0
(7226, 7227, 7228) 109212.0
(9665, 9666, 9667) 114710.0
(1197, 1198, 1199) 115957.0
(2472, 2473, 2474) 143463.0
(568, 569, 570) 120752.0
(6537, 6538, 6539) 120025.0
(2090, 2091, 2092) 126538.0
(4247, 4248, 4249) 123023.0
(5463, 5464, 5465) 160296.0
(3237, 3238, 3239) 112572.0
(1254, 1255, 1256) 102060.0
(9107, 9108, 9109) 117711.0
(4049, 4050, 4051) 131314.0
(6347, 6348, 6349) 92922.0
(1351, 1352, 1353) 138239.0
(2376, 2377, 2378) 150295.0
(1916, 1917, 1918) 103371.0
(2646, 2647, 2648) 100074.0
(3890, 3891, 3892) 114312.0
(4883, 4884, 4885) 112592.0
(3633, 3634, 3635) 109838.0
(1815, 1816, 1817) 183538.0
(4092, 4093, 4094) 96970.0
(4269, 4270, 4271) 146708.0
(3572, 3573, 3574) 113321.0
(121, 122, 123) 99731.0
(7467, 7468, 7469) 104158.0
(8057, 8058, 8059) 101449.0
(5977, 5978, 5979) 95366.0
(9489, 9490, 9491) 110984.0
(648, 649, 650) 132762.0
(2877, 2878, 2879) 83922.0
(7308, 7309, 7310) 110819.0
(6056, 6057, 6058) 116678.0
(9877, 9878, 9879) 129499.0
(7571, 7572, 7573) 110464.0
(6324, 6325, 6326) 148399.0
(4056, 4057, 4058) 128420.0
(6578, 6579, 6580) 120699.0
(6801, 6802, 6803) 121404.0
(2761, 2762, 2763) 131956.0
(6616, 6617, 6618) 126489.0
(1103, 1104, 1105) 100350.0
(9274, 9275, 9276) 115489.0
(5440, 5441, 5442) 114072.0
(6205, 6206, 6207) 91048.0
(4508, 4509, 4510) 128855.0
(1832, 1833, 1834) 112526.0
(6253, 6254, 6255) 149315.0
(303, 304, 305) 126576.0
(8902, 8903, 8904) 105080.0
(3126, 3127, 3128) 110715.0
(5766, 5767, 5768) 127582.0
(1118, 1119, 1120) 117907.0
(9703, 9704, 9705) 132338.0
(1400, 1401, 1402) 129306.0
(3210, 3211, 3212) 108480.0
(5640, 5641, 5642) 125886.0
(7640, 7641, 7642) 145073.0
(3148, 3149, 3150) 135412.0
(8239, 8240, 8241) 98830.0
(6712, 6713, 6714) 119263.0
(389, 390, 391) 111991.0
(2330, 2331, 2332) 96463.0
(8122, 8123, 8124) 128709.0
(7198, 7199, 7200) 118526.0
(7216, 7217, 7218) 152805.0
(3802, 3803, 3804) 124238.0
(9618, 9619, 9620) 131168.0
(5377, 5378, 5379) 122667.0
(5124, 5125, 5126) 120153.0
(1374, 1375, 1376) 135222.0
(9882, 9883, 9884) 100736.0
(9705, 9706, 9707) 135414.0
(2746, 2747, 2748) 120529.0
(74, 75, 76) 146721.0
(7659, 7660, 7661) 91843.0
(9743, 9744, 9745) 113547.0
(412, 413, 414) 122986.0
(9928, 9929, 9930) 110063.0
(5459, 5460, 5461) 121488.0
(3940, 3941, 3942) 129818.0
(9564, 9565, 9566) 112927.0
(2139, 2140, 2141) 142700.0
(791, 792, 793) 132033.0
(8951, 8952, 8953) 138358.0
(4706, 4707, 4708) 115473.0
(2343, 2344, 2345) 139673.0
(1781, 1782, 1783) 119819.0
(9071, 9072, 9073) 98427.0
(3989, 3990, 3991) 158305.0
(9286, 9287, 9288) 137956.0
(1098, 1099, 1100) 112245.0
(318, 319, 320) 118070.0
(6148, 6149, 6150) 132601.0
(9285, 9286, 9287) 99048.0
(6730, 6731, 6732) 153093.0
(7306, 7307, 7308) 118322.0
(5400, 5401, 5402) 120202.0
(8967, 8968, 8969) 139377.0
(9082, 9083, 9084) 101373.0
(5571, 5572, 5573) 106630.0
(4828, 4829, 4830) 143098.0
(3958, 3959, 3960) 100018.0
(8826, 8827, 8828) 150046.0
(7337, 7338, 7339) 113565.0
(4745, 4746, 4747) 108048.0
(9767, 9768, 9769) 129172.0
(9351, 9352, 9353) 99758.0
(4331, 4332, 4333) 126629.0
(3715, 3716, 3717) 122632.0
(6083, 6084, 6085) 129259.0
(8252, 8253, 8254) 104350.0
(4271, 4272, 4273) 100564.0
(3918, 3919, 3920) 142903.0
(1817, 1818, 1819) 100393.0
(6640, 6641, 6642) 107980.0
(6777, 6778, 6779) 162600.0
(9464, 9465, 9466) 122300.0
(8052, 8053, 8054) 105613.0
(2092, 2093, 2094) 107937.0
(9274, 9275, 9276) 115489.0
(3326, 3327, 3328) 100454.0
(9152, 9153, 9154) 118390.0
(4489, 4490, 4491) 108794.0
(5572, 5573, 5574) 112616.0
(4910, 4911, 4912) 108333.0
(5777, 5778, 5779) 128792.0
(9328, 9329, 9330) 122864.0
(7588, 7589, 7590) 127677.0
(948, 949, 950) 109020.0
(672, 673, 674) 125331.0
(1761, 1762, 1763) 104400.0
(5304, 5305, 5306) 119535.0
(4920, 4921, 4922) 135163.0
(5015, 5016, 5017) 108263.0
(5946, 5947, 5948) 122087.0
(3042, 3043, 3044) 106516.0
(2429, 2430, 2431) 132776.0
(7904, 7905, 7906) 150185.0
(4711, 4712, 4713) 133922.0
(7782, 7783, 7784) 141875.0
(3132, 3133, 3134) 113746.0
(7388, 7389, 7390) 112600.0
(5918, 5919, 5920) 106954.0
(8427, 8428, 8429) 97107.0
(9844, 9845, 9846) 112548.0
(517, 518, 519) 103871.0
(8530, 8531, 8532) 111077.0
(4418, 4419, 4420) 136819.0
(8301, 8302, 8303) 165857.0
(847, 848, 849) 133280.0
(614, 615, 616) 135582.0
(526, 527, 528) 107563.0
(3985, 3986, 3987) 93977.0
(2328, 2329, 2330) 107883.0
(7231, 7232, 7233) 77694.0
(6801, 6802, 6803) 121404.0
(9862, 9863, 9864) 102269.0
(1093, 1094, 1095) 98669.0
(5757, 5758, 5759) 128964.0
(3415, 3416, 3417) 150574.0
(5178, 5179, 5180) 105287.0
(3413, 3414, 3415) 117113.0
(1706, 1707, 1708) 113860.0
(9651, 9652, 9653) 78368.0
(651, 652, 653) 94703.0
(3774, 3775, 3776) 100840.0
(678, 679, 680) 132770.0
(9684, 9685, 9686) 102467.0
(8275, 8276, 8277) 131428.0
(7747, 7748, 7749) 123611.0
(7313, 7314, 7315) 147515.0
(7206, 7207, 7208) 105389.0
(985, 986, 987) 119286.0
(9452, 9453, 9454) 118807.0
(1705, 1706, 1707) 91153.0
(4807, 4808, 4809) 78966.0
(6778, 6779, 6780) 148373.0
(7118, 7119, 7120) 119820.0
(4373, 4374, 4375) 149706.0
(1287, 1288, 1289) 117934.0
(4418, 4419, 4420) 136819.0
(1818, 1819, 1820) 87306.0
(8623, 8624, 8625) 127566.0
(9557, 9558, 9559) 131060.0
(4081, 4082, 4083) 124699.0
(5030, 5031, 5032) 96183.0
(4287, 4288, 4289) 125280.0
(6274, 6275, 6276) 122658.0
(8924, 8925, 8926) 80136.0
(6757, 6758, 6759) 120076.0
(1284, 1285, 1286) 110381.0
(7099, 7100, 7101) 136249.0
(3449, 3450, 3451) 109914.0
(8229, 8230, 8231) 119158.0
(4497, 4498, 4499) 132000.0
(4563, 4564, 4565) 98630.0
(7067, 7068, 7069) 144582.0
(6590, 6591, 6592) 146945.0
(6098, 6099, 6100) 123528.0
(1769, 1770, 1771) 111403.0
(8528, 8529, 8530) 105888.0
(5130, 5131, 5132) 114319.0
(5935, 5936, 5937) 116193.0
(8635, 8636, 8637) 117104.0
(8390, 8391, 8392) 100108.0
(7996, 7997, 7998) 156902.0
(6969, 6970, 6971) 127514.0
(9619, 9620, 9621) 89379.0
(1764, 1765, 1766) 103359.0
(3805, 3806, 3807) 116218.0
(8826, 8827, 8828) 150046.0
(4, 5, 6) 103668.0
(7494, 7495, 7496) 100362.0
(8608, 8609, 8610) 125438.0
(4313, 4314, 4315) 98841.0
(4174, 4175, 4176) 101099.0
(3366, 3367, 3368) 120181.0
(3952, 3953, 3954) 112061.0
(9115, 9116, 9117) 80681.0
(6679, 6680, 6681) 117874.0
(1806, 1807, 1808) 110053.0
(4483, 4484, 4485) 149748.0
(932, 933, 934) 131301.0
(146, 147, 148) 114875.0
(264, 265, 266) 116358.0
(4121, 4122, 4123) 118718.0
(9052, 9053, 9054) 107321.0
(7936, 7937, 7938) 117855.0
(7132, 7133, 7134) 120702.0
(3652, 3653, 3654) 126192.0
(5587, 5588, 5589) 101933.0
(4936, 4937, 4938) 110264.0
(4538, 4539, 4540) 112804.0
(7749, 7750, 7751) 120965.0
(3094, 3095, 3096) 127307.0
(8988, 8989, 8990) 126337.0
(2927, 2928, 2929) 102038.0
(4802, 4803, 4804) 169867.0
(1367, 1368, 1369) 113451.0
(6918, 6919, 6920) 125361.0
(6421, 6422, 6423) 79560.0
(4032, 4033, 4034) 106673.0
(2333, 2334, 2335) 115031.0
(5740, 5741, 5742) 104896.0
(5100, 5101, 5102) 88012.0
(9565, 9566, 9567) 135011.0
(2837, 2838, 2839) 109219.0
(3887, 3888, 3889) 99294.0
(1914, 1915, 1916) 117737.0
(3023, 3024, 3025) 132811.0
(3229, 3230, 3231) 110973.0
(5440, 5441, 5442) 114072.0
(7982, 7983, 7984) 119465.0
(8649, 8650, 8651) 135790.0
(6855, 6856, 6857) 138807.0
(6134, 6135, 6136) 118852.0
(9278, 9279, 9280) 115338.0
(4067, 4068, 4069) 134241.0
(3054, 3055, 3056) 87665.0
(811, 812, 813) 109123.0
(7249, 7250, 7251) 104399.0
(6982, 6983, 6984) 103324.0
(2805, 2806, 2807) 130970.0
(8425, 8426, 8427) 132306.0
(6109, 6110, 6111) 121336.0
(1599, 1600, 1601) 99965.0
(2272, 2273, 2274) 114920.0
(8545, 8546, 8547) 109215.0
(9323, 9324, 9325) 110945.0
(2204, 2205, 2206) 116976.0
(6590, 6591, 6592) 146945.0
(2113, 2114, 2115) 117946.0
(6373, 6374, 6375) 87983.0
(9097, 9098, 9099) 99281.0
(9206, 9207, 9208) 115363.0
(4453, 4454, 4455) 92973.0
(4213, 4214, 4215) 102220.0
(2356, 2357, 2358) 127424.0
(4537, 4538, 4539) 127259.0
(1085, 1086, 1087) 111144.0
(53, 54, 55) 100489.0
(1865, 1866, 1867) 137864.0
(5850, 5851, 5852) 134356.0
(331, 332, 333) 113460.0
(4873, 4874, 4875) 112850.0
(7939, 7940, 7941) 124762.0
(1789, 1790, 1791) 142945.0
(1124, 1125, 1126) 109764.0
(7738, 7739, 7740) 146459.0
(6518, 6519, 6520) 118221.0
(1019, 1020, 1021) 113940.0
(1081, 1082, 1083) 103631.0
(4663, 4664, 4665) 121352.0
(7399, 7400, 7401) 112298.0
(2809, 2810, 2811) 125037.0
(8243, 8244, 8245) 96654.0
(4242, 4243, 4244) 102379.0
(810, 811, 812) 127614.0
(2072, 2073, 2074) 103274.0
(785, 786, 787) 132171.0
(8390, 8391, 8392) 100108.0
(1121, 1122, 1123) 138181.0
(9808, 9809, 9810) 117978.0
(1330, 1331, 1332) 123785.0
(951, 952, 953) 109224.0
(2907, 2908, 2909) 135234.0
(8001, 8002, 8003) 113688.0
(3521, 3522, 3523) 118640.0
(2996, 2997, 2998) 91022.0
(158, 159, 160) 110241.0
(1921, 1922, 1923) 110063.0
(6977, 6978, 6979) 139092.0
(3135, 3136, 3137) 107376.0
(6961, 6962, 6963) 107725.0
(9779, 9780, 9781) 131856.0
(354, 355, 356) 93526.0
(4147, 4148, 4149) 133407.0
(9317, 9318, 9319) 104466.0
(8469, 8470, 8471) 148440.0
(6413, 6414, 6415) 132609.0
(3545, 3546, 3547) 118778.0
(6438, 6439, 6440) 96187.0
(3017, 3018, 3019) 109608.0
(7507, 7508, 7509) 120213.0
(6211, 6212, 6213) 97095.0
(3898, 3899, 3900) 124585.0
(3910, 3911, 3912) 102094.0
(2599, 2600, 2601) 119652.0
(6605, 6606, 6607) 109036.0
(4741, 4742, 4743) 118713.0
(2354, 2355, 2356) 80788.0
(9681, 9682, 9683) 96538.0
(1755, 1756, 1757) 131342.0
(1871, 1872, 1873) 133111.0
(5233, 5234, 5235) 103917.0
(3229, 3230, 3231) 110973.0
(3216, 3217, 3218) 137180.0
(4851, 4852, 4853) 118556.0
(4058, 4059, 4060) 106157.0
(449, 450, 451) 106928.0
(8307, 8308, 8309) 117183.0
(1138, 1139, 1140) 121886.0
(9969, 9970, 9971) 124058.0
(7995, 7996, 7997) 157222.0
(7595, 7596, 7597) 111494.0
(6459, 6460, 6461) 141812.0
(3472, 3473, 3474) 127865.0
(8688, 8689, 8690) 121892.0
(4986, 4987, 4988) 113360.0
(3736, 3737, 3738) 111326.0
(4261, 4262, 4263) 132352.0
(7707, 7708, 7709) 114873.0
(6579, 6580, 6581) 92318.0
(4623, 4624, 4625) 123098.0
(4251, 4252, 4253) 121537.0
(3411, 3412, 3413) 140059.0
(3200, 3201, 3202) 94149.0
(7723, 7724, 7725) 97719.0
(4110, 4111, 4112) 147677.0
(8735, 8736, 8737) 131558.0
(5875, 5876, 5877) 102316.0
(4164, 4165, 4166) 113776.0
(138, 139, 140) 112884.0
(4723, 4724, 4725) 137150.0
(7776, 7777, 7778) 91343.0
(3430, 3431, 3432) 93875.0
(5523, 5524, 5525) 107044.0
(850, 851, 852) 122574.0
(3623, 3624, 3625) 124773.0
(6749, 6750, 6751) 118651.0
(7665, 7666, 7667) 116863.0
(4886, 4887, 4888) 133215.0
(235, 236, 237) 137361.0
(1166, 1167, 1168) 103181.0
(4222, 4223, 4224) 109507.0
(1895, 1896, 1897) 96092.0
(4044, 4045, 4046) 95676.0
(6871, 6872, 6873) 125009.0
(8058, 8059, 8060) 120846.0
(3724, 3725, 3726) 138201.0
(9434, 9435, 9436) 123403.0
(1732, 1733, 1734) 129677.0
(1607, 1608, 1609) 111500.0
(8554, 8555, 8556) 126254.0
(2657, 2658, 2659) 117054.0
(4569, 4570, 4571) 87148.0
(483, 484, 485) 128545.0
(6875, 6876, 6877) 158902.0
(725, 726, 727) 125866.0
(8958, 8959, 8960) 96366.0
(7978, 7979, 7980) 142497.0
(1371, 1372, 1373) 116775.0
(4381, 4382, 4383) 107716.0
(3845, 3846, 3847) 111904.0
(6597, 6598, 6599) 123764.0
(8070, 8071, 8072) 91041.0
(5537, 5538, 5539) 110907.0
(6618, 6619, 6620) 152209.0
(7762, 7763, 7764) 126749.0
(4511, 4512, 4513) 117147.0
(2482, 2483, 2484) 105369.0
(9367, 9368, 9369) 123122.0
(3822, 3823, 3824) 105887.0
(4478, 4479, 4480) 108696.0
(6991, 6992, 6993) 101471.0
(448, 449, 450) 139775.0
(4073, 4074, 4075) 98455.0
(5246, 5247, 5248) 116780.0
(7275, 7276, 7277) 106525.0
(165, 166, 167) 121454.0
(5578, 5579, 5580) 118849.0
(3027, 3028, 3029) 134626.0
(6788, 6789, 6790) 124530.0
(5769, 5770, 5771) 126498.0
(7671, 7672, 7673) 102256.0
(2950, 2951, 2952) 124546.0
(3963, 3964, 3965) 133113.0
(3234, 3235, 3236) 132219.0
(9808, 9809, 9810) 117978.0
(6769, 6770, 6771) 95637.0
(4882, 4883, 4884) 114533.0
(7116, 7117, 7118) 105185.0
(5768, 5769, 5770) 152265.0
(3616, 3617, 3618) 126297.0
(6221, 6222, 6223) 91333.0
(857, 858, 859) 115152.0
(7762, 7763, 7764) 126749.0
(8636, 8637, 8638) 88083.0
(415, 416, 417) 122067.0
(7994, 7995, 7996) 86095.0
(4881, 4882, 4883) 114898.0
(9349, 9350, 9351) 109131.0
(7379, 7380, 7381) 117578.0
(5381, 5382, 5383) 91768.0
(4360, 4361, 4362) 122138.0
(942, 943, 944) 161494.0
(2203, 2204, 2205) 89627.0
(9954, 9955, 9956) 133256.0
(2331, 2332, 2333) 126601.0
(3992, 3993, 3994) 105020.0
(4019, 4020, 4021) 111802.0
(8959, 8960, 8961) 128945.0
(8454, 8455, 8456) 115491.0
(7427, 7428, 7429) 105737.0
(834, 835, 836) 124951.0
(610, 611, 612) 107355.0
(9650, 9651, 9652) 133427.0
(33, 34, 35) 103288.0
(4859, 4860, 4861) 113093.0
(7168, 7169, 7170) 132046.0
(8100, 8101, 8102) 112742.0
(1132, 1133, 1134) 120325.0
(6319, 6320, 6321) 95373.0
(4989, 4990, 4991) 122720.0
(453, 454, 455) 113165.0
(6045, 6046, 6047) 113847.0
(498, 499, 500) 135088.0
(5279, 5280, 5281) 123490.0
(1179, 1180, 1181) 91568.0
(2499, 2500, 2501) 110167.0
(2212, 2213, 2214) 138575.0
(50, 51, 52) 125043.0
(7318, 7319, 7320) 123912.0
(9378, 9379, 9380) 106268.0
(4883, 4884, 4885) 112592.0
(7549, 7550, 7551) 102156.0
(1084, 1085, 1086) 98768.0
(8910, 8911, 8912) 140680.0
(7407, 7408, 7409) 118172.0
(5083, 5084, 5085) 104621.0
(4111, 4112, 4113) 109821.0
(1960, 1961, 1962) 105043.0
(2720, 2721, 2722) 106165.0
(6342, 6343, 6344) 115726.0
(9258, 9259, 9260) 168800.0
(4566, 4567, 4568) 112668.0
(7218, 7219, 7220) 117557.0
(149, 150, 151) 134956.0
(7891, 7892, 7893) 119537.0
(5372, 5373, 5374) 104756.0
(3358, 3359, 3360) 116943.0
(7392, 7393, 7394) 135056.0
(1671, 1672, 1673) 97766.0
(1967, 1968, 1969) 121811.0
(2291, 2292, 2293) 117324.0
(4183, 4184, 4185) 126520.0
(3154, 3155, 3156) 110412.0
(4578, 4579, 4580) 100620.0
(9938, 9939, 9940) 119600.0
(4614, 4615, 4616) 76651.0
(7111, 7112, 7113) 125499.0
(5221, 5222, 5223) 138749.0
(3946, 3947, 3948) 138004.0
(1488, 1489, 1490) 97768.0
(1974, 1975, 1976) 110247.0
(14, 15, 16) 120328.0
(7638, 7639, 7640) 122550.0
(6445, 6446, 6447) 116757.0
(490, 491, 492) 91595.0
(92, 93, 94) 102378.0
(5930, 5931, 5932) 121278.0
(3828, 3829, 3830) 97549.0
(8721, 8722, 8723) 114620.0
(5395, 5396, 5397) 123263.0
(4657, 4658, 4659) 106566.0
(3692, 3693, 3694) 108644.0
(1486, 1487, 1488) 129745.0
(857, 858, 859) 115152.0
(9868, 9869, 9870) 121634.0
(4407, 4408, 4409) 140286.0
(3583, 3584, 3585) 111049.0
(7758, 7759, 7760) 88679.0
(9590, 9591, 9592) 113755.0
(5249, 5250, 5251) 103365.0
(4876, 4877, 4878) 139967.0
(8516, 8517, 8518) 133092.0
(8111, 8112, 8113) 144791.0
(1481, 1482, 1483) 143682.0
(3846, 3847, 3848) 139987.0
(7523, 7524, 7525) 111073.0
(6801, 6802, 6803) 121404.0
(889, 890, 891) 142635.0
(5736, 5737, 5738) 119983.0
(2459, 2460, 2461) 113690.0
(8726, 8727, 8728) 115932.0
(2050, 2051, 2052) 133616.0
(4168, 4169, 4170) 154844.0
(5154, 5155, 5156) 109967.0
(5143, 5144, 5145) 150327.0
(3771, 3772, 3773) 107881.0
(9200, 9201, 9202) 102475.0
(4068, 4069, 4070) 126753.0
(4672, 4673, 4674) 147722.0
(291, 292, 293) 131917.0
(4044, 4045, 4046) 95676.0
(8390, 8391, 8392) 100108.0
(8398, 8399, 8400) 116113.0
(4917, 4918, 4919) 147617.0
(2483, 2484, 2485) 137530.0
(1142, 1143, 1144) 107367.0
(6563, 6564, 6565) 123451.0
(6507, 6508, 6509) 103908.0
(1482, 1483, 1484) 125017.0
(5645, 5646, 5647) 142744.0
(6518, 6519, 6520) 118221.0
(6053, 6054, 6055) 161142.0
(126, 127, 128) 120355.0
(3929, 3930, 3931) 135612.0
(2724, 2725, 2726) 121713.0
(390, 391, 392) 118535.0
(2540, 2541, 2542) 127605.0
(4936, 4937, 4938) 110264.0
(2252, 2253, 2254) 102376.0
(2996, 2997, 2998) 91022.0
(6305, 6306, 6307) 122268.0
(5406, 5407, 5408) 123494.0
(1878, 1879, 1880) 149418.0
(1762, 1763, 1764) 140105.0
(8095, 8096, 8097) 113804.0
(181, 182, 183) 133089.0
(6948, 6949, 6950) 107071.0
(2502, 2503, 2504) 104234.0
(560, 561, 562) 100664.0
(4092, 4093, 4094) 96970.0
(7176, 7177, 7178) 114894.0
(1447, 1448, 1449) 102366.0
(8556, 8557, 8558) 140482.0
(5272, 5273, 5274) 124905.0
(5310, 5311, 5312) 131070.0
(3014, 3015, 3016) 100644.0
(8010, 8011, 8012) 168801.0
(9369, 9370, 9371) 140325.0
(1442, 1443, 1444) 131763.0
(6707, 6708, 6709) 120817.0
(1479, 1480, 1481) 110123.0
(5564, 5565, 5566) 120733.0
(2024, 2025, 2026) 99858.0
(2021, 2022, 2023) 127051.0
(4662, 4663, 4664) 124755.0
(7223, 7224, 7225) 133334.0
(3373, 3374, 3375) 82074.0
(7497, 7498, 7499) 104816.0
(7645, 7646, 7647) 81626.0
(3496, 3497, 3498) 142451.0
(3571, 3572, 3573) 94758.0
(4709, 4710, 4711) 95220.0
(160, 161, 162) 91251.0
(4207, 4208, 4209) 94373.0
(6496, 6497, 6498) 105824.0
(1855, 1856, 1857) 119666.0
(4658, 4659, 4660) 129196.0
(162, 163, 164) 149827.0
(7190, 7191, 7192) 134762.0
(3000, 3001, 3002) 153031.0
(5363, 5364, 5365) 104619.0
(2713, 2714, 2715) 122266.0
(3532, 3533, 3534) 106804.0
(8682, 8683, 8684) 121205.0
(9099, 9100, 9101) 130684.0
(6314, 6315, 6316) 130209.0
(7607, 7608, 7609) 120165.0
(484, 485, 486) 108085.0
(7618, 7619, 7620) 90525.0
(7302, 7303, 7304) 129801.0
(5423, 5424, 5425) 139758.0
(6320, 6321, 6322) 126414.0
(3843, 3844, 3845) 99378.0
(362, 363, 364) 111819.0
(9346, 9347, 9348) 139249.0
(4530, 4531, 4532) 140098.0
(4231, 4232, 4233) 141522.0
(1568, 1569, 1570) 134645.0
(6733, 6734, 6735) 114554.0
(772, 773, 774) 115486.0
(6073, 6074, 6075) 120338.0
(1336, 1337, 1338) 112551.0
(1712, 1713, 1714) 116649.0
(2329, 2330, 2331) 103469.0
(157, 158, 159) 70800.0
(1183, 1184, 1185) 128757.0
(5742, 5743, 5744) 105419.0
(5540, 5541, 5542) 87233.0
(2089, 2090, 2091) 94223.0
(2523, 2524, 2525) 95621.0
(5396, 5397, 5398) 98963.0
(7090, 7091, 7092) 151457.0
(5946, 5947, 5948) 122087.0
(5439, 5440, 5441) 99798.0
(4292, 4293, 4294) 106479.0
(1364, 1365, 1366) 117020.0
(4980, 4981, 4982) 122170.0
(7685, 7686, 7687) 89297.0
(6372, 6373, 6374) 106332.0
(7320, 7321, 7322) 99586.0
(2087, 2088, 2089) 89181.0
(7866, 7867, 7868) 115858.0
(4096, 4097, 4098) 111718.0
(3720, 3721, 3722) 124466.0
(18, 19, 20) 122282.0
(7625, 7626, 7627) 140261.0
(4202, 4203, 4204) 111757.0
(9635, 9636, 9637) 135560.0
(5433, 5434, 5435) 124936.0
(4066, 4067, 4068) 104818.0
(7208, 7209, 7210) 110862.0
(6278, 6279, 6280) 118943.0
(7639, 7640, 7641) 145886.0
(9037, 9038, 9039) 108490.0
(9111, 9112, 9113) 110214.0
(724, 725, 726) 93318.0
(6730, 6731, 6732) 153093.0
(486, 487, 488) 119990.0
(9698, 9699, 9700) 107902.0
(7722, 7723, 7724) 105110.0
(7615, 7616, 7617) 115295.0
(8845, 8846, 8847) 111972.0
(6943, 6944, 6945) 117914.0
(3422, 3423, 3424) 112277.0
(7805, 7806, 7807) 96465.0
(794, 795, 796) 121020.0
(882, 883, 884) 86364.0
(4595, 4596, 4597) 111215.0
(392, 393, 394) 131933.0
(3944, 3945, 3946) 118543.0
(1318, 1319, 1320) 131219.0
(6897, 6898, 6899) 142058.0
(8686, 8687, 8688) 118366.0
(9573, 9574, 9575) 109489.0
(5944, 5945, 5946) 168215.0
(811, 812, 813) 109123.0
(941, 942, 943) 111056.0
(8513, 8514, 8515) 112646.0
(8619, 8620, 8621) 155528.0
(3531, 3532, 3533) 140213.0
(5885, 5886, 5887) 115456.0
(9686, 9687, 9688) 129642.0
(5803, 5804, 5805) 116146.0
(9732, 9733, 9734) 84782.0
(4529, 4530, 4531) 115679.0
(5179, 5180, 5181) 116780.0
(3746, 3747, 3748) 124687.0
(7306, 7307, 7308) 118322.0
(8984, 8985, 8986) 103032.0
(3591, 3592, 3593) 128686.0
(8696, 8697, 8698) 103548.0
(8132, 8133, 8134) 116294.0
(8830, 8831, 8832) 142386.0
(939, 940, 941) 111747.0
(8925, 8926, 8927) 129316.0
(9802, 9803, 9804) 121904.0
(6509, 6510, 6511) 119256.0
(5935, 5936, 5937) 116193.0
(5064, 5065, 5066) 134589.0
(3808, 3809, 3810) 94475.0
(3479, 3480, 3481) 107842.0
(3951, 3952, 3953) 102738.0
(4761, 4762, 4763) 131539.0
(7664, 7665, 7666) 122354.0
(9052, 9053, 9054) 107321.0
(283, 284, 285) 95400.0
(7022, 7023, 7024) 93751.0
(5519, 5520, 5521) 119307.0
(7886, 7887, 7888) 111573.0
(5912, 5913, 5914) 107896.0
(9702, 9703, 9704) 100971.0
(8507, 8508, 8509) 108957.0
(2951, 2952, 2953) 133287.0
(6358, 6359, 6360) 117856.0
(3257, 3258, 3259) 88367.0
(3651, 3652, 3653) 101589.0
(2345, 2346, 2347) 157630.0
(7032, 7033, 7034) 133011.0
(1658, 1659, 1660) 154450.0
(3577, 3578, 3579) 112662.0
(5112, 5113, 5114) 143697.0
(8068, 8069, 8070) 130330.0
(1018, 1019, 1020) 141153.0
(5521, 5522, 5523) 118718.0
