(4073, 4074, 4075) 97978.0
(3972, 3973, 3974) 116158.0
(5900, 5901, 5902) 108912.0
(4621, 4622, 4623) 118714.0
(3838, 3839, 3840) 86953.0
(6505, 6506, 6507) 119474.0
(8620, 8621, 8622) 153379.0
(7191, 7192, 7193) 123659.0
(3999, 4000, 4001) 105906.0
(3923, 3924, 3925) 112698.0
(7510, 7511, 7512) 124786.0
(6951, 6952, 6953) 113001.0
(6604, 6605, 6606) 122657.0
(8909, 8910, 8911) 136096.0
(8548, 8549, 8550) 119666.0
(8875, 8876, 8877) 110678.0
(2166, 2167, 2168) 116598.0
(8291, 8292, 8293) 134199.0
(6393, 6394, 6395) 144432.0
(9173, 9174, 9175) 138579.0
(7367, 7368, 7369) 134993.0
(3543, 3544, 3545) 99024.0
(1772, 1773, 1774) 111592.0
(6047, 6048, 6049) 146488.0
(7163, 7164, 7165) 123676.0
(1337, 1338, 1339) 143792.0
(2102, 2103, 2104) 122568.0
(2265, 2266, 2267) 104394.0
(7306, 7307, 7308) 119242.0
(6441, 6442, 6443) 139204.0
(8980, 8981, 8982) 102526.0
(9110, 9111, 9112) 102748.0
(8688, 8689, 8690) 125186.0
(5982, 5983, 5984) 116163.0
(6223, 6224, 6225) 148210.0
(1255, 1256, 1257) 101097.0
(1004, 1005, 1006) 108012.0
(2847, 2848, 2849) 104479.0
(813, 814, 815) 116681.0
(711, 712, 713) 130721.0
(563, 564, 565) 114787.0
(5985, 5986, 5987) 123250.0
(1252, 1253, 1254) 142606.0
(4028, 4029, 4030) 125170.0
(2562, 2563, 2564) 116248.0
(420, 421, 422) 136160.0
(6303, 6304, 6305) 122505.0
(4795, 4796, 4797) 120242.0
(3455, 3456, 3457) 151054.0
(147, 148, 149) 110107.0
(241, 242, 243) 125321.0
(321, 322, 323) 131198.0
(3973, 3974, 3975) 97924.0
(9780, 9781, 9782) 150327.0
(3597, 3598, 3599) 103705.0
(6309, 6310, 6311) 109548.0
(7823, 7824, 7825) 114408.0
(5091, 5092, 5093) 122080.0
(8514, 8515, 8516) 125270.0
(7464, 7465, 7466) 116858.0
(6219, 6220, 6221) 118902.0
(2771, 2772, 2773) 89920.0
(8267, 8268, 8269) 115414.0
(4099, 4100, 4101) 132903.0
(4836, 4837, 4838) 133978.0
(8139, 8140, 8141) 103032.0
(4397, 4398, 4399) 124822.0
(3813, 3814, 3815) 117659.0
(6983, 6984, 6985) 125574.0
(8711, 8712, 8713) 93703.0
(5124, 5125, 5126) 123268.0
(2392, 2393, 2394) 116301.0
(3298, 3299, 3300) 104117.0
(2460, 2461, 2462) 143730.0
(4073, 4074, 4075) 97978.0
(5221, 5222, 5223) 138205.0
(791, 792, 793) 132404.0
(6232, 6233, 6234) 99839.0
(5033, 5034, 5035) 103629.0
(5296, 5297, 5298) 132411.0
(8011, 8012, 8013) 103384.0
(1436, 1437, 1438) 131940.0
(2851, 2852, 2853) 133229.0
(298, 299, 300) 90310.0
(7108, 7109, 7110) 141442.0
(2667, 2668, 2669) 100660.0
(5835, 5836, 5837) 133866.0
(2996, 2997, 2998) 91305.0
(5418, 5419, 5420) 123051.0
(311, 312, 313) 130281.0
(9430, 9431, 9432) 143138.0
(2086, 2087, 2088) 112259.0
(333, 334, 335) 122574.0
(8370, 8371, 8372) 98461.0
(7161, 7162, 7163) 108697.0
(1236, 1237, 1238) 115546.0
(1974, 1975, 1976) 111154.0
(7915, 7916, 7917) 107662.0
(5202, 5203, 5204) 100189.0
(8439, 8440, 8441) 129113.0
(4720, 4721, 4722) 107744.0
(2294, 2295, 2296) 112275.0
(4324, 4325, 4326) 132253.0
(4722, 4723, 4724) 103337.0
(9596, 9597, 9598) 119019.0
(7495, 7496, 7497) 122277.0
(5320, 5321, 5322) 125515.0
(5532, 5533, 5534) 115466.0
(2771, 2772, 2773) 89920.0
(9615, 9616, 9617) 91678.0
(3089, 3090, 3091) 129328.0
(2708, 2709, 2710) 127271.0
(1684, 1685, 1686) 157245.0
(2450, 2451, 2452) 121478.0
(164, 165, 166) 102203.0
(1013, 1014, 1015) 116443.0
(5654, 5655, 5656) 120815.0
(6158, 6159, 6160) 135373.0
(7896, 7897, 7898) 122768.0
(2392, 2393, 2394) 116301.0
(7579, 7580, 7581) 147180.0
(1881, 1882, 1883) 128677.0
(3479, 3480, 3481) 108425.0
(2412, 2413, 2414) 102813.0
(5758, 5759, 5760) 116527.0
(2723, 2724, 2725) 115558.0
(3254, 3255, 3256) 88837.0
(3403, 3404, 3405) 101735.0
(6104, 6105, 6106) 117855.0
(5788, 5789, 5790) 123507.0
(166, 167, 168) 142045.0
(5787, 5788, 5789) 110902.0
(3437, 3438, 3439) 123073.0
(1714, 1715, 1716) 97405.0
(7367, 7368, 7369) 134993.0
(2897, 2898, 2899) 102301.0
(963, 964, 965) 114605.0
(6611, 6612, 6613) 127867.0
(7216, 7217, 7218) 157248.0
(9210, 9211, 9212) 116935.0
(7984, 7985, 7986) 108304.0
(5462, 5463, 5464) 111447.0
(8226, 8227, 8228) 109440.0
(270, 271, 272) 107133.0
(3896, 3897, 3898) 127051.0
(9008, 9009, 9010) 124742.0
(573, 574, 575) 97865.0
(8022, 8023, 8024) 96570.0
(4829, 4830, 4831) 130297.0
(1806, 1807, 1808) 108832.0
(7795, 7796, 7797) 98825.0
(5818, 5819, 5820) 136062.0
(2040, 2041, 2042) 135643.0
(8793, 8794, 8795) 147960.0
(8399, 8400, 8401) 138900.0
(8115, 8116, 8117) 97201.0
(1459, 1460, 1461) 124227.0
(8251, 8252, 8253) 121032.0
(6940, 6941, 6942) 147805.0
(4102, 4103, 4104) 119806.0
(9321, 9322, 9323) 116322.0
(3106, 3107, 3108) 87592.0
(100, 101, 102) 127599.0
(3960, 3961, 3962) 121967.0
(8761, 8762, 8763) 135636.0
(1836, 1837, 1838) 110959.0
(8166, 8167, 8168) 117399.0
(9457, 9458, 9459) 169121.0
(1352, 1353, 1354) 99901.0
(949, 950, 951) 120929.0
(7070, 7071, 7072) 164143.0
(1493, 1494, 1495) 117575.0
(4835, 4836, 4837) 137040.0
(4659, 4660, 4661) 111511.0
(1732, 1733, 1734) 131082.0
(6979, 6980, 6981) 128556.0
(9380, 9381, 9382) 110509.0
(8975, 8976, 8977) 166434.0
(5943, 5944, 5945) 156905.0
(8565, 8566, 8567) 115043.0
(4203, 4204, 4205) 93217.0
(7744, 7745, 7746) 136890.0
(8282, 8283, 8284) 121838.0
(2039, 2040, 2041) 87975.0
(1079, 1080, 1081) 116542.0
(9835, 9836, 9837) 126248.0
(3130, 3131, 3132) 110119.0
(7636, 7637, 7638) 129231.0
(3374, 3375, 3376) 106685.0
(5466, 5467, 5468) 129837.0
(3351, 3352, 3353) 146774.0
(9928, 9929, 9930) 109982.0
(7954, 7955, 7956) 118223.0
(745, 746, 747) 129733.0
(6134, 6135, 6136) 119235.0
(2688, 2689, 2690) 90223.0
(8169, 8170, 8171) 147054.0
(2138, 2139, 2140) 115125.0
(343, 344, 345) 135963.0
(5575, 5576, 5577) 119694.0
(6002, 6003, 6004) 126477.0
