(3101, 3102, 3103) 101595.0
(4941, 4942, 4943) 115314.0
(7232, 7233, 7234) 110004.0
(5042, 5043, 5044) 140404.0
(8749, 8750, 8751) 134540.0
(5920, 5921, 5922) 109204.0
(4566, 4567, 4568) 116753.0
(3111, 3112, 3113) 127470.0
(6547, 6548, 6549) 118621.0
(5894, 5895, 5896) 135636.0
(2305, 2306, 2307) 128656.0
(9855, 9856, 9857) 113008.0
(163, 164, 165) 131155.0
(6782, 6783, 6784) 119495.0
(488, 489, 490) 120462.0
(6844, 6845, 6846) 107418.0
(7912, 7913, 7914) 129738.0
(6293, 6294, 6295) 143270.0
(5905, 5906, 5907) 123618.0
(2036, 2037, 2038) 110494.0
(6951, 6952, 6953) 112352.0
(4029, 4030, 4031) 105216.0
(5394, 5395, 5396) 119277.0
(9824, 9825, 9826) 123890.0
(5564, 5565, 5566) 128259.0
(1455, 1456, 1457) 138806.0
(1709, 1710, 1711) 118296.0
(6737, 6738, 6739) 98644.0
(8724, 8725, 8726) 108696.0
(3633, 3634, 3635) 115311.0
(479, 480, 481) 95717.0
(7392, 7393, 7394) 140363.0
(8082, 8083, 8084) 111022.0
(8791, 8792, 8793) 100062.0
(344, 345, 346) 102756.0
(1442, 1443, 1444) 133999.0
(4174, 4175, 4176) 105195.0
(9825, 9826, 9827) 143867.0
(1871, 1872, 1873) 139326.0
(2720, 2721, 2722) 110832.0
(3401, 3402, 3403) 126322.0
(7579, 7580, 7581) 148357.0
(9769, 9770, 9771) 109186.0
(7808, 7809, 7810) 87479.0
(1133, 1134, 1135) 93359.0
(5318, 5319, 5320) 174794.0
(1579, 1580, 1581) 129260.0
(3156, 3157, 3158) 109861.0
(6383, 6384, 6385) 109272.0
(2393, 2394, 2395) 136726.0
(2764, 2765, 2766) 124772.0
(2766, 2767, 2768) 104499.0
(7280, 7281, 7282) 117608.0
(5448, 5449, 5450) 107092.0
(967, 968, 969) 99726.0
(3824, 3825, 3826) 115680.0
(9014, 9015, 9016) 123405.0
(9337, 9338, 9339) 110056.0
(5338, 5339, 5340) 144668.0
(7815, 7816, 7817) 133695.0
(4187, 4188, 4189) 112007.0
(6706, 6707, 6708) 87852.0
(4553, 4554, 4555) 105878.0
(4637, 4638, 4639) 131644.0
(520, 521, 522) 142231.0
(5485, 5486, 5487) 156716.0
(621, 622, 623) 120572.0
(7344, 7345, 7346) 114083.0
(6928, 6929, 6930) 154325.0
(4662, 4663, 4664) 127150.0
(7991, 7992, 7993) 125684.0
(9688, 9689, 9690) 123839.0
(126, 127, 128) 122729.0
(8566, 8567, 8568) 120529.0
(6001, 6002, 6003) 142676.0
(4903, 4904, 4905) 114240.0
(2014, 2015, 2016) 123852.0
(9124, 9125, 9126) 126765.0
(8476, 8477, 8478) 156679.0
(1948, 1949, 1950) 123529.0
(7751, 7752, 7753) 95045.0
(9418, 9419, 9420) 143542.0
(5714, 5715, 5716) 155589.0
(9396, 9397, 9398) 118483.0
(1433, 1434, 1435) 95260.0
(7855, 7856, 7857) 130856.0
(3692, 3693, 3694) 113419.0
(5389, 5390, 5391) 114114.0
(6698, 6699, 6700) 101117.0
(551, 552, 553) 119705.0
(3339, 3340, 3341) 99291.0
(9120, 9121, 9122) 119885.0
(3931, 3932, 3933) 112339.0
(9526, 9527, 9528) 111903.0
(3434, 3435, 3436) 132608.0
(5898, 5899, 5900) 110210.0
(6824, 6825, 6826) 143298.0
(6295, 6296, 6297) 90483.0
(4076, 4077, 4078) 107091.0
(8933, 8934, 8935) 98338.0
(4231, 4232, 4233) 145730.0
(4500, 4501, 4502) 111827.0
(1485, 1486, 1487) 155896.0
(5110, 5111, 5112) 136584.0
(2621, 2622, 2623) 114320.0
(1427, 1428, 1429) 121503.0
(308, 309, 310) 130165.0
(4577, 4578, 4579) 115345.0
(8711, 8712, 8713) 96400.0
(547, 548, 549) 111912.0
(226, 227, 228) 182931.0
(1917, 1918, 1919) 122194.0
(2121, 2122, 2123) 116150.0
(6521, 6522, 6523) 132979.0
(8000, 8001, 8002) 125062.0
(5837, 5838, 5839) 129996.0
(4690, 4691, 4692) 107512.0
(1495, 1496, 1497) 142606.0
(1673, 1674, 1675) 140167.0
(1550, 1551, 1552) 106170.0
(2110, 2111, 2112) 143744.0
(4158, 4159, 4160) 122593.0
(6677, 6678, 6679) 97322.0
(1619, 1620, 1621) 123294.0
(486, 487, 488) 124663.0
(1002, 1003, 1004) 119834.0
(9456, 9457, 9458) 132190.0
(1072, 1073, 1074) 113365.0
(2692, 2693, 2694) 109624.0
(2610, 2611, 2612) 108910.0
(6858, 6859, 6860) 119536.0
(6589, 6590, 6591) 109760.0
(8473, 8474, 8475) 140349.0
(1963, 1964, 1965) 127256.0
(6944, 6945, 6946) 130213.0
(1023, 1024, 1025) 118978.0
(4823, 4824, 4825) 103271.0
(9844, 9845, 9846) 117796.0
(1095, 1096, 1097) 98683.0
(7376, 7377, 7378) 103110.0
(1657, 1658, 1659) 133175.0
(4494, 4495, 4496) 120270.0
(9929, 9930, 9931) 128665.0
(9688, 9689, 9690) 123839.0
(5061, 5062, 5063) 133996.0
(2451, 2452, 2453) 107015.0
(3415, 3416, 3417) 155019.0
(6956, 6957, 6958) 108757.0
(4867, 4868, 4869) 142092.0
(6143, 6144, 6145) 132349.0
(8551, 8552, 8553) 168106.0
(4032, 4033, 4034) 109299.0
(3673, 3674, 3675) 142765.0
(7485, 7486, 7487) 113500.0
(9014, 9015, 9016) 123405.0
(6822, 6823, 6824) 127937.0
(9368, 9369, 9370) 128732.0
(4534, 4535, 4536) 133022.0
(6213, 6214, 6215) 110425.0
(3014, 3015, 3016) 101459.0
(223, 224, 225) 140663.0
(4944, 4945, 4946) 110136.0
(482, 483, 484) 131711.0
(3454, 3455, 3456) 116860.0
(4434, 4435, 4436) 138609.0
(3230, 3231, 3232) 124409.0
(3772, 3773, 3774) 141010.0
(8683, 8684, 8685) 103943.0
(834, 835, 836) 128658.0
(3145, 3146, 3147) 118651.0
(7993, 7994, 7995) 126544.0
(1157, 1158, 1159) 118272.0
(208, 209, 210) 116431.0
(6254, 6255, 6256) 143164.0
(7407, 7408, 7409) 120792.0
(4212, 4213, 4214) 84588.0
(4831, 4832, 4833) 141134.0
(926, 927, 928) 137131.0
(1886, 1887, 1888) 115288.0
(8937, 8938, 8939) 143866.0
(5503, 5504, 5505) 124944.0
(1894, 1895, 1896) 101422.0
(9731, 9732, 9733) 116544.0
(807, 808, 809) 121337.0
(1634, 1635, 1636) 113842.0
(6211, 6212, 6213) 99597.0
(8367, 8368, 8369) 118199.0
(5706, 5707, 5708) 171482.0
(1650, 1651, 1652) 128866.0
(5882, 5883, 5884) 116316.0
(6906, 6907, 6908) 117208.0
(6157, 6158, 6159) 100798.0
(9259, 9260, 9261) 120448.0
(1374, 1375, 1376) 144249.0
(9313, 9314, 9315) 139176.0
(2462, 2463, 2464) 108325.0
(9825, 9826, 9827) 143867.0
(4629, 4630, 4631) 134324.0
(4197, 4198, 4199) 122340.0
(5710, 5711, 5712) 138517.0
(180, 181, 182) 110714.0
