(1747, 1748, 1749) 100055.0
(4330, 4331, 4332) 136026.0
(9120, 9121, 9122) 123100.0
(5611, 5612, 5613) 126039.0
(2572, 2573, 2574) 122899.0
(9800, 9801, 9802) 122885.0
(9165, 9166, 9167) 106708.0
(6510, 6511, 6512) 123243.0
(2176, 2177, 2178) 138939.0
(611, 612, 613) 146119.0
(3387, 3388, 3389) 110023.0
(2003, 2004, 2005) 102451.0
(5986, 5987, 5988) 95056.0
(2190, 2191, 2192) 100764.0
(1025, 1026, 1027) 136049.0
(4201, 4202, 4203) 106648.0
(755, 756, 757) 94016.0
(2657, 2658, 2659) 126263.0
(3637, 3638, 3639) 133574.0
(7790, 7791, 7792) 130177.0
(1434, 1435, 1436) 89692.0
(1689, 1690, 1691) 113809.0
(7918, 7919, 7920) 163544.0
(6733, 6734, 6735) 119878.0
(2105, 2106, 2107) 145995.0
(9885, 9886, 9887) 145401.0
(8233, 8234, 8235) 121119.0
(5867, 5868, 5869) 111743.0
(9323, 9324, 9325) 113213.0
(4164, 4165, 4166) 118678.0
(3330, 3331, 3332) 110986.0
(481, 482, 483) 109446.0
(6943, 6944, 6945) 124064.0
(2213, 2214, 2215) 110157.0
(9408, 9409, 9410) 112834.0
(9438, 9439, 9440) 136840.0
(9815, 9816, 9817) 114637.0
(7402, 7403, 7404) 120467.0
(7703, 7704, 7705) 93396.0
(5106, 5107, 5108) 176828.0
(2810, 2811, 2812) 153236.0
(3673, 3674, 3675) 145351.0
(3387, 3388, 3389) 110023.0
(3788, 3789, 3790) 113537.0
(2291, 2292, 2293) 121406.0
(6873, 6874, 6875) 125958.0
(3538, 3539, 3540) 121806.0
(7738, 7739, 7740) 150400.0
(9263, 9264, 9265) 109724.0
(681, 682, 683) 124103.0
(3606, 3607, 3608) 129631.0
(5381, 5382, 5383) 105195.0
(835, 836, 837) 140559.0
(2991, 2992, 2993) 133211.0
(2547, 2548, 2549) 141015.0
(9906, 9907, 9908) 117437.0
(8427, 8428, 8429) 97659.0
(7070, 7071, 7072) 172044.0
(3132, 3133, 3134) 127588.0
(1612, 1613, 1614) 168954.0
(914, 915, 916) 118799.0
(1044, 1045, 1046) 116228.0
(673, 674, 675) 108947.0
(5232, 5233, 5234) 159000.0
(5734, 5735, 5736) 109480.0
(8059, 8060, 8061) 103673.0
(8206, 8207, 8208) 126323.0
(4765, 4766, 4767) 167135.0
(745, 746, 747) 133480.0
(5794, 5795, 5796) 125192.0
(508, 509, 510) 102043.0
(4692, 4693, 4694) 142376.0
(1474, 1475, 1476) 114004.0
(5750, 5751, 5752) 120988.0
(4679, 4680, 4681) 138882.0
(3564, 3565, 3566) 130824.0
(6023, 6024, 6025) 118731.0
(1930, 1931, 1932) 120151.0
(4239, 4240, 4241) 101380.0
(5646, 5647, 5648) 143015.0
(8699, 8700, 8701) 135429.0
(5362, 5363, 5364) 106426.0
(4991, 4992, 4993) 113640.0
(7369, 7370, 7371) 131444.0
(8764, 8765, 8766) 131635.0
(6256, 6257, 6258) 118965.0
(5482, 5483, 5484) 82573.0
(6303, 6304, 6305) 131664.0
(9477, 9478, 9479) 122854.0
(559, 560, 561) 110482.0
(2942, 2943, 2944) 110988.0
(2131, 2132, 2133) 159075.0
(9361, 9362, 9363) 149252.0
(1253, 1254, 1255) 135122.0
(3350, 3351, 3352) 122376.0
(7958, 7959, 7960) 120273.0
(755, 756, 757) 94016.0
(4564, 4565, 4566) 121758.0
(6954, 6955, 6956) 110816.0
(5200, 5201, 5202) 122382.0
(6712, 6713, 6714) 124324.0
(1417, 1418, 1419) 104286.0
(9759, 9760, 9761) 119732.0
(5089, 5090, 5091) 115457.0
(5737, 5738, 5739) 126559.0
(3511, 3512, 3513) 119845.0
(8323, 8324, 8325) 141567.0
(3156, 3157, 3158) 111397.0
(7042, 7043, 7044) 132813.0
(6240, 6241, 6242) 142267.0
(9177, 9178, 9179) 120683.0
(2035, 2036, 2037) 116043.0
(1727, 1728, 1729) 121618.0
(420, 421, 422) 144766.0
(1810, 1811, 1812) 151924.0
(6011, 6012, 6013) 126477.0
(8237, 8238, 8239) 111442.0
(6139, 6140, 6141) 121642.0
(608, 609, 610) 120686.0
(295, 296, 297) 171042.0
(2808, 2809, 2810) 106330.0
(5786, 5787, 5788) 128570.0
(7947, 7948, 7949) 125424.0
(9153, 9154, 9155) 131389.0
(2884, 2885, 2886) 142439.0
(7868, 7869, 7870) 139192.0
(4978, 4979, 4980) 111884.0
(1802, 1803, 1804) 106827.0
(6602, 6603, 6604) 135479.0
(3650, 3651, 3652) 112026.0
(2073, 2074, 2075) 105401.0
(3710, 3711, 3712) 136804.0
(9899, 9900, 9901) 136152.0
(7963, 7964, 7965) 131241.0
(1684, 1685, 1686) 161779.0
(1871, 1872, 1873) 148683.0
(6783, 6784, 6785) 106857.0
(3175, 3176, 3177) 120961.0
(7763, 7764, 7765) 108351.0
(8860, 8861, 8862) 122001.0
(6253, 6254, 6255) 160252.0
(4152, 4153, 4154) 139021.0
(8672, 8673, 8674) 131014.0
(223, 224, 225) 143116.0
(8336, 8337, 8338) 91581.0
(4793, 4794, 4795) 107624.0
(2158, 2159, 2160) 112866.0
(487, 488, 489) 94512.0
(4004, 4005, 4006) 144565.0
(2625, 2626, 2627) 104627.0
(5877, 5878, 5879) 116359.0
(3169, 3170, 3171) 150497.0
(5446, 5447, 5448) 129386.0
(1166, 1167, 1168) 111584.0
(3260, 3261, 3262) 130494.0
(4307, 4308, 4309) 125897.0
(9699, 9700, 9701) 111362.0
(2658, 2659, 2660) 126632.0
(951, 952, 953) 120160.0
(2268, 2269, 2270) 126264.0
(2769, 2770, 2771) 126345.0
(22, 23, 24) 126901.0
(998, 999, 1000) 110263.0
(247, 248, 249) 126393.0
(8180, 8181, 8182) 105726.0
(5942, 5943, 5944) 143220.0
(892, 893, 894) 102551.0
(2835, 2836, 2837) 129497.0
(7200, 7201, 7202) 127493.0
(9113, 9114, 9115) 150526.0
(5257, 5258, 5259) 142774.0
(1807, 1808, 1809) 122812.0
(5047, 5048, 5049) 114669.0
(8789, 8790, 8791) 111182.0
(4546, 4547, 4548) 122882.0
(3001, 3002, 3003) 96811.0
(5980, 5981, 5982) 132433.0
(7397, 7398, 7399) 136563.0
(2720, 2721, 2722) 110515.0
(6316, 6317, 6318) 126257.0
(687, 688, 689) 116034.0
(3538, 3539, 3540) 121806.0
(7829, 7830, 7831) 142176.0
(5801, 5802, 5803) 105962.0
(3086, 3087, 3088) 121654.0
(2970, 2971, 2972) 108029.0
(2383, 2384, 2385) 139902.0
(8500, 8501, 8502) 154910.0
(2520, 2521, 2522) 131683.0
(4765, 4766, 4767) 167135.0
(890, 891, 892) 112194.0
(6185, 6186, 6187) 122883.0
(1624, 1625, 1626) 92954.0
(8784, 8785, 8786) 112598.0
(9042, 9043, 9044) 146210.0
(785, 786, 787) 140431.0
(5499, 5500, 5501) 132885.0
(9581, 9582, 9583) 132744.0
(8331, 8332, 8333) 139888.0
(7967, 7968, 7969) 147760.0
(1040, 1041, 1042) 132880.0
