(4190, 4191, 4192) 142492.0
(9531, 9532, 9533) 147167.0
(9276, 9277, 9278) 126049.0
(7050, 7051, 7052) 120349.0
(6071, 6072, 6073) 106064.0
(1529, 1530, 1531) 91176.0
(9620, 9621, 9622) 132848.0
(9184, 9185, 9186) 128228.0
(2439, 2440, 2441) 101399.0
(3721, 3722, 3723) 164628.0
(8807, 8808, 8809) 143755.0
(4994, 4995, 4996) 121911.0
(9559, 9560, 9561) 130305.0
(7067, 7068, 7069) 150987.0
(9575, 9576, 9577) 138792.0
(9828, 9829, 9830) 112810.0
(448, 449, 450) 155472.0
(9944, 9945, 9946) 90713.0
(2003, 2004, 2005) 103968.0
(5435, 5436, 5437) 130937.0
(8434, 8435, 8436) 123411.0
(7489, 7490, 7491) 122476.0
(5582, 5583, 5584) 140619.0
(5244, 5245, 5246) 105810.0
(3950, 3951, 3952) 125599.0
(6436, 6437, 6438) 117873.0
(8228, 8229, 8230) 140521.0
(7686, 7687, 7688) 145513.0
(7277, 7278, 7279) 149633.0
(4865, 4866, 4867) 141173.0
(3199, 3200, 3201) 116807.0
(9688, 9689, 9690) 127038.0
(6775, 6776, 6777) 152748.0
(362, 363, 364) 127763.0
(7610, 7611, 7612) 121577.0
(711, 712, 713) 140381.0
(6861, 6862, 6863) 139395.0
(8480, 8481, 8482) 160289.0
(4376, 4377, 4378) 127925.0
(1573, 1574, 1575) 148302.0
(8634, 8635, 8636) 112161.0
(2792, 2793, 2794) 148228.0
(7115, 7116, 7117) 103509.0
(4994, 4995, 4996) 121911.0
(2009, 2010, 2011) 165942.0
(3483, 3484, 3485) 107015.0
(4078, 4079, 4080) 125312.0
(7244, 7245, 7246) 140393.0
(5491, 5492, 5493) 116821.0
(3740, 3741, 3742) 114811.0
(7393, 7394, 7395) 123545.0
(7545, 7546, 7547) 135722.0
(722, 723, 724) 112882.0
(4, 5, 6) 115226.0
(8750, 8751, 8752) 99346.0
(6866, 6867, 6868) 127326.0
(1349, 1350, 1351) 120021.0
(7171, 7172, 7173) 118017.0
(5972, 5973, 5974) 127831.0
(207, 208, 209) 155816.0
(7747, 7748, 7749) 141565.0
(8114, 8115, 8116) 141343.0
(9245, 9246, 9247) 140930.0
(6801, 6802, 6803) 130866.0
(8850, 8851, 8852) 102641.0
(2271, 2272, 2273) 127083.0
(1981, 1982, 1983) 130500.0
(8231, 8232, 8233) 115852.0
(387, 388, 389) 113104.0
(9453, 9454, 9455) 97989.0
(6775, 6776, 6777) 152748.0
(5697, 5698, 5699) 147312.0
(7009, 7010, 7011) 130647.0
(4746, 4747, 4748) 111632.0
(8179, 8180, 8181) 143747.0
(9151, 9152, 9153) 113246.0
(6945, 6946, 6947) 131493.0
(8182, 8183, 8184) 124721.0
(8478, 8479, 8480) 99545.0
(6047, 6048, 6049) 156027.0
(9779, 9780, 9781) 141689.0
(3470, 3471, 3472) 130629.0
(8774, 8775, 8776) 125046.0
(91, 92, 93) 106518.0
(6888, 6889, 6890) 125370.0
(8457, 8458, 8459) 128956.0
(2237, 2238, 2239) 100394.0
(5715, 5716, 5717) 152750.0
(4311, 4312, 4313) 125829.0
(4692, 4693, 4694) 153408.0
(4897, 4898, 4899) 150206.0
(255, 256, 257) 115545.0
(2779, 2780, 2781) 125139.0
(2797, 2798, 2799) 147077.0
(135, 136, 137) 123253.0
(9881, 9882, 9883) 103433.0
(5022, 5023, 5024) 104360.0
(9407, 9408, 9409) 139976.0
(1433, 1434, 1435) 97702.0
(2892, 2893, 2894) 130852.0
(8828, 8829, 8830) 92137.0
(1635, 1636, 1637) 153071.0
(1097, 1098, 1099) 132724.0
(3157, 3158, 3159) 124343.0
(9560, 9561, 9562) 117134.0
(6209, 6210, 6211) 145469.0
(9338, 9339, 9340) 123078.0
(9740, 9741, 9742) 133371.0
(7433, 7434, 7435) 116139.0
(9676, 9677, 9678) 117148.0
(1347, 1348, 1349) 137255.0
(8037, 8038, 8039) 133520.0
(4564, 4565, 4566) 121250.0
(9180, 9181, 9182) 108918.0
(3791, 3792, 3793) 123719.0
(4386, 4387, 4388) 131705.0
(1263, 1264, 1265) 157966.0
(7701, 7702, 7703) 105229.0
(2541, 2542, 2543) 106079.0
(5649, 5650, 5651) 102934.0
(2526, 2527, 2528) 110814.0
(1400, 1401, 1402) 134431.0
(6054, 6055, 6056) 173163.0
(664, 665, 666) 121071.0
(8841, 8842, 8843) 115327.0
(4828, 4829, 4830) 148176.0
(5499, 5500, 5501) 138525.0
(6029, 6030, 6031) 107197.0
(8071, 8072, 8073) 130391.0
(2000, 2001, 2002) 178933.0
(8015, 8016, 8017) 121623.0
(277, 278, 279) 97181.0
(5047, 5048, 5049) 112919.0
(1858, 1859, 1860) 114817.0
(9355, 9356, 9357) 113008.0
(3752, 3753, 3754) 120879.0
(1868, 1869, 1870) 149108.0
(1183, 1184, 1185) 137255.0
(8025, 8026, 8027) 148705.0
(4144, 4145, 4146) 126929.0
(2683, 2684, 2685) 115225.0
(199, 200, 201) 110912.0
(219, 220, 221) 137193.0
(9986, 9987, 9988) 100988.0
(6314, 6315, 6316) 132270.0
(3451, 3452, 3453) 125503.0
(3834, 3835, 3836) 100402.0
(7318, 7319, 7320) 129700.0
(6400, 6401, 6402) 123078.0
(7800, 7801, 7802) 112042.0
(5842, 5843, 5844) 105340.0
(4520, 4521, 4522) 166498.0
(5640, 5641, 5642) 131930.0
(8574, 8575, 8576) 109151.0
(5576, 5577, 5578) 119725.0
(1693, 1694, 1695) 135369.0
(3093, 3094, 3095) 124488.0
(7000, 7001, 7002) 132659.0
(3214, 3215, 3216) 107942.0
(2161, 2162, 2163) 104150.0
(5695, 5696, 5697) 105073.0
(188, 189, 190) 126845.0
(55, 56, 57) 110427.0
(509, 510, 511) 142473.0
(6185, 6186, 6187) 125296.0
(6687, 6688, 6689) 125172.0
(9239, 9240, 9241) 106197.0
(5731, 5732, 5733) 140051.0
(6576, 6577, 6578) 115996.0
(376, 377, 378) 123820.0
(3654, 3655, 3656) 97111.0
(9351, 9352, 9353) 107972.0
(6446, 6447, 6448) 139253.0
(6658, 6659, 6660) 120268.0
(5876, 5877, 5878) 121674.0
(8848, 8849, 8850) 149289.0
(5862, 5863, 5864) 109402.0
(5580, 5581, 5582) 122270.0
(972, 973, 974) 108171.0
(5726, 5727, 5728) 120439.0
(3578, 3579, 3580) 108424.0
(721, 722, 723) 126432.0
(2591, 2592, 2593) 129522.0
(8357, 8358, 8359) 153976.0
(4351, 4352, 4353) 111700.0
(9051, 9052, 9053) 128969.0
(6023, 6024, 6025) 120973.0
(353, 354, 355) 118657.0
(3124, 3125, 3126) 88663.0
(6578, 6579, 6580) 140137.0
(2510, 2511, 2512) 131353.0
(7334, 7335, 7336) 135640.0
(5611, 5612, 5613) 126980.0
(5961, 5962, 5963) 137197.0
(8477, 8478, 8479) 103253.0
(2088, 2089, 2090) 118761.0
(4392, 4393, 4394) 173628.0
(1519, 1520, 1521) 111196.0
(49, 50, 51) 135047.0
(5259, 5260, 5261) 145143.0
(8169, 8170, 8171) 165192.0
