(5215, 5216, 5217) 146063.0
(5925, 5926, 5927) 122822.0
(8785, 8786, 8787) 147647.0
(957, 958, 959) 142241.0
(9524, 9525, 9526) 113718.0
(1534, 1535, 1536) 148920.0
(6785, 6786, 6787) 149196.0
(7050, 7051, 7052) 123256.0
(4374, 4375, 4376) 152602.0
(1420, 1421, 1422) 141607.0
(8414, 8415, 8416) 120540.0
(8622, 8623, 8624) 113292.0
(8324, 8325, 8326) 128960.0
(6976, 6977, 6978) 135960.0
(8300, 8301, 8302) 152808.0
(6575, 6576, 6577) 116126.0
(3901, 3902, 3903) 148711.0
(854, 855, 856) 115442.0
(1774, 1775, 1776) 186135.0
(4040, 4041, 4042) 150410.0
(397, 398, 399) 145116.0
(1868, 1869, 1870) 148773.0
(4887, 4888, 4889) 133773.0
(8473, 8474, 8475) 141717.0
(296, 297, 298) 160191.0
(1705, 1706, 1707) 98140.0
(8074, 8075, 8076) 117564.0
(1726, 1727, 1728) 135884.0
(8807, 8808, 8809) 144320.0
(5890, 5891, 5892) 128288.0
(244, 245, 246) 111263.0
(3572, 3573, 3574) 130542.0
(3178, 3179, 3180) 114607.0
(4393, 4394, 4395) 118985.0
(4740, 4741, 4742) 153830.0
(3681, 3682, 3683) 143511.0
(78, 79, 80) 110638.0
(5825, 5826, 5827) 93552.0
(9044, 9045, 9046) 135179.0
(1702, 1703, 1704) 134280.0
(8305, 8306, 8307) 105797.0
(4461, 4462, 4463) 153642.0
(9931, 9932, 9933) 134132.0
(1387, 1388, 1389) 141159.0
(3993, 3994, 3995) 131930.0
(673, 674, 675) 113358.0
(3195, 3196, 3197) 112404.0
(9050, 9051, 9052) 113709.0
(2836, 2837, 2838) 116282.0
(8094, 8095, 8096) 132306.0
(2045, 2046, 2047) 134025.0
(3311, 3312, 3313) 161230.0
(1385, 1386, 1387) 125038.0
(160, 161, 162) 97826.0
(1961, 1962, 1963) 139397.0
(1423, 1424, 1425) 108350.0
(7053, 7054, 7055) 126732.0
(5711, 5712, 5713) 120356.0
(21, 22, 23) 92356.0
(1154, 1155, 1156) 165308.0
(9584, 9585, 9586) 134893.0
(8148, 8149, 8150) 98480.0
(5706, 5707, 5708) 175023.0
(8347, 8348, 8349) 149848.0
(6737, 6738, 6739) 105096.0
(9593, 9594, 9595) 159848.0
(1069, 1070, 1071) 133391.0
(5684, 5685, 5686) 109031.0
(399, 400, 401) 115752.0
(7644, 7645, 7646) 101048.0
(644, 645, 646) 115312.0
(4512, 4513, 4514) 112075.0
(9664, 9665, 9666) 143321.0
(9732, 9733, 9734) 89748.0
(8269, 8270, 8271) 112930.0
(3753, 3754, 3755) 165782.0
(128, 129, 130) 134081.0
(1748, 1749, 1750) 146603.0
(2006, 2007, 2008) 101309.0
(7929, 7930, 7931) 117141.0
(6944, 6945, 6946) 137405.0
(9689, 9690, 9691) 157194.0
(7266, 7267, 7268) 118462.0
(6214, 6215, 6216) 142676.0
(8248, 8249, 8250) 150205.0
(8768, 8769, 8770) 117383.0
(7075, 7076, 7077) 148863.0
(7866, 7867, 7868) 134314.0
(3427, 3428, 3429) 109392.0
(9737, 9738, 9739) 152392.0
(9754, 9755, 9756) 131998.0
(6100, 6101, 6102) 154712.0
(5972, 5973, 5974) 130805.0
(4492, 4493, 4494) 128262.0
(8782, 8783, 8784) 129121.0
(3783, 3784, 3785) 112466.0
(9435, 9436, 9437) 139635.0
(6021, 6022, 6023) 133015.0
(30, 31, 32) 125872.0
(1917, 1918, 1919) 124989.0
(518, 519, 520) 130009.0
(753, 754, 755) 140502.0
(1029, 1030, 1031) 110840.0
(9206, 9207, 9208) 126724.0
(8892, 8893, 8894) 153436.0
(6726, 6727, 6728) 140983.0
(3152, 3153, 3154) 142189.0
(327, 328, 329) 122575.0
(4819, 4820, 4821) 128826.0
(6568, 6569, 6570) 106848.0
(2847, 2848, 2849) 113094.0
(6376, 6377, 6378) 124536.0
(950, 951, 952) 128223.0
(2365, 2366, 2367) 114738.0
(2853, 2854, 2855) 108641.0
(1346, 1347, 1348) 109458.0
(592, 593, 594) 133294.0
(4637, 4638, 4639) 134477.0
(6800, 6801, 6802) 106962.0
(4933, 4934, 4935) 138464.0
(1146, 1147, 1148) 147305.0
(9372, 9373, 9374) 171494.0
(5458, 5459, 5460) 136713.0
(7333, 7334, 7335) 102949.0
(9957, 9958, 9959) 139369.0
(5046, 5047, 5048) 119428.0
(6215, 6216, 6217) 138064.0
(4276, 4277, 4278) 124326.0
(8242, 8243, 8244) 121708.0
(7910, 7911, 7912) 160326.0
(2376, 2377, 2378) 160928.0
(5435, 5436, 5437) 136832.0
(8612, 8613, 8614) 137244.0
(967, 968, 969) 102689.0
(8037, 8038, 8039) 135423.0
(7577, 7578, 7579) 94529.0
(2876, 2877, 2878) 137405.0
(7586, 7587, 7588) 122743.0
(5167, 5168, 5169) 142869.0
(3756, 3757, 3758) 104218.0
(3587, 3588, 3589) 147827.0
(7382, 7383, 7384) 118580.0
(5830, 5831, 5832) 144421.0
(9005, 9006, 9007) 167540.0
(7672, 7673, 7674) 134207.0
(942, 943, 944) 170639.0
(1065, 1066, 1067) 141369.0
(5763, 5764, 5765) 176206.0
(4845, 4846, 4847) 123723.0
(1946, 1947, 1948) 111578.0
(7217, 7218, 7219) 173484.0
(4179, 4180, 4181) 186050.0
(9129, 9130, 9131) 122645.0
(2058, 2059, 2060) 128161.0
(6398, 6399, 6400) 109254.0
(3979, 3980, 3981) 139842.0
(8417, 8418, 8419) 135057.0
(730, 731, 732) 148172.0
(5249, 5250, 5251) 119573.0
(9672, 9673, 9674) 145588.0
(1849, 1850, 1851) 152464.0
(4864, 4865, 4866) 132713.0
(1968, 1969, 1970) 155992.0
(3080, 3081, 3082) 127454.0
(5875, 5876, 5877) 110558.0
(4553, 4554, 4555) 112733.0
(4442, 4443, 4444) 123912.0
(3800, 3801, 3802) 128785.0
(3244, 3245, 3246) 146343.0
(7369, 7370, 7371) 145403.0
(7756, 7757, 7758) 111278.0
(1447, 1448, 1449) 108135.0
(3391, 3392, 3393) 123525.0
(2123, 2124, 2125) 140652.0
(7270, 7271, 7272) 100793.0
(5133, 5134, 5135) 110622.0
(8603, 8604, 8605) 107990.0
(2321, 2322, 2323) 121497.0
(9964, 9965, 9966) 120533.0
(8722, 8723, 8724) 123476.0
(6454, 6455, 6456) 125263.0
(105, 106, 107) 109004.0
(4052, 4053, 4054) 109230.0
(8966, 8967, 8968) 162521.0
(1765, 1766, 1767) 101383.0
(3978, 3979, 3980) 129235.0
(9544, 9545, 9546) 121599.0
(3896, 3897, 3898) 135318.0
(1305, 1306, 1307) 101329.0
(944, 945, 946) 128585.0
(822, 823, 824) 157297.0
(3176, 3177, 3178) 159992.0
(8868, 8869, 8870) 138004.0
(378, 379, 380) 121938.0
(8147, 8148, 8149) 121736.0
(2053, 2054, 2055) 137133.0
(9347, 9348, 9349) 132337.0
(5850, 5851, 5852) 144904.0
(435, 436, 437) 115343.0
(8416, 8417, 8418) 133225.0
(554, 555, 556) 104699.0
(1840, 1841, 1842) 147187.0
(6794, 6795, 6796) 129173.0
(2952, 2953, 2954) 131800.0
(3585, 3586, 3587) 135693.0
(570, 571, 572) 142076.0
(9709, 9710, 9711) 154021.0
(4302, 4303, 4304) 129250.0
(7572, 7573, 7574) 146371.0
(7347, 7348, 7349) 113853.0
(2989, 2990, 2991) 106309.0
(1142, 1143, 1144) 111971.0
(3385, 3386, 3387) 119585.0
(9050, 9051, 9052) 113709.0
(450, 451, 452) 108640.0
(1019, 1020, 1021) 126140.0
(7482, 7483, 7484) 133761.0
(3251, 3252, 3253) 107721.0
(4250, 4251, 4252) 118723.0
(9407, 9408, 9409) 142251.0
(7441, 7442, 7443) 115599.0
(7144, 7145, 7146) 112131.0
(271, 272, 273) 140379.0
(5562, 5563, 5564) 131604.0
(7333, 7334, 7335) 102949.0
(6450, 6451, 6452) 102233.0
(9467, 9468, 9469) 146534.0
(7275, 7276, 7277) 116146.0
(8538, 8539, 8540) 101080.0
(6384, 6385, 6386) 112966.0
(1728, 1729, 1730) 125000.0
(8284, 8285, 8286) 116114.0
(7906, 7907, 7908) 120670.0
(1825, 1826, 1827) 152828.0
(7499, 7500, 7501) 99592.0
(225, 226, 227) 121541.0
(2167, 2168, 2169) 160795.0
(8129, 8130, 8131) 115465.0
(9280, 9281, 9282) 131386.0
(2560, 2561, 2562) 108762.0
(7298, 7299, 7300) 189879.0
(1015, 1016, 1017) 163213.0
(6618, 6619, 6620) 160773.0
(9565, 9566, 9567) 140705.0
(750, 751, 752) 144677.0
(3066, 3067, 3068) 127426.0
(1888, 1889, 1890) 118296.0
(5664, 5665, 5666) 145889.0
(1724, 1725, 1726) 140153.0
(7855, 7856, 7857) 133454.0
(5629, 5630, 5631) 123557.0
(7443, 7444, 7445) 137735.0
(655, 656, 657) 166889.0
(6848, 6849, 6850) 118790.0
(7539, 7540, 7541) 106376.0
(8217, 8218, 8219) 140038.0
(2686, 2687, 2688) 144671.0
(6126, 6127, 6128) 103415.0
(5269, 5270, 5271) 122371.0
(2089, 2090, 2091) 111480.0
(5215, 5216, 5217) 146063.0
(1858, 1859, 1860) 115359.0
(8648, 8649, 8650) 115205.0
(938, 939, 940) 112008.0
(9496, 9497, 9498) 122485.0
(174, 175, 176) 114602.0
(9123, 9124, 9125) 149615.0
(4826, 4827, 4828) 104702.0
(3001, 3002, 3003) 103992.0
(8843, 8844, 8845) 138565.0
(540, 541, 542) 124378.0
(2062, 2063, 2064) 134471.0
(3965, 3966, 3967) 126745.0
(5845, 5846, 5847) 117894.0
(100, 101, 102) 131513.0
(4371, 4372, 4373) 110685.0
(6859, 6860, 6861) 109625.0
(5764, 5765, 5766) 120707.0
(187, 188, 189) 104657.0
(2531, 2532, 2533) 139857.0
(4466, 4467, 4468) 117727.0
(2136, 2137, 2138) 139484.0
(4229, 4230, 4231) 115769.0
(6029, 6030, 6031) 112567.0
(9761, 9762, 9763) 127884.0
(7261, 7262, 7263) 135592.0
(3711, 3712, 3713) 117021.0
(4830, 4831, 4832) 91063.0
(5860, 5861, 5862) 126171.0
(6163, 6164, 6165) 151375.0
(3712, 3713, 3714) 150569.0
(8087, 8088, 8089) 104903.0
(8434, 8435, 8436) 125008.0
(5788, 5789, 5790) 136070.0
(4911, 4912, 4913) 105309.0
(9356, 9357, 9358) 82316.0
(5871, 5872, 5873) 151863.0
(867, 868, 869) 141054.0
(1698, 1699, 1700) 141590.0
(4266, 4267, 4268) 95117.0
(9217, 9218, 9219) 135589.0
(4508, 4509, 4510) 151869.0
(1112, 1113, 1114) 171882.0
(2981, 2982, 2983) 122267.0
(276, 277, 278) 131422.0
(9470, 9471, 9472) 132650.0
(9463, 9464, 9465) 149097.0
(9253, 9254, 9255) 124832.0
(3032, 3033, 3034) 149686.0
(7336, 7337, 7338) 113367.0
(2347, 2348, 2349) 114504.0
(9489, 9490, 9491) 116188.0
(4516, 4517, 4518) 135278.0
(7644, 7645, 7646) 101048.0
(3751, 3752, 3753) 140535.0
(1909, 1910, 1911) 118067.0
(1936, 1937, 1938) 137196.0
(8618, 8619, 8620) 111768.0
(7890, 7891, 7892) 119594.0
(1740, 1741, 1742) 150116.0
(5010, 5011, 5012) 123432.0
(1727, 1728, 1729) 126570.0
(6348, 6349, 6350) 148740.0
(7036, 7037, 7038) 91962.0
(2967, 2968, 2969) 147146.0
(4545, 4546, 4547) 116325.0
(4693, 4694, 4695) 128904.0
(6541, 6542, 6543) 128795.0
(6870, 6871, 6872) 129424.0
(9167, 9168, 9169) 106674.0
(2719, 2720, 2721) 146059.0
(340, 341, 342) 130051.0
(5960, 5961, 5962) 142773.0
(7873, 7874, 7875) 103617.0
(1703, 1704, 1705) 104663.0
(7616, 7617, 7618) 114890.0
(8125, 8126, 8127) 114040.0
(9091, 9092, 9093) 111722.0
(7435, 7436, 7437) 110657.0
(5491, 5492, 5493) 119919.0
(6365, 6366, 6367) 149298.0
(9571, 9572, 9573) 124792.0
(7413, 7414, 7415) 132095.0
(6979, 6980, 6981) 137315.0
(5577, 5578, 5579) 128190.0
(4074, 4075, 4076) 174188.0
(7001, 7002, 7003) 98719.0
(3569, 3570, 3571) 134051.0
(8928, 8929, 8930) 120528.0
(2636, 2637, 2638) 111218.0
(6149, 6150, 6151) 98353.0
(5119, 5120, 5121) 153343.0
(669, 670, 671) 156450.0
(1908, 1909, 1910) 145613.0
(4433, 4434, 4435) 107319.0
(3298, 3299, 3300) 108193.0
(311, 312, 313) 134429.0
(9810, 9811, 9812) 124769.0
(4494, 4495, 4496) 122461.0
(7031, 7032, 7033) 107499.0
(7277, 7278, 7279) 151215.0
(559, 560, 561) 114643.0
(6401, 6402, 6403) 126182.0
(4215, 4216, 4217) 126218.0
(4820, 4821, 4822) 137723.0
(5575, 5576, 5577) 129273.0
(1732, 1733, 1734) 137626.0
(685, 686, 687) 111561.0
(7613, 7614, 7615) 123435.0
(7536, 7537, 7538) 148281.0
(5446, 5447, 5448) 132947.0
(4172, 4173, 4174) 126822.0
(8867, 8868, 8869) 119438.0
(1657, 1658, 1659) 143293.0
(4632, 4633, 4634) 108122.0
(9388, 9389, 9390) 110082.0
(2795, 2796, 2797) 114488.0
(1344, 1345, 1346) 98831.0
(2490, 2491, 2492) 143412.0
(5506, 5507, 5508) 160819.0
(4651, 4652, 4653) 120578.0
(9870, 9871, 9872) 156898.0
(4408, 4409, 4410) 144676.0
(8666, 8667, 8668) 132114.0
(3123, 3124, 3125) 109601.0
(204, 205, 206) 113960.0
(4081, 4082, 4083) 134565.0
(2618, 2619, 2620) 134638.0
(3115, 3116, 3117) 142610.0
(1762, 1763, 1764) 147430.0
(6327, 6328, 6329) 103101.0
(6013, 6014, 6015) 113900.0
(15, 16, 17) 113489.0
(869, 870, 871) 99305.0
(9606, 9607, 9608) 127111.0
(1039, 1040, 1041) 159225.0
(5701, 5702, 5703) 109467.0
(1098, 1099, 1100) 119910.0
(6829, 6830, 6831) 139894.0
(8648, 8649, 8650) 115205.0
(7663, 7664, 7665) 125782.0
(4355, 4356, 4357) 123320.0
(1820, 1821, 1822) 91544.0
(2627, 2628, 2629) 136270.0
(768, 769, 770) 132294.0
(6378, 6379, 6380) 122494.0
(8414, 8415, 8416) 120540.0
(3624, 3625, 3626) 128598.0
(9954, 9955, 9956) 161244.0
(2889, 2890, 2891) 130073.0
(4265, 4266, 4267) 173140.0
(7018, 7019, 7020) 153545.0
(1499, 1500, 1501) 140667.0
(7476, 7477, 7478) 145788.0
(6174, 6175, 6176) 128924.0
(2882, 2883, 2884) 103018.0
(7517, 7518, 7519) 122435.0
(9374, 9375, 9376) 105701.0
(1695, 1696, 1697) 131064.0
(391, 392, 393) 120242.0
(5528, 5529, 5530) 113852.0
(7817, 7818, 7819) 108416.0
(993, 994, 995) 142002.0
(5874, 5875, 5876) 138565.0
(4954, 4955, 4956) 119578.0
(7407, 7408, 7409) 124004.0
(4391, 4392, 4393) 137027.0
(2657, 2658, 2659) 128345.0
(2885, 2886, 2887) 125153.0
(5111, 5112, 5113) 125152.0
(421, 422, 423) 131310.0
(956, 957, 958) 141833.0
(8825, 8826, 8827) 193998.0
(9590, 9591, 9592) 122520.0
(8083, 8084, 8085) 140284.0
(1861, 1862, 1863) 130528.0
(1175, 1176, 1177) 146607.0
(1840, 1841, 1842) 147187.0
(7809, 7810, 7811) 187113.0
(3033, 3034, 3035) 110028.0
(4134, 4135, 4136) 128342.0
(4618, 4619, 4620) 114226.0
(2097, 2098, 2099) 123038.0
(5724, 5725, 5726) 118980.0
(7150, 7151, 7152) 117451.0
(4457, 4458, 4459) 122348.0
(2529, 2530, 2531) 128673.0
(3924, 3925, 3926) 115619.0
(7784, 7785, 7786) 109169.0
(358, 359, 360) 139551.0
(5073, 5074, 5075) 95586.0
(522, 523, 524) 138391.0
(6930, 6931, 6932) 132804.0
(4467, 4468, 4469) 121863.0
(3942, 3943, 3944) 102986.0
(936, 937, 938) 105456.0
(9024, 9025, 9026) 114821.0
(9058, 9059, 9060) 116833.0
(7564, 7565, 7566) 144249.0
(384, 385, 386) 116328.0
(2760, 2761, 2762) 120566.0
(605, 606, 607) 114965.0
(1907, 1908, 1909) 117870.0
(8224, 8225, 8226) 128460.0
(1755, 1756, 1757) 138436.0
(9039, 9040, 9041) 170498.0
(7188, 7189, 7190) 168856.0
(1870, 1871, 1872) 111880.0
(745, 746, 747) 136216.0
(6254, 6255, 6256) 153573.0
(3781, 3782, 3783) 141801.0
(2912, 2913, 2914) 121176.0
(1058, 1059, 1060) 105263.0
(2844, 2845, 2846) 134257.0
(6128, 6129, 6130) 183215.0
(355, 356, 357) 122923.0
(6660, 6661, 6662) 127751.0
(9451, 9452, 9453) 126801.0
(6388, 6389, 6390) 100033.0
(1771, 1772, 1773) 114209.0
(7162, 7163, 7164) 118890.0
(3312, 3313, 3314) 161829.0
(9571, 9572, 9573) 124792.0
(4668, 4669, 4670) 109146.0
(1059, 1060, 1061) 147321.0
(8140, 8141, 8142) 133319.0
(2467, 2468, 2469) 125527.0
(7569, 7570, 7571) 119957.0
(3910, 3911, 3912) 111425.0
(3009, 3010, 3011) 150610.0
(3457, 3458, 3459) 111185.0
(9953, 9954, 9955) 119419.0
(7639, 7640, 7641) 155906.0
(2159, 2160, 2161) 130052.0
(5185, 5186, 5187) 112169.0
(1177, 1178, 1179) 124317.0
(449, 450, 451) 116778.0
(3368, 3369, 3370) 121092.0
(4301, 4302, 4303) 137991.0
(3393, 3394, 3395) 117386.0
(2538, 2539, 2540) 152046.0
(7564, 7565, 7566) 144249.0
(6876, 6877, 6878) 139216.0
(7258, 7259, 7260) 167087.0
(1602, 1603, 1604) 180502.0
(3801, 3802, 3803) 124737.0
(6140, 6141, 6142) 123132.0
(4264, 4265, 4266) 106611.0
(8820, 8821, 8822) 130950.0
(8375, 8376, 8377) 152869.0
(910, 911, 912) 148111.0
(2555, 2556, 2557) 119060.0
(5318, 5319, 5320) 186257.0
(3029, 3030, 3031) 163263.0
(8196, 8197, 8198) 115835.0
(6797, 6798, 6799) 97533.0
(5259, 5260, 5261) 146429.0
(6975, 6976, 6977) 131352.0
(6344, 6345, 6346) 99943.0
(1350, 1351, 1352) 154918.0
(935, 936, 937) 130078.0
(8438, 8439, 8440) 129745.0
(7072, 7073, 7074) 155960.0
(7359, 7360, 7361) 157264.0
(7635, 7636, 7637) 122501.0
(4465, 4466, 4467) 176512.0
(1363, 1364, 1365) 101721.0
(4734, 4735, 4736) 92064.0
(5526, 5527, 5528) 112166.0
(3434, 3435, 3436) 135573.0
(3844, 3845, 3846) 116867.0
(8463, 8464, 8465) 92166.0
(6781, 6782, 6783) 116710.0
(2266, 2267, 2268) 133404.0
(8870, 8871, 8872) 110078.0
(4920, 4921, 4922) 154481.0
(2559, 2560, 2561) 125101.0
(5193, 5194, 5195) 115977.0
(5389, 5390, 5391) 127223.0
(2409, 2410, 2411) 143102.0
(37, 38, 39) 105111.0
(4267, 4268, 4269) 154542.0
(7535, 7536, 7537) 129206.0
(6445, 6446, 6447) 131574.0
(2794, 2795, 2796) 119307.0
(3303, 3304, 3305) 130771.0
(7618, 7619, 7620) 106860.0
(3766, 3767, 3768) 135109.0
(7058, 7059, 7060) 104234.0
(1333, 1334, 1335) 132783.0
(625, 626, 627) 128837.0
(9770, 9771, 9772) 141005.0
(9697, 9698, 9699) 129821.0
(4874, 4875, 4876) 83752.0
(5654, 5655, 5656) 132273.0
(4712, 4713, 4714) 115977.0
(1383, 1384, 1385) 147776.0
(2721, 2722, 2723) 121847.0
(5914, 5915, 5916) 133518.0
(6269, 6270, 6271) 120393.0
(6889, 6890, 6891) 140600.0
(9579, 9580, 9581) 134820.0
(4948, 4949, 4950) 110558.0
(4984, 4985, 4986) 126584.0
(8712, 8713, 8714) 140809.0
(7752, 7753, 7754) 113554.0
(4969, 4970, 4971) 125069.0
(7506, 7507, 7508) 162010.0
(763, 764, 765) 130648.0
(8800, 8801, 8802) 113480.0
(1224, 1225, 1226) 102077.0
(4461, 4462, 4463) 153642.0
(5171, 5172, 5173) 135981.0
(693, 694, 695) 127563.0
(8469, 8470, 8471) 157133.0
(3055, 3056, 3057) 115005.0
(391, 392, 393) 120242.0
(849, 850, 851) 126667.0
(3212, 3213, 3214) 119944.0
(3128, 3129, 3130) 127003.0
(4572, 4573, 4574) 152427.0
(4181, 4182, 4183) 129340.0
(4730, 4731, 4732) 118171.0
(1586, 1587, 1588) 130140.0
(6754, 6755, 6756) 143623.0
(6415, 6416, 6417) 117678.0
(1447, 1448, 1449) 108135.0
(2114, 2115, 2116) 135093.0
(7127, 7128, 7129) 152665.0
(3897, 3898, 3899) 136785.0
(9763, 9764, 9765) 157624.0
(3864, 3865, 3866) 129960.0
(9127, 9128, 9129) 115915.0
(8695, 8696, 8697) 160470.0
(5260, 5261, 5262) 113488.0
(7458, 7459, 7460) 121768.0
(1646, 1647, 1648) 131222.0
(6221, 6222, 6223) 95923.0
(5749, 5750, 5751) 124717.0
(8147, 8148, 8149) 121736.0
(9622, 9623, 9624) 142763.0
(4184, 4185, 4186) 104599.0
(7969, 7970, 7971) 115153.0
(1992, 1993, 1994) 137135.0
(8817, 8818, 8819) 129340.0
(4288, 4289, 4290) 97766.0
(7972, 7973, 7974) 134223.0
(2389, 2390, 2391) 118790.0
(9028, 9029, 9030) 109576.0
(624, 625, 626) 143532.0
(693, 694, 695) 127563.0
(4352, 4353, 4354) 118252.0
(8404, 8405, 8406) 170577.0
(2353, 2354, 2355) 127590.0
(6168, 6169, 6170) 134186.0
(131, 132, 133) 136438.0
(9242, 9243, 9244) 130675.0
(4357, 4358, 4359) 135803.0
(7538, 7539, 7540) 119847.0
(4426, 4427, 4428) 100664.0
(845, 846, 847) 142398.0
(8966, 8967, 8968) 162521.0
(9529, 9530, 9531) 155693.0
(3027, 3028, 3029) 148968.0
(3478, 3479, 3480) 155220.0
(4817, 4818, 4819) 107586.0
(6812, 6813, 6814) 102411.0
(3417, 3418, 3419) 123534.0
(942, 943, 944) 170639.0
(7891, 7892, 7893) 123907.0
(2839, 2840, 2841) 115690.0
(2800, 2801, 2802) 154665.0
(2696, 2697, 2698) 152709.0
(3659, 3660, 3661) 109325.0
(1757, 1758, 1759) 85152.0
(6585, 6586, 6587) 126837.0
(4501, 4502, 4503) 103528.0
(4040, 4041, 4042) 150410.0
(5765, 5766, 5767) 115818.0
(6917, 6918, 6919) 129872.0
(1047, 1048, 1049) 178253.0
(5096, 5097, 5098) 104487.0
(2866, 2867, 2868) 140212.0
(3498, 3499, 3500) 153978.0
(2798, 2799, 2800) 155263.0
(3707, 3708, 3709) 107040.0
(1508, 1509, 1510) 112168.0
(8268, 8269, 8270) 98796.0
(608, 609, 610) 127574.0
(5816, 5817, 5818) 153370.0
(5540, 5541, 5542) 93895.0
(731, 732, 733) 141046.0
(4678, 4679, 4680) 141411.0
(7929, 7930, 7931) 117141.0
(1154, 1155, 1156) 165308.0
(9461, 9462, 9463) 124378.0
(4839, 4840, 4841) 127478.0
(3147, 3148, 3149) 129287.0
(5525, 5526, 5527) 138257.0
(4368, 4369, 4370) 119168.0
(2239, 2240, 2241) 123711.0
(7548, 7549, 7550) 114129.0
(2734, 2735, 2736) 116396.0
(6673, 6674, 6675) 128709.0
(2020, 2021, 2022) 131740.0
(8907, 8908, 8909) 135927.0
(7665, 7666, 7667) 123672.0
(8078, 8079, 8080) 150046.0
(8441, 8442, 8443) 119182.0
(8163, 8164, 8165) 127303.0
(7202, 7203, 7204) 97059.0
(2228, 2229, 2230) 117153.0
(1298, 1299, 1300) 109612.0
(6200, 6201, 6202) 115076.0
(625, 626, 627) 128837.0
(4501, 4502, 4503) 103528.0
(3700, 3701, 3702) 134908.0
(5452, 5453, 5454) 132185.0
(4667, 4668, 4669) 116312.0
(3386, 3387, 3388) 106891.0
(9776, 9777, 9778) 116350.0
(9595, 9596, 9597) 129566.0
(8288, 8289, 8290) 157128.0
(7926, 7927, 7928) 136447.0
(929, 930, 931) 154192.0
(4283, 4284, 4285) 140991.0
(5892, 5893, 5894) 103949.0
(5124, 5125, 5126) 128104.0
(7549, 7550, 7551) 113045.0
(7969, 7970, 7971) 115153.0
(4053, 4054, 4055) 102234.0
(177, 178, 179) 120251.0
(635, 636, 637) 115135.0
(9145, 9146, 9147) 126863.0
(7135, 7136, 7137) 124231.0
(4312, 4313, 4314) 160006.0
(5380, 5381, 5382) 120186.0
(1889, 1890, 1891) 161629.0
(9382, 9383, 9384) 133840.0
(6603, 6604, 6605) 126748.0
(8499, 8500, 8501) 163046.0
(6916, 6917, 6918) 148889.0
(4596, 4597, 4598) 149169.0
(5280, 5281, 5282) 98477.0
(5399, 5400, 5401) 91462.0
(150, 151, 152) 132239.0
(4099, 4100, 4101) 138122.0
(1659, 1660, 1661) 134629.0
(1808, 1809, 1810) 146867.0
(8980, 8981, 8982) 110451.0
(9768, 9769, 9770) 143891.0
(5967, 5968, 5969) 115958.0
(8674, 8675, 8676) 93684.0
(8098, 8099, 8100) 116224.0
(9664, 9665, 9666) 143321.0
(9830, 9831, 9832) 119378.0
(3918, 3919, 3920) 162001.0
(595, 596, 597) 134322.0
(896, 897, 898) 131220.0
(9203, 9204, 9205) 117496.0
(879, 880, 881) 135969.0
(7476, 7477, 7478) 145788.0
(1321, 1322, 1323) 149566.0
(9842, 9843, 9844) 142581.0
(2698, 2699, 2700) 121898.0
(9837, 9838, 9839) 138836.0
(4932, 4933, 4934) 92862.0
(9114, 9115, 9116) 129619.0
(5270, 5271, 5272) 147716.0
(7615, 7616, 7617) 123080.0
(8656, 8657, 8658) 130320.0
(9349, 9350, 9351) 118591.0
(3480, 3481, 3482) 140467.0
(1997, 1998, 1999) 93323.0
(1576, 1577, 1578) 124680.0
(289, 290, 291) 123448.0
(9830, 9831, 9832) 119378.0
(8869, 8870, 8871) 104326.0
(4289, 4290, 4291) 150898.0
(2684, 2685, 2686) 125818.0
(428, 429, 430) 110362.0
(1126, 1127, 1128) 104683.0
(2255, 2256, 2257) 152100.0
(5201, 5202, 5203) 110006.0
(233, 234, 235) 125389.0
(9377, 9378, 9379) 145052.0
(430, 431, 432) 116330.0
(6869, 6870, 6871) 146954.0
(9104, 9105, 9106) 144132.0
(1131, 1132, 1133) 124374.0
(9640, 9641, 9642) 181113.0
(8058, 8059, 8060) 131411.0
(235, 236, 237) 144946.0
(2162, 2163, 2164) 104561.0
(735, 736, 737) 127028.0
(8310, 8311, 8312) 112774.0
(3192, 3193, 3194) 121537.0
(9810, 9811, 9812) 124769.0
(3635, 3636, 3637) 147163.0
(9174, 9175, 9176) 130262.0
(7756, 7757, 7758) 111278.0
(6751, 6752, 6753) 142953.0
(4680, 4681, 4682) 113176.0
(9449, 9450, 9451) 135377.0
(2973, 2974, 2975) 121519.0
(7646, 7647, 7648) 136452.0
(209, 210, 211) 157016.0
(406, 407, 408) 171977.0
(3909, 3910, 3911) 104830.0
(8725, 8726, 8727) 124491.0
(4280, 4281, 4282) 96218.0
(4248, 4249, 4250) 144534.0
(2576, 2577, 2578) 138468.0
(5217, 5218, 5219) 127776.0
(3550, 3551, 3552) 132802.0
(8072, 8073, 8074) 117021.0
(9921, 9922, 9923) 97709.0
(620, 621, 622) 129219.0
(5321, 5322, 5323) 101239.0
(9688, 9689, 9690) 126873.0
(7958, 7959, 7960) 122394.0
(9371, 9372, 9373) 132994.0
(2488, 2489, 2490) 154937.0
(1464, 1465, 1466) 101786.0
(2501, 2502, 2503) 139626.0
(7326, 7327, 7328) 143182.0
(8572, 8573, 8574) 107596.0
(8436, 8437, 8438) 140844.0
(543, 544, 545) 123251.0
(3203, 3204, 3205) 96717.0
(1296, 1297, 1298) 127220.0
(344, 345, 346) 110330.0
(7005, 7006, 7007) 135693.0
(224, 225, 226) 157094.0
(5857, 5858, 5859) 155383.0
(9238, 9239, 9240) 128731.0
(1929, 1930, 1931) 137192.0
(4040, 4041, 4042) 150410.0
(2427, 2428, 2429) 141286.0
(8780, 8781, 8782) 157909.0
(4080, 4081, 4082) 124418.0
(487, 488, 489) 93462.0
(7098, 7099, 7100) 159257.0
(3237, 3238, 3239) 127220.0
(2816, 2817, 2818) 136645.0
(9790, 9791, 9792) 138802.0
(4202, 4203, 4204) 114861.0
(618, 619, 620) 117757.0
(5641, 5642, 5643) 127120.0
(9910, 9911, 9912) 147348.0
(5926, 5927, 5928) 127872.0
(2521, 2522, 2523) 113607.0
(8014, 8015, 8016) 124590.0
(5177, 5178, 5179) 163546.0
(7537, 7538, 7539) 140537.0
(6044, 6045, 6046) 104482.0
(8346, 8347, 8348) 149117.0
(2444, 2445, 2446) 161419.0
(6924, 6925, 6926) 126127.0
(3089, 3090, 3091) 133550.0
(877, 878, 879) 144777.0
(2940, 2941, 2942) 124014.0
(1563, 1564, 1565) 137615.0
(7011, 7012, 7013) 150550.0
(2870, 2871, 2872) 155147.0
(2772, 2773, 2774) 132488.0
(3612, 3613, 3614) 152863.0
(1101, 1102, 1103) 130193.0
(7379, 7380, 7381) 125311.0
(2153, 2154, 2155) 134025.0
(8653, 8654, 8655) 115218.0
(6480, 6481, 6482) 136104.0
(6586, 6587, 6588) 116416.0
(655, 656, 657) 166889.0
(1146, 1147, 1148) 147305.0
(8983, 8984, 8985) 133374.0
(7377, 7378, 7379) 138216.0
(8227, 8228, 8229) 181103.0
(3611, 3612, 3613) 105667.0
(5238, 5239, 5240) 112956.0
(3676, 3677, 3678) 99443.0
(3418, 3419, 3420) 149377.0
(9299, 9300, 9301) 115464.0
(5617, 5618, 5619) 119865.0
(1164, 1165, 1166) 163357.0
(998, 999, 1000) 113230.0
(2064, 2065, 2066) 159502.0
(8584, 8585, 8586) 154679.0
(8215, 8216, 8217) 117117.0
(1033, 1034, 1035) 121918.0
(6466, 6467, 6468) 133551.0
(5141, 5142, 5143) 138712.0
(701, 702, 703) 154085.0
(3456, 3457, 3458) 135079.0
(8453, 8454, 8455) 148161.0
(4268, 4269, 4270) 151065.0
(6724, 6725, 6726) 129349.0
(7852, 7853, 7854) 120870.0
(8260, 8261, 8262) 141184.0
(5871, 5872, 5873) 151863.0
(3362, 3363, 3364) 119973.0
(4901, 4902, 4903) 114600.0
(9416, 9417, 9418) 103750.0
(6560, 6561, 6562) 128372.0
(8352, 8353, 8354) 104824.0
(3577, 3578, 3579) 124566.0
(5815, 5816, 5817) 101385.0
(871, 872, 873) 118433.0
(4212, 4213, 4214) 86387.0
(4683, 4684, 4685) 129066.0
(3906, 3907, 3908) 130702.0
(9697, 9698, 9699) 129821.0
(2263, 2264, 2265) 152279.0
(8044, 8045, 8046) 125821.0
(1174, 1175, 1176) 107262.0
(8132, 8133, 8134) 127794.0
(3980, 3981, 3982) 112597.0
(2657, 2658, 2659) 128345.0
(6416, 6417, 6418) 103734.0
(7629, 7630, 7631) 139282.0
(6105, 6106, 6107) 149238.0
(5482, 5483, 5484) 86927.0
(2600, 2601, 2602) 137356.0
(3708, 3709, 3710) 150680.0
(6922, 6923, 6924) 155073.0
(9659, 9660, 9661) 100733.0
(3352, 3353, 3354) 105591.0
(8583, 8584, 8585) 129928.0
(3626, 3627, 3628) 111449.0
(4546, 4547, 4548) 125788.0
(2836, 2837, 2838) 116282.0
(6915, 6916, 6917) 136827.0
(6729, 6730, 6731) 122471.0
(678, 679, 680) 139771.0
(7488, 7489, 7490) 126386.0
(8887, 8888, 8889) 120887.0
(1863, 1864, 1865) 129143.0
(25, 26, 27) 138799.0
(4639, 4640, 4641) 142146.0
(4532, 4533, 4534) 132642.0
(7607, 7608, 7609) 125906.0
(2024, 2025, 2026) 101669.0
(8122, 8123, 8124) 144168.0
(9772, 9773, 9774) 147699.0
(3471, 3472, 3473) 142659.0
(7925, 7926, 7927) 135896.0
(7044, 7045, 7046) 139420.0
(644, 645, 646) 115312.0
(2082, 2083, 2084) 114825.0
(5209, 5210, 5211) 93141.0
(1278, 1279, 1280) 113498.0
(2361, 2362, 2363) 113639.0
(2398, 2399, 2400) 122837.0
(3041, 3042, 3043) 123096.0
(7137, 7138, 7139) 108462.0
(3316, 3317, 3318) 106944.0
(4847, 4848, 4849) 114313.0
(2210, 2211, 2212) 104330.0
(4144, 4145, 4146) 128823.0
(6649, 6650, 6651) 136230.0
(6799, 6800, 6801) 120706.0
(9416, 9417, 9418) 103750.0
(5103, 5104, 5105) 119176.0
(67, 68, 69) 166159.0
(846, 847, 848) 165065.0
(3461, 3462, 3463) 108792.0
(61, 62, 63) 117043.0
(3086, 3087, 3088) 133952.0
(8725, 8726, 8727) 124491.0
(698, 699, 700) 121064.0
(6666, 6667, 6668) 140874.0
(5498, 5499, 5500) 131888.0
(6097, 6098, 6099) 138964.0
(8313, 8314, 8315) 147142.0
(3999, 4000, 4001) 108048.0
(5403, 5404, 5405) 134985.0
(426, 427, 428) 132997.0
(187, 188, 189) 104657.0
(302, 303, 304) 119271.0
(1397, 1398, 1399) 127405.0
(60, 61, 62) 124198.0
(7500, 7501, 7502) 138621.0
(800, 801, 802) 119399.0
(213, 214, 215) 142234.0
(2098, 2099, 2100) 140773.0
(5354, 5355, 5356) 101805.0
(8189, 8190, 8191) 141841.0
(4301, 4302, 4303) 137991.0
(3974, 3975, 3976) 128903.0
(6760, 6761, 6762) 109333.0
(3120, 3121, 3122) 139199.0
(925, 926, 927) 127755.0
(7726, 7727, 7728) 157488.0
(7014, 7015, 7016) 149770.0
(2864, 2865, 2866) 117695.0
(4827, 4828, 4829) 125248.0
(5213, 5214, 5215) 103919.0
(304, 305, 306) 110839.0
(177, 178, 179) 120251.0
(2132, 2133, 2134) 95006.0
(906, 907, 908) 157149.0
(4845, 4846, 4847) 123723.0
(2693, 2694, 2695) 148034.0
(6806, 6807, 6808) 151278.0
(9760, 9761, 9762) 129654.0
(3229, 3230, 3231) 117111.0
(212, 213, 214) 102616.0
(3425, 3426, 3427) 125809.0
(2753, 2754, 2755) 163470.0
(5508, 5509, 5510) 175676.0
(3850, 3851, 3852) 143768.0
(1608, 1609, 1610) 131044.0
(4209, 4210, 4211) 131198.0
(189, 190, 191) 147198.0
(4788, 4789, 4790) 125479.0
(3717, 3718, 3719) 158913.0
(3364, 3365, 3366) 162034.0
(7010, 7011, 7012) 139363.0
(1191, 1192, 1193) 129248.0
(4493, 4494, 4495) 125909.0
(5407, 5408, 5409) 101610.0
(6649, 6650, 6651) 136230.0
(7840, 7841, 7842) 121329.0
(5020, 5021, 5022) 112290.0
(8684, 8685, 8686) 120187.0
(899, 900, 901) 93690.0
(5213, 5214, 5215) 103919.0
(1232, 1233, 1234) 132170.0
(343, 344, 345) 143154.0
(4166, 4167, 4168) 146710.0
(2868, 2869, 2870) 120254.0
(3477, 3478, 3479) 115918.0
(8685, 8686, 8687) 135035.0
(2936, 2937, 2938) 148341.0
(7846, 7847, 7848) 122180.0
(5941, 5942, 5943) 137870.0
(4044, 4045, 4046) 103696.0
(3137, 3138, 3139) 128875.0
(230, 231, 232) 177281.0
(7183, 7184, 7185) 133784.0
(6518, 6519, 6520) 128521.0
(5178, 5179, 5180) 121396.0
(8614, 8615, 8616) 127839.0
(4014, 4015, 4016) 111994.0
(6454, 6455, 6456) 125263.0
(6866, 6867, 6868) 126201.0
(2947, 2948, 2949) 129885.0
(651, 652, 653) 108501.0
(9432, 9433, 9434) 108403.0
(1589, 1590, 1591) 96690.0
(257, 258, 259) 126919.0
(691, 692, 693) 133715.0
(9949, 9950, 9951) 147422.0
(9369, 9370, 9371) 147493.0
(7648, 7649, 7650) 124623.0
(987, 988, 989) 116674.0
(7313, 7314, 7315) 162677.0
(286, 287, 288) 114084.0
(7982, 7983, 7984) 133049.0
(1706, 1707, 1708) 125709.0
(7355, 7356, 7357) 113108.0
(3069, 3070, 3071) 137638.0
(2202, 2203, 2204) 120954.0
(9519, 9520, 9521) 131362.0
(8517, 8518, 8519) 134428.0
(40, 41, 42) 130176.0
(1867, 1868, 1869) 140490.0
(5337, 5338, 5339) 135631.0
(3162, 3163, 3164) 139097.0
(1028, 1029, 1030) 116985.0
(6232, 6233, 6234) 101136.0
(9063, 9064, 9065) 154206.0
(852, 853, 854) 118953.0
(3415, 3416, 3417) 157688.0
(8302, 8303, 8304) 169351.0
(3874, 3875, 3876) 122801.0
(9448, 9449, 9450) 134042.0
(6124, 6125, 6126) 113110.0
(7660, 7661, 7662) 134836.0
(9083, 9084, 9085) 128945.0
(9457, 9458, 9459) 176791.0
(4141, 4142, 4143) 125752.0
(7283, 7284, 7285) 120061.0
(9070, 9071, 9072) 144928.0
(3176, 3177, 3178) 159992.0
(4260, 4261, 4262) 122307.0
(4301, 4302, 4303) 137991.0
(5231, 5232, 5233) 101496.0
(6871, 6872, 6873) 135622.0
(4643, 4644, 4645) 122505.0
(5658, 5659, 5660) 124614.0
(4948, 4949, 4950) 110558.0
(1976, 1977, 1978) 111799.0
(4728, 4729, 4730) 156942.0
(2144, 2145, 2146) 137225.0
(5267, 5268, 5269) 114758.0
(3409, 3410, 3411) 100932.0
(3630, 3631, 3632) 128094.0
(3082, 3083, 3084) 150561.0
(2528, 2529, 2530) 140791.0
(1207, 1208, 1209) 123265.0
(1810, 1811, 1812) 154417.0
(2192, 2193, 2194) 130285.0
(989, 990, 991) 111576.0
(3149, 3150, 3151) 99537.0
(5283, 5284, 5285) 101383.0
(8895, 8896, 8897) 149425.0
(5653, 5654, 5655) 133637.0
(3631, 3632, 3633) 153461.0
(2729, 2730, 2731) 145046.0
(8896, 8897, 8898) 109256.0
(1125, 1126, 1127) 120904.0
(6709, 6710, 6711) 118682.0
(5520, 5521, 5522) 146596.0
(3765, 3766, 3767) 139267.0
(4852, 4853, 4854) 113056.0
(3242, 3243, 3244) 158409.0
(8197, 8198, 8199) 120008.0
(894, 895, 896) 122438.0
(2254, 2255, 2256) 113748.0
(1883, 1884, 1885) 142951.0
(6525, 6526, 6527) 123135.0
(4199, 4200, 4201) 124005.0
(7114, 7115, 7116) 150242.0
(7263, 7264, 7265) 153154.0
(1116, 1117, 1118) 147247.0
(4333, 4334, 4335) 137732.0
(2849, 2850, 2851) 122565.0
(2038, 2039, 2040) 113912.0
(3436, 3437, 3438) 134080.0
(5375, 5376, 5377) 123972.0
(9348, 9349, 9350) 143029.0
(2152, 2153, 2154) 141154.0
(7375, 7376, 7377) 138017.0
(2967, 2968, 2969) 147146.0
(3101, 3102, 3103) 106025.0
(8816, 8817, 8818) 160856.0
(1441, 1442, 1443) 120787.0
(6428, 6429, 6430) 93931.0
(8821, 8822, 8823) 129860.0
(9338, 9339, 9340) 123369.0
(1711, 1712, 1713) 112182.0
(2211, 2212, 2213) 121967.0
(6519, 6520, 6521) 105810.0
(6848, 6849, 6850) 118790.0
(8240, 8241, 8242) 142859.0
(1262, 1263, 1264) 131571.0
(5115, 5116, 5117) 121204.0
(9005, 9006, 9007) 167540.0
(4213, 4214, 4215) 114383.0
(180, 181, 182) 122224.0
(5218, 5219, 5220) 139555.0
(2546, 2547, 2548) 118313.0
(5128, 5129, 5130) 132021.0
(1164, 1165, 1166) 163357.0
(8200, 8201, 8202) 131931.0
(9970, 9971, 9972) 138351.0
(8184, 8185, 8186) 151820.0
(6829, 6830, 6831) 139894.0
(6834, 6835, 6836) 119503.0
(1017, 1018, 1019) 137450.0
(7842, 7843, 7844) 90274.0
(1427, 1428, 1429) 123030.0
(1768, 1769, 1770) 141544.0
(6858, 6859, 6860) 128112.0
(5095, 5096, 5097) 122538.0
(9937, 9938, 9939) 103658.0
(6123, 6124, 6125) 121188.0
(9331, 9332, 9333) 144990.0
(4682, 4683, 4684) 139153.0
(3635, 3636, 3637) 147163.0
(6193, 6194, 6195) 103722.0
(1347, 1348, 1349) 138625.0
(830, 831, 832) 122633.0
(9237, 9238, 9239) 149844.0
(8413, 8414, 8415) 94152.0
(6514, 6515, 6516) 153575.0
(1121, 1122, 1123) 147525.0
(5592, 5593, 5594) 114311.0
(9117, 9118, 9119) 103075.0
(8481, 8482, 8483) 136857.0
(1974, 1975, 1976) 121422.0
(1834, 1835, 1836) 123315.0
(3388, 3389, 3390) 140374.0
(1007, 1008, 1009) 120876.0
(8218, 8219, 8220) 124056.0
(7152, 7153, 7154) 124741.0
(3330, 3331, 3332) 119235.0
(1152, 1153, 1154) 134980.0
(5821, 5822, 5823) 128529.0
(4516, 4517, 4518) 135278.0
(6591, 6592, 6593) 107218.0
(7023, 7024, 7025) 110705.0
(1037, 1038, 1039) 104300.0
(6377, 6378, 6379) 145115.0
(4287, 4288, 4289) 144946.0
(9410, 9411, 9412) 120483.0
(2360, 2361, 2362) 127194.0
(4762, 4763, 4764) 113608.0
(3411, 3412, 3413) 144942.0
(8370, 8371, 8372) 107100.0
(8236, 8237, 8238) 122509.0
(2788, 2789, 2790) 134827.0
(3349, 3350, 3351) 154767.0
(2539, 2540, 2541) 115329.0
(3511, 3512, 3513) 123622.0
(5581, 5582, 5583) 128478.0
(4728, 4729, 4730) 156942.0
(337, 338, 339) 134913.0
(1551, 1552, 1553) 111874.0
(9487, 9488, 9489) 148305.0
(3189, 3190, 3191) 146791.0
(5427, 5428, 5429) 142951.0
(6983, 6984, 6985) 130741.0
(8573, 8574, 8575) 129530.0
(9243, 9244, 9245) 115077.0
(6950, 6951, 6952) 114013.0
(5498, 5499, 5500) 131888.0
(4409, 4410, 4411) 150823.0
(5229, 5230, 5231) 153889.0
(4780, 4781, 4782) 119956.0
(8910, 8911, 8912) 159326.0
(4919, 4920, 4921) 145557.0
(2230, 2231, 2232) 111507.0
(6284, 6285, 6286) 153977.0
(5788, 5789, 5790) 136070.0
(7657, 7658, 7659) 106342.0
(7460, 7461, 7462) 98459.0
(2693, 2694, 2695) 148034.0
(9755, 9756, 9757) 113209.0
(2449, 2450, 2451) 140193.0
(7955, 7956, 7957) 136402.0
(6468, 6469, 6470) 102262.0
(4616, 4617, 4618) 112407.0
(6875, 6876, 6877) 171241.0
(227, 228, 229) 140267.0
(7476, 7477, 7478) 145788.0
(5278, 5279, 5280) 122840.0
(919, 920, 921) 137477.0
(2293, 2294, 2295) 111399.0
(357, 358, 359) 133914.0
(1910, 1911, 1912) 130315.0
(6841, 6842, 6843) 102356.0
(2628, 2629, 2630) 118676.0
(9572, 9573, 9574) 149163.0
(5478, 5479, 5480) 126734.0
(9594, 9595, 9596) 101536.0
(5737, 5738, 5739) 132565.0
(2679, 2680, 2681) 132243.0
(2727, 2728, 2729) 115387.0
(4673, 4674, 4675) 147527.0
(1246, 1247, 1248) 108357.0
(9403, 9404, 9405) 118370.0
(6925, 6926, 6927) 123027.0
(4210, 4211, 4212) 114102.0
(6652, 6653, 6654) 160404.0
(2074, 2075, 2076) 106552.0
(3761, 3762, 3763) 128858.0
(846, 847, 848) 165065.0
(4187, 4188, 4189) 115798.0
(1824, 1825, 1826) 134512.0
(9951, 9952, 9953) 133930.0
(1638, 1639, 1640) 119090.0
(818, 819, 820) 120173.0
(9736, 9737, 9738) 112750.0
(7743, 7744, 7745) 102829.0
(5562, 5563, 5564) 131604.0
(7826, 7827, 7828) 148899.0
(4752, 4753, 4754) 109241.0
(3988, 3989, 3990) 103885.0
(1132, 1133, 1134) 131157.0
(1199, 1200, 1201) 130752.0
(7406, 7407, 7408) 126979.0
(5594, 5595, 5596) 103408.0
(3619, 3620, 3621) 144656.0
(2925, 2926, 2927) 108856.0
(1795, 1796, 1797) 126511.0
(6460, 6461, 6462) 140512.0
(6705, 6706, 6707) 121421.0
(3872, 3873, 3874) 147698.0
(4978, 4979, 4980) 112860.0
(3015, 3016, 3017) 138872.0
(7831, 7832, 7833) 126863.0
(4820, 4821, 4822) 137723.0
(3594, 3595, 3596) 76468.0
(5509, 5510, 5511) 137655.0
(4189, 4190, 4191) 139812.0
(5196, 5197, 5198) 101514.0
(9086, 9087, 9088) 144193.0
(2803, 2804, 2805) 113466.0
(92, 93, 94) 107548.0
(9019, 9020, 9021) 125602.0
(5248, 5249, 5250) 106301.0
(5121, 5122, 5123) 151282.0
(6826, 6827, 6828) 147684.0
(2101, 2102, 2103) 147936.0
(7106, 7107, 7108) 172460.0
(6881, 6882, 6883) 166583.0
(4517, 4518, 4519) 115325.0
(6687, 6688, 6689) 127501.0
(4092, 4093, 4094) 104687.0
(1047, 1048, 1049) 178253.0
(2993, 2994, 2995) 131888.0
(1411, 1412, 1413) 104398.0
(7551, 7552, 7553) 138181.0
(3893, 3894, 3895) 117843.0
(8793, 8794, 8795) 153446.0
(1442, 1443, 1444) 141866.0
(8772, 8773, 8774) 155494.0
(80, 81, 82) 154903.0
(4661, 4662, 4663) 130737.0
(9555, 9556, 9557) 159617.0
(2821, 2822, 2823) 114879.0
(9662, 9663, 9664) 114646.0
(8667, 8668, 8669) 113975.0
(6325, 6326, 6327) 147143.0
(1111, 1112, 1113) 173715.0
(6962, 6963, 6964) 104620.0
(9123, 9124, 9125) 149615.0
(3502, 3503, 3504) 119886.0
(4666, 4667, 4668) 151359.0
(8727, 8728, 8729) 162065.0
(7108, 7109, 7110) 155961.0
(2491, 2492, 2493) 119407.0
(672, 673, 674) 133779.0
(41, 42, 43) 109443.0
(8803, 8804, 8805) 142595.0
(9284, 9285, 9286) 140508.0
(9998, 9999, 10000) 137884.0
(3012, 3013, 3014) 102499.0
(8173, 8174, 8175) 124762.0
(4980, 4981, 4982) 144892.0
(3893, 3894, 3895) 117843.0
(1196, 1197, 1198) 111853.0
(1167, 1168, 1169) 126591.0
(3877, 3878, 3879) 142934.0
(636, 637, 638) 124195.0
(2926, 2927, 2928) 124385.0
(6934, 6935, 6936) 133720.0
(3653, 3654, 3655) 103372.0
(1817, 1818, 1819) 105601.0
(7085, 7086, 7087) 133955.0
(8314, 8315, 8316) 134574.0
(5824, 5825, 5826) 111644.0
(4454, 4455, 4456) 133593.0
(384, 385, 386) 116328.0
(6444, 6445, 6446) 117976.0
(8816, 8817, 8818) 160856.0
(6899, 6900, 6901) 100895.0
(4567, 4568, 4569) 136575.0
(7531, 7532, 7533) 105368.0
