(9095, 9096, 9097) 6413.0
(7900, 7901, 7902) 5506.0
(7569, 7570, 7571) 6312.0
(2828, 2829, 2830) 5096.0
(8254, 8255, 8256) 5153.0
(8630, 8631, 8632) 3326.0
(6800, 6801, 6802) 6204.0
(5238, 5239, 5240) 4808.0
(3189, 3190, 3191) 5647.0
(7542, 7543, 7544) 3864.0
(2133, 2134, 2135) 4602.0
(2764, 2765, 2766) 4535.0
(2227, 2228, 2229) 4505.0
(8384, 8385, 8386) 6588.0
(2342, 2343, 2344) 4123.0
(6422, 6423, 6424) 5048.0
(4689, 4690, 4691) 4676.0
(3096, 3097, 3098) 3871.0
(128, 129, 130) 9897.0
(9024, 9025, 9026) 4466.0
(8964, 8965, 8966) 4751.0
(3774, 3775, 3776) 8048.0
(4732, 4733, 4734) 4931.0
(4705, 4706, 4707) 5488.0
(8412, 8413, 8414) 6443.0
(6307, 6308, 6309) 6495.0
(6535, 6536, 6537) 4386.0
(1926, 1927, 1928) 6420.0
(6700, 6701, 6702) 5997.0
(4066, 4067, 4068) 5471.0
(5062, 5063, 5064) 6420.0
(2763, 2764, 2765) 9037.0
(1820, 1821, 1822) 4688.0
(6649, 6650, 6651) 6629.0
(5952, 5953, 5954) 4241.0
(4922, 4923, 4924) 5021.0
(1972, 1973, 1974) 4204.0
(8640, 8641, 8642) 8005.0
(7381, 7382, 7383) 5260.0
(3245, 3246, 3247) 4773.0
(5128, 5129, 5130) 6575.0
(4508, 4509, 4510) 6274.0
(3833, 3834, 3835) 5197.0
(8916, 8917, 8918) 7152.0
(1362, 1363, 1364) 5550.0
(49, 50, 51) 5808.0
(3350, 3351, 3352) 4897.0
(8161, 8162, 8163) 6181.0
(4106, 4107, 4108) 6210.0
(2967, 2968, 2969) 8108.0
(1648, 1649, 1650) 6203.0
(4071, 4072, 4073) 7731.0
(8719, 8720, 8721) 4227.0
(4837, 4838, 4839) 5770.0
(8689, 8690, 8691) 6069.0
(4176, 4177, 4178) 4008.0
(8465, 8466, 8467) 6332.0
(3488, 3489, 3490) 4880.0
(8701, 8702, 8703) 4712.0
(8871, 8872, 8873) 5197.0
(5211, 5212, 5213) 8610.0
(2081, 2082, 2083) 5101.0
(9521, 9522, 9523) 3815.0
(5495, 5496, 5497) 5391.0
(535, 536, 537) 4553.0
(6073, 6074, 6075) 2966.0
(4101, 4102, 4103) 5998.0
(4915, 4916, 4917) 5600.0
(9096, 9097, 9098) 6076.0
(2617, 2618, 2619) 6693.0
(9641, 9642, 9643) 6560.0
(6059, 6060, 6061) 4102.0
(446, 447, 448) 5160.0
(4624, 4625, 4626) 6400.0
(5340, 5341, 5342) 6033.0
(6646, 6647, 6648) 4385.0
(8350, 8351, 8352) 8315.0
(7519, 7520, 7521) 6495.0
(9297, 9298, 9299) 7025.0
(1183, 1184, 1185) 5159.0
(1436, 1437, 1438) 7763.0
(4840, 4841, 4842) 4846.0
(8880, 8881, 8882) 4659.0
(3249, 3250, 3251) 4106.0
(1190, 1191, 1192) 5286.0
(6931, 6932, 6933) 7618.0
(4949, 4950, 4951) 5272.0
(6141, 6142, 6143) 8636.0
(7156, 7157, 7158) 10154.0
(4123, 4124, 4125) 5600.0
(5019, 5020, 5021) 5586.0
(5220, 5221, 5222) 4412.0
(7087, 7088, 7089) 4036.0
(8569, 8570, 8571) 3625.0
(7884, 7885, 7886) 5716.0
(2489, 2490, 2491) 3900.0
(7805, 7806, 7807) 5722.0
(4740, 4741, 4742) 7068.0
(7806, 7807, 7808) 5351.0
(2739, 2740, 2741) 4400.0
(197, 198, 199) 6043.0
(5233, 5234, 5235) 5137.0
(8720, 8721, 8722) 5687.0
(5231, 5232, 5233) 5798.0
(9582, 9583, 9584) 5222.0
(5659, 5660, 5661) 4266.0
(6587, 6588, 6589) 7048.0
(3310, 3311, 3312) 5619.0
(9449, 9450, 9451) 4864.0
(5211, 5212, 5213) 8610.0
(8317, 8318, 8319) 6122.0
(6762, 6763, 6764) 5313.0
(4545, 4546, 4547) 4336.0
(7944, 7945, 7946) 4812.0
(2382, 2383, 2384) 4615.0
(3879, 3880, 3881) 5340.0
(7367, 7368, 7369) 6100.0
(5342, 5343, 5344) 3866.0
(6743, 6744, 6745) 3855.0
(1590, 1591, 1592) 7544.0
(6737, 6738, 6739) 5931.0
(9743, 9744, 9745) 4257.0
(747, 748, 749) 6186.0
(920, 921, 922) 6127.0
(5627, 5628, 5629) 5021.0
(4821, 4822, 4823) 4597.0
(9332, 9333, 9334) 5557.0
(4067, 4068, 4069) 5497.0
(2938, 2939, 2940) 5188.0
(926, 927, 928) 3697.0
(7301, 7302, 7303) 8431.0
(5802, 5803, 5804) 7785.0
(9928, 9929, 9930) 5597.0
(2596, 2597, 2598) 4409.0
(3229, 3230, 3231) 6863.0
(1548, 1549, 1550) 6155.0
(2289, 2290, 2291) 5167.0
(9825, 9826, 9827) 5622.0
(8985, 8986, 8987) 4530.0
(8516, 8517, 8518) 6313.0
(5232, 5233, 5234) 6900.0
(4369, 4370, 4371) 4275.0
(1468, 1469, 1470) 4729.0
(3839, 3840, 3841) 5641.0
(9271, 9272, 9273) 6915.0
(5204, 5205, 5206) 4906.0
(8486, 8487, 8488) 4098.0
(4361, 4362, 4363) 5779.0
(477, 478, 479) 6622.0
(4085, 4086, 4087) 6757.0
(1450, 1451, 1452) 5200.0
(7876, 7877, 7878) 4071.0
(1668, 1669, 1670) 5655.0
(2136, 2137, 2138) 4648.0
(9466, 9467, 9468) 4852.0
(4909, 4910, 4911) 5844.0
(6176, 6177, 6178) 7433.0
(9670, 9671, 9672) 6112.0
(6978, 6979, 6980) 5662.0
(7412, 7413, 7414) 9701.0
(8499, 8500, 8501) 5256.0
(3731, 3732, 3733) 4890.0
(2731, 2732, 2733) 5299.0
(8491, 8492, 8493) 4824.0
(8917, 8918, 8919) 6743.0
(6623, 6624, 6625) 6178.0
(6639, 6640, 6641) 5639.0
(3343, 3344, 3345) 5168.0
(1180, 1181, 1182) 5189.0
(399, 400, 401) 7092.0
(2452, 2453, 2454) 4614.0
(5667, 5668, 5669) 4739.0
(3757, 3758, 3759) 4388.0
(1788, 1789, 1790) 4930.0
(7825, 7826, 7827) 4120.0
(5298, 5299, 5300) 6148.0
(8137, 8138, 8139) 5849.0
(4850, 4851, 4852) 5930.0
(4073, 4074, 4075) 5964.0
(1907, 1908, 1909) 3580.0
(7962, 7963, 7964) 5309.0
(5690, 5691, 5692) 5597.0
(9939, 9940, 9941) 4647.0
(6239, 6240, 6241) 6010.0
(5179, 5180, 5181) 4717.0
(2174, 2175, 2176) 6108.0
(5472, 5473, 5474) 4586.0
(8536, 8537, 8538) 4307.0
(1101, 1102, 1103) 7656.0
(6858, 6859, 6860) 7064.0
(205, 206, 207) 5704.0
(4006, 4007, 4008) 7401.0
(9913, 9914, 9915) 8882.0
(4694, 4695, 4696) 5895.0
(9759, 9760, 9761) 6905.0
(9398, 9399, 9400) 8051.0
(2446, 2447, 2448) 8382.0
(8292, 8293, 8294) 4821.0
(1942, 1943, 1944) 4841.0
(2805, 2806, 2807) 5074.0
(9041, 9042, 9043) 7345.0
