(944, 945, 946) 133529.0
(9341, 9342, 9343) 142780.0
(5473, 5474, 5475) 101442.0
(7767, 7768, 7769) 145687.0
(1055, 1056, 1057) 125427.0
(3656, 3657, 3658) 152322.0
(9824, 9825, 9826) 130329.0
(6634, 6635, 6636) 160990.0
(7408, 7409, 7410) 124235.0
(6471, 6472, 6473) 145812.0
(9872, 9873, 9874) 126927.0
(75, 76, 77) 126150.0
(1056, 1057, 1058) 158821.0
(8152, 8153, 8154) 109670.0
(6713, 6714, 6715) 180658.0
(2160, 2161, 2162) 156035.0
(9609, 9610, 9611) 115951.0
(690, 691, 692) 147358.0
(237, 238, 239) 128968.0
(3650, 3651, 3652) 119346.0
(5590, 5591, 5592) 131180.0
(7052, 7053, 7054) 115222.0
(5333, 5334, 5335) 121895.0
(8734, 8735, 8736) 158343.0
(3670, 3671, 3672) 103075.0
(5009, 5010, 5011) 159566.0
(8841, 8842, 8843) 117049.0
(6793, 6794, 6795) 139744.0
(1527, 1528, 1529) 120135.0
(301, 302, 303) 141888.0
(3346, 3347, 3348) 112082.0
(1563, 1564, 1565) 147365.0
(6815, 6816, 6817) 171130.0
(8262, 8263, 8264) 116850.0
(5681, 5682, 5683) 119951.0
(1262, 1263, 1264) 135168.0
(7668, 7669, 7670) 140065.0
(8393, 8394, 8395) 137545.0
(5701, 5702, 5703) 110478.0
(6701, 6702, 6703) 137434.0
(683, 684, 685) 124305.0
(232, 233, 234) 148884.0
(8091, 8092, 8093) 137799.0
(2189, 2190, 2191) 125216.0
(8746, 8747, 8748) 134233.0
(7572, 7573, 7574) 147853.0
(5554, 5555, 5556) 133484.0
(7743, 7744, 7745) 104601.0
(7408, 7409, 7410) 124235.0
(9292, 9293, 9294) 128889.0
(960, 961, 962) 117560.0
(7947, 7948, 7949) 139620.0
(2849, 2850, 2851) 122834.0
(6178, 6179, 6180) 161737.0
(7543, 7544, 7545) 159645.0
(4473, 4474, 4475) 133274.0
(138, 139, 140) 123783.0
(407, 408, 409) 132960.0
(1754, 1755, 1756) 170754.0
(5697, 5698, 5699) 152701.0
(3354, 3355, 3356) 148509.0
(7694, 7695, 7696) 123146.0
(5763, 5764, 5765) 178330.0
(9546, 9547, 9548) 135427.0
(2009, 2010, 2011) 175057.0
(3728, 3729, 3730) 146799.0
(8228, 8229, 8230) 147581.0
(6529, 6530, 6531) 137358.0
(8943, 8944, 8945) 107762.0
(326, 327, 328) 116818.0
(6846, 6847, 6848) 136085.0
(4286, 4287, 4288) 137089.0
(3076, 3077, 3078) 128762.0
(756, 757, 758) 145650.0
(7139, 7140, 7141) 93188.0
(6670, 6671, 6672) 114944.0
(5915, 5916, 5917) 155866.0
(6314, 6315, 6316) 137207.0
(9944, 9945, 9946) 96273.0
(6958, 6959, 6960) 129166.0
(348, 349, 350) 107474.0
(2743, 2744, 2745) 111482.0
(5681, 5682, 5683) 119951.0
(5117, 5118, 5119) 106590.0
(1645, 1646, 1647) 100999.0
(19, 20, 21) 114429.0
(5354, 5355, 5356) 102715.0
(8524, 8525, 8526) 138734.0
(2932, 2933, 2934) 107804.0
(6775, 6776, 6777) 152279.0
(8923, 8924, 8925) 146712.0
(162, 163, 164) 180973.0
(8412, 8413, 8414) 135592.0
(7670, 7671, 7672) 122428.0
(1829, 1830, 1831) 177614.0
(111, 112, 113) 151144.0
(1019, 1020, 1021) 129667.0
(9243, 9244, 9245) 119674.0
(5785, 5786, 5787) 114983.0
(3445, 3446, 3447) 122025.0
(2293, 2294, 2295) 113959.0
(5111, 5112, 5113) 129511.0
(2535, 2536, 2537) 106272.0
(977, 978, 979) 126894.0
(8577, 8578, 8579) 141380.0
(5425, 5426, 5427) 106667.0
(9878, 9879, 9880) 130795.0
(8045, 8046, 8047) 107223.0
(5017, 5018, 5019) 126444.0
(3272, 3273, 3274) 142528.0
(1618, 1619, 1620) 148780.0
(9357, 9358, 9359) 148249.0
(9177, 9178, 9179) 125971.0
(6185, 6186, 6187) 140199.0
(158, 159, 160) 119697.0
(5970, 5971, 5972) 140427.0
(1567, 1568, 1569) 125178.0
(4691, 4692, 4693) 147546.0
(6792, 6793, 6794) 124013.0
(9426, 9427, 9428) 122439.0
(7771, 7772, 7773) 127833.0
(3479, 3480, 3481) 122038.0
(7675, 7676, 7677) 112232.0
(6520, 6521, 6522) 140659.0
(6476, 6477, 6478) 104997.0
(2947, 2948, 2949) 130783.0
(8662, 8663, 8664) 125190.0
(3874, 3875, 3876) 124636.0
(7641, 7642, 7643) 124853.0
(8252, 8253, 8254) 123380.0
(1658, 1659, 1660) 169533.0
(9278, 9279, 9280) 122892.0
(8434, 8435, 8436) 126387.0
(5182, 5183, 5184) 124570.0
(3994, 3995, 3996) 160501.0
(971, 972, 973) 100922.0
(5021, 5022, 5023) 124418.0
(1351, 1352, 1353) 168031.0
(7935, 7936, 7937) 150482.0
(4779, 4780, 4781) 134298.0
(2534, 2535, 2536) 115147.0
(9619, 9620, 9621) 98593.0
(2837, 2838, 2839) 120059.0
(9347, 9348, 9349) 138277.0
(9516, 9517, 9518) 129656.0
(2809, 2810, 2811) 142385.0
(1547, 1548, 1549) 121053.0
(3139, 3140, 3141) 109206.0
(5556, 5557, 5558) 105175.0
(9022, 9023, 9024) 135706.0
(2911, 2912, 2913) 100518.0
(2609, 2610, 2611) 145172.0
(958, 959, 960) 126674.0
(543, 544, 545) 126398.0
(3404, 3405, 3406) 126188.0
(5464, 5465, 5466) 109773.0
(6149, 6150, 6151) 102912.0
(9867, 9868, 9869) 115607.0
(952, 953, 954) 117337.0
(4037, 4038, 4039) 153784.0
(6270, 6271, 6272) 118092.0
(467, 468, 469) 103529.0
(3914, 3915, 3916) 153149.0
(7494, 7495, 7496) 107033.0
(4321, 4322, 4323) 131162.0
(5220, 5221, 5222) 108143.0
(2413, 2414, 2415) 108264.0
(9083, 9084, 9085) 128141.0
(5393, 5394, 5395) 110051.0
(8928, 8929, 8930) 119694.0
(2996, 2997, 2998) 106274.0
(2661, 2662, 2663) 135206.0
(5599, 5600, 5601) 111038.0
(1974, 1975, 1976) 120667.0
(7226, 7227, 7228) 117150.0
(4689, 4690, 4691) 116709.0
(7420, 7421, 7422) 133197.0
(1595, 1596, 1597) 135696.0
(5765, 5766, 5767) 118853.0
(2583, 2584, 2585) 125167.0
(972, 973, 974) 110757.0
(4950, 4951, 4952) 157658.0
(8668, 8669, 8670) 124426.0
(1329, 1330, 1331) 150104.0
(8, 9, 10) 130962.0
(8500, 8501, 8502) 168778.0
(6531, 6532, 6533) 174507.0
(5255, 5256, 5257) 141135.0
(2930, 2931, 2932) 146356.0
(8872, 8873, 8874) 82392.0
(9837, 9838, 9839) 139897.0
(1395, 1396, 1397) 89350.0
(5365, 5366, 5367) 131102.0
(2666, 2667, 2668) 132517.0
(9970, 9971, 9972) 148131.0
(5714, 5715, 5716) 159073.0
(7557, 7558, 7559) 101974.0
(1629, 1630, 1631) 115505.0
(2231, 2232, 2233) 143645.0
(1920, 1921, 1922) 153194.0
(6573, 6574, 6575) 136108.0
