(4810, 4811, 4812) 140616.0
(5613, 5614, 5615) 113184.0
(4369, 4370, 4371) 99649.0
(1917, 1918, 1919) 135100.0
(1187, 1188, 1189) 104468.0
(5617, 5618, 5619) 121508.0
(5549, 5550, 5551) 119450.0
(9273, 9274, 9275) 133135.0
(1585, 1586, 1587) 140487.0
(4347, 4348, 4349) 126072.0
(4635, 4636, 4637) 138985.0
(531, 532, 533) 142537.0
(5815, 5816, 5817) 106786.0
(3484, 3485, 3486) 131815.0
(6683, 6684, 6685) 141025.0
(4475, 4476, 4477) 140554.0
(4934, 4935, 4936) 161102.0
(6862, 6863, 6864) 148332.0
(7965, 7966, 7967) 134721.0
(5150, 5151, 5152) 126331.0
(67, 68, 69) 175631.0
(1953, 1954, 1955) 156935.0
(8467, 8468, 8469) 101978.0
(9762, 9763, 9764) 136405.0
(6208, 6209, 6210) 119079.0
(3456, 3457, 3458) 140759.0
(8157, 8158, 8159) 136681.0
(3448, 3449, 3450) 116177.0
(2556, 2557, 2558) 122296.0
(2031, 2032, 2033) 104057.0
(9379, 9380, 9381) 125717.0
(8549, 8550, 8551) 109730.0
(2162, 2163, 2164) 107251.0
(6973, 6974, 6975) 138374.0
(7750, 7751, 7752) 142424.0
(4661, 4662, 4663) 138227.0
(3817, 3818, 3819) 131466.0
(6317, 6318, 6319) 134567.0
(9955, 9956, 9957) 149529.0
(6840, 6841, 6842) 135428.0
(3456, 3457, 3458) 140759.0
(6397, 6398, 6399) 126215.0
(5884, 5885, 5886) 158472.0
(2715, 2716, 2717) 131081.0
(6374, 6375, 6376) 144019.0
(4725, 4726, 4727) 130402.0
(3884, 3885, 3886) 106665.0
(3724, 3725, 3726) 153009.0
(3608, 3609, 3610) 130323.0
(9964, 9965, 9966) 127166.0
(2695, 2696, 2697) 139019.0
(2528, 2529, 2530) 142812.0
(5422, 5423, 5424) 164060.0
(3515, 3516, 3517) 113345.0
(6755, 6756, 6757) 130579.0
(7546, 7547, 7548) 111731.0
(9102, 9103, 9104) 104373.0
(965, 966, 967) 147904.0
(3889, 3890, 3891) 123964.0
(4422, 4423, 4424) 104845.0
(6734, 6735, 6736) 119271.0
(8545, 8546, 8547) 124509.0
(5412, 5413, 5414) 136379.0
(6001, 6002, 6003) 149981.0
(3489, 3490, 3491) 130917.0
(4919, 4920, 4921) 150452.0
(4099, 4100, 4101) 145254.0
(2104, 2105, 2106) 134343.0
(143, 144, 145) 174588.0
(5533, 5534, 5535) 143336.0
(3191, 3192, 3193) 125292.0
(3122, 3123, 3124) 115011.0
(7883, 7884, 7885) 149821.0
(1723, 1724, 1725) 118470.0
(1248, 1249, 1250) 140595.0
(7122, 7123, 7124) 100710.0
(3964, 3965, 3966) 157286.0
(3838, 3839, 3840) 96216.0
(816, 817, 818) 147653.0
(3294, 3295, 3296) 150388.0
(6993, 6994, 6995) 124605.0
(7306, 7307, 7308) 128854.0
(3124, 3125, 3126) 93838.0
(3864, 3865, 3866) 143381.0
(1282, 1283, 1284) 124194.0
(9589, 9590, 9591) 153007.0
(1494, 1495, 1496) 140769.0
(458, 459, 460) 107907.0
(8436, 8437, 8438) 149826.0
(6746, 6747, 6748) 117703.0
(2912, 2913, 2914) 121813.0
(8829, 8830, 8831) 132379.0
(5454, 5455, 5456) 131177.0
(7231, 7232, 7233) 85413.0
(2734, 2735, 2736) 122706.0
(6609, 6610, 6611) 100751.0
(9465, 9466, 9467) 155154.0
(2843, 2844, 2845) 124475.0
(9908, 9909, 9910) 129369.0
(977, 978, 979) 129061.0
(1108, 1109, 1110) 121038.0
(9259, 9260, 9261) 125579.0
(711, 712, 713) 147565.0
(324, 325, 326) 136470.0
(6466, 6467, 6468) 137607.0
(8, 9, 10) 132100.0
(9063, 9064, 9065) 155474.0
(4962, 4963, 4964) 140934.0
(769, 770, 771) 118754.0
(7692, 7693, 7694) 169219.0
(6964, 6965, 6966) 132100.0
(2144, 2145, 2146) 142067.0
(8184, 8185, 8186) 151762.0
(3106, 3107, 3108) 94534.0
(3420, 3421, 3422) 104828.0
(1672, 1673, 1674) 126640.0
(6940, 6941, 6942) 150876.0
(5741, 5742, 5743) 138263.0
(293, 294, 295) 129659.0
(6355, 6356, 6357) 117622.0
(7391, 7392, 7393) 107413.0
(9488, 9489, 9490) 129861.0
(6096, 6097, 6098) 148345.0
(8615, 8616, 8617) 105428.0
(5905, 5906, 5907) 130647.0
(8284, 8285, 8286) 119625.0
(1353, 1354, 1355) 173116.0
(1493, 1494, 1495) 126993.0
(4280, 4281, 4282) 101583.0
(6035, 6036, 6037) 124349.0
(1298, 1299, 1300) 111422.0
(3950, 3951, 3952) 130167.0
(4880, 4881, 4882) 154082.0
(7026, 7027, 7028) 124679.0
(4475, 4476, 4477) 140554.0
(9928, 9929, 9930) 125050.0
(5297, 5298, 5299) 179544.0
(237, 238, 239) 131430.0
(2864, 2865, 2866) 126277.0
(5327, 5328, 5329) 148253.0
(7431, 7432, 7433) 107886.0
(8719, 8720, 8721) 111357.0
(9086, 9087, 9088) 143026.0
(8165, 8166, 8167) 124367.0
(3973, 3974, 3975) 104816.0
(8081, 8082, 8083) 115867.0
(6408, 6409, 6410) 113564.0
(2335, 2336, 2337) 178582.0
(6894, 6895, 6896) 145056.0
(2618, 2619, 2620) 135242.0
(2205, 2206, 2207) 126351.0
(2621, 2622, 2623) 121800.0
(4512, 4513, 4514) 116819.0
(7787, 7788, 7789) 116222.0
(6109, 6110, 6111) 139223.0
(1605, 1606, 1607) 125835.0
(256, 257, 258) 116623.0
(3707, 3708, 3709) 106690.0
(7796, 7797, 7798) 136311.0
(9565, 9566, 9567) 143099.0
(254, 255, 256) 110209.0
(6452, 6453, 6454) 154224.0
(1324, 1325, 1326) 132726.0
(5952, 5953, 5954) 136545.0
(2597, 2598, 2599) 139868.0
(5143, 5144, 5145) 164610.0
(5014, 5015, 5016) 115496.0
(4009, 4010, 4011) 145485.0
(8491, 8492, 8493) 109314.0
(2475, 2476, 2477) 122984.0
(6190, 6191, 6192) 140955.0
(9403, 9404, 9405) 129375.0
(6228, 6229, 6230) 156991.0
(6388, 6389, 6390) 103083.0
(3576, 3577, 3578) 150901.0
(8925, 8926, 8927) 145386.0
(8079, 8080, 8081) 148972.0
(701, 702, 703) 155280.0
(3453, 3454, 3455) 146562.0
(6101, 6102, 6103) 137597.0
(8350, 8351, 8352) 142796.0
(1575, 1576, 1577) 127505.0
(1516, 1517, 1518) 143307.0
(5127, 5128, 5129) 143524.0
(2588, 2589, 2590) 117803.0
(1172, 1173, 1174) 131682.0
(6004, 6005, 6006) 101058.0
(1485, 1486, 1487) 164389.0
(4928, 4929, 4930) 125267.0
(6382, 6383, 6384) 128989.0
(3773, 3774, 3775) 122355.0
(8036, 8037, 8038) 109539.0
(7958, 7959, 7960) 124253.0
(6623, 6624, 6625) 134442.0
(1284, 1285, 1286) 117192.0
(7320, 7321, 7322) 116719.0
(504, 505, 506) 102152.0
(8197, 8198, 8199) 120939.0
(3184, 3185, 3186) 121373.0
(3440, 3441, 3442) 172587.0
(7878, 7879, 7880) 124446.0
