(37, 38, 39) 106935.0
(5541, 5542, 5543) 133342.0
(2975, 2976, 2977) 140282.0
(3210, 3211, 3212) 124832.0
(28, 29, 30) 96323.0
(6106, 6107, 6108) 151700.0
(5414, 5415, 5416) 133069.0
(4708, 4709, 4710) 102393.0
(5997, 5998, 5999) 138158.0
(7556, 7557, 7558) 179982.0
(4330, 4331, 4332) 152462.0
(7258, 7259, 7260) 171321.0
(8707, 8708, 8709) 136530.0
(1700, 1701, 1702) 130549.0
(3250, 3251, 3252) 125338.0
(4827, 4828, 4829) 125588.0
(6062, 6063, 6064) 101943.0
(2985, 2986, 2987) 129791.0
(32, 33, 34) 152595.0
(847, 848, 849) 145723.0
(4229, 4230, 4231) 118619.0
(4200, 4201, 4202) 122124.0
(6203, 6204, 6205) 129192.0
(4266, 4267, 4268) 96976.0
(5918, 5919, 5920) 124026.0
(7440, 7441, 7442) 104930.0
(9220, 9221, 9222) 151171.0
(6842, 6843, 6844) 128567.0
(3034, 3035, 3036) 142938.0
(9141, 9142, 9143) 174334.0
(9566, 9567, 9568) 166937.0
(5968, 5969, 5970) 153235.0
(8792, 8793, 8794) 111384.0
(8848, 8849, 8850) 154677.0
(5803, 5804, 5805) 145763.0
(8673, 8674, 8675) 120293.0
(530, 531, 532) 145383.0
(8377, 8378, 8379) 96976.0
(9525, 9526, 9527) 108560.0
(7347, 7348, 7349) 119455.0
(837, 838, 839) 145363.0
(1828, 1829, 1830) 132081.0
(7802, 7803, 7804) 108312.0
(6708, 6709, 6710) 156691.0
(6541, 6542, 6543) 142771.0
(8049, 8050, 8051) 142304.0
(9298, 9299, 9300) 148750.0
(7619, 7620, 7621) 118846.0
(6259, 6260, 6261) 141284.0
(4415, 4416, 4417) 150101.0
(9374, 9375, 9376) 114405.0
(6232, 6233, 6234) 107505.0
(941, 942, 943) 121213.0
(861, 862, 863) 141358.0
(6618, 6619, 6620) 174919.0
(2700, 2701, 2702) 130485.0
(701, 702, 703) 157417.0
(7939, 7940, 7941) 136466.0
(360, 361, 362) 144200.0
(6727, 6728, 6729) 116179.0
(2316, 2317, 2318) 142471.0
(9968, 9969, 9970) 120140.0
(5930, 5931, 5932) 136205.0
(2242, 2243, 2244) 154916.0
(55, 56, 57) 119718.0
(1019, 1020, 1021) 131564.0
(9519, 9520, 9521) 135909.0
(6635, 6636, 6637) 128581.0
(8942, 8943, 8944) 124278.0
(3475, 3476, 3477) 158356.0
(4430, 4431, 4432) 153557.0
(6709, 6710, 6711) 124532.0
(3626, 3627, 3628) 113196.0
(9811, 9812, 9813) 153163.0
(9878, 9879, 9880) 130320.0
(5045, 5046, 5047) 154811.0
(7647, 7648, 7649) 124512.0
(181, 182, 183) 154942.0
(4078, 4079, 4080) 128885.0
(6982, 6983, 6984) 120472.0
(4498, 4499, 4500) 181849.0
(9032, 9033, 9034) 135566.0
(271, 272, 273) 142463.0
(8483, 8484, 8485) 129939.0
(8301, 8302, 8303) 186982.0
(6040, 6041, 6042) 119103.0
(8645, 8646, 8647) 107155.0
(9249, 9250, 9251) 136439.0
(3359, 3360, 3361) 112602.0
(2060, 2061, 2062) 109590.0
(7166, 7167, 7168) 177930.0
(455, 456, 457) 145775.0
(202, 203, 204) 116719.0
(5499, 5500, 5501) 148523.0
(8076, 8077, 8078) 97641.0
(9290, 9291, 9292) 144408.0
(745, 746, 747) 146843.0
(1318, 1319, 1320) 146708.0
(7507, 7508, 7509) 134502.0
(3586, 3587, 3588) 125239.0
(4278, 4279, 4280) 128078.0
(8972, 8973, 8974) 114916.0
(7812, 7813, 7814) 104290.0
(7299, 7300, 7301) 122969.0
(713, 714, 715) 141325.0
(4650, 4651, 4652) 121153.0
(8369, 8370, 8371) 156043.0
(4525, 4526, 4527) 124643.0
(3079, 3080, 3081) 113921.0
(970, 971, 972) 122093.0
(7116, 7117, 7118) 116843.0
(179, 180, 181) 125462.0
(1891, 1892, 1893) 115836.0
(7020, 7021, 7022) 143406.0
(1008, 1009, 1010) 148009.0
(6669, 6670, 6671) 125270.0
(5922, 5923, 5924) 140947.0
(8876, 8877, 8878) 136503.0
(4885, 4886, 4887) 107712.0
(8896, 8897, 8898) 110992.0
(3075, 3076, 3077) 121016.0
(228, 229, 230) 118638.0
(9300, 9301, 9302) 121889.0
(3526, 3527, 3528) 105696.0
(9105, 9106, 9107) 156947.0
(4946, 4947, 4948) 124026.0
(2580, 2581, 2582) 160612.0
(9892, 9893, 9894) 130593.0
(9160, 9161, 9162) 140250.0
(1435, 1436, 1437) 131569.0
(6404, 6405, 6406) 137261.0
(7483, 7484, 7485) 135558.0
(47, 48, 49) 114647.0
(3021, 3022, 3023) 118765.0
(1527, 1528, 1529) 125068.0
(3016, 3017, 3018) 150236.0
(1615, 1616, 1617) 154960.0
(1253, 1254, 1255) 144638.0
(8678, 8679, 8680) 164582.0
(6370, 6371, 6372) 115421.0
(8710, 8711, 8712) 130400.0
(7511, 7512, 7513) 123759.0
(2169, 2170, 2171) 131668.0
(5157, 5158, 5159) 146616.0
(3363, 3364, 3365) 116496.0
(4714, 4715, 4716) 155724.0
(4394, 4395, 4396) 128958.0
(683, 684, 685) 126208.0
(7752, 7753, 7754) 115889.0
(5504, 5505, 5506) 129166.0
(6927, 6928, 6929) 146563.0
(5037, 5038, 5039) 121694.0
(7483, 7484, 7485) 135558.0
(3211, 3212, 3213) 162983.0
(8256, 8257, 8258) 125564.0
(9979, 9980, 9981) 119724.0
(3937, 3938, 3939) 99056.0
(5051, 5052, 5053) 168308.0
(2019, 2020, 2021) 153149.0
(2499, 2500, 2501) 131365.0
(6775, 6776, 6777) 155476.0
(8877, 8878, 8879) 127962.0
(7761, 7762, 7763) 113979.0
(2324, 2325, 2326) 147607.0
(8709, 8710, 8711) 132489.0
(7479, 7480, 7481) 144634.0
(7378, 7379, 7380) 139048.0
(2990, 2991, 2992) 118310.0
(968, 969, 970) 121868.0
(2712, 2713, 2714) 126381.0
(8779, 8780, 8781) 150911.0
(3731, 3732, 3733) 127943.0
(656, 657, 658) 136296.0
(3226, 3227, 3228) 176445.0
(8057, 8058, 8059) 119504.0
(4038, 4039, 4040) 119380.0
(5721, 5722, 5723) 134139.0
(2538, 2539, 2540) 161053.0
(8560, 8561, 8562) 137339.0
(2396, 2397, 2398) 123247.0
(7846, 7847, 7848) 130222.0
(8833, 8834, 8835) 166833.0
(1291, 1292, 1293) 163218.0
(7255, 7256, 7257) 162778.0
(7829, 7830, 7831) 146874.0
(9680, 9681, 9682) 168204.0
(1769, 1770, 1771) 123440.0
(4335, 4336, 4337) 114989.0
(6891, 6892, 6893) 122647.0
(2865, 2866, 2867) 133690.0
(1470, 1471, 1472) 115113.0
(6640, 6641, 6642) 124024.0
(1303, 1304, 1305) 150789.0
(4746, 4747, 4748) 118816.0
(768, 769, 770) 138722.0
(6074, 6075, 6076) 133100.0
(7996, 7997, 7998) 168031.0
(7426, 7427, 7428) 127131.0
(2704, 2705, 2706) 138151.0
(5661, 5662, 5663) 138812.0
(3236, 3237, 3238) 115574.0
