(3636, 3637, 3638) 139940.0
(6946, 6947, 6948) 154204.0
(4865, 4866, 4867) 146778.0
(467, 468, 469) 113617.0
(5911, 5912, 5913) 138165.0
(5809, 5810, 5811) 83499.0
(4923, 4924, 4925) 142612.0
(7987, 7988, 7989) 149653.0
(1780, 1781, 1782) 116374.0
(3559, 3560, 3561) 111912.0
(3649, 3650, 3651) 117816.0
(3383, 3384, 3385) 142891.0
(4732, 4733, 4734) 151753.0
(9004, 9005, 9006) 185152.0
(7804, 7805, 7806) 135851.0
(257, 258, 259) 145490.0
(8610, 8611, 8612) 150099.0
(2261, 2262, 2263) 142338.0
(2714, 2715, 2716) 125266.0
(8460, 8461, 8462) 166089.0
(8915, 8916, 8917) 120936.0
(845, 846, 847) 154286.0
(3584, 3585, 3586) 141636.0
(2994, 2995, 2996) 114944.0
(5023, 5024, 5025) 140303.0
(9105, 9106, 9107) 161893.0
(2280, 2281, 2282) 127559.0
(2240, 2241, 2242) 119229.0
(8969, 8970, 8971) 119013.0
(8340, 8341, 8342) 142406.0
(5951, 5952, 5953) 167550.0
(6850, 6851, 6852) 101722.0
(6041, 6042, 6043) 129318.0
(2709, 2710, 2711) 111525.0
(4662, 4663, 4664) 133784.0
(2052, 2053, 2054) 113293.0
(6240, 6241, 6242) 162487.0
(4087, 4088, 4089) 112603.0
(7013, 7014, 7015) 112268.0
(2502, 2503, 2504) 131142.0
(3525, 3526, 3527) 148208.0
(5241, 5242, 5243) 133143.0
(5907, 5908, 5909) 124160.0
(8354, 8355, 8356) 165791.0
(3597, 3598, 3599) 113546.0
(8933, 8934, 8935) 112488.0
(7672, 7673, 7674) 148967.0
(2402, 2403, 2404) 157264.0
(1562, 1563, 1564) 139095.0
(1614, 1615, 1616) 171708.0
(3333, 3334, 3335) 104889.0
(5987, 5988, 5989) 121290.0
(8394, 8395, 8396) 123040.0
(5546, 5547, 5548) 140074.0
(7703, 7704, 7705) 105706.0
(7877, 7878, 7879) 106473.0
(7169, 7170, 7171) 139888.0
(9978, 9979, 9980) 142975.0
(2151, 2152, 2153) 130061.0
(6565, 6566, 6567) 129503.0
(875, 876, 877) 130898.0
(7682, 7683, 7684) 98967.0
(1353, 1354, 1355) 180512.0
(6119, 6120, 6121) 148657.0
(6719, 6720, 6721) 156648.0
(2295, 2296, 2297) 151133.0
(906, 907, 908) 170096.0
(4289, 4290, 4291) 164555.0
(5085, 5086, 5087) 139289.0
(4644, 4645, 4646) 135947.0
(2361, 2362, 2363) 117771.0
(2226, 2227, 2228) 175222.0
(5066, 5067, 5068) 188323.0
(7167, 7168, 7169) 146491.0
(1387, 1388, 1389) 155546.0
(140, 141, 142) 129092.0
(8364, 8365, 8366) 145208.0
(3779, 3780, 3781) 114546.0
(1944, 1945, 1946) 114419.0
(1642, 1643, 1644) 162208.0
(3424, 3425, 3426) 141024.0
(4481, 4482, 4483) 151397.0
(4611, 4612, 4613) 126592.0
(7473, 7474, 7475) 115662.0
(2077, 2078, 2079) 124686.0
(4169, 4170, 4171) 140540.0
(3911, 3912, 3913) 147770.0
(9712, 9713, 9714) 127834.0
(8204, 8205, 8206) 145926.0
(7727, 7728, 7729) 116439.0
(128, 129, 130) 144301.0
(8709, 8710, 8711) 134002.0
(6728, 6729, 6730) 139805.0
(2722, 2723, 2724) 126266.0
(6355, 6356, 6357) 124821.0
(3847, 3848, 3849) 172916.0
(3289, 3290, 3291) 133909.0
(8830, 8831, 8832) 167546.0
(3533, 3534, 3535) 155612.0
(3347, 3348, 3349) 111729.0
(1355, 1356, 1357) 143886.0
(8399, 8400, 8401) 162193.0
(817, 818, 819) 117173.0
(369, 370, 371) 120241.0
(7417, 7418, 7419) 128864.0
(882, 883, 884) 95716.0
(3989, 3990, 3991) 180444.0
(3861, 3862, 3863) 175588.0
(3901, 3902, 3903) 163208.0
(2204, 2205, 2206) 139740.0
(4429, 4430, 4431) 150805.0
(5138, 5139, 5140) 149044.0
(7717, 7718, 7719) 107934.0
(8932, 8933, 8934) 150437.0
(2086, 2087, 2088) 140933.0
(8522, 8523, 8524) 112439.0
(1767, 1768, 1769) 172849.0
(3510, 3511, 3512) 162555.0
(9385, 9386, 9387) 134131.0
(8941, 8942, 8943) 153807.0
(9663, 9664, 9665) 124866.0
(9203, 9204, 9205) 131256.0
(600, 601, 602) 110112.0
(4110, 4111, 4112) 178855.0
(123, 124, 125) 148257.0
(5609, 5610, 5611) 136533.0
(5733, 5734, 5735) 105528.0
(4635, 4636, 4637) 140058.0
(2970, 2971, 2972) 116458.0
(7464, 7465, 7466) 129089.0
(7229, 7230, 7231) 150068.0
(8636, 8637, 8638) 99750.0
(2627, 2628, 2629) 147485.0
(5735, 5736, 5737) 113784.0
(4664, 4665, 4666) 118630.0
(5792, 5793, 5794) 172181.0
(1588, 1589, 1590) 147800.0
(8348, 8349, 8350) 106810.0
(3272, 3273, 3274) 153415.0
(8136, 8137, 8138) 137242.0
(8537, 8538, 8539) 126422.0
(9296, 9297, 9298) 124499.0
(3315, 3316, 3317) 136669.0
(7449, 7450, 7451) 132753.0
(5776, 5777, 5778) 149694.0
(9060, 9061, 9062) 132481.0
(3380, 3381, 3382) 122655.0
(9331, 9332, 9333) 155626.0
(9540, 9541, 9542) 210783.0
(6003, 6004, 6005) 113216.0
(6276, 6277, 6278) 135275.0
(8608, 8609, 8610) 155195.0
(726, 727, 728) 154382.0
(1367, 1368, 1369) 133745.0
(6191, 6192, 6193) 155678.0
(1388, 1389, 1390) 179313.0
(8234, 8235, 8236) 101565.0
(9055, 9056, 9057) 159302.0
(9781, 9782, 9783) 116999.0
(4638, 4639, 4640) 115762.0
(6615, 6616, 6617) 135529.0
(7054, 7055, 7056) 135462.0
(4107, 4108, 4109) 132794.0
(7948, 7949, 7950) 121603.0
(3003, 3004, 3005) 109078.0
(5786, 5787, 5788) 136301.0
(502, 503, 504) 152841.0
(2966, 2967, 2968) 116080.0
(4524, 4525, 4526) 130175.0
(9865, 9866, 9867) 113145.0
(2436, 2437, 2438) 199653.0
(5726, 5727, 5728) 129097.0
(8621, 8622, 8623) 148851.0
(9240, 9241, 9242) 123002.0
(1047, 1048, 1049) 189045.0
(5045, 5046, 5047) 155614.0
(5039, 5040, 5041) 128362.0
(5433, 5434, 5435) 144222.0
(3203, 3204, 3205) 104411.0
(7317, 7318, 7319) 128942.0
(34, 35, 36) 130880.0
(1632, 1633, 1634) 104859.0
(1381, 1382, 1383) 149262.0
(9517, 9518, 9519) 143659.0
(7123, 7124, 7125) 140028.0
(3061, 3062, 3063) 147900.0
(2675, 2676, 2677) 160247.0
(4429, 4430, 4431) 150805.0
(5857, 5858, 5859) 181597.0
(2416, 2417, 2418) 138621.0
(1281, 1282, 1283) 143818.0
(2636, 2637, 2638) 123565.0
(9024, 9025, 9026) 122077.0
(2926, 2927, 2928) 129270.0
(5113, 5114, 5115) 142391.0
(4323, 4324, 4325) 148215.0
(666, 667, 668) 123995.0
(9165, 9166, 9167) 115869.0
(5687, 5688, 5689) 136034.0
(308, 309, 310) 142025.0
(5845, 5846, 5847) 133693.0
