(9641, 9642, 9643) 173919.0
(2995, 2996, 2997) 124231.0
(8133, 8134, 8135) 154788.0
(6536, 6537, 6538) 156751.0
(4130, 4131, 4132) 110428.0
(5356, 5357, 5358) 127705.0
(8017, 8018, 8019) 129267.0
(4955, 4956, 4957) 166553.0
(5544, 5545, 5546) 123945.0
(5807, 5808, 5809) 117874.0
(4895, 4896, 4897) 120170.0
(6640, 6641, 6642) 124479.0
(8941, 8942, 8943) 159540.0
(416, 417, 418) 153530.0
(7900, 7901, 7902) 121731.0
(2621, 2622, 2623) 125390.0
(8420, 8421, 8422) 145735.0
(1123, 1124, 1125) 126785.0
(4339, 4340, 4341) 127269.0
(7851, 7852, 7853) 108532.0
(5461, 5462, 5463) 127165.0
(4376, 4377, 4378) 142024.0
(4592, 4593, 4594) 115704.0
(7794, 7795, 7796) 157928.0
(4432, 4433, 4434) 152777.0
(7995, 7996, 7997) 182382.0
(2477, 2478, 2479) 133776.0
(2716, 2717, 2718) 112121.0
(1825, 1826, 1827) 174753.0
(3989, 3990, 3991) 180249.0
(940, 941, 942) 128967.0
(5043, 5044, 5045) 132171.0
(6464, 6465, 6466) 148053.0
(4655, 4656, 4657) 131843.0
(8759, 8760, 8761) 123467.0
(5297, 5298, 5299) 186144.0
(2868, 2869, 2870) 143345.0
(1697, 1698, 1699) 119938.0
(5681, 5682, 5683) 132952.0
(7219, 7220, 7221) 153982.0
(1329, 1330, 1331) 155402.0
(8342, 8343, 8344) 126591.0
(233, 234, 235) 136258.0
(1187, 1188, 1189) 109284.0
(9406, 9407, 9408) 123014.0
(3713, 3714, 3715) 127670.0
(4654, 4655, 4656) 115019.0
(5154, 5155, 5156) 131375.0
(7034, 7035, 7036) 115876.0
(4141, 4142, 4143) 134481.0
(121, 122, 123) 112058.0
(4567, 4568, 4569) 150876.0
(3228, 3229, 3230) 161760.0
(1501, 1502, 1503) 149149.0
(7082, 7083, 7084) 113027.0
(2966, 2967, 2968) 116673.0
(493, 494, 495) 110450.0
(436, 437, 438) 174619.0
(5688, 5689, 5690) 142408.0
(690, 691, 692) 151550.0
(1167, 1168, 1169) 135174.0
(6205, 6206, 6207) 103917.0
(5248, 5249, 5250) 109338.0
(984, 985, 986) 124552.0
(7824, 7825, 7826) 146104.0
(8745, 8746, 8747) 152383.0
(1327, 1328, 1329) 140766.0
(1350, 1351, 1352) 165434.0
(232, 233, 234) 150378.0
(1104, 1105, 1106) 151644.0
(8825, 8826, 8827) 195810.0
(7019, 7020, 7021) 171785.0
(8043, 8044, 8045) 131941.0
(2782, 2783, 2784) 131227.0
(6101, 6102, 6103) 140519.0
(9184, 9185, 9186) 141038.0
(3162, 3163, 3164) 145960.0
(8071, 8072, 8073) 138859.0
(8666, 8667, 8668) 142737.0
(4581, 4582, 4583) 166648.0
(5540, 5541, 5542) 100833.0
(3194, 3195, 3196) 131204.0
(8891, 8892, 8893) 119624.0
(6466, 6467, 6468) 141893.0
(9447, 9448, 9449) 157729.0
(9552, 9553, 9554) 147003.0
(4966, 4967, 4968) 147310.0
(227, 228, 229) 145158.0
(1158, 1159, 1160) 154922.0
(2114, 2115, 2116) 142042.0
(8892, 8893, 8894) 166233.0
(6562, 6563, 6564) 120253.0
(3683, 3684, 3685) 133810.0
(2563, 2564, 2565) 125105.0
(5704, 5705, 5706) 121338.0
(6742, 6743, 6744) 143263.0
(2163, 2164, 2165) 123086.0
(2477, 2478, 2479) 133776.0
(2355, 2356, 2357) 170076.0
(131, 132, 133) 151698.0
(194, 195, 196) 110431.0
(1816, 1817, 1818) 137439.0
(5100, 5101, 5102) 116839.0
(8365, 8366, 8367) 122389.0
(1396, 1397, 1398) 138349.0
(9440, 9441, 9442) 150374.0
(1871, 1872, 1873) 161397.0
(6181, 6182, 6183) 127745.0
(5126, 5127, 5128) 126966.0
(5918, 5919, 5920) 126425.0
(5173, 5174, 5175) 111928.0
(2664, 2665, 2666) 158113.0
(8880, 8881, 8882) 155184.0
(2926, 2927, 2928) 130544.0
(376, 377, 378) 135851.0
(6191, 6192, 6193) 155530.0
(9845, 9846, 9847) 138226.0
(6604, 6605, 6606) 144894.0
(4045, 4046, 4047) 162722.0
(8973, 8974, 8975) 135612.0
(7451, 7452, 7453) 117225.0
(3630, 3631, 3632) 139288.0
(2950, 2951, 2952) 151514.0
(7707, 7708, 7709) 142249.0
(2354, 2355, 2356) 100693.0
(1686, 1687, 1688) 199806.0
(3020, 3021, 3022) 113528.0
(5425, 5426, 5427) 121212.0
(5439, 5440, 5441) 120220.0
(9499, 9500, 9501) 142452.0
(4577, 4578, 4579) 134624.0
(4581, 4582, 4583) 166648.0
(8278, 8279, 8280) 106149.0
(1944, 1945, 1946) 116225.0
(8671, 8672, 8673) 161906.0
(8203, 8204, 8205) 167819.0
(6645, 6646, 6647) 112139.0
(1881, 1882, 1883) 158322.0
(6711, 6712, 6713) 138145.0
(5187, 5188, 5189) 132353.0
(253, 254, 255) 114658.0
(1141, 1142, 1143) 147607.0
(5957, 5958, 5959) 173900.0
(6571, 6572, 6573) 108393.0
(2932, 2933, 2934) 128007.0
(5854, 5855, 5856) 131051.0
(4437, 4438, 4439) 133831.0
(9778, 9779, 9780) 145881.0
(2119, 2120, 2121) 111085.0
(9861, 9862, 9863) 161201.0
(2157, 2158, 2159) 121077.0
(2984, 2985, 2986) 137355.0
(5097, 5098, 5099) 143794.0
(9383, 9384, 9385) 130921.0
(9470, 9471, 9472) 142759.0
(5231, 5232, 5233) 110427.0
(7084, 7085, 7086) 131427.0
(7133, 7134, 7135) 139220.0
(2179, 2180, 2181) 136473.0
(5442, 5443, 5444) 112118.0
(5704, 5705, 5706) 121338.0
(1405, 1406, 1407) 135777.0
(3563, 3564, 3565) 142925.0
(9484, 9485, 9486) 141434.0
(9234, 9235, 9236) 149738.0
(4119, 4120, 4121) 136842.0
(9472, 9473, 9474) 131484.0
(3420, 3421, 3422) 109230.0
(3232, 3233, 3234) 168850.0
(2607, 2608, 2609) 162432.0
(9242, 9243, 9244) 150921.0
(7575, 7576, 7577) 99278.0
(5861, 5862, 5863) 142698.0
(3901, 3902, 3903) 163214.0
(3625, 3626, 3627) 132931.0
(6952, 6953, 6954) 124030.0
(1712, 1713, 1714) 141911.0
(4753, 4754, 4755) 139144.0
(3363, 3364, 3365) 119071.0
(9405, 9406, 9407) 149875.0
(1949, 1950, 1951) 169502.0
(9492, 9493, 9494) 148257.0
(8740, 8741, 8742) 124855.0
(8576, 8577, 8578) 134970.0
(8092, 8093, 8094) 143601.0
(2626, 2627, 2628) 131100.0
(1441, 1442, 1443) 131937.0
(438, 439, 440) 105981.0
(340, 341, 342) 141425.0
(9428, 9429, 9430) 128452.0
(7514, 7515, 7516) 162859.0
(5340, 5341, 5342) 127274.0
(4268, 4269, 4270) 155845.0
(5099, 5100, 5101) 126203.0
(1419, 1420, 1421) 122453.0
(1220, 1221, 1222) 174428.0
(755, 756, 757) 104205.0
(2744, 2745, 2746) 145399.0
(8528, 8529, 8530) 124132.0
(4294, 4295, 4296) 166815.0
(7679, 7680, 7681) 108529.0
(4094, 4095, 4096) 106224.0
(9592, 9593, 9594) 141370.0
(2710, 2711, 2712) 145520.0
(9648, 9649, 9650) 171328.0
(9445, 9446, 9447) 136655.0
(6084, 6085, 6086) 155033.0
(9625, 9626, 9627) 162709.0
(6158, 6159, 6160) 142972.0
(2052, 2053, 2054) 111373.0
(6483, 6484, 6485) 150653.0
(4394, 4395, 4396) 140825.0
(1287, 1288, 1289) 139143.0
(5942, 5943, 5944) 163628.0
(3798, 3799, 3800) 160551.0
(7853, 7854, 7855) 142693.0
(7467, 7468, 7469) 125262.0
(7741, 7742, 7743) 96470.0
(4482, 4483, 4484) 119805.0
(1967, 1968, 1969) 137160.0
(7889, 7890, 7891) 134959.0
(6184, 6185, 6186) 139390.0
(4725, 4726, 4727) 143251.0
(1485, 1486, 1487) 173895.0
(5585, 5586, 5587) 165307.0
(4771, 4772, 4773) 134972.0
(8998, 8999, 9000) 181985.0
(6991, 6992, 6993) 115782.0
(2290, 2291, 2292) 142145.0
(6204, 6205, 6206) 157044.0
(9184, 9185, 9186) 141038.0
(2484, 2485, 2486) 141034.0
(3416, 3417, 3418) 129603.0
(6885, 6886, 6887) 146811.0
(6597, 6598, 6599) 141331.0
(8803, 8804, 8805) 149884.0
(2438, 2439, 2440) 107559.0
(5421, 5422, 5423) 182906.0
(6729, 6730, 6731) 135247.0
(129, 130, 131) 126843.0
(7732, 7733, 7734) 145433.0
(1607, 1608, 1609) 130769.0
(9981, 9982, 9983) 135549.0
(193, 194, 195) 120329.0
(7359, 7360, 7361) 170373.0
(8937, 8938, 8939) 162398.0
(2585, 2586, 2587) 146471.0
(9743, 9744, 9745) 123515.0
(1932, 1933, 1934) 156241.0
(1006, 1007, 1008) 139287.0
(3452, 3453, 3454) 145844.0
(3121, 3122, 3123) 137669.0
(7366, 7367, 7368) 159243.0
(2752, 2753, 2754) 108000.0
(2163, 2164, 2165) 123086.0
(4949, 4950, 4951) 128610.0
(3124, 3125, 3126) 98608.0
(572, 573, 574) 147771.0
(6540, 6541, 6542) 136364.0
(4775, 4776, 4777) 170070.0
(2275, 2276, 2277) 116238.0
(4226, 4227, 4228) 142259.0
(8303, 8304, 8305) 134912.0
(3295, 3296, 3297) 135418.0
(6246, 6247, 6248) 122771.0
(3028, 3029, 3030) 155703.0
(9160, 9161, 9162) 145352.0
(6038, 6039, 6040) 145224.0
(4603, 4604, 4605) 152071.0
(5341, 5342, 5343) 117629.0
(8442, 8443, 8444) 168516.0
(7994, 7995, 7996) 101882.0
(7004, 7005, 7006) 128842.0
(8266, 8267, 8268) 137673.0
(2328, 2329, 2330) 127539.0
(2953, 2954, 2955) 110997.0
(6845, 6846, 6847) 136351.0
(313, 314, 315) 143457.0
(5922, 5923, 5924) 152493.0
(9795, 9796, 9797) 114511.0
(1826, 1827, 1828) 150006.0
(4909, 4910, 4911) 122990.0
(8964, 8965, 8966) 134510.0
(3715, 3716, 3717) 147976.0
(8920, 8921, 8922) 100204.0
(1683, 1684, 1685) 163124.0
(5503, 5504, 5505) 142742.0
(7648, 7649, 7650) 146073.0
(3716, 3717, 3718) 123295.0
(5433, 5434, 5435) 146216.0
(7565, 7566, 7567) 143608.0
(7776, 7777, 7778) 125924.0
(3890, 3891, 3892) 132468.0
(9206, 9207, 9208) 136298.0
(3354, 3355, 3356) 164481.0
(1428, 1429, 1430) 138719.0
(4316, 4317, 4318) 156728.0
(5141, 5142, 5143) 143630.0
(384, 385, 386) 125691.0
(7336, 7337, 7338) 126944.0
(1474, 1475, 1476) 131573.0
(8886, 8887, 8888) 139449.0
(7907, 7908, 7909) 150748.0
(8244, 8245, 8246) 144952.0
(9526, 9527, 9528) 123915.0
(4190, 4191, 4192) 153763.0
(3356, 3357, 3358) 120099.0
(2248, 2249, 2250) 144529.0
(2027, 2028, 2029) 138805.0
(1981, 1982, 1983) 141760.0
(8604, 8605, 8606) 153063.0
(3207, 3208, 3209) 139452.0
(120, 121, 122) 149076.0
(9986, 9987, 9988) 119588.0
(6060, 6061, 6062) 215389.0
(2038, 2039, 2040) 123188.0
(8420, 8421, 8422) 145735.0
(8184, 8185, 8186) 156418.0
(4685, 4686, 4687) 140457.0
(2744, 2745, 2746) 145399.0
(813, 814, 815) 142530.0
(3651, 3652, 3653) 119003.0
(667, 668, 669) 152307.0
(4228, 4229, 4230) 129764.0
(7299, 7300, 7301) 124950.0
(5752, 5753, 5754) 172485.0
(5009, 5010, 5011) 165518.0
(4988, 4989, 4990) 114662.0
(6897, 6898, 6899) 170028.0
(3774, 3775, 3776) 120307.0
(2880, 2881, 2882) 147174.0
(2151, 2152, 2153) 140894.0
(3529, 3530, 3531) 148269.0
(7026, 7027, 7028) 127838.0
(7374, 7375, 7376) 148274.0
(1474, 1475, 1476) 131573.0
(7813, 7814, 7815) 120589.0
(8590, 8591, 8592) 122365.0
(3915, 3916, 3917) 148219.0
(7005, 7006, 7007) 150572.0
(3081, 3082, 3083) 159260.0
(4538, 4539, 4540) 133089.0
(4878, 4879, 4880) 170196.0
(1745, 1746, 1747) 136758.0
(5612, 5613, 5614) 137717.0
(1363, 1364, 1365) 109729.0
(6387, 6388, 6389) 118822.0
(822, 823, 824) 163506.0
(9233, 9234, 9235) 146702.0
(942, 943, 944) 192918.0
(8190, 8191, 8192) 154239.0
(3144, 3145, 3146) 129843.0
(5996, 5997, 5998) 135645.0
(8357, 8358, 8359) 177456.0
(4900, 4901, 4902) 113620.0
(2836, 2837, 2838) 129606.0
(5696, 5697, 5698) 153690.0
(7184, 7185, 7186) 125663.0
(5320, 5321, 5322) 144174.0
(396, 397, 398) 156141.0
(8188, 8189, 8190) 125652.0
(2743, 2744, 2745) 125991.0
(1677, 1678, 1679) 149415.0
(8134, 8135, 8136) 158113.0
(6388, 6389, 6390) 115833.0
(8780, 8781, 8782) 162742.0
(429, 430, 431) 136388.0
(1646, 1647, 1648) 147765.0
(8316, 8317, 8318) 154319.0
(9973, 9974, 9975) 123082.0
(7162, 7163, 7164) 133864.0
(9423, 9424, 9425) 167022.0
(2682, 2683, 2684) 132477.0
(207, 208, 209) 168551.0
(2475, 2476, 2477) 130699.0
(3378, 3379, 3380) 140219.0
(5014, 5015, 5016) 125425.0
(5250, 5251, 5252) 169565.0
(9333, 9334, 9335) 140891.0
(4481, 4482, 4483) 154005.0
(6577, 6578, 6579) 120706.0
(3373, 3374, 3375) 89592.0
(9589, 9590, 9591) 152740.0
(3415, 3416, 3417) 160330.0
(3954, 3955, 3956) 171480.0
(7950, 7951, 7952) 138223.0
(6337, 6338, 6339) 127610.0
(7604, 7605, 7606) 127900.0
(311, 312, 313) 139377.0
(8738, 8739, 8740) 138122.0
(1580, 1581, 1582) 123049.0
(7455, 7456, 7457) 166064.0
(9785, 9786, 9787) 146784.0
(8080, 8081, 8082) 129078.0
(175, 176, 177) 158761.0
(664, 665, 666) 147309.0
(1715, 1716, 1717) 142094.0
(5778, 5779, 5780) 90850.0
(351, 352, 353) 123891.0
(3129, 3130, 3131) 103413.0
(4276, 4277, 4278) 136887.0
(1989, 1990, 1991) 142249.0
(8901, 8902, 8903) 142538.0
(7886, 7887, 7888) 137358.0
(9047, 9048, 9049) 170171.0
(3320, 3321, 3322) 159530.0
(7455, 7456, 7457) 166064.0
(1300, 1301, 1302) 121966.0
(3341, 3342, 3343) 137724.0
(9624, 9625, 9626) 119382.0
(5719, 5720, 5721) 163409.0
(7745, 7746, 7747) 146392.0
(8193, 8194, 8195) 139603.0
(3515, 3516, 3517) 118886.0
(5025, 5026, 5027) 164338.0
(7730, 7731, 7732) 111081.0
(4281, 4282, 4283) 110007.0
(1232, 1233, 1234) 148600.0
(9449, 9450, 9451) 143669.0
(8374, 8375, 8376) 130469.0
(1149, 1150, 1151) 143248.0
(7347, 7348, 7349) 128704.0
(9035, 9036, 9037) 115364.0
(936, 937, 938) 110965.0
(4111, 4112, 4113) 141056.0
(3904, 3905, 3906) 143554.0
(3904, 3905, 3906) 143554.0
(3885, 3886, 3887) 140057.0
(2412, 2413, 2414) 115937.0
(7670, 7671, 7672) 131879.0
(8275, 8276, 8277) 150310.0
(4922, 4923, 4924) 133729.0
(8330, 8331, 8332) 126830.0
(1784, 1785, 1786) 150264.0
(2086, 2087, 2088) 141231.0
(6787, 6788, 6789) 121445.0
(6791, 6792, 6793) 133324.0
(7676, 7677, 7678) 114578.0
(7250, 7251, 7252) 132879.0
(4232, 4233, 4234) 198229.0
(5958, 5959, 5960) 161766.0
(1405, 1406, 1407) 135777.0
(9838, 9839, 9840) 140121.0
(3040, 3041, 3042) 137521.0
(3795, 3796, 3797) 169556.0
(3585, 3586, 3587) 149364.0
(3761, 3762, 3763) 147161.0
(1947, 1948, 1949) 147471.0
(5513, 5514, 5515) 119556.0
(8282, 8283, 8284) 144696.0
(2569, 2570, 2571) 155987.0
(1757, 1758, 1759) 89864.0
(8013, 8014, 8015) 199274.0
(3383, 3384, 3385) 144981.0
(5198, 5199, 5200) 140254.0
(6594, 6595, 6596) 133240.0
(3752, 3753, 3754) 133225.0
(8277, 8278, 8279) 172809.0
(8671, 8672, 8673) 161906.0
(9783, 9784, 9785) 110534.0
(1928, 1929, 1930) 160457.0
(857, 858, 859) 136383.0
(9687, 9688, 9689) 153599.0
(4679, 4680, 4681) 152439.0
(1130, 1131, 1132) 138892.0
(729, 730, 731) 180754.0
(5797, 5798, 5799) 101339.0
(8996, 8997, 8998) 154100.0
(245, 246, 247) 145328.0
(4262, 4263, 4264) 168966.0
(9576, 9577, 9578) 144366.0
(1382, 1383, 1384) 127919.0
(757, 758, 759) 128302.0
(9651, 9652, 9653) 90284.0
(5813, 5814, 5815) 139985.0
(5677, 5678, 5679) 160141.0
(9156, 9157, 9158) 136316.0
(4488, 4489, 4490) 142162.0
(9576, 9577, 9578) 144366.0
(7824, 7825, 7826) 146104.0
(3704, 3705, 3706) 130429.0
(7734, 7735, 7736) 141400.0
(5248, 5249, 5250) 109338.0
(1812, 1813, 1814) 84023.0
(5576, 5577, 5578) 125753.0
(5447, 5448, 5449) 174440.0
(4970, 4971, 4972) 147645.0
(1047, 1048, 1049) 187697.0
(6161, 6162, 6163) 123965.0
(7652, 7653, 7654) 148335.0
(6541, 6542, 6543) 149340.0
(3724, 3725, 3726) 154455.0
(599, 600, 601) 143079.0
(503, 504, 505) 129602.0
(2841, 2842, 2843) 154974.0
(1531, 1532, 1533) 139370.0
(2864, 2865, 2866) 130185.0
(5737, 5738, 5739) 141098.0
(8320, 8321, 8322) 140161.0
(2369, 2370, 2371) 175324.0
(2788, 2789, 2790) 141124.0
(2278, 2279, 2280) 131273.0
(4498, 4499, 4500) 183844.0
(9773, 9774, 9775) 144957.0
(1832, 1833, 1834) 132354.0
(9074, 9075, 9076) 152755.0
(7516, 7517, 7518) 174311.0
(8944, 8945, 8946) 131418.0
(9446, 9447, 9448) 126248.0
(8042, 8043, 8044) 135031.0
(2891, 2892, 2893) 140294.0
(4434, 4435, 4436) 158968.0
(6499, 6500, 6501) 160867.0
(3706, 3707, 3708) 149435.0
(5709, 5710, 5711) 166610.0
(3024, 3025, 3026) 147177.0
(1359, 1360, 1361) 134253.0
(2976, 2977, 2978) 166297.0
(9476, 9477, 9478) 149930.0
(7846, 7847, 7848) 135025.0
(9542, 9543, 9544) 124043.0
(9514, 9515, 9516) 162254.0
(6422, 6423, 6424) 117500.0
(2810, 2811, 2812) 170923.0
(5331, 5332, 5333) 156655.0
(7430, 7431, 7432) 138704.0
(1091, 1092, 1093) 131531.0
(2571, 2572, 2573) 119157.0
(6116, 6117, 6118) 94453.0
(8503, 8504, 8505) 174411.0
(8176, 8177, 8178) 164647.0
(745, 746, 747) 148106.0
(7315, 7316, 7317) 124717.0
(1685, 1686, 1687) 132295.0
(6085, 6086, 6087) 152898.0
(2938, 2939, 2940) 135717.0
(9045, 9046, 9047) 152573.0
(9145, 9146, 9147) 133452.0
(1822, 1823, 1824) 144712.0
(1245, 1246, 1247) 138556.0
(7190, 7191, 7192) 154063.0
(367, 368, 369) 184736.0
(1003, 1004, 1005) 118499.0
(4416, 4417, 4418) 128022.0
(3669, 3670, 3671) 120192.0
(9826, 9827, 9828) 139565.0
(5468, 5469, 5470) 172899.0
(3180, 3181, 3182) 113451.0
(9707, 9708, 9709) 152499.0
(1999, 2000, 2001) 160848.0
(6459, 6460, 6461) 162486.0
(8939, 8940, 8941) 138012.0
(124, 125, 126) 152864.0
(4727, 4728, 4729) 146609.0
(9311, 9312, 9313) 145898.0
(4663, 4664, 4665) 151483.0
(9800, 9801, 9802) 142820.0
(5832, 5833, 5834) 127451.0
(6908, 6909, 6910) 126004.0
(485, 486, 487) 144574.0
(2375, 2376, 2377) 143218.0
(320, 321, 322) 133284.0
(9848, 9849, 9850) 150446.0
(3797, 3798, 3799) 131561.0
(6941, 6942, 6943) 161433.0
(3715, 3716, 3717) 147976.0
(1681, 1682, 1683) 130754.0
(1063, 1064, 1065) 112851.0
(7521, 7522, 7523) 178838.0
(7452, 7453, 7454) 170881.0
(1903, 1904, 1905) 128788.0
(355, 356, 357) 132999.0
(1566, 1567, 1568) 127734.0
(791, 792, 793) 154690.0
(2378, 2379, 2380) 108018.0
(7935, 7936, 7937) 157357.0
(2412, 2413, 2414) 115937.0
(5281, 5282, 5283) 146645.0
(4453, 4454, 4455) 113228.0
(8, 9, 10) 136863.0
(7371, 7372, 7373) 146061.0
(2781, 2782, 2783) 152906.0
(8112, 8113, 8114) 147685.0
(3826, 3827, 3828) 180763.0
(5862, 5863, 5864) 122487.0
(9115, 9116, 9117) 94819.0
(2499, 2500, 2501) 133600.0
(3255, 3256, 3257) 125857.0
(3178, 3179, 3180) 129696.0
(1480, 1481, 1482) 88266.0
(8205, 8206, 8207) 110700.0
(4280, 4281, 4282) 105802.0
(34, 35, 36) 132005.0
(8328, 8329, 8330) 181703.0
(3535, 3536, 3537) 124627.0
(1703, 1704, 1705) 114242.0
(8239, 8240, 8241) 115668.0
(3376, 3377, 3378) 157522.0
(7354, 7355, 7356) 171753.0
(2902, 2903, 2904) 126706.0
(7549, 7550, 7551) 120325.0
(9207, 9208, 9209) 131163.0
(129, 130, 131) 126843.0
(1188, 1189, 1190) 145810.0
(7660, 7661, 7662) 138227.0
(1693, 1694, 1695) 144838.0
(4790, 4791, 4792) 134281.0
(1696, 1697, 1698) 146822.0
(479, 480, 481) 115938.0
(4801, 4802, 4803) 128787.0
(3167, 3168, 3169) 170222.0
(5001, 5002, 5003) 161781.0
(2051, 2052, 2053) 121774.0
(9035, 9036, 9037) 115364.0
(463, 464, 465) 118559.0
(8834, 8835, 8836) 159831.0
(2351, 2352, 2353) 111094.0
(2866, 2867, 2868) 155555.0
(457, 458, 459) 112904.0
(6076, 6077, 6078) 126547.0
(8992, 8993, 8994) 165328.0
(9261, 9262, 9263) 118645.0
(2291, 2292, 2293) 147345.0
(176, 177, 178) 155824.0
(7190, 7191, 7192) 154063.0
(5319, 5320, 5321) 153603.0
(4622, 4623, 4624) 158378.0
(4885, 4886, 4887) 110282.0
(7443, 7444, 7445) 144196.0
(5406, 5407, 5408) 145021.0
(3461, 3462, 3463) 117350.0
(7555, 7556, 7557) 157792.0
(9866, 9867, 9868) 112523.0
(9835, 9836, 9837) 150565.0
(3106, 3107, 3108) 100741.0
(5968, 5969, 5970) 161389.0
(3655, 3656, 3657) 125595.0
(8138, 8139, 8140) 141252.0
(1745, 1746, 1747) 136758.0
(5146, 5147, 5148) 121317.0
(2688, 2689, 2690) 109915.0
(1495, 1496, 1497) 162378.0
(7520, 7521, 7522) 134142.0
(2187, 2188, 2189) 144943.0
(1644, 1645, 1646) 138099.0
(5082, 5083, 5084) 131364.0
(9642, 9643, 9644) 142335.0
(4838, 4839, 4840) 119942.0
(39, 40, 41) 181138.0
(8278, 8279, 8280) 106149.0
(8696, 8697, 8698) 128142.0
(761, 762, 763) 152114.0
(9525, 9526, 9527) 120812.0
(930, 931, 932) 148284.0
(6196, 6197, 6198) 179503.0
(2496, 2497, 2498) 122778.0
(9429, 9430, 9431) 162005.0
(6816, 6817, 6818) 113473.0
(4057, 4058, 4059) 167910.0
(6531, 6532, 6533) 183111.0
(4427, 4428, 4429) 157401.0
(8124, 8125, 8126) 132609.0
(3270, 3271, 3272) 153191.0
(5500, 5501, 5502) 102318.0
(9078, 9079, 9080) 113726.0
(6864, 6865, 6866) 139661.0
(3161, 3162, 3163) 143151.0
(8967, 8968, 8969) 157373.0
(8201, 8202, 8203) 148157.0
(7098, 7099, 7100) 181272.0
(5501, 5502, 5503) 122197.0
(7720, 7721, 7722) 149686.0
(1739, 1740, 1741) 153054.0
(3920, 3921, 3922) 146310.0
(3145, 3146, 3147) 127468.0
(8225, 8226, 8227) 160708.0
(1129, 1130, 1131) 118092.0
(4721, 4722, 4723) 131685.0
(2112, 2113, 2114) 150488.0
(4946, 4947, 4948) 134136.0
(2417, 2418, 2419) 120425.0
(3591, 3592, 3593) 138802.0
(5966, 5967, 5968) 117364.0
(9187, 9188, 9189) 141484.0
(2129, 2130, 2131) 133844.0
(3891, 3892, 3893) 123044.0
(5158, 5159, 5160) 116459.0
(3968, 3969, 3970) 115033.0
(6556, 6557, 6558) 127818.0
(8970, 8971, 8972) 135594.0
(6688, 6689, 6690) 119762.0
(8416, 8417, 8418) 139943.0
(579, 580, 581) 179234.0
(445, 446, 447) 132573.0
(4157, 4158, 4159) 134376.0
(2437, 2438, 2439) 185683.0
(4939, 4940, 4941) 141578.0
(4821, 4822, 4823) 127701.0
(984, 985, 986) 124552.0
(7957, 7958, 7959) 145858.0
(9434, 9435, 9436) 145154.0
(491, 492, 493) 133983.0
(2539, 2540, 2541) 124889.0
(461, 462, 463) 131533.0
(6983, 6984, 6985) 142732.0
(4494, 4495, 4496) 131547.0
(9505, 9506, 9507) 149285.0
(6704, 6705, 6706) 137932.0
(3544, 3545, 3546) 125526.0
(4868, 4869, 4870) 134467.0
(4047, 4048, 4049) 163553.0
(4978, 4979, 4980) 115951.0
(71, 72, 73) 154692.0
(4288, 4289, 4290) 109234.0
(3405, 3406, 3407) 96813.0
(3710, 3711, 3712) 152015.0
(7004, 7005, 7006) 128842.0
(1984, 1985, 1986) 140391.0
(4174, 4175, 4176) 117569.0
(6873, 6874, 6875) 139710.0
(2422, 2423, 2424) 129595.0
(3297, 3298, 3299) 123272.0
(3390, 3391, 3392) 143386.0
(445, 446, 447) 132573.0
(3565, 3566, 3567) 148992.0
(2136, 2137, 2138) 144173.0
(3577, 3578, 3579) 141761.0
(8020, 8021, 8022) 123188.0
(2677, 2678, 2679) 150792.0
(4487, 4488, 4489) 130348.0
(7282, 7283, 7284) 177381.0
(55, 56, 57) 121703.0
(5965, 5966, 5967) 158745.0
(7063, 7064, 7065) 153581.0
(3080, 3081, 3082) 138835.0
(2349, 2350, 2351) 155507.0
(1080, 1081, 1082) 125357.0
(1759, 1760, 1761) 167830.0
(3157, 3158, 3159) 134276.0
(8571, 8572, 8573) 151483.0
(5961, 5962, 5963) 149679.0
(5033, 5034, 5035) 121642.0
(5123, 5124, 5125) 160066.0
(1411, 1412, 1413) 108671.0
(3140, 3141, 3142) 115519.0
(976, 977, 978) 126868.0
(5360, 5361, 5362) 148535.0
(3837, 3838, 3839) 148616.0
(4881, 4882, 4883) 153285.0
(2524, 2525, 2526) 150698.0
(9420, 9421, 9422) 152563.0
(2250, 2251, 2252) 138265.0
(651, 652, 653) 122041.0
(7309, 7310, 7311) 152401.0
(6445, 6446, 6447) 136788.0
(622, 623, 624) 147151.0
(588, 589, 590) 129563.0
(6565, 6566, 6567) 129486.0
(629, 630, 631) 134885.0
(6156, 6157, 6158) 146187.0
(3179, 3180, 3181) 128617.0
(5103, 5104, 5105) 126453.0
(6911, 6912, 6913) 154445.0
(4507, 4508, 4509) 108292.0
(4954, 4955, 4956) 128727.0
(686, 687, 688) 128529.0
(9904, 9905, 9906) 146261.0
(5035, 5036, 5037) 120928.0
(6672, 6673, 6674) 141394.0
(8673, 8674, 8675) 129525.0
(379, 380, 381) 206317.0
(7046, 7047, 7048) 146588.0
(1894, 1895, 1896) 116272.0
(6843, 6844, 6845) 158029.0
(9959, 9960, 9961) 102693.0
(798, 799, 800) 148806.0
(3048, 3049, 3050) 119754.0
(4145, 4146, 4147) 137778.0
(9200, 9201, 9202) 130100.0
(93, 94, 95) 122251.0
(8498, 8499, 8500) 130597.0
(975, 976, 977) 141015.0
(6769, 6770, 6771) 110029.0
(4597, 4598, 4599) 141240.0
(3957, 3958, 3959) 110364.0
(615, 616, 617) 146960.0
(3564, 3565, 3566) 139447.0
(7557, 7558, 7559) 111980.0
(4964, 4965, 4966) 142663.0
(6187, 6188, 6189) 114412.0
(9511, 9512, 9513) 132721.0
(4281, 4282, 4283) 110007.0
(8462, 8463, 8464) 131087.0
(5292, 5293, 5294) 157630.0
(6345, 6346, 6347) 126717.0
(5906, 5907, 5908) 147800.0
(6748, 6749, 6750) 171321.0
(4905, 4906, 4907) 127885.0
(3779, 3780, 3781) 113422.0
(8776, 8777, 8778) 143821.0
(9142, 9143, 9144) 137130.0
(4776, 4777, 4778) 140656.0
(7511, 7512, 7513) 128659.0
(8540, 8541, 8542) 147409.0
(2077, 2078, 2079) 126212.0
(7019, 7020, 7021) 171785.0
(2034, 2035, 2036) 146509.0
(9070, 9071, 9072) 164746.0
(6533, 6534, 6535) 155095.0
(2374, 2375, 2376) 137774.0
(1063, 1064, 1065) 112851.0
(1711, 1712, 1713) 122928.0
(8963, 8964, 8965) 146240.0
(4078, 4079, 4080) 135924.0
(4832, 4833, 4834) 144497.0
(8005, 8006, 8007) 145817.0
(9186, 9187, 9188) 143959.0
(6009, 6010, 6011) 155067.0
(4197, 4198, 4199) 134767.0
(1855, 1856, 1857) 134515.0
(328, 329, 330) 143952.0
(5208, 5209, 5210) 156269.0
(407, 408, 409) 148043.0
(4550, 4551, 4552) 115944.0
(715, 716, 717) 112944.0
(6601, 6602, 6603) 124257.0
(1752, 1753, 1754) 142725.0
(6360, 6361, 6362) 135220.0
(3652, 3653, 3654) 139495.0
(1527, 1528, 1529) 126168.0
(6142, 6143, 6144) 112249.0
(9149, 9150, 9151) 142667.0
(9726, 9727, 9728) 126914.0
(4203, 4204, 4205) 115485.0
(6419, 6420, 6421) 175240.0
(8963, 8964, 8965) 146240.0
(8678, 8679, 8680) 170900.0
(8769, 8770, 8771) 139232.0
(5689, 5690, 5691) 132630.0
(9074, 9075, 9076) 152755.0
(9715, 9716, 9717) 163328.0
(5640, 5641, 5642) 145216.0
(470, 471, 472) 154654.0
(9201, 9202, 9203) 146217.0
(3803, 3804, 3805) 122096.0
(1300, 1301, 1302) 121966.0
(3043, 3044, 3045) 141382.0
(4838, 4839, 4840) 119942.0
(2054, 2055, 2056) 147242.0
(2592, 2593, 2594) 137116.0
(7540, 7541, 7542) 98577.0
(9043, 9044, 9045) 135583.0
(6448, 6449, 6450) 131126.0
(3097, 3098, 3099) 132797.0
(1231, 1232, 1233) 147844.0
(3861, 3862, 3863) 176606.0
(2845, 2846, 2847) 116685.0
(7794, 7795, 7796) 157928.0
(2732, 2733, 2734) 121656.0
(7474, 7475, 7476) 148031.0
(6664, 6665, 6666) 113598.0
(4572, 4573, 4574) 162634.0
(7826, 7827, 7828) 161489.0
(7518, 7519, 7520) 139819.0
(9653, 9654, 9655) 137385.0
(3053, 3054, 3055) 133829.0
(6306, 6307, 6308) 127164.0
(3851, 3852, 3853) 163562.0
(6582, 6583, 6584) 149192.0
(8412, 8413, 8414) 149150.0
(3891, 3892, 3893) 123044.0
(8941, 8942, 8943) 159540.0
(436, 437, 438) 174619.0
(4421, 4422, 4423) 165456.0
(1010, 1011, 1012) 128937.0
(1667, 1668, 1669) 113740.0
(7687, 7688, 7689) 142695.0
(3405, 3406, 3407) 96813.0
(3281, 3282, 3283) 149254.0
(3833, 3834, 3835) 139447.0
(252, 253, 254) 122742.0
(5580, 5581, 5582) 142926.0
(5788, 5789, 5790) 145717.0
(6884, 6885, 6886) 112148.0
(2425, 2426, 2427) 136483.0
(3669, 3670, 3671) 120192.0
(2335, 2336, 2337) 186579.0
(5763, 5764, 5765) 188167.0
(8186, 8187, 8188) 179273.0
(5090, 5091, 5092) 107539.0
(1444, 1445, 1446) 166813.0
(9302, 9303, 9304) 115010.0
(5763, 5764, 5765) 188167.0
(8410, 8411, 8412) 164819.0
(6305, 6306, 6307) 146163.0
(7911, 7912, 7913) 121913.0
(8299, 8300, 8301) 143210.0
(9177, 9178, 9179) 136273.0
(3618, 3619, 3620) 157013.0
(5626, 5627, 5628) 172615.0
(7499, 7500, 7501) 113674.0
(1708, 1709, 1710) 136578.0
(5053, 5054, 5055) 148812.0
(4247, 4248, 4249) 145583.0
(9005, 9006, 9007) 175126.0
(6891, 6892, 6893) 126287.0
(8401, 8402, 8403) 122121.0
(7718, 7719, 7720) 138411.0
(4813, 4814, 4815) 125373.0
(1645, 1646, 1647) 114505.0
(6688, 6689, 6690) 119762.0
(6067, 6068, 6069) 141839.0
(7759, 7760, 7761) 130106.0
(3811, 3812, 3813) 151325.0
(8696, 8697, 8698) 128142.0
(5606, 5607, 5608) 117958.0
(9037, 9038, 9039) 126530.0
(1608, 1609, 1610) 147513.0
(6546, 6547, 6548) 139604.0
(9427, 9428, 9429) 146201.0
(1658, 1659, 1660) 178032.0
(9660, 9661, 9662) 166067.0
(1919, 1920, 1921) 142835.0
(8871, 8872, 8873) 152125.0
(5255, 5256, 5257) 150359.0
(6887, 6888, 6889) 126877.0
(148, 149, 150) 143133.0
(8968, 8969, 8970) 129203.0
(1228, 1229, 1230) 140859.0
(8487, 8488, 8489) 193133.0
(5086, 5087, 5088) 130037.0
(5610, 5611, 5612) 115812.0
(2101, 2102, 2103) 153617.0
(5694, 5695, 5696) 132167.0
(8683, 8684, 8685) 131234.0
(5657, 5658, 5659) 125219.0
(9927, 9928, 9929) 162245.0
(6751, 6752, 6753) 156324.0
(8789, 8790, 8791) 128083.0
(6621, 6622, 6623) 144486.0
(2427, 2428, 2429) 156720.0
(4731, 4732, 4733) 135270.0
(4655, 4656, 4657) 131843.0
(4141, 4142, 4143) 134481.0
(5404, 5405, 5406) 188760.0
(759, 760, 761) 111456.0
(3546, 3547, 3548) 138808.0
(7543, 7544, 7545) 169674.0
(6790, 6791, 6792) 150460.0
(8822, 8823, 8824) 145037.0
(494, 495, 496) 144695.0
(6867, 6868, 6869) 145308.0
(5336, 5337, 5338) 159580.0
(3529, 3530, 3531) 148269.0
(2226, 2227, 2228) 181388.0
(1819, 1820, 1821) 141137.0
(2661, 2662, 2663) 141885.0
(3713, 3714, 3715) 127670.0
(8519, 8520, 8521) 109473.0
(7124, 7125, 7126) 118562.0
(5106, 5107, 5108) 190350.0
(8683, 8684, 8685) 131234.0
(1031, 1032, 1033) 126340.0
(1363, 1364, 1365) 109729.0
(5842, 5843, 5844) 113053.0
(951, 952, 953) 143026.0
(341, 342, 343) 152213.0
(6097, 6098, 6099) 145260.0
(4918, 4919, 4920) 160271.0
(441, 442, 443) 136059.0
(3667, 3668, 3669) 117229.0
(4948, 4949, 4950) 129028.0
(3766, 3767, 3768) 151636.0
(3744, 3745, 3746) 142425.0
(3454, 3455, 3456) 125774.0
(4603, 4604, 4605) 152071.0
(3402, 3403, 3404) 158918.0
(1740, 1741, 1742) 163152.0
(3679, 3680, 3681) 147474.0
(8287, 8288, 8289) 118057.0
(3362, 3363, 3364) 132170.0
(7155, 7156, 7157) 115780.0
(1896, 1897, 1898) 133238.0
(8523, 8524, 8525) 128879.0
(4091, 4092, 4093) 143262.0
(935, 936, 937) 151254.0
(6632, 6633, 6634) 149657.0
(8308, 8309, 8310) 144878.0
(2741, 2742, 2743) 134129.0
(6959, 6960, 6961) 150249.0
(3856, 3857, 3858) 133704.0
(783, 784, 785) 146725.0
(8917, 8918, 8919) 144622.0
(9822, 9823, 9824) 127092.0
(2937, 2938, 2939) 149403.0
(5504, 5505, 5506) 130459.0
(3977, 3978, 3979) 127924.0
(4496, 4497, 4498) 120508.0
(8836, 8837, 8838) 109984.0
(8689, 8690, 8691) 121733.0
(2500, 2501, 2502) 117813.0
(4291, 4292, 4293) 153220.0
(2134, 2135, 2136) 149513.0
(2184, 2185, 2186) 156410.0
(8843, 8844, 8845) 156199.0
(8500, 8501, 8502) 181693.0
(4505, 4506, 4507) 118508.0
(9300, 9301, 9302) 123285.0
(1438, 1439, 1440) 161871.0
(6738, 6739, 6740) 155405.0
(4895, 4896, 4897) 120170.0
(2162, 2163, 2164) 111919.0
(5348, 5349, 5350) 146881.0
(6955, 6956, 6957) 127828.0
(9766, 9767, 9768) 137438.0
(653, 654, 655) 133342.0
(4678, 4679, 4680) 156926.0
(2281, 2282, 2283) 119603.0
(3043, 3044, 3045) 141382.0
(1444, 1445, 1446) 166813.0
(6397, 6398, 6399) 135264.0
(5252, 5253, 5254) 176094.0
(8101, 8102, 8103) 177843.0
(1180, 1181, 1182) 123410.0
(7215, 7216, 7217) 148007.0
(7294, 7295, 7296) 144841.0
(1548, 1549, 1550) 130331.0
(6472, 6473, 6474) 155328.0
(4819, 4820, 4821) 133388.0
(3748, 3749, 3750) 140828.0
(5468, 5469, 5470) 172899.0
(4864, 4865, 4866) 133304.0
(9285, 9286, 9287) 115132.0
(9279, 9280, 9281) 133093.0
(6400, 6401, 6402) 132108.0
(4417, 4418, 4419) 128094.0
(3115, 3116, 3117) 152293.0
(4533, 4534, 4535) 160849.0
(4653, 4654, 4655) 133840.0
(7986, 7987, 7988) 143904.0
(7468, 7469, 7470) 127584.0
(6828, 6829, 6830) 152299.0
(3365, 3366, 3367) 119840.0
(3873, 3874, 3875) 171618.0
(3382, 3383, 3384) 168904.0
(2947, 2948, 2949) 138021.0
(5878, 5879, 5880) 147670.0
(2752, 2753, 2754) 108000.0
(3212, 3213, 3214) 128069.0
(1912, 1913, 1914) 101772.0
(9747, 9748, 9749) 165275.0
(6026, 6027, 6028) 148893.0
(472, 473, 474) 117125.0
(6584, 6585, 6586) 156110.0
(9409, 9410, 9411) 147512.0
(8467, 8468, 8469) 102601.0
(8466, 8467, 8468) 130807.0
(8932, 8933, 8934) 152077.0
(9153, 9154, 9155) 140069.0
(468, 469, 470) 101023.0
(1599, 1600, 1601) 128262.0
(4833, 4834, 4835) 109106.0
(3213, 3214, 3215) 129720.0
(4553, 4554, 4555) 123481.0
(2878, 2879, 2880) 112566.0
(2248, 2249, 2250) 144529.0
(3233, 3234, 3235) 113694.0
(406, 407, 408) 180903.0
(4990, 4991, 4992) 103388.0
(4844, 4845, 4846) 132510.0
(7015, 7016, 7017) 145000.0
(7270, 7271, 7272) 101583.0
(3511, 3512, 3513) 133261.0
(2283, 2284, 2285) 127875.0
(1566, 1567, 1568) 127734.0
(98, 99, 100) 121692.0
(4753, 4754, 4755) 139144.0
(6332, 6333, 6334) 119540.0
(8150, 8151, 8152) 112365.0
(69, 70, 71) 129731.0
(6319, 6320, 6321) 113414.0
(6188, 6189, 6190) 129671.0
(5554, 5555, 5556) 144522.0
(1915, 1916, 1917) 162522.0
(8602, 8603, 8604) 114210.0
(1679, 1680, 1681) 133913.0
(2689, 2690, 2691) 133670.0
(1459, 1460, 1461) 137147.0
(7808, 7809, 7810) 99196.0
(7999, 8000, 8001) 133766.0
(7296, 7297, 7298) 124074.0
(124, 125, 126) 152864.0
(4812, 4813, 4814) 139183.0
(1632, 1633, 1634) 105881.0
(4229, 4230, 4231) 121104.0
(8510, 8511, 8512) 139193.0
(366, 367, 368) 117336.0
(6234, 6235, 6236) 118588.0
(3051, 3052, 3053) 118064.0
(5554, 5555, 5556) 144522.0
(7066, 7067, 7068) 137789.0
(8623, 8624, 8625) 164186.0
(7829, 7830, 7831) 148520.0
(5556, 5557, 5558) 115975.0
(6976, 6977, 6978) 142504.0
(4756, 4757, 4758) 128169.0
(4315, 4316, 4317) 135760.0
(4267, 4268, 4269) 165103.0
(1796, 1797, 1798) 112965.0
(8431, 8432, 8433) 140742.0
(2471, 2472, 2473) 144945.0
(2558, 2559, 2560) 132883.0
(2825, 2826, 2827) 139872.0
(2975, 2976, 2977) 145185.0
(6557, 6558, 6559) 155972.0
(4702, 4703, 4704) 132549.0
(2559, 2560, 2561) 135638.0
(5566, 5567, 5568) 144280.0
(6651, 6652, 6653) 128872.0
(1048, 1049, 1050) 153373.0
(240, 241, 242) 119825.0
(4991, 4992, 4993) 127549.0
(1345, 1346, 1347) 104014.0
(6646, 6647, 6648) 151872.0
(9071, 9072, 9073) 128419.0
(6915, 6916, 6917) 159238.0
(7225, 7226, 7227) 146258.0
(1823, 1824, 1825) 146780.0
(3626, 3627, 3628) 122817.0
(2531, 2532, 2533) 148529.0
(2461, 2462, 2463) 118645.0
(8807, 8808, 8809) 156779.0
(9463, 9464, 9465) 152106.0
(1232, 1233, 1234) 148600.0
(3224, 3225, 3226) 135517.0
(5438, 5439, 5440) 140495.0
(8709, 8710, 8711) 139937.0
(4694, 4695, 4696) 156098.0
(5627, 5628, 5629) 136678.0
(8671, 8672, 8673) 161906.0
(7905, 7906, 7907) 162696.0
(7356, 7357, 7358) 134905.0
(3429, 3430, 3431) 146788.0
(8485, 8486, 8487) 113279.0
(8854, 8855, 8856) 129190.0
(6413, 6414, 6415) 158200.0
(7586, 7587, 7588) 147441.0
(5988, 5989, 5990) 140481.0
(3224, 3225, 3226) 135517.0
(3973, 3974, 3975) 113330.0
(87, 88, 89) 133487.0
(7701, 7702, 7703) 110935.0
(3056, 3057, 3058) 130036.0
(452, 453, 454) 146610.0
(6383, 6384, 6385) 124302.0
(8378, 8379, 8380) 145572.0
(1675, 1676, 1677) 153095.0
(1031, 1032, 1033) 126340.0
(1246, 1247, 1248) 120643.0
(5382, 5383, 5384) 161311.0
(8667, 8668, 8669) 120733.0
(1544, 1545, 1546) 170657.0
(8841, 8842, 8843) 120211.0
(6519, 6520, 6521) 116062.0
(335, 336, 337) 115720.0
(8422, 8423, 8424) 164657.0
(288, 289, 290) 157083.0
(831, 832, 833) 122496.0
(4106, 4107, 4108) 141061.0
(5773, 5774, 5775) 140066.0
(2019, 2020, 2021) 155048.0
(9446, 9447, 9448) 126248.0
(8873, 8874, 8875) 118173.0
(638, 639, 640) 123670.0
(6278, 6279, 6280) 130419.0
(8702, 8703, 8704) 103998.0
(2892, 2893, 2894) 136492.0
(9951, 9952, 9953) 155639.0
(6923, 6924, 6925) 132024.0
(1539, 1540, 1541) 110918.0
(9849, 9850, 9851) 119212.0
(5200, 5201, 5202) 144820.0
(7342, 7343, 7344) 103059.0
(851, 852, 853) 132116.0
(1658, 1659, 1660) 178032.0
(1120, 1121, 1122) 153918.0
(1031, 1032, 1033) 126340.0
(5579, 5580, 5581) 155068.0
(3303, 3304, 3305) 146955.0
(7802, 7803, 7804) 109093.0
(9454, 9455, 9456) 126760.0
(1211, 1212, 1213) 150663.0
(7171, 7172, 7173) 121981.0
(3760, 3761, 3762) 153245.0
(5255, 5256, 5257) 150359.0
(3488, 3489, 3490) 118911.0
(2131, 2132, 2133) 184037.0
(454, 455, 456) 127333.0
(9274, 9275, 9276) 138719.0
(9791, 9792, 9793) 142837.0
(2067, 2068, 2069) 142654.0
(876, 877, 878) 120233.0
(2582, 2583, 2584) 116169.0
(5870, 5871, 5872) 125261.0
(2446, 2447, 2448) 158533.0
(847, 848, 849) 151412.0
(4484, 4485, 4486) 160658.0
(5530, 5531, 5532) 142639.0
(2035, 2036, 2037) 130787.0
(9887, 9888, 9889) 172312.0
(3341, 3342, 3343) 137724.0
(6376, 6377, 6378) 127971.0
(6449, 6450, 6451) 170579.0
(1357, 1358, 1359) 122566.0
(4333, 4334, 4335) 149411.0
(9080, 9081, 9082) 136818.0
(1564, 1565, 1566) 163744.0
(8366, 8367, 8368) 145112.0
(2612, 2613, 2614) 172533.0
(7847, 7848, 7849) 146529.0
(4589, 4590, 4591) 142360.0
(6487, 6488, 6489) 122762.0
(1761, 1762, 1763) 116430.0
(1984, 1985, 1986) 140391.0
(7087, 7088, 7089) 122984.0
(7212, 7213, 7214) 184119.0
(4306, 4307, 4308) 105491.0
(8415, 8416, 8417) 150205.0
(9094, 9095, 9096) 170917.0
(9829, 9830, 9831) 161407.0
(3062, 3063, 3064) 158693.0
(6329, 6330, 6331) 106838.0
(3987, 3988, 3989) 134392.0
(8112, 8113, 8114) 147685.0
(3667, 3668, 3669) 117229.0
(1753, 1754, 1755) 165238.0
(9115, 9116, 9117) 94819.0
(2265, 2266, 2267) 124306.0
(4534, 4535, 4536) 151534.0
(9054, 9055, 9056) 113531.0
(596, 597, 598) 181463.0
(9896, 9897, 9898) 115519.0
(6671, 6672, 6673) 136766.0
(7766, 7767, 7768) 167160.0
(3589, 3590, 3591) 141613.0
(390, 391, 392) 138681.0
(7691, 7692, 7693) 134936.0
(827, 828, 829) 156246.0
(4486, 4487, 4488) 140699.0
(9457, 9458, 9459) 197118.0
(6621, 6622, 6623) 144486.0
(9251, 9252, 9253) 135952.0
(8700, 8701, 8702) 145856.0
(325, 326, 327) 125029.0
(1108, 1109, 1110) 123795.0
(892, 893, 894) 109336.0
(2705, 2706, 2707) 93994.0
(8893, 8894, 8895) 160213.0
(8080, 8081, 8082) 129078.0
(6177, 6178, 6179) 122089.0
(4897, 4898, 4899) 162341.0
(6436, 6437, 6438) 128149.0
(8527, 8528, 8529) 145495.0
(32, 33, 34) 153796.0
(9800, 9801, 9802) 142820.0
(8300, 8301, 8302) 167379.0
(3136, 3137, 3138) 144184.0
(9265, 9266, 9267) 133100.0
(1666, 1667, 1668) 145275.0
(5670, 5671, 5672) 110254.0
(515, 516, 517) 183211.0
(4166, 4167, 4168) 158984.0
(7394, 7395, 7396) 137631.0
(804, 805, 806) 132313.0
(9720, 9721, 9722) 141320.0
(9266, 9267, 9268) 127662.0
(6304, 6305, 6306) 161740.0
(9624, 9625, 9626) 119382.0
(2384, 2385, 2386) 127938.0
(4650, 4651, 4652) 124554.0
(3915, 3916, 3917) 148219.0
(1964, 1965, 1966) 114191.0
(2439, 2440, 2441) 106907.0
(7239, 7240, 7241) 164733.0
(8563, 8564, 8565) 98848.0
(2586, 2587, 2588) 131922.0
(3884, 3885, 3886) 114301.0
(1207, 1208, 1209) 139834.0
(1748, 1749, 1750) 152788.0
(7271, 7272, 7273) 152889.0
(9868, 9869, 9870) 142017.0
(7814, 7815, 7816) 115415.0
(7208, 7209, 7210) 127695.0
(97, 98, 99) 138687.0
(7902, 7903, 7904) 125399.0
(6877, 6878, 6879) 121344.0
(7305, 7306, 7307) 139063.0
(5346, 5347, 5348) 132708.0
(6966, 6967, 6968) 162248.0
(8252, 8253, 8254) 133902.0
(2779, 2780, 2781) 145441.0
(5360, 5361, 5362) 148535.0
(9422, 9423, 9424) 146388.0
(3411, 3412, 3413) 151556.0
(6261, 6262, 6263) 146076.0
(9244, 9245, 9246) 111213.0
(3884, 3885, 3886) 114301.0
(5003, 5004, 5005) 138925.0
(7542, 7543, 7544) 133828.0
(2438, 2439, 2440) 107559.0
(3957, 3958, 3959) 110364.0
