(6608, 6609, 6610) 129724.0
(1426, 1427, 1428) 141604.0
(7905, 7906, 7907) 161814.0
(110, 111, 112) 140754.0
(8596, 8597, 8598) 163177.0
(8488, 8489, 8490) 145049.0
(6114, 6115, 6116) 106760.0
(9888, 9889, 9890) 114474.0
(3553, 3554, 3555) 146640.0
(4361, 4362, 4363) 166999.0
(1236, 1237, 1238) 131795.0
(2913, 2914, 2915) 167489.0
(2602, 2603, 2604) 107239.0
(148, 149, 150) 143467.0
(454, 455, 456) 127620.0
(3713, 3714, 3715) 129207.0
(8052, 8053, 8054) 123242.0
(8717, 8718, 8719) 159164.0
(4061, 4062, 4063) 142641.0
(3963, 3964, 3965) 152050.0
(813, 814, 815) 146476.0
(7791, 7792, 7793) 108608.0
(2243, 2244, 2245) 129731.0
(712, 713, 714) 160236.0
(6231, 6232, 6233) 152249.0
(7894, 7895, 7896) 127309.0
(7168, 7169, 7170) 152615.0
(2047, 2048, 2049) 136446.0
(4633, 4634, 4635) 135830.0
(3202, 3203, 3204) 145955.0
(6703, 6704, 6705) 111930.0
(3759, 3760, 3761) 159357.0
(2720, 2721, 2722) 122174.0
(9933, 9934, 9935) 114588.0
(2302, 2303, 2304) 143030.0
(1091, 1092, 1093) 132657.0
(7968, 7969, 7970) 127221.0
(5596, 5597, 5598) 137405.0
(9727, 9728, 9729) 135317.0
(4757, 4758, 4759) 128147.0
(5289, 5290, 5291) 139386.0
(1473, 1474, 1475) 128352.0
(9085, 9086, 9087) 134114.0
(2400, 2401, 2402) 167596.0
(6907, 6908, 6909) 123128.0
(2350, 2351, 2352) 144205.0
(6614, 6615, 6616) 113668.0
(6250, 6251, 6252) 159180.0
(2354, 2355, 2356) 100748.0
(8376, 8377, 8378) 112345.0
(7453, 7454, 7455) 113294.0
(9403, 9404, 9405) 133096.0
(4406, 4407, 4408) 169971.0
(8866, 8867, 8868) 157951.0
(5443, 5444, 5445) 136187.0
(2694, 2695, 2696) 159064.0
(2388, 2389, 2390) 133817.0
(5748, 5749, 5750) 147539.0
(8399, 8400, 8401) 165900.0
(1583, 1584, 1585) 153486.0
(6950, 6951, 6952) 130948.0
(6190, 6191, 6192) 146527.0
(9006, 9007, 9008) 138526.0
(5118, 5119, 5120) 150688.0
(681, 682, 683) 138840.0
(9956, 9957, 9958) 157722.0
(1332, 1333, 1334) 135538.0
(9896, 9897, 9898) 118915.0
(6169, 6170, 6171) 152666.0
(3038, 3039, 3040) 151539.0
(5001, 5002, 5003) 167280.0
(4463, 4464, 4465) 120743.0
(2482, 2483, 2484) 122027.0
(8289, 8290, 8291) 141051.0
(2495, 2496, 2497) 173909.0
(7137, 7138, 7139) 116803.0
(1230, 1231, 1232) 153960.0
(9181, 9182, 9183) 182074.0
(986, 987, 988) 187247.0
(8062, 8063, 8064) 139357.0
(3942, 3943, 3944) 114902.0
(7324, 7325, 7326) 143174.0
(3911, 3912, 3913) 154817.0
(9606, 9607, 9608) 135765.0
(6768, 6769, 6770) 130034.0
(5796, 5797, 5798) 178954.0
(2854, 2855, 2856) 120697.0
(5963, 5964, 5965) 131628.0
(9617, 9618, 9619) 150313.0
(9869, 9870, 9871) 129720.0
(4640, 4641, 4642) 102720.0
(7003, 7004, 7005) 136692.0
(2488, 2489, 2490) 168532.0
(4595, 4596, 4597) 148501.0
(3937, 3938, 3939) 103591.0
(4673, 4674, 4675) 164440.0
(6567, 6568, 6569) 128877.0
(5693, 5694, 5695) 128147.0
(2152, 2153, 2154) 156924.0
(946, 947, 948) 136666.0
(3202, 3203, 3204) 145955.0
(7105, 7106, 7107) 171828.0
(7997, 7998, 7999) 106803.0
(9474, 9475, 9476) 142881.0
(3153, 3154, 3155) 141677.0
(5080, 5081, 5082) 116234.0
(494, 495, 496) 147233.0
(5337, 5338, 5339) 142106.0
(7648, 7649, 7650) 151708.0
(5077, 5078, 5079) 150628.0
(1199, 1200, 1201) 138418.0
(7238, 7239, 7240) 157880.0
(6822, 6823, 6824) 136290.0
(5927, 5928, 5929) 137535.0
(1173, 1174, 1175) 116250.0
(5117, 5118, 5119) 117050.0
(5533, 5534, 5535) 142718.0
(5842, 5843, 5844) 115923.0
(4199, 4200, 4201) 139978.0
(8649, 8650, 8651) 155027.0
(6703, 6704, 6705) 111930.0
(7367, 7368, 7369) 156645.0
(7867, 7868, 7869) 115020.0
(222, 223, 224) 140572.0
(1881, 1882, 1883) 159469.0
(73, 74, 75) 128140.0
(1838, 1839, 1840) 129051.0
(4978, 4979, 4980) 122882.0
(5722, 5723, 5724) 131011.0
(7244, 7245, 7246) 163192.0
(8692, 8693, 8694) 169981.0
(9187, 9188, 9189) 143499.0
(9256, 9257, 9258) 108818.0
(8985, 8986, 8987) 127337.0
(7404, 7405, 7406) 127601.0
(7719, 7720, 7721) 139862.0
(7967, 7968, 7969) 163999.0
(169, 170, 171) 142012.0
(7380, 7381, 7382) 144853.0
(4117, 4118, 4119) 154295.0
(8429, 8430, 8431) 144610.0
(3787, 3788, 3789) 118934.0
(4380, 4381, 4382) 114858.0
(2487, 2488, 2489) 182967.0
(2149, 2150, 2151) 153662.0
(971, 972, 973) 106811.0
(6941, 6942, 6943) 161949.0
(619, 620, 621) 177604.0
(4352, 4353, 4354) 124842.0
(2985, 2986, 2987) 131394.0
(5233, 5234, 5235) 112046.0
(7207, 7208, 7209) 162871.0
(1861, 1862, 1863) 143508.0
(559, 560, 561) 125595.0
(9563, 9564, 9565) 140129.0
(3707, 3708, 3709) 115938.0
(2171, 2172, 2173) 160347.0
(894, 895, 896) 129046.0
(3576, 3577, 3578) 153232.0
(5077, 5078, 5079) 150628.0
(1942, 1943, 1944) 129090.0
(9793, 9794, 9795) 140738.0
(6756, 6757, 6758) 126052.0
(3458, 3459, 3460) 138383.0
(7301, 7302, 7303) 152985.0
(8020, 8021, 8022) 123801.0
(5668, 5669, 5670) 154181.0
(8561, 8562, 8563) 165948.0
(2296, 2297, 2298) 156755.0
(2346, 2347, 2348) 151657.0
(5321, 5322, 5323) 107111.0
(1157, 1158, 1159) 127703.0
(6781, 6782, 6783) 120376.0
(4020, 4021, 4022) 149347.0
(6659, 6660, 6661) 156392.0
(1710, 1711, 1712) 161700.0
(7829, 7830, 7831) 149653.0
(2807, 2808, 2809) 151327.0
(5152, 5153, 5154) 174332.0
(6279, 6280, 6281) 153121.0
(753, 754, 755) 158144.0
(6027, 6028, 6029) 117479.0
(7111, 7112, 7113) 147505.0
(3851, 3852, 3853) 171396.0
(9355, 9356, 9357) 131775.0
(3540, 3541, 3542) 122734.0
(1429, 1430, 1431) 120148.0
(6247, 6248, 6249) 191858.0
(3890, 3891, 3892) 137252.0
(8918, 8919, 8920) 152110.0
(7924, 7925, 7926) 121898.0
(3927, 3928, 3929) 169445.0
(3572, 3573, 3574) 140528.0
(3936, 3937, 3938) 177757.0
(7787, 7788, 7789) 120215.0
(992, 993, 994) 135819.0
(8226, 8227, 8228) 123346.0
(9381, 9382, 9383) 183350.0
(7379, 7380, 7381) 138087.0
(2600, 2601, 2602) 155351.0
(1702, 1703, 1704) 140317.0
