(7490, 7491, 7492) 176287.0
(2443, 2444, 2445) 159225.0
(7259, 7260, 7261) 153808.0
(9704, 9705, 9706) 154899.0
(6716, 6717, 6718) 139055.0
(1579, 1580, 1581) 146935.0
(6698, 6699, 6700) 115303.0
(6095, 6096, 6097) 155142.0
(602, 603, 604) 143713.0
(6766, 6767, 6768) 139824.0
(9568, 9569, 9570) 118960.0
(8704, 8705, 8706) 150075.0
(7718, 7719, 7720) 145114.0
(1100, 1101, 1102) 171583.0
(3582, 3583, 3584) 153707.0
(3798, 3799, 3800) 166391.0
(9233, 9234, 9235) 151858.0
(9472, 9473, 9474) 132349.0
(7067, 7068, 7069) 168985.0
(9061, 9062, 9063) 137020.0
(1150, 1151, 1152) 173209.0
(8184, 8185, 8186) 163936.0
(3849, 3850, 3851) 164212.0
(5887, 5888, 5889) 112017.0
(4863, 4864, 4865) 99731.0
(9625, 9626, 9627) 166348.0
(9269, 9270, 9271) 157888.0
(500, 501, 502) 131436.0
(4594, 4595, 4596) 192405.0
(6681, 6682, 6683) 136633.0
(4912, 4913, 4914) 128553.0
(3649, 3650, 3651) 126920.0
(4783, 4784, 4785) 133153.0
(1827, 1828, 1829) 118320.0
(8248, 8249, 8250) 167862.0
(2064, 2065, 2066) 183842.0
(2024, 2025, 2026) 121013.0
(3222, 3223, 3224) 147291.0
(5330, 5331, 5332) 129630.0
(5931, 5932, 5933) 140454.0
(2679, 2680, 2681) 149587.0
(3271, 3272, 3273) 134115.0
(2368, 2369, 2370) 132542.0
(5072, 5073, 5074) 103907.0
(8311, 8312, 8313) 128206.0
(2525, 2526, 2527) 142010.0
(6059, 6060, 6061) 134317.0
(2487, 2488, 2489) 184101.0
(786, 787, 788) 142141.0
(6728, 6729, 6730) 151120.0
(4316, 4317, 4318) 160153.0
(5591, 5592, 5593) 154804.0
(1774, 1775, 1776) 192375.0
(7588, 7589, 7590) 147240.0
(6212, 6213, 6214) 147220.0
(8195, 8196, 8197) 128156.0
(3877, 3878, 3879) 157152.0
(1157, 1158, 1159) 128762.0
(7428, 7429, 7430) 157041.0
(1467, 1468, 1469) 125205.0
(5780, 5781, 5782) 136416.0
(9702, 9703, 9704) 122574.0
(7771, 7772, 7773) 144203.0
(5496, 5497, 5498) 166776.0
(8674, 8675, 8676) 98117.0
(1915, 1916, 1917) 163629.0
(3982, 3983, 3984) 172616.0
(9722, 9723, 9724) 164545.0
(485, 486, 487) 148708.0
(7082, 7083, 7084) 113647.0
(1248, 1249, 1250) 146628.0
(5158, 5159, 5160) 120021.0
(2773, 2774, 2775) 111957.0
(9647, 9648, 9649) 147231.0
(1423, 1424, 1425) 135635.0
(4561, 4562, 4563) 151785.0
(7559, 7560, 7561) 126053.0
(3429, 3430, 3431) 146752.0
(4737, 4738, 4739) 150770.0
(7399, 7400, 7401) 154211.0
(1687, 1688, 1689) 145759.0
(4305, 4306, 4307) 97494.0
(9898, 9899, 9900) 150397.0
(3562, 3563, 3564) 180993.0
(2618, 2619, 2620) 147780.0
(633, 634, 635) 176241.0
(5516, 5517, 5518) 112258.0
(4390, 4391, 4392) 137894.0
(3413, 3414, 3415) 138941.0
(6827, 6828, 6829) 131181.0
(1048, 1049, 1050) 160434.0
(8145, 8146, 8147) 145481.0
(6130, 6131, 6132) 131929.0
(1160, 1161, 1162) 127445.0
(8868, 8869, 8870) 155047.0
(8706, 8707, 8708) 166443.0
(4237, 4238, 4239) 113064.0
(7964, 7965, 7966) 127234.0
(7354, 7355, 7356) 170632.0
(7156, 7157, 7158) 170412.0
(2939, 2940, 2941) 115829.0
(6954, 6955, 6956) 117899.0
(2118, 2119, 2120) 136098.0
(322, 323, 324) 138443.0
(9372, 9373, 9374) 195582.0
(6466, 6467, 6468) 145415.0
(8716, 8717, 8718) 196181.0
(685, 686, 687) 129890.0
(6169, 6170, 6171) 153456.0
(7667, 7668, 7669) 147433.0
(2762, 2763, 2764) 151865.0
(4127, 4128, 4129) 135478.0
(3720, 3721, 3722) 143631.0
(6239, 6240, 6241) 137860.0
(3298, 3299, 3300) 129590.0
(4505, 4506, 4507) 120798.0
(2355, 2356, 2357) 170444.0
(4032, 4033, 4034) 119947.0
(4243, 4244, 4245) 131411.0
(1721, 1722, 1723) 155970.0
(5287, 5288, 5289) 149548.0
(7840, 7841, 7842) 131684.0
(988, 989, 990) 144292.0
(5587, 5588, 5589) 137030.0
(1597, 1598, 1599) 131113.0
(3731, 3732, 3733) 137530.0
(2282, 2283, 2284) 178629.0
(6439, 6440, 6441) 131087.0
(1221, 1222, 1223) 119213.0
(918, 919, 920) 147286.0
(5986, 5987, 5988) 124522.0
(4730, 4731, 4732) 123748.0
(3312, 3313, 3314) 189860.0
(3280, 3281, 3282) 111000.0
(7025, 7026, 7027) 151534.0
(8393, 8394, 8395) 146905.0
(7635, 7636, 7637) 137214.0
(4672, 4673, 4674) 181356.0
(9877, 9878, 9879) 149669.0
(2353, 2354, 2355) 140931.0
(3906, 3907, 3908) 148912.0
(6085, 6086, 6087) 152257.0
(2923, 2924, 2925) 103085.0
(8145, 8146, 8147) 145481.0
(9219, 9220, 9221) 186630.0
(1102, 1103, 1104) 126939.0
(3678, 3679, 3680) 154540.0
(4626, 4627, 4628) 153736.0
(909, 910, 911) 140325.0
(3958, 3959, 3960) 129291.0
(8598, 8599, 8600) 147436.0
(1668, 1669, 1670) 136751.0
(2734, 2735, 2736) 134128.0
(4755, 4756, 4757) 108863.0
(6421, 6422, 6423) 94470.0
(133, 134, 135) 124050.0
(3444, 3445, 3446) 152477.0
(6583, 6584, 6585) 148024.0
(2435, 2436, 2437) 180518.0
(3570, 3571, 3572) 138023.0
(4731, 4732, 4733) 139161.0
(4612, 4613, 4614) 160029.0
(4280, 4281, 4282) 107665.0
(5318, 5319, 5320) 197425.0
(5607, 5608, 5609) 149857.0
(7957, 7958, 7959) 153675.0
(8761, 8762, 8763) 157656.0
(3075, 3076, 3077) 126384.0
(9564, 9565, 9566) 134748.0
(493, 494, 495) 113620.0
(8344, 8345, 8346) 133741.0
(5820, 5821, 5822) 167137.0
(5496, 5497, 5498) 166776.0
(7658, 7659, 7660) 178837.0
(2579, 2580, 2581) 143069.0
(8856, 8857, 8858) 105297.0
(8430, 8431, 8432) 112993.0
(6333, 6334, 6335) 168653.0
(5431, 5432, 5433) 128547.0
(611, 612, 613) 177486.0
(4972, 4973, 4974) 158338.0
(3271, 3272, 3273) 134115.0
(586, 587, 588) 142085.0
(8879, 8880, 8881) 138470.0
(1711, 1712, 1713) 132209.0
(9283, 9284, 9285) 117915.0
(8179, 8180, 8181) 159480.0
(8159, 8160, 8161) 126639.0
(7404, 7405, 7406) 129810.0
(6616, 6617, 6618) 168548.0
(8199, 8200, 8201) 113248.0
(1489, 1490, 1491) 127567.0
(2858, 2859, 2860) 151575.0
(927, 928, 929) 154052.0
(2173, 2174, 2175) 136533.0
(9718, 9719, 9720) 153591.0
(3896, 3897, 3898) 154433.0
(1030, 1031, 1032) 118398.0
(5027, 5028, 5029) 143741.0
(4571, 4572, 4573) 160292.0
(4459, 4460, 4461) 145458.0
