(6455, 6456, 6457) 160410.0
(9385, 9386, 9387) 139583.0
(8986, 8987, 8988) 161740.0
(8056, 8057, 8058) 163399.0
(8812, 8813, 8814) 177750.0
(699, 700, 701) 148428.0
(6112, 6113, 6114) 120089.0
(4197, 4198, 4199) 137522.0
(1863, 1864, 1865) 146557.0
(8461, 8462, 8463) 166580.0
(2616, 2617, 2618) 116115.0
(5142, 5143, 5144) 175612.0
(4418, 4419, 4420) 170598.0
(4105, 4106, 4107) 145779.0
(9525, 9526, 9527) 128370.0
(8544, 8545, 8546) 138640.0
(2275, 2276, 2277) 120301.0
(9125, 9126, 9127) 146145.0
(9941, 9942, 9943) 134600.0
(9738, 9739, 9740) 156421.0
(503, 504, 505) 134267.0
(4274, 4275, 4276) 117556.0
(4987, 4988, 4989) 144922.0
(303, 304, 305) 161341.0
(3079, 3080, 3081) 129065.0
(7178, 7179, 7180) 173821.0
(3950, 3951, 3952) 145277.0
(5334, 5335, 5336) 114400.0
(8032, 8033, 8034) 159789.0
(9206, 9207, 9208) 137476.0
(3245, 3246, 3247) 146653.0
(3668, 3669, 3670) 145180.0
(6080, 6081, 6082) 165666.0
(4915, 4916, 4917) 127730.0
(3584, 3585, 3586) 154297.0
(9441, 9442, 9443) 162707.0
(3821, 3822, 3823) 166141.0
(4544, 4545, 4546) 146906.0
(5944, 5945, 5946) 187431.0
(512, 513, 514) 126905.0
(7755, 7756, 7757) 130318.0
(4110, 4111, 4112) 187630.0
(3430, 3431, 3432) 108188.0
(9739, 9740, 9741) 140184.0
(8006, 8007, 8008) 145617.0
(3261, 3262, 3263) 139893.0
(3081, 3082, 3083) 169422.0
(7674, 7675, 7676) 153784.0
(4861, 4862, 4863) 161016.0
(2704, 2705, 2706) 152859.0
(2245, 2246, 2247) 128240.0
(2082, 2083, 2084) 134869.0
(7033, 7034, 7035) 111897.0
(708, 709, 710) 132503.0
(5696, 5697, 5698) 164453.0
(5403, 5404, 5405) 139295.0
(5753, 5754, 5755) 151505.0
(8681, 8682, 8683) 121750.0
(9315, 9316, 9317) 177041.0
(897, 898, 899) 112482.0
(1867, 1868, 1869) 159426.0
(8700, 8701, 8702) 151168.0
(6689, 6690, 6691) 143198.0
(3056, 3057, 3058) 134979.0
(2990, 2991, 2992) 128322.0
(4977, 4978, 4979) 124220.0
(9168, 9169, 9170) 139957.0
(4403, 4404, 4405) 165172.0
(816, 817, 818) 170645.0
(2120, 2121, 2122) 119737.0
(49, 50, 51) 152399.0
(6204, 6205, 6206) 167717.0
(8983, 8984, 8985) 143809.0
(5943, 5944, 5945) 187554.0
(8028, 8029, 8030) 130462.0
(425, 426, 427) 120743.0
(5100, 5101, 5102) 120422.0
(1904, 1905, 1906) 132435.0
(5662, 5663, 5664) 171052.0
(437, 438, 439) 172446.0
(5453, 5454, 5455) 172742.0
(5018, 5019, 5020) 126345.0
(6289, 6290, 6291) 134462.0
(1225, 1226, 1227) 166380.0
(282, 283, 284) 138650.0
(4167, 4168, 4169) 130911.0
(2511, 2512, 2513) 162692.0
(620, 621, 622) 142868.0
(5314, 5315, 5316) 121328.0
(6670, 6671, 6672) 133283.0
(6674, 6675, 6676) 167147.0
(3523, 3524, 3525) 184206.0
(2012, 2013, 2014) 167223.0
(6465, 6466, 6467) 146545.0
(8188, 8189, 8190) 133334.0
(4603, 4604, 4605) 157746.0
(7324, 7325, 7326) 145719.0
(3755, 3756, 3757) 140479.0
(4232, 4233, 4234) 206668.0
(8129, 8130, 8131) 128362.0
(8043, 8044, 8045) 135068.0
(7636, 7637, 7638) 146396.0
(5354, 5355, 5356) 123291.0
(704, 705, 706) 174038.0
(2082, 2083, 2084) 134869.0
(3505, 3506, 3507) 109346.0
(6261, 6262, 6263) 149315.0
(7154, 7155, 7156) 163481.0
(4175, 4176, 4177) 151547.0
(7284, 7285, 7286) 182163.0
(8247, 8248, 8249) 144823.0
(106, 107, 108) 149473.0
(6963, 6964, 6965) 124944.0
(1371, 1372, 1373) 146254.0
(4733, 4734, 4735) 209616.0
(8559, 8560, 8561) 121954.0
(9050, 9051, 9052) 130565.0
(6919, 6920, 6921) 156497.0
(7300, 7301, 7302) 152335.0
(9986, 9987, 9988) 122928.0
(4008, 4009, 4010) 133702.0
(6495, 6496, 6497) 156931.0
(9891, 9892, 9893) 171097.0
(1196, 1197, 1198) 135666.0
(8105, 8106, 8107) 113980.0
(9326, 9327, 9328) 156785.0
(3282, 3283, 3284) 147297.0
(8909, 8910, 8911) 157133.0
(6573, 6574, 6575) 156097.0
(1860, 1861, 1862) 160643.0
(8483, 8484, 8485) 138449.0
(3998, 3999, 4000) 179157.0
(8433, 8434, 8435) 141612.0
(3196, 3197, 3198) 150548.0
(4398, 4399, 4400) 132942.0
(4128, 4129, 4130) 154943.0
(669, 670, 671) 179801.0
(9488, 9489, 9490) 144133.0
(4206, 4207, 4208) 160080.0
(2026, 2027, 2028) 143417.0
(7970, 7971, 7972) 187319.0
(9291, 9292, 9293) 145383.0
(3754, 3755, 3756) 188824.0
(9010, 9011, 9012) 157174.0
(8991, 8992, 8993) 135001.0
(6303, 6304, 6305) 164272.0
(3932, 3933, 3934) 119099.0
(9983, 9984, 9985) 178207.0
(1867, 1868, 1869) 159426.0
(4381, 4382, 4383) 138984.0
(9929, 9930, 9931) 151795.0
(8886, 8887, 8888) 147295.0
(6914, 6915, 6916) 141416.0
(2387, 2388, 2389) 141268.0
(4433, 4434, 4435) 129987.0
(351, 352, 353) 132046.0
(2087, 2088, 2089) 116716.0
(3917, 3918, 3919) 149828.0
(1156, 1157, 1158) 154689.0
(3234, 3235, 3236) 154438.0
(7177, 7178, 7179) 164020.0
(8576, 8577, 8578) 147577.0
(4633, 4634, 4635) 148353.0
(2069, 2070, 2071) 124943.0
(6757, 6758, 6759) 143792.0
(8094, 8095, 8096) 151940.0
(1820, 1821, 1822) 103687.0
(6377, 6378, 6379) 154763.0
(1944, 1945, 1946) 120726.0
(8714, 8715, 8716) 175656.0
(9097, 9098, 9099) 129812.0
(9552, 9553, 9554) 162968.0
(5944, 5945, 5946) 187431.0
(157, 158, 159) 92368.0
(6335, 6336, 6337) 146235.0
(141, 142, 143) 142751.0
(9945, 9946, 9947) 127427.0
(9156, 9157, 9158) 144470.0
(7455, 7456, 7457) 169548.0
(7310, 7311, 7312) 143281.0
(2296, 2297, 2298) 162601.0
(220, 221, 222) 174081.0
(1694, 1695, 1696) 117138.0
(3890, 3891, 3892) 142006.0
(9580, 9581, 9582) 151733.0
(9469, 9470, 9471) 143088.0
(4959, 4960, 4961) 114389.0
(4219, 4220, 4221) 147711.0
(4382, 4383, 4384) 142709.0
(1322, 1323, 1324) 146295.0
(1608, 1609, 1610) 153717.0
(6301, 6302, 6303) 140146.0
(5675, 5676, 5677) 157461.0
(3828, 3829, 3830) 124184.0
(3204, 3205, 3206) 162830.0
(4671, 4672, 4673) 133623.0
(2297, 2298, 2299) 139418.0
(984, 985, 986) 131833.0
(4178, 4179, 4180) 159650.0
(2965, 2966, 2967) 147628.0
(4726, 4727, 4728) 113219.0
