(2320, 2321, 2322) 156578.0
(4341, 4342, 4343) 170129.0
(6222, 6223, 6224) 124373.0
(5717, 5718, 5719) 146712.0
(9648, 9649, 9650) 179407.0
(4274, 4275, 4276) 116764.0
(1089, 1090, 1091) 170343.0
(9257, 9258, 9259) 153113.0
(4475, 4476, 4477) 155533.0
(1171, 1172, 1173) 136496.0
(682, 683, 684) 132310.0
(9240, 9241, 9242) 131332.0
(3946, 3947, 3948) 158415.0
(2086, 2087, 2088) 145672.0
(5035, 5036, 5037) 138108.0
(3355, 3356, 3357) 184616.0
(8583, 8584, 8585) 144011.0
(4381, 4382, 4383) 143921.0
(659, 660, 661) 154656.0
(6878, 6879, 6880) 112310.0
(797, 798, 799) 161822.0
(6969, 6970, 6971) 162401.0
(9589, 9590, 9591) 169346.0
(6283, 6284, 6285) 152923.0
(1340, 1341, 1342) 118871.0
(6070, 6071, 6072) 162015.0
(6575, 6576, 6577) 132234.0
(6576, 6577, 6578) 148565.0
(5435, 5436, 5437) 158961.0
(7892, 7893, 7894) 169275.0
(7261, 7262, 7263) 149073.0
(9699, 9700, 9701) 151104.0
(1811, 1812, 1813) 169640.0
(275, 276, 277) 155417.0
(738, 739, 740) 122193.0
(5293, 5294, 5295) 136644.0
(805, 806, 807) 136176.0
(1972, 1973, 1974) 151802.0
(7746, 7747, 7748) 147683.0
(6759, 6760, 6761) 176810.0
(7969, 7970, 7971) 136712.0
(3023, 3024, 3025) 170113.0
(8911, 8912, 8913) 160757.0
(3808, 3809, 3810) 127155.0
(6420, 6421, 6422) 125394.0
(5281, 5282, 5283) 153887.0
(4207, 4208, 4209) 111605.0
(7274, 7275, 7276) 152065.0
(2163, 2164, 2165) 128504.0
(3595, 3596, 3597) 135242.0
(6788, 6789, 6790) 152753.0
(3688, 3689, 3690) 160851.0
(9969, 9970, 9971) 159963.0
(5495, 5496, 5497) 155569.0
(3164, 3165, 3166) 153585.0
(1945, 1946, 1947) 137244.0
(4049, 4050, 4051) 152129.0
(9181, 9182, 9183) 185624.0
(1830, 1831, 1832) 165920.0
(1974, 1975, 1976) 148212.0
(4107, 4108, 4109) 153630.0
(9394, 9395, 9396) 124619.0
(9055, 9056, 9057) 181862.0
(1804, 1805, 1806) 135010.0
(2038, 2039, 2040) 130990.0
(9509, 9510, 9511) 148071.0
(4018, 4019, 4020) 130326.0
(3277, 3278, 3279) 131263.0
(3185, 3186, 3187) 162819.0
(6294, 6295, 6296) 149299.0
(3096, 3097, 3098) 138954.0
(5777, 5778, 5779) 155050.0
(802, 803, 804) 133268.0
(3047, 3048, 3049) 117186.0
(9573, 9574, 9575) 142181.0
(4881, 4882, 4883) 158783.0
(1696, 1697, 1698) 155481.0
(1235, 1236, 1237) 147445.0
(7873, 7874, 7875) 128566.0
(1611, 1612, 1613) 147618.0
(7476, 7477, 7478) 172728.0
(7838, 7839, 7840) 149024.0
(4063, 4064, 4065) 158303.0
(8383, 8384, 8385) 160263.0
(8819, 8820, 8821) 183799.0
(12, 13, 14) 116030.0
(3497, 3498, 3499) 151662.0
(9975, 9976, 9977) 134585.0
(4954, 4955, 4956) 130808.0
(1266, 1267, 1268) 132702.0
(868, 869, 870) 124983.0
(309, 310, 311) 147152.0
(4458, 4459, 4460) 118386.0
(944, 945, 946) 144726.0
(8105, 8106, 8107) 116891.0
(8316, 8317, 8318) 157878.0
(7043, 7044, 7045) 173716.0
(1567, 1568, 1569) 139803.0
(5689, 5690, 5691) 139653.0
(1352, 1353, 1354) 126342.0
(7643, 7644, 7645) 125294.0
(1779, 1780, 1781) 120694.0
(4223, 4224, 4225) 121546.0
(9156, 9157, 9158) 144099.0
(4872, 4873, 4874) 181579.0
(6776, 6777, 6778) 134285.0
(9118, 9119, 9120) 149281.0
(2810, 2811, 2812) 180577.0
(8548, 8549, 8550) 142114.0
(2666, 2667, 2668) 155811.0
(8079, 8080, 8081) 175540.0
(648, 649, 650) 164902.0
(3438, 3439, 3440) 154412.0
(1025, 1026, 1027) 165203.0
(5480, 5481, 5482) 138944.0
(773, 774, 775) 174387.0
(3929, 3930, 3931) 176866.0
(8694, 8695, 8696) 139101.0
(4364, 4365, 4366) 138066.0
(1116, 1117, 1118) 164504.0
(981, 982, 983) 142233.0
(6955, 6956, 6957) 137821.0
(6804, 6805, 6806) 131498.0
(963, 964, 965) 144896.0
(684, 685, 686) 138984.0
(5110, 5111, 5112) 170705.0
(3015, 3016, 3017) 155797.0
(544, 545, 546) 171690.0
(6162, 6163, 6164) 137799.0
(6840, 6841, 6842) 152669.0
(3996, 3997, 3998) 128396.0
(2059, 2060, 2061) 183509.0
(5360, 5361, 5362) 148441.0
(1533, 1534, 1535) 147196.0
(5504, 5505, 5506) 135393.0
(1264, 1265, 1266) 156820.0
(3895, 3896, 3897) 148814.0
(7474, 7475, 7476) 165398.0
(6479, 6480, 6481) 143611.0
(9286, 9287, 9288) 170597.0
(7030, 7031, 7032) 158087.0
(4137, 4138, 4139) 135564.0
(9936, 9937, 9938) 142177.0
(4828, 4829, 4830) 176889.0
(319, 320, 321) 114051.0
(8808, 8809, 8810) 116859.0
(987, 988, 989) 142630.0
(7282, 7283, 7284) 185787.0
(361, 362, 363) 178422.0
(2797, 2798, 2799) 171369.0
(7876, 7877, 7878) 140890.0
(3887, 3888, 3889) 121191.0
(2930, 2931, 2932) 168018.0
(7099, 7100, 7101) 163302.0
(9455, 9456, 9457) 152625.0
(1814, 1815, 1816) 135036.0
(4932, 4933, 4934) 106337.0
(483, 484, 485) 157708.0
(5343, 5344, 5345) 141714.0
(8386, 8387, 8388) 160399.0
(5301, 5302, 5303) 139049.0
(9330, 9331, 9332) 118572.0
(9792, 9793, 9794) 171033.0
(5318, 5319, 5320) 198534.0
(1793, 1794, 1795) 164750.0
(8545, 8546, 8547) 145644.0
(4962, 4963, 4964) 151059.0
(3501, 3502, 3503) 170330.0
(2233, 2234, 2235) 180666.0
(2286, 2287, 2288) 146626.0
(8046, 8047, 8048) 175794.0
(1467, 1468, 1469) 135011.0
(2639, 2640, 2641) 147310.0
(3866, 3867, 3868) 130669.0
(1645, 1646, 1647) 131858.0
(5635, 5636, 5637) 115957.0
(5386, 5387, 5388) 162706.0
(8159, 8160, 8161) 133939.0
(6078, 6079, 6080) 158100.0
(1344, 1345, 1346) 114375.0
(6101, 6102, 6103) 158757.0
(384, 385, 386) 131976.0
(1063, 1064, 1065) 122346.0
(5126, 5127, 5128) 131829.0
(5510, 5511, 5512) 191797.0
(5966, 5967, 5968) 130200.0
(3790, 3791, 3792) 151960.0
(6386, 6387, 6388) 107060.0
(5298, 5299, 5300) 136645.0
(5370, 5371, 5372) 130630.0
(5130, 5131, 5132) 134220.0
(3445, 3446, 3447) 150556.0
(6267, 6268, 6269) 157321.0
(9263, 9264, 9265) 134699.0
(3839, 3840, 3841) 156878.0
(7860, 7861, 7862) 178709.0
(3088, 3089, 3090) 129860.0
(6555, 6556, 6557) 155276.0
(6169, 6170, 6171) 162065.0
(4161, 4162, 4163) 156743.0
(3061, 3062, 3063) 163354.0
