(6438, 6439, 6440) 133794.0
(8523, 8524, 8525) 143497.0
(35, 36, 37) 172619.0
(1986, 1987, 1988) 132019.0
(2368, 2369, 2370) 136102.0
(6912, 6913, 6914) 173774.0
(7168, 7169, 7170) 155764.0
(2825, 2826, 2827) 149586.0
(887, 888, 889) 183326.0
(2935, 2936, 2937) 180463.0
(6135, 6136, 6137) 129462.0
(5841, 5842, 5843) 153983.0
(5775, 5776, 5777) 137231.0
(8937, 8938, 8939) 170986.0
(9631, 9632, 9633) 183910.0
(7578, 7579, 7580) 121009.0
(8661, 8662, 8663) 172725.0
(6625, 6626, 6627) 180892.0
(70, 71, 72) 146997.0
(4709, 4710, 4711) 119781.0
(6717, 6718, 6719) 198240.0
(2227, 2228, 2229) 176999.0
(8807, 8808, 8809) 175763.0
(8691, 8692, 8693) 183625.0
(9186, 9187, 9188) 159417.0
(4873, 4874, 4875) 135412.0
(4013, 4014, 4015) 128714.0
(9204, 9205, 9206) 151103.0
(3917, 3918, 3919) 155524.0
(1506, 1507, 1508) 172923.0
(1312, 1313, 1314) 138006.0
(672, 673, 674) 168273.0
(4623, 4624, 4625) 150251.0
(1533, 1534, 1535) 145772.0
(9071, 9072, 9073) 133824.0
(236, 237, 238) 156810.0
(2598, 2599, 2600) 158081.0
(3501, 3502, 3503) 176307.0
(9548, 9549, 9550) 133646.0
(1492, 1493, 1494) 160064.0
(1382, 1383, 1384) 147324.0
(1997, 1998, 1999) 126589.0
(8632, 8633, 8634) 156137.0
(3267, 3268, 3269) 167729.0
(9801, 9802, 9803) 156661.0
(7843, 7844, 7845) 153152.0
(7967, 7968, 7969) 170901.0
(290, 291, 292) 147250.0
(6610, 6611, 6612) 192184.0
(6143, 6144, 6145) 150946.0
(5956, 5957, 5958) 113669.0
(1524, 1525, 1526) 116397.0
(3980, 3981, 3982) 133707.0
(4069, 4070, 4071) 176862.0
(6660, 6661, 6662) 147782.0
(7505, 7506, 7507) 151992.0
(2751, 2752, 2753) 162945.0
(4644, 4645, 4646) 151749.0
(8971, 8972, 8973) 126469.0
(7709, 7710, 7711) 159841.0
(9336, 9337, 9338) 149513.0
(6952, 6953, 6954) 139545.0
(5462, 5463, 5464) 138404.0
(2072, 2073, 2074) 142149.0
(350, 351, 352) 146474.0
(363, 364, 365) 114200.0
(2361, 2362, 2363) 124937.0
(7162, 7163, 7164) 140361.0
(8586, 8587, 8588) 128485.0
(4398, 4399, 4400) 142942.0
(3058, 3059, 3060) 208539.0
(4536, 4537, 4538) 172522.0
(4636, 4637, 4638) 141594.0
(601, 602, 603) 177396.0
(378, 379, 380) 146736.0
(8329, 8330, 8331) 153213.0
(1353, 1354, 1355) 194480.0
(411, 412, 413) 130742.0
(7974, 7975, 7976) 139358.0
(8833, 8834, 8835) 195191.0
(2125, 2126, 2127) 143811.0
(1227, 1228, 1229) 176599.0
(4983, 4984, 4985) 166030.0
(6193, 6194, 6195) 130398.0
(2541, 2542, 2543) 128050.0
(2805, 2806, 2807) 174998.0
(4162, 4163, 4164) 122620.0
(2385, 2386, 2387) 186234.0
(8581, 8582, 8583) 167654.0
(540, 541, 542) 144583.0
(1368, 1369, 1370) 154826.0
(593, 594, 595) 158000.0
(2577, 2578, 2579) 148980.0
(3117, 3118, 3119) 180410.0
(5343, 5344, 5345) 142503.0
(7528, 7529, 7530) 154872.0
(6073, 6074, 6075) 144444.0
(3709, 3710, 3711) 101473.0
(2174, 2175, 2176) 137749.0
(7858, 7859, 7860) 133991.0
(9907, 9908, 9909) 124730.0
(1234, 1235, 1236) 135648.0
(7162, 7163, 7164) 140361.0
(1426, 1427, 1428) 158179.0
(8686, 8687, 8688) 151559.0
(6647, 6648, 6649) 155303.0
(8295, 8296, 8297) 185444.0
(4547, 4548, 4549) 137374.0
(3071, 3072, 3073) 148939.0
(3266, 3267, 3268) 156787.0
(1076, 1077, 1078) 181495.0
(4790, 4791, 4792) 145909.0
(5966, 5967, 5968) 134492.0
(1263, 1264, 1265) 174826.0
(3639, 3640, 3641) 141615.0
(8062, 8063, 8064) 144820.0
(843, 844, 845) 137004.0
(3773, 3774, 3775) 135476.0
(8005, 8006, 8007) 155882.0
(8106, 8107, 8108) 181563.0
(4261, 4262, 4263) 161993.0
(442, 443, 444) 167806.0
(4487, 4488, 4489) 149179.0
(7946, 7947, 7948) 110078.0
(3827, 3828, 3829) 181269.0
(277, 278, 279) 113823.0
(267, 268, 269) 179986.0
(9744, 9745, 9746) 120568.0
(138, 139, 140) 139023.0
(8098, 8099, 8100) 141415.0
(7282, 7283, 7284) 195217.0
(7407, 7408, 7409) 145663.0
(8379, 8380, 8381) 152528.0
(4505, 4506, 4507) 123933.0
(0, 1, 2) 148566.0
(8262, 8263, 8264) 139597.0
(3461, 3462, 3463) 122187.0
(4583, 4584, 4585) 125599.0
(6084, 6085, 6086) 164368.0
(2278, 2279, 2280) 133799.0
(1246, 1247, 1248) 131523.0
(9851, 9852, 9853) 131514.0
(5209, 5210, 5211) 115247.0
(4615, 4616, 4617) 170107.0
(6682, 6683, 6684) 160287.0
(3391, 3392, 3393) 148807.0
(4698, 4699, 4700) 206203.0
(1938, 1939, 1940) 170723.0
(9151, 9152, 9153) 132275.0
(894, 895, 896) 137247.0
(8728, 8729, 8730) 147354.0
(3445, 3446, 3447) 152234.0
(5147, 5148, 5149) 149900.0
(5760, 5761, 5762) 174474.0
(7055, 7056, 7057) 180608.0
(9377, 9378, 9379) 173387.0
(117, 118, 119) 148049.0
(362, 363, 364) 145302.0
(2129, 2130, 2131) 147975.0
(8890, 8891, 8892) 143535.0
(2118, 2119, 2120) 151394.0
(8471, 8472, 8473) 132477.0
(4506, 4507, 4508) 144824.0
(2768, 2769, 2770) 151143.0
(7471, 7472, 7473) 117018.0
(4921, 4922, 4923) 184694.0
(5055, 5056, 5057) 127046.0
(896, 897, 898) 144291.0
(4920, 4921, 4922) 194404.0
(2022, 2023, 2024) 119268.0
(6553, 6554, 6555) 137983.0
(697, 698, 699) 149708.0
(5912, 5913, 5914) 139759.0
(5356, 5357, 5358) 136884.0
(4252, 4253, 4254) 152544.0
(9478, 9479, 9480) 162683.0
(7368, 7369, 7370) 133097.0
(9942, 9943, 9944) 159773.0
(1863, 1864, 1865) 149603.0
(3569, 3570, 3571) 155562.0
(7990, 7991, 7992) 164770.0
(3564, 3565, 3566) 150599.0
(105, 106, 107) 148628.0
(8937, 8938, 8939) 170986.0
(7853, 7854, 7855) 166066.0
(8761, 8762, 8763) 173286.0
(5222, 5223, 5224) 162039.0
(191, 192, 193) 139174.0
(5514, 5515, 5516) 195073.0
(2667, 2668, 2669) 125470.0
(6354, 6355, 6356) 150048.0
(6169, 6170, 6171) 163893.0
(5079, 5080, 5081) 135501.0
(6326, 6327, 6328) 159916.0
(5554, 5555, 5556) 162290.0
(408, 409, 410) 171878.0
(7947, 7948, 7949) 161962.0
(9697, 9698, 9699) 149634.0
(5694, 5695, 5696) 152739.0
(2529, 2530, 2531) 149284.0
(6001, 6002, 6003) 170216.0
(3103, 3104, 3105) 145011.0
(9451, 9452, 9453) 163217.0
(4902, 4903, 4904) 144501.0
(3612, 3613, 3614) 179273.0
(7522, 7523, 7524) 178191.0
(8084, 8085, 8086) 143093.0
(7351, 7352, 7353) 169173.0
(5595, 5596, 5597) 141435.0
(9862, 9863, 9864) 134262.0
(5010, 5011, 5012) 147654.0
(9725, 9726, 9727) 135395.0
(9056, 9057, 9058) 122339.0
(8139, 8140, 8141) 132446.0
(7023, 7024, 7025) 123969.0
(2514, 2515, 2516) 151109.0
(5495, 5496, 5497) 154000.0
(9088, 9089, 9090) 135043.0
(8370, 8371, 8372) 125265.0
(1550, 1551, 1552) 124600.0
(532, 533, 534) 151128.0
(3371, 3372, 3373) 158997.0
(6076, 6077, 6078) 134970.0
(1346, 1347, 1348) 132303.0
(7807, 7808, 7809) 155519.0
(3823, 3824, 3825) 197528.0
(902, 903, 904) 117093.0
(9161, 9162, 9163) 142412.0
(7906, 7907, 7908) 140236.0
(8623, 8624, 8625) 184445.0
(359, 360, 361) 130918.0
(2061, 2062, 2063) 114215.0
(6321, 6322, 6323) 133811.0
(1045, 1046, 1047) 159161.0
(85, 86, 87) 165656.0
(6666, 6667, 6668) 161162.0
(3439, 3440, 3441) 131444.0
(983, 984, 985) 138270.0
(9565, 9566, 9567) 163524.0
(7168, 7169, 7170) 155764.0
(4201, 4202, 4203) 138761.0
(1781, 1782, 1783) 153596.0
(1827, 1828, 1829) 127762.0
(7635, 7636, 7637) 141973.0
(7063, 7064, 7065) 172742.0
(3687, 3688, 3689) 175397.0
(365, 366, 367) 161232.0
(2611, 2612, 2613) 145628.0
(4522, 4523, 4524) 160817.0
(6038, 6039, 6040) 162698.0
(3484, 3485, 3486) 145538.0
(9310, 9311, 9312) 164038.0
(2735, 2736, 2737) 161268.0
(1404, 1405, 1406) 150179.0
(1679, 1680, 1681) 147508.0
(8872, 8873, 8874) 98671.0
(8440, 8441, 8442) 153517.0
(1787, 1788, 1789) 137754.0
(6557, 6558, 6559) 169106.0
(3772, 3773, 3774) 177346.0
(901, 902, 903) 119338.0
(2122, 2123, 2124) 162730.0
(8097, 8098, 8099) 110852.0
(8081, 8082, 8083) 134013.0
(1757, 1758, 1759) 95451.0
(4879, 4880, 4881) 141647.0
(3747, 3748, 3749) 147071.0
(9148, 9149, 9150) 173525.0
(8338, 8339, 8340) 167854.0
(4001, 4002, 4003) 143405.0
(4968, 4969, 4970) 186344.0
(5485, 5486, 5487) 187549.0
(6675, 6676, 6677) 170101.0
(2483, 2484, 2485) 174823.0
(4697, 4698, 4699) 134051.0
(6188, 6189, 6190) 135244.0
(2770, 2771, 2772) 154186.0
(6330, 6331, 6332) 184386.0
(5708, 5709, 5710) 141405.0
(3467, 3468, 3469) 118100.0
(1442, 1443, 1444) 168648.0
(6433, 6434, 6435) 130151.0
(7321, 7322, 7323) 151646.0
(9379, 9380, 9381) 129384.0
(347, 348, 349) 132594.0
(9856, 9857, 9858) 146606.0
(317, 318, 319) 148054.0
(1102, 1103, 1104) 128152.0
(1015, 1016, 1017) 195964.0
(6387, 6388, 6389) 131583.0
(1205, 1206, 1207) 133666.0
(8480, 8481, 8482) 181820.0
(4979, 4980, 4981) 155719.0
(6380, 6381, 6382) 147914.0
(2123, 2124, 2125) 157627.0
(6862, 6863, 6864) 174105.0
(1013, 1014, 1015) 138776.0
(3148, 3149, 3150) 171525.0
(7402, 7403, 7404) 168880.0
(7940, 7941, 7942) 121115.0
(8210, 8211, 8212) 185728.0
(3292, 3293, 3294) 116139.0
(8248, 8249, 8250) 168628.0
(1554, 1555, 1556) 151502.0
(1274, 1275, 1276) 175468.0
(6879, 6880, 6881) 152220.0
(5725, 5726, 5727) 122069.0
(681, 682, 683) 143455.0
(7393, 7394, 7395) 145988.0
(9774, 9775, 9776) 120766.0
(9716, 9717, 9718) 216321.0
(6697, 6698, 6699) 154792.0
(6796, 6797, 6798) 140671.0
(9780, 9781, 9782) 185450.0
(6614, 6615, 6616) 125959.0
(6516, 6517, 6518) 160439.0
(7547, 7548, 7549) 158271.0
(2354, 2355, 2356) 104038.0
(4664, 4665, 4666) 123417.0
(6934, 6935, 6936) 155740.0
(821, 822, 823) 114013.0
(4873, 4874, 4875) 135412.0
(7445, 7446, 7447) 149406.0
(9024, 9025, 9026) 133182.0
(7364, 7365, 7366) 131540.0
(6738, 6739, 6740) 160702.0
(9852, 9853, 9854) 141906.0
(6831, 6832, 6833) 120694.0
(1627, 1628, 1629) 131455.0
(1175, 1176, 1177) 164022.0
(3652, 3653, 3654) 155409.0
(9951, 9952, 9953) 164350.0
(3557, 3558, 3559) 138385.0
(3629, 3630, 3631) 141689.0
(695, 696, 697) 225669.0
(6602, 6603, 6604) 152001.0
(3092, 3093, 3094) 138946.0
(3677, 3678, 3679) 155996.0
(860, 861, 862) 140689.0
(6968, 6969, 6970) 156935.0
(8787, 8788, 8789) 177545.0
(3459, 3460, 3461) 134875.0
(5687, 5688, 5689) 147402.0
(5061, 5062, 5063) 155751.0
(817, 818, 819) 128624.0
(7175, 7176, 7177) 132918.0
(2267, 2268, 2269) 174667.0
(6716, 6717, 6718) 148507.0
(8712, 8713, 8714) 160274.0
(9250, 9251, 9252) 117769.0
(2207, 2208, 2209) 149128.0
(2979, 2980, 2981) 188006.0
(6605, 6606, 6607) 149491.0
(3794, 3795, 3796) 119160.0
(5415, 5416, 5417) 169234.0
(8459, 8460, 8461) 168209.0
(668, 669, 670) 142359.0
(896, 897, 898) 144291.0
(5271, 5272, 5273) 135675.0
(7339, 7340, 7341) 128209.0
(6951, 6952, 6953) 142298.0
(4413, 4414, 4415) 168116.0
(2894, 2895, 2896) 159121.0
(2233, 2234, 2235) 180570.0
(6245, 6246, 6247) 121328.0
(7289, 7290, 7291) 199549.0
(7741, 7742, 7743) 113123.0
(6899, 6900, 6901) 133629.0
(6176, 6177, 6178) 172969.0
(3837, 3838, 3839) 152251.0
(644, 645, 646) 137209.0
(583, 584, 585) 164740.0
(9695, 9696, 9697) 116061.0
(8695, 8696, 8697) 183713.0
(9122, 9123, 9124) 165447.0
(2967, 2968, 2969) 184796.0
(5555, 5556, 5557) 157093.0
(1609, 1610, 1611) 154365.0
(7952, 7953, 7954) 126989.0
(1163, 1164, 1165) 128639.0
(3640, 3641, 3642) 165043.0
(3014, 3015, 3016) 127759.0
(6482, 6483, 6484) 119481.0
(6274, 6275, 6276) 155062.0
(9678, 9679, 9680) 170294.0
(4395, 4396, 4397) 150765.0
(7419, 7420, 7421) 174191.0
(7458, 7459, 7460) 145106.0
(2219, 2220, 2221) 161129.0
(1218, 1219, 1220) 143671.0
(3922, 3923, 3924) 156285.0
(2930, 2931, 2932) 167950.0
(612, 613, 614) 127467.0
(212, 213, 214) 113278.0
(7583, 7584, 7585) 144246.0
(7166, 7167, 7168) 215422.0
(6100, 6101, 6102) 179260.0
(5850, 5851, 5852) 164793.0
(4635, 4636, 4637) 154850.0
(2097, 2098, 2099) 151268.0
(5388, 5389, 5390) 123206.0
(7735, 7736, 7737) 154910.0
(959, 960, 961) 122680.0
(4560, 4561, 4562) 201476.0
(3407, 3408, 3409) 144972.0
(1869, 1870, 1871) 172844.0
(2641, 2642, 2643) 155302.0
(7766, 7767, 7768) 181370.0
(2942, 2943, 2944) 142763.0
(2687, 2688, 2689) 177069.0
(3439, 3440, 3441) 131444.0
(4252, 4253, 4254) 152544.0
(9336, 9337, 9338) 149513.0
(7199, 7200, 7201) 163103.0
(222, 223, 224) 149958.0
(2163, 2164, 2165) 127429.0
(7674, 7675, 7676) 156818.0
(7522, 7523, 7524) 178191.0
(2779, 2780, 2781) 162175.0
(357, 358, 359) 151670.0
(8737, 8738, 8739) 119279.0
(3201, 3202, 3203) 128326.0
(7202, 7203, 7204) 112993.0
(8646, 8647, 8648) 149129.0
(2099, 2100, 2101) 158452.0
(4106, 4107, 4108) 150135.0
(5588, 5589, 5590) 168679.0
(9999, 10000, 10001) 134342.0
(2840, 2841, 2842) 118227.0
(3597, 3598, 3599) 125496.0
(6754, 6755, 6756) 172048.0
(764, 765, 766) 148152.0
(1428, 1429, 1430) 149437.0
(7315, 7316, 7317) 131237.0
(6171, 6172, 6173) 149869.0
(6284, 6285, 6286) 165118.0
(8391, 8392, 8393) 119170.0
(1477, 1478, 1479) 135922.0
(3774, 3775, 3776) 127560.0
(2508, 2509, 2510) 120498.0
(5997, 5998, 5999) 161487.0
(248, 249, 250) 120844.0
(2518, 2519, 2520) 196517.0
(8633, 8634, 8635) 118705.0
(4193, 4194, 4195) 169678.0
(7104, 7105, 7106) 151440.0
(4838, 4839, 4840) 126522.0
(4380, 4381, 4382) 118941.0
(4591, 4592, 4593) 137643.0
(3737, 3738, 3739) 170827.0
(1650, 1651, 1652) 184307.0
(1259, 1260, 1261) 135119.0
(3336, 3337, 3338) 137215.0
(5584, 5585, 5586) 151008.0
(2943, 2944, 2945) 111773.0
(7369, 7370, 7371) 167727.0
(2573, 2574, 2575) 124336.0
(6178, 6179, 6180) 180326.0
(8497, 8498, 8499) 119174.0
(7457, 7458, 7459) 182272.0
(5563, 5564, 5565) 156859.0
(6722, 6723, 6724) 165460.0
(846, 847, 848) 190383.0
(7770, 7771, 7772) 168447.0
(3892, 3893, 3894) 150658.0
(3345, 3346, 3347) 164521.0
(7492, 7493, 7494) 132023.0
(9561, 9562, 9563) 128312.0
(4893, 4894, 4895) 182614.0
(8639, 8640, 8641) 111942.0
(3384, 3385, 3386) 191969.0
(9611, 9612, 9613) 167379.0
(9339, 9340, 9341) 140937.0
(7560, 7561, 7562) 150192.0
(7104, 7105, 7106) 151440.0
(6371, 6372, 6373) 153702.0
(9445, 9446, 9447) 141633.0
(2964, 2965, 2966) 152927.0
(9657, 9658, 9659) 110403.0
(7862, 7863, 7864) 168267.0
(6111, 6112, 6113) 114634.0
(1271, 1272, 1273) 177890.0
(8220, 8221, 8222) 145546.0
(5039, 5040, 5041) 155910.0
(6676, 6677, 6678) 192942.0
(1050, 1051, 1052) 152846.0
(2522, 2523, 2524) 179903.0
(2271, 2272, 2273) 146942.0
(2972, 2973, 2974) 122188.0
(55, 56, 57) 131750.0
(4495, 4496, 4497) 170005.0
(2213, 2214, 2215) 123980.0
(1461, 1462, 1463) 163054.0
(6137, 6138, 6139) 142111.0
(6241, 6242, 6243) 155839.0
(536, 537, 538) 186089.0
(3497, 3498, 3499) 150521.0
(7526, 7527, 7528) 157871.0
(7036, 7037, 7038) 121220.0
(2905, 2906, 2907) 151661.0
(5513, 5514, 5515) 138111.0
(3020, 3021, 3022) 124028.0
(6949, 6950, 6951) 109218.0
(4627, 4628, 4629) 172426.0
(2840, 2841, 2842) 118227.0
(9861, 9862, 9863) 176390.0
(2364, 2365, 2366) 146088.0
(1371, 1372, 1373) 147872.0
(1514, 1515, 1516) 120358.0
(8693, 8694, 8695) 161308.0
(9451, 9452, 9453) 163217.0
(5624, 5625, 5626) 119937.0
(7040, 7041, 7042) 151280.0
(4186, 4187, 4188) 125785.0
(6742, 6743, 6744) 148080.0
(6519, 6520, 6521) 121473.0
(4709, 4710, 4711) 119781.0
(5657, 5658, 5659) 131989.0
(2562, 2563, 2564) 174406.0
(2942, 2943, 2944) 142763.0
(8399, 8400, 8401) 180321.0
(4652, 4653, 4654) 177621.0
(1388, 1389, 1390) 199497.0
(1631, 1632, 1633) 158241.0
(7301, 7302, 7303) 160150.0
(9021, 9022, 9023) 143306.0
(9952, 9953, 9954) 155448.0
(4147, 4148, 4149) 157648.0
(3198, 3199, 3200) 168353.0
(1939, 1940, 1941) 179898.0
(7356, 7357, 7358) 146007.0
(3399, 3400, 3401) 157745.0
(9466, 9467, 9468) 171172.0
(7743, 7744, 7745) 123366.0
(7335, 7336, 7337) 153665.0
(2679, 2680, 2681) 159209.0
(7250, 7251, 7252) 153126.0
(3430, 3431, 3432) 109493.0
(7725, 7726, 7727) 166679.0
(7891, 7892, 7893) 140787.0
(1829, 1830, 1831) 198710.0
(7098, 7099, 7100) 189184.0
(1349, 1350, 1351) 146740.0
(7307, 7308, 7309) 152952.0
(3453, 3454, 3455) 165081.0
(2700, 2701, 2702) 143944.0
(8669, 8670, 8671) 126978.0
(6683, 6684, 6685) 149608.0
(5456, 5457, 5458) 124168.0
(5805, 5806, 5807) 132583.0
(8758, 8759, 8760) 164836.0
(1463, 1464, 1465) 114206.0
(3890, 3891, 3892) 145290.0
(9474, 9475, 9476) 163372.0
(6054, 6055, 6056) 213471.0
(2213, 2214, 2215) 123980.0
(1256, 1257, 1258) 142910.0
(1748, 1749, 1750) 174634.0
(80, 81, 82) 185499.0
(8080, 8081, 8082) 139642.0
(7473, 7474, 7475) 128966.0
(3083, 3084, 3085) 136372.0
(6897, 6898, 6899) 190458.0
(4543, 4544, 4545) 134457.0
(746, 747, 748) 134378.0
(2566, 2567, 2568) 136904.0
(1074, 1075, 1076) 156262.0
(4562, 4563, 4564) 140452.0
(3184, 3185, 3186) 141297.0
(6286, 6287, 6288) 162583.0
(721, 722, 723) 144676.0
(9719, 9720, 9721) 165091.0
(903, 904, 905) 124472.0
(9113, 9114, 9115) 172629.0
(429, 430, 431) 151169.0
(3208, 3209, 3210) 146473.0
(1059, 1060, 1061) 178444.0
(9862, 9863, 9864) 134262.0
(2077, 2078, 2079) 145615.0
(8787, 8788, 8789) 177545.0
(5389, 5390, 5391) 155826.0
(8130, 8131, 8132) 149030.0
(8675, 8676, 8677) 144507.0
(2604, 2605, 2606) 161044.0
(9334, 9335, 9336) 120800.0
(9692, 9693, 9694) 195264.0
(3642, 3643, 3644) 138965.0
(6146, 6147, 6148) 164341.0
(6307, 6308, 6309) 169857.0
(6298, 6299, 6300) 138007.0
(1767, 1768, 1769) 194362.0
(8532, 8533, 8534) 141784.0
(8487, 8488, 8489) 196907.0
(1303, 1304, 1305) 172071.0
(9444, 9445, 9446) 124641.0
(5282, 5283, 5284) 162838.0
(8021, 8022, 8023) 190136.0
(5861, 5862, 5863) 144978.0
(9064, 9065, 9066) 166401.0
(296, 297, 298) 181717.0
(8260, 8261, 8262) 171611.0
(7042, 7043, 7044) 160892.0
(101, 102, 103) 154527.0
(244, 245, 246) 131893.0
(3700, 3701, 3702) 160311.0
(4894, 4895, 4896) 161147.0
(2096, 2097, 2098) 213552.0
(6653, 6654, 6655) 163601.0
(1953, 1954, 1955) 184263.0
(4127, 4128, 4129) 148176.0
(607, 608, 609) 128021.0
(5461, 5462, 5463) 132711.0
(9078, 9079, 9080) 131295.0
(7346, 7347, 7348) 141454.0
(594, 595, 596) 164560.0
(8992, 8993, 8994) 174740.0
(6157, 6158, 6159) 118673.0
(4513, 4514, 4515) 133358.0
(5828, 5829, 5830) 113224.0
(412, 413, 414) 159061.0
(2532, 2533, 2534) 147807.0
(3106, 3107, 3108) 106472.0
(5796, 5797, 5798) 191884.0
(1371, 1372, 1373) 147872.0
(9539, 9540, 9541) 153334.0
(7111, 7112, 7113) 153321.0
(4620, 4621, 4622) 156482.0
(3961, 3962, 3963) 151212.0
(1919, 1920, 1921) 154158.0
(5204, 5205, 5206) 131071.0
(2447, 2448, 2449) 153107.0
(7145, 7146, 7147) 167116.0
(8114, 8115, 8116) 179339.0
(1991, 1992, 1993) 159316.0
(1088, 1089, 1090) 152393.0
(8569, 8570, 8571) 127855.0
(1150, 1151, 1152) 180270.0
(4669, 4670, 4671) 145704.0
(8545, 8546, 8547) 147092.0
(199, 200, 201) 139235.0
(6098, 6099, 6100) 153778.0
(8123, 8124, 8125) 154808.0
(4243, 4244, 4245) 136711.0
(2934, 2935, 2936) 151702.0
(9841, 9842, 9843) 143581.0
(3428, 3429, 3430) 133982.0
(4232, 4233, 4234) 213363.0
(3702, 3703, 3704) 163430.0
(1520, 1521, 1522) 167750.0
(4015, 4016, 4017) 145326.0
(1517, 1518, 1519) 183224.0
(1209, 1210, 1211) 137787.0
(7822, 7823, 7824) 131201.0
(1564, 1565, 1566) 180197.0
(5936, 5937, 5938) 148428.0
(894, 895, 896) 137247.0
(5204, 5205, 5206) 131071.0
(468, 469, 470) 108566.0
(571, 572, 573) 141349.0
(7148, 7149, 7150) 165609.0
(9255, 9256, 9257) 98444.0
(7034, 7035, 7036) 128197.0
(3067, 3068, 3069) 195402.0
(6931, 6932, 6933) 134948.0
(5531, 5532, 5533) 167798.0
(4436, 4437, 4438) 153838.0
(9771, 9772, 9773) 159692.0
(4349, 4350, 4351) 165595.0
(8432, 8433, 8434) 173524.0
(2756, 2757, 2758) 169594.0
(3748, 3749, 3750) 152720.0
(6551, 6552, 6553) 178974.0
(659, 660, 661) 156144.0
(9906, 9907, 9908) 140116.0
(4460, 4461, 4462) 161927.0
(3084, 3085, 3086) 134053.0
(220, 221, 222) 184812.0
(7484, 7485, 7486) 127838.0
(350, 351, 352) 146474.0
(1582, 1583, 1584) 129911.0
(9882, 9883, 9884) 133383.0
(5904, 5905, 5906) 164684.0
(1701, 1702, 1703) 148218.0
(6770, 6771, 6772) 174864.0
(5668, 5669, 5670) 159755.0
(9838, 9839, 9840) 155758.0
(2517, 2518, 2519) 173249.0
(4189, 4190, 4191) 150177.0
(5463, 5464, 5465) 190239.0
(7778, 7779, 7780) 161662.0
(5852, 5853, 5854) 128334.0
(4874, 4875, 4876) 105722.0
(6536, 6537, 6538) 166988.0
(6397, 6398, 6399) 146584.0
(9670, 9671, 9672) 159300.0
(7675, 7676, 7677) 135549.0
(3341, 3342, 3343) 142952.0
(5575, 5576, 5577) 151469.0
(4064, 4065, 4066) 142450.0
(1062, 1063, 1064) 140400.0
(7993, 7994, 7995) 159182.0
(4444, 4445, 4446) 138894.0
(7383, 7384, 7385) 124406.0
(7248, 7249, 7250) 156833.0
(6106, 6107, 6108) 170050.0
(969, 970, 971) 168576.0
(7376, 7377, 7378) 127007.0
(5747, 5748, 5749) 157685.0
(6211, 6212, 6213) 116650.0
(1734, 1735, 1736) 193644.0
(4, 5, 6) 142638.0
(9086, 9087, 9088) 189561.0
(6246, 6247, 6248) 136230.0
(134, 135, 136) 134628.0
(2876, 2877, 2878) 150321.0
(5025, 5026, 5027) 175167.0
(9147, 9148, 9149) 159171.0
(7932, 7933, 7934) 139241.0
(8088, 8089, 8090) 169004.0
(9939, 9940, 9941) 125842.0
(4541, 4542, 4543) 138601.0
(8375, 8376, 8377) 174842.0
(2107, 2108, 2109) 141082.0
(6593, 6594, 6595) 183250.0
(5544, 5545, 5546) 130927.0
(6514, 6515, 6516) 181436.0
(6092, 6093, 6094) 161483.0
(7197, 7198, 7199) 193340.0
(1964, 1965, 1966) 129938.0
(4672, 4673, 4674) 188944.0
(1280, 1281, 1282) 127576.0
(2876, 2877, 2878) 150321.0
(9414, 9415, 9416) 159065.0
(2261, 2262, 2263) 163465.0
(8696, 8697, 8698) 147925.0
(2620, 2621, 2622) 147941.0
(7172, 7173, 7174) 149409.0
(6289, 6290, 6291) 138193.0
(4944, 4945, 4946) 134273.0
(9428, 9429, 9430) 147512.0
(4317, 4318, 4319) 149038.0
(8276, 8277, 8278) 151896.0
(3754, 3755, 3756) 191629.0
(5900, 5901, 5902) 130343.0
(922, 923, 924) 119334.0
(5992, 5993, 5994) 165858.0
(687, 688, 689) 129541.0
(7396, 7397, 7398) 161958.0
(7589, 7590, 7591) 165062.0
(8052, 8053, 8054) 134841.0
(6546, 6547, 6548) 152973.0
(6463, 6464, 6465) 157015.0
(5941, 5942, 5943) 175467.0
(5537, 5538, 5539) 129341.0
(8921, 8922, 8923) 153898.0
(3598, 3599, 3600) 171891.0
(198, 199, 200) 164744.0
(9564, 9565, 9566) 141740.0
(432, 433, 434) 118203.0
(3477, 3478, 3479) 140735.0
(8833, 8834, 8835) 195191.0
(4231, 4232, 4233) 182576.0
(2140, 2141, 2142) 117854.0
(6089, 6090, 6091) 161337.0
(1304, 1305, 1306) 159393.0
(1657, 1658, 1659) 162896.0
(3424, 3425, 3426) 159029.0
(7205, 7206, 7207) 152306.0
(5318, 5319, 5320) 203564.0
(6231, 6232, 6233) 164424.0
(6299, 6300, 6301) 158097.0
(5355, 5356, 5357) 164225.0
(4214, 4215, 4216) 133403.0
(3973, 3974, 3975) 121683.0
(936, 937, 938) 120114.0
(3893, 3894, 3895) 149047.0
(8387, 8388, 8389) 126925.0
(4634, 4635, 4636) 146203.0
(4515, 4516, 4517) 143744.0
(3489, 3490, 3491) 139215.0
(6502, 6503, 6504) 159706.0
(1705, 1706, 1707) 111461.0
(4440, 4441, 4442) 161023.0
(4394, 4395, 4396) 149533.0
(8215, 8216, 8217) 129965.0
(9752, 9753, 9754) 119031.0
(712, 713, 714) 174996.0
(8349, 8350, 8351) 127025.0
(906, 907, 908) 183685.0
(805, 806, 807) 141688.0
(3843, 3844, 3845) 134480.0
(4806, 4807, 4808) 159432.0
(4234, 4235, 4236) 130765.0
(3590, 3591, 3592) 127675.0
(2677, 2678, 2679) 154945.0
(3252, 3253, 3254) 150396.0
(4471, 4472, 4473) 153475.0
(4150, 4151, 4152) 128574.0
(1824, 1825, 1826) 151787.0
(9324, 9325, 9326) 135901.0
(6692, 6693, 6694) 154814.0
(4405, 4406, 4407) 162043.0
(6645, 6646, 6647) 123409.0
(4391, 4392, 4393) 163914.0
(2984, 2985, 2986) 153631.0
(7216, 7217, 7218) 185262.0
(2132, 2133, 2134) 121780.0
(2690, 2691, 2692) 133375.0
(7740, 7741, 7742) 130094.0
(7466, 7467, 7468) 153593.0
(9671, 9672, 9673) 155888.0
(974, 975, 976) 138497.0
(2320, 2321, 2322) 157221.0
(3832, 3833, 3834) 159308.0
(6061, 6062, 6063) 145071.0
(3170, 3171, 3172) 166952.0
(5458, 5459, 5460) 169608.0
(6052, 6053, 6054) 164571.0
(4468, 4469, 4470) 157210.0
(672, 673, 674) 168273.0
(9501, 9502, 9503) 173272.0
(5559, 5560, 5561) 139743.0
(2619, 2620, 2621) 123948.0
(7144, 7145, 7146) 138014.0
(7979, 7980, 7981) 176257.0
(583, 584, 585) 164740.0
(3085, 3086, 3087) 147958.0
(7236, 7237, 7238) 185624.0
(9409, 9410, 9411) 159854.0
(2330, 2331, 2332) 144850.0
(6734, 6735, 6736) 134450.0
(967, 968, 969) 117756.0
(1692, 1693, 1694) 148328.0
(4311, 4312, 4313) 139138.0
(2918, 2919, 2920) 131406.0
(7656, 7657, 7658) 136628.0
(2142, 2143, 2144) 133350.0
(6721, 6722, 6723) 166969.0
(6646, 6647, 6648) 158597.0
(2134, 2135, 2136) 157630.0
(3301, 3302, 3303) 167018.0
(4946, 4947, 4948) 134685.0
(6133, 6134, 6135) 144314.0
(2906, 2907, 2908) 136650.0
(6343, 6344, 6345) 165391.0
(3875, 3876, 3877) 149069.0
(5859, 5860, 5861) 141975.0
(2135, 2136, 2137) 129193.0
(5392, 5393, 5394) 154412.0
(5704, 5705, 5706) 133125.0
(1442, 1443, 1444) 168648.0
(4576, 4577, 4578) 153532.0
(4866, 4867, 4868) 140579.0
(7643, 7644, 7645) 132495.0
(5555, 5556, 5557) 157093.0
(9760, 9761, 9762) 148605.0
(4342, 4343, 4344) 124179.0
(1225, 1226, 1227) 172220.0
(4642, 4643, 4644) 144382.0
(8049, 8050, 8051) 166749.0
(5838, 5839, 5840) 163206.0
(995, 996, 997) 139589.0
(5163, 5164, 5165) 145796.0
(2083, 2084, 2085) 145215.0
(2451, 2452, 2453) 137254.0
(399, 400, 401) 141848.0
(3513, 3514, 3515) 191616.0
(2383, 2384, 2385) 163550.0
(1192, 1193, 1194) 179651.0
(4105, 4106, 4107) 147033.0
(8541, 8542, 8543) 136421.0
(5457, 5458, 5459) 166129.0
(8495, 8496, 8497) 187309.0
(227, 228, 229) 152332.0
(979, 980, 981) 154568.0
(2447, 2448, 2449) 153107.0
(6055, 6056, 6057) 158729.0
(2048, 2049, 2050) 164411.0
(8323, 8324, 8325) 175915.0
(3653, 3654, 3655) 125638.0
(1937, 1938, 1939) 180680.0
(5961, 5962, 5963) 154016.0
(273, 274, 275) 152763.0
(9352, 9353, 9354) 146281.0
(6020, 6021, 6022) 136001.0
(6429, 6430, 6431) 176225.0
(9242, 9243, 9244) 167231.0
(3555, 3556, 3557) 164037.0
(1060, 1061, 1062) 161097.0
(2526, 2527, 2528) 134728.0
(513, 514, 515) 159639.0
(7599, 7600, 7601) 139386.0
(3694, 3695, 3696) 124917.0
(5434, 5435, 5436) 171863.0
(2117, 2118, 2119) 169533.0
(2866, 2867, 2868) 166312.0
(2938, 2939, 2940) 149938.0
(3292, 3293, 3294) 116139.0
(9932, 9933, 9934) 158453.0
(6526, 6527, 6528) 129537.0
(8315, 8316, 8317) 145683.0
(6245, 6246, 6247) 121328.0
(381, 382, 383) 137719.0
(2717, 2718, 2719) 178433.0
(1460, 1461, 1462) 115439.0
(4391, 4392, 4393) 163914.0
(1538, 1539, 1540) 143310.0
(4857, 4858, 4859) 159473.0
(2850, 2851, 2852) 140970.0
(7675, 7676, 7677) 135549.0
(9059, 9060, 9061) 124253.0
(7172, 7173, 7174) 149409.0
(754, 755, 756) 145740.0
(7602, 7603, 7604) 208101.0
(9745, 9746, 9747) 158922.0
(368, 369, 370) 155913.0
(8143, 8144, 8145) 156058.0
(1929, 1930, 1931) 151933.0
(2342, 2343, 2344) 146405.0
(91, 92, 93) 125748.0
(8245, 8246, 8247) 145714.0
(4481, 4482, 4483) 163209.0
(4607, 4608, 4609) 188800.0
(3499, 3500, 3501) 157671.0
(86, 87, 88) 149589.0
(9682, 9683, 9684) 173554.0
(4907, 4908, 4909) 126742.0
(2911, 2912, 2913) 126233.0
(4499, 4500, 4501) 158869.0
(4826, 4827, 4828) 114292.0
(9464, 9465, 9466) 140556.0
(8367, 8368, 8369) 135877.0
(6137, 6138, 6139) 142111.0
(1599, 1600, 1601) 135450.0
(9066, 9067, 9068) 125703.0
(7378, 7379, 7380) 151568.0
(7957, 7958, 7959) 161770.0
(3289, 3290, 3291) 138630.0
(7897, 7898, 7899) 146755.0
(3648, 3649, 3650) 113658.0
(3103, 3104, 3105) 145011.0
(6247, 6248, 6249) 209852.0
(5374, 5375, 5376) 148890.0
(889, 890, 891) 167555.0
(8813, 8814, 8815) 161566.0
(7067, 7068, 7069) 176705.0
(6060, 6061, 6062) 222617.0
(9968, 9969, 9970) 124732.0
(9691, 9692, 9693) 145998.0
(5952, 5953, 5954) 155128.0
(3324, 3325, 3326) 132203.0
(4016, 4017, 4018) 141903.0
(7534, 7535, 7536) 128557.0
(4242, 4243, 4244) 127168.0
(5963, 5964, 5965) 146382.0
(5881, 5882, 5883) 147015.0
(6804, 6805, 6806) 132649.0
(4317, 4318, 4319) 149038.0
(6924, 6925, 6926) 147642.0
(9395, 9396, 9397) 172399.0
(318, 319, 320) 139346.0
(7821, 7822, 7823) 125242.0
(4170, 4171, 4172) 98981.0
(1239, 1240, 1241) 126002.0
(9570, 9571, 9572) 112311.0
(6298, 6299, 6300) 138007.0
(556, 557, 558) 169330.0
(6126, 6127, 6128) 114065.0
(8640, 8641, 8642) 155676.0
(219, 220, 221) 170332.0
(663, 664, 665) 133802.0
(3965, 3966, 3967) 142140.0
(1073, 1074, 1075) 136095.0
(5073, 5074, 5075) 118803.0
(5137, 5138, 5139) 153195.0
(2952, 2953, 2954) 166565.0
(482, 483, 484) 146591.0
(8389, 8390, 8391) 129078.0
(21, 22, 23) 105347.0
(1457, 1458, 1459) 149966.0
(54, 55, 56) 108281.0
(809, 810, 811) 160844.0
(8139, 8140, 8141) 132446.0
(5540, 5541, 5542) 115975.0
(6070, 6071, 6072) 168296.0
(778, 779, 780) 156352.0
(4622, 4623, 4624) 177247.0
(4913, 4914, 4915) 126539.0
(3557, 3558, 3559) 138385.0
(9057, 9058, 9059) 149693.0
(1899, 1900, 1901) 136766.0
(4359, 4360, 4361) 131491.0
(5285, 5286, 5287) 164570.0
(5806, 5807, 5808) 184077.0
(5610, 5611, 5612) 129039.0
(5081, 5082, 5083) 131093.0
(3767, 3768, 3769) 146353.0
(6168, 6169, 6170) 158289.0
(6938, 6939, 6940) 150537.0
(6243, 6244, 6245) 147562.0
(5248, 5249, 5250) 127103.0
(5716, 5717, 5718) 149689.0
(4214, 4215, 4216) 133403.0
(1628, 1629, 1630) 163935.0
(5891, 5892, 5893) 147397.0
(7552, 7553, 7554) 112291.0
(260, 261, 262) 125907.0
(1716, 1717, 1718) 123393.0
(6106, 6107, 6108) 170050.0
(1005, 1006, 1007) 169419.0
(8535, 8536, 8537) 143969.0
(7585, 7586, 7587) 128028.0
(8475, 8476, 8477) 176275.0
(9011, 9012, 9013) 133719.0
(6239, 6240, 6241) 142438.0
(8860, 8861, 8862) 144834.0
(5564, 5565, 5566) 169667.0
(7004, 7005, 7006) 147170.0
(4619, 4620, 4621) 145940.0
(6209, 6210, 6211) 165010.0
(6931, 6932, 6933) 134948.0
(5324, 5325, 5326) 154940.0
(6907, 6908, 6909) 134343.0
(1472, 1473, 1474) 154098.0
(8633, 8634, 8635) 118705.0
(6498, 6499, 6500) 132340.0
(6125, 6126, 6127) 160669.0
(469, 470, 471) 164703.0
(973, 974, 975) 115163.0
(2471, 2472, 2473) 158371.0
(7204, 7205, 7206) 145418.0
(7173, 7174, 7175) 127841.0
(91, 92, 93) 125748.0
(80, 81, 82) 185499.0
(2527, 2528, 2529) 137876.0
(9271, 9272, 9273) 128284.0
(7600, 7601, 7602) 139161.0
(1768, 1769, 1770) 154772.0
(8137, 8138, 8139) 147714.0
(5255, 5256, 5257) 171838.0
(2265, 2266, 2267) 128000.0
(3838, 3839, 3840) 106766.0
(6750, 6751, 6752) 158472.0
(4759, 4760, 4761) 137067.0
(5059, 5060, 5061) 148839.0
(4343, 4344, 4345) 143674.0
(9229, 9230, 9231) 152448.0
(5589, 5590, 5591) 124816.0
(4835, 4836, 4837) 166672.0
(4160, 4161, 4162) 148493.0
(898, 899, 900) 181317.0
(7526, 7527, 7528) 157871.0
(491, 492, 493) 144556.0
(7597, 7598, 7599) 150928.0
(9933, 9934, 9935) 119065.0
(9638, 9639, 9640) 163768.0
(9705, 9706, 9707) 190912.0
(7283, 7284, 7285) 144048.0
(6068, 6069, 6070) 166178.0
(4967, 4968, 4969) 151431.0
(9178, 9179, 9180) 151650.0
(1426, 1427, 1428) 158179.0
(2944, 2945, 2946) 157486.0
(8344, 8345, 8346) 148168.0
(9365, 9366, 9367) 168029.0
(7978, 7979, 7980) 176803.0
(9968, 9969, 9970) 124732.0
(11, 12, 13) 154546.0
(7003, 7004, 7005) 142889.0
(4994, 4995, 4996) 141085.0
(7819, 7820, 7821) 144888.0
(6901, 6902, 6903) 143545.0
(5024, 5025, 5026) 166271.0
(1057, 1058, 1059) 150479.0
(1579, 1580, 1581) 148352.0
(2244, 2245, 2246) 128505.0
(8694, 8695, 8696) 139579.0
(7585, 7586, 7587) 128028.0
(5806, 5807, 5808) 184077.0
(8622, 8623, 8624) 132642.0
(5476, 5477, 5478) 125582.0
(1616, 1617, 1618) 153664.0
(7171, 7172, 7173) 130169.0
(8999, 9000, 9001) 159216.0
(6953, 6954, 6955) 131568.0
(3802, 3803, 3804) 150653.0
(6849, 6850, 6851) 120536.0
(7801, 7802, 7803) 137380.0
(6322, 6323, 6324) 168712.0
(6625, 6626, 6627) 180892.0
(4959, 4960, 4961) 116083.0
(2477, 2478, 2479) 151569.0
(2251, 2252, 2253) 156218.0
(7379, 7380, 7381) 148045.0
(185, 186, 187) 149486.0
(1331, 1332, 1333) 123341.0
(8716, 8717, 8718) 203696.0
(377, 378, 379) 141218.0
(8051, 8052, 8053) 188900.0
(2877, 2878, 2879) 112081.0
(5913, 5914, 5915) 166063.0
(1108, 1109, 1110) 131504.0
(5514, 5515, 5516) 195073.0
(568, 569, 570) 158601.0
(9333, 9334, 9335) 148077.0
(9466, 9467, 9468) 171172.0
(7328, 7329, 7330) 136876.0
(7529, 7530, 7531) 175880.0
(1658, 1659, 1660) 188393.0
(32, 33, 34) 164324.0
(4, 5, 6) 142638.0
