(4950, 4951, 4952) 7407.0
(3959, 3960, 3961) 4551.0
(9527, 9528, 9529) 8003.0
(5226, 5227, 5228) 5598.0
(2031, 2032, 2033) 6684.0
(4117, 4118, 4119) 5745.0
(4669, 4670, 4671) 5327.0
(2362, 2363, 2364) 5620.0
(8519, 8520, 8521) 6309.0
(1824, 1825, 1826) 7154.0
(1137, 1138, 1139) 5412.0
(7058, 7059, 7060) 6710.0
(8843, 8844, 8845) 10521.0
(7177, 7178, 7179) 6788.0
(134, 135, 136) 6113.0
(9532, 9533, 9534) 6739.0
(2150, 2151, 2152) 5858.0
(8263, 8264, 8265) 8859.0
(5774, 5775, 5776) 6201.0
(3352, 3353, 3354) 6372.0
(7735, 7736, 7737) 7399.0
(9578, 9579, 9580) 10254.0
(7097, 7098, 7099) 8139.0
(8825, 8826, 8827) 7299.0
(562, 563, 564) 6014.0
(1672, 1673, 1674) 7805.0
(5088, 5089, 5090) 4402.0
(3343, 3344, 3345) 6792.0
(4339, 4340, 4341) 6759.0
(1341, 1342, 1343) 6855.0
(6295, 6296, 6297) 6830.0
(9419, 9420, 9421) 6216.0
(1777, 1778, 1779) 7001.0
(7568, 7569, 7570) 3653.0
(5981, 5982, 5983) 7134.0
(3397, 3398, 3399) 5960.0
(342, 343, 344) 5500.0
(4176, 4177, 4178) 4971.0
(1393, 1394, 1395) 5464.0
(8732, 8733, 8734) 7429.0
(4236, 4237, 4238) 8909.0
(9808, 9809, 9810) 7254.0
(4869, 4870, 4871) 7095.0
(709, 710, 711) 6094.0
(3902, 3903, 3904) 7487.0
(8419, 8420, 8421) 9343.0
(9940, 9941, 9942) 4388.0
(8810, 8811, 8812) 6326.0
(8664, 8665, 8666) 6849.0
(4247, 4248, 4249) 6131.0
(6007, 6008, 6009) 4515.0
(2308, 2309, 2310) 6059.0
(1675, 1676, 1677) 8541.0
(4136, 4137, 4138) 3944.0
(7515, 7516, 7517) 5965.0
(5001, 5002, 5003) 7608.0
(2807, 2808, 2809) 4902.0
(3469, 3470, 3471) 8203.0
(3609, 3610, 3611) 6880.0
(4230, 4231, 4232) 9180.0
(9520, 9521, 9522) 5211.0
(7105, 7106, 7107) 6406.0
(1448, 1449, 1450) 5094.0
(7322, 7323, 7324) 8050.0
(6575, 6576, 6577) 8282.0
(516, 517, 518) 5357.0
(6755, 6756, 6757) 7097.0
(3061, 3062, 3063) 9201.0
(7427, 7428, 7429) 6114.0
(985, 986, 987) 4456.0
(4004, 4005, 4006) 5848.0
(7797, 7798, 7799) 6891.0
(6644, 6645, 6646) 4590.0
(3171, 3172, 3173) 8568.0
(6907, 6908, 6909) 4925.0
(6357, 6358, 6359) 5715.0
(3532, 3533, 3534) 8491.0
(4499, 4500, 4501) 6384.0
(8860, 8861, 8862) 6164.0
(5439, 5440, 5441) 5134.0
(4283, 4284, 4285) 6826.0
(3828, 3829, 3830) 9092.0
(8708, 8709, 8710) 7687.0
(865, 866, 867) 5505.0
(6114, 6115, 6116) 6668.0
(3422, 3423, 3424) 6659.0
(7518, 7519, 7520) 6917.0
(3654, 3655, 3656) 4970.0
(4286, 4287, 4288) 8624.0
(4251, 4252, 4253) 7536.0
(4803, 4804, 4805) 8000.0
(1547, 1548, 1549) 6491.0
(190, 191, 192) 6329.0
(7127, 7128, 7129) 6242.0
(7731, 7732, 7733) 5560.0
(9073, 9074, 9075) 6506.0
(3791, 3792, 3793) 8817.0
(6035, 6036, 6037) 8782.0
(7976, 7977, 7978) 6629.0
(7527, 7528, 7529) 7438.0
(9306, 9307, 9308) 6419.0
(6473, 6474, 6475) 6829.0
(7541, 7542, 7543) 10047.0
(8307, 8308, 8309) 6364.0
(8689, 8690, 8691) 6818.0
(7522, 7523, 7524) 6152.0
(6087, 6088, 6089) 7295.0
(8567, 8568, 8569) 8435.0
(3261, 3262, 3263) 5244.0
(9277, 9278, 9279) 5223.0
(898, 899, 900) 8718.0
(2763, 2764, 2765) 10119.0
(2702, 2703, 2704) 5953.0
(831, 832, 833) 6091.0
(8730, 8731, 8732) 9094.0
(5423, 5424, 5425) 6598.0
(2393, 2394, 2395) 7222.0
(3758, 3759, 3760) 7992.0
(3029, 3030, 3031) 7859.0
(5864, 5865, 5866) 10075.0
(3626, 3627, 3628) 4978.0
(406, 407, 408) 6484.0
(3714, 3715, 3716) 7323.0
(7902, 7903, 7904) 5935.0
(8808, 8809, 8810) 5665.0
(8624, 8625, 8626) 5781.0
(1727, 1728, 1729) 5007.0
(4260, 4261, 4262) 5074.0
(6488, 6489, 6490) 7266.0
(6125, 6126, 6127) 8337.0
(7207, 7208, 7209) 4889.0
(8478, 8479, 8480) 6702.0
(2876, 2877, 2878) 7092.0
(3928, 3929, 3930) 6847.0
(1901, 1902, 1903) 7418.0
(1072, 1073, 1074) 7064.0
(2791, 2792, 2793) 9965.0
(314, 315, 316) 7022.0
(2658, 2659, 2660) 6689.0
(8761, 8762, 8763) 8377.0
(718, 719, 720) 8555.0
(4660, 4661, 4662) 8316.0
(4402, 4403, 4404) 6060.0
(9415, 9416, 9417) 6127.0
(9794, 9795, 9796) 8423.0
(1036, 1037, 1038) 8054.0
(4939, 4940, 4941) 4315.0
(3953, 3954, 3955) 6735.0
(5889, 5890, 5891) 10045.0
(9281, 9282, 9283) 5379.0
(8905, 8906, 8907) 7722.0
(6957, 6958, 6959) 6202.0
(2794, 2795, 2796) 5567.0
(3396, 3397, 3398) 5423.0
(8179, 8180, 8181) 4176.0
(8383, 8384, 8385) 6388.0
(7617, 7618, 7619) 6422.0
(4531, 4532, 4533) 6772.0
(7474, 7475, 7476) 6866.0
(533, 534, 535) 7426.0
(1373, 1374, 1375) 4965.0
(9906, 9907, 9908) 4959.0
(3159, 3160, 3161) 7091.0
(9321, 9322, 9323) 7178.0
(6763, 6764, 6765) 8474.0
(1666, 1667, 1668) 7620.0
(648, 649, 650) 9145.0
(7055, 7056, 7057) 5796.0
(6299, 6300, 6301) 7389.0
(2713, 2714, 2715) 7255.0
(5725, 5726, 5727) 7679.0
(9198, 9199, 9200) 8976.0
(5509, 5510, 5511) 4058.0
(3816, 3817, 3818) 8044.0
(7208, 7209, 7210) 5546.0
(135, 136, 137) 5721.0
(3986, 3987, 3988) 4160.0
(9118, 9119, 9120) 5889.0
(1510, 1511, 1512) 5993.0
(3900, 3901, 3902) 7105.0
(7661, 7662, 7663) 5138.0
(7666, 7667, 7668) 4570.0
(6680, 6681, 6682) 5949.0
(1274, 1275, 1276) 8084.0
(7125, 7126, 7127) 7449.0
(9728, 9729, 9730) 8549.0
(9955, 9956, 9957) 5756.0
(4958, 4959, 4960) 5490.0
(8486, 8487, 8488) 4417.0
(7675, 7676, 7677) 5790.0
(2402, 2403, 2404) 6970.0
(1783, 1784, 1785) 8389.0
(7430, 7431, 7432) 6100.0
(1868, 1869, 1870) 6317.0
(1301, 1302, 1303) 4885.0
(1218, 1219, 1220) 6966.0
(7202, 7203, 7204) 5526.0
(8552, 8553, 8554) 6838.0
(6902, 6903, 6904) 7991.0
(7904, 7905, 7906) 6296.0
(1317, 1318, 1319) 6304.0
