(5161, 5162, 5163) 190390.0
(7044, 7045, 7046) 168913.0
(9921, 9922, 9923) 114968.0
(3631, 3632, 3633) 180313.0
(8604, 8605, 8606) 171864.0
(9864, 9865, 9866) 148415.0
(3631, 3632, 3633) 180313.0
(3644, 3645, 3646) 128805.0
(1660, 1661, 1662) 136105.0
(8147, 8148, 8149) 144333.0
(3121, 3122, 3123) 145713.0
(6988, 6989, 6990) 153967.0
(835, 836, 837) 171859.0
(5509, 5510, 5511) 183707.0
(7613, 7614, 7615) 143361.0
(7905, 7906, 7907) 181238.0
(1998, 1999, 2000) 127741.0
(8355, 8356, 8357) 131628.0
(9361, 9362, 9363) 171124.0
(908, 909, 910) 128073.0
(271, 272, 273) 149476.0
(6241, 6242, 6243) 155043.0
(8586, 8587, 8588) 135554.0
(53, 54, 55) 148726.0
(3576, 3577, 3578) 171875.0
(3618, 3619, 3620) 179658.0
(2248, 2249, 2250) 151717.0
(3289, 3290, 3291) 142006.0
(5751, 5752, 5753) 151628.0
(5420, 5421, 5422) 115259.0
(5723, 5724, 5725) 138529.0
(4182, 4183, 4184) 144943.0
(3572, 3573, 3574) 148215.0
(9763, 9764, 9765) 178254.0
(1442, 1443, 1444) 168671.0
(3555, 3556, 3557) 163861.0
(7233, 7234, 7235) 138002.0
(1397, 1398, 1399) 154583.0
(6929, 6930, 6931) 126742.0
(4042, 4043, 4044) 134851.0
(4190, 4191, 4192) 166761.0
(1074, 1075, 1076) 157610.0
(4994, 4995, 4996) 142361.0
(4035, 4036, 4037) 151130.0
(8863, 8864, 8865) 137326.0
(2830, 2831, 2832) 161000.0
(2687, 2688, 2689) 180865.0
(9428, 9429, 9430) 146132.0
(9082, 9083, 9084) 136411.0
(9830, 9831, 9832) 152849.0
(7053, 7054, 7055) 144220.0
(5085, 5086, 5087) 171456.0
(9250, 9251, 9252) 119115.0
(5224, 5225, 5226) 179289.0
(8457, 8458, 8459) 165724.0
(9580, 9581, 9582) 159064.0
(2122, 2123, 2124) 164833.0
(1174, 1175, 1176) 136719.0
(6988, 6989, 6990) 153967.0
(433, 434, 435) 156315.0
(3694, 3695, 3696) 127479.0
(4974, 4975, 4976) 138664.0
(5636, 5637, 5638) 169045.0
(5395, 5396, 5397) 167411.0
(4635, 4636, 4637) 157219.0
(7554, 7555, 7556) 188517.0
(6281, 6282, 6283) 96239.0
(8049, 8050, 8051) 169388.0
(9748, 9749, 9750) 170385.0
(5002, 5003, 5004) 127297.0
(6487, 6488, 6489) 139046.0
(9836, 9837, 9838) 151186.0
(2527, 2528, 2529) 139690.0
(3610, 3611, 3612) 171434.0
(9854, 9855, 9856) 154998.0
(2043, 2044, 2045) 171488.0
(1447, 1448, 1449) 120738.0
(3114, 3115, 3116) 144922.0
(671, 672, 673) 170712.0
(2106, 2107, 2108) 143266.0
(5591, 5592, 5593) 166407.0
(2239, 2240, 2241) 136255.0
(4854, 4855, 4856) 174123.0
(3467, 3468, 3469) 118755.0
(4001, 4002, 4003) 148463.0
(4485, 4486, 4487) 174518.0
(7349, 7350, 7351) 141666.0
(8721, 8722, 8723) 132687.0
(3135, 3136, 3137) 137106.0
(1234, 1235, 1236) 136597.0
(3845, 3846, 3847) 159059.0
(5761, 5762, 5763) 206404.0
(3572, 3573, 3574) 148215.0
(5702, 5703, 5704) 160386.0
(6974, 6975, 6976) 181856.0
(9112, 9113, 9114) 142846.0
(9792, 9793, 9794) 173382.0
(7808, 7809, 7810) 113813.0
(3279, 3280, 3281) 162026.0
(3035, 3036, 3037) 160793.0
(5999, 6000, 6001) 143415.0
(5159, 5160, 5161) 155633.0
(6487, 6488, 6489) 139046.0
(3571, 3572, 3573) 129272.0
(2412, 2413, 2414) 132009.0
(4737, 4738, 4739) 153866.0
(2873, 2874, 2875) 157221.0
(7194, 7195, 7196) 124268.0
(4169, 4170, 4171) 150841.0
(5627, 5628, 5629) 147119.0
(5093, 5094, 5095) 115928.0
(3148, 3149, 3150) 173119.0
(1938, 1939, 1940) 173094.0
(1020, 1021, 1022) 138362.0
(7632, 7633, 7634) 126955.0
(4219, 4220, 4221) 163626.0
(9540, 9541, 9542) 237726.0
(3974, 3975, 3976) 148308.0
(2402, 2403, 2404) 174109.0
(8359, 8360, 8361) 169662.0
(9846, 9847, 9848) 152623.0
(8820, 8821, 8822) 146505.0
(156, 157, 158) 142846.0
(138, 139, 140) 140421.0
(8265, 8266, 8267) 167350.0
(6197, 6198, 6199) 139404.0
(875, 876, 877) 141695.0
(9537, 9538, 9539) 120743.0
(747, 748, 749) 146245.0
(7538, 7539, 7540) 143825.0
(6743, 6744, 6745) 157731.0
(6370, 6371, 6372) 131368.0
(6697, 6698, 6699) 157237.0
(1360, 1361, 1362) 148468.0
(6475, 6476, 6477) 184373.0
(7948, 7949, 7950) 142605.0
(2362, 2363, 2364) 120377.0
(2728, 2729, 2730) 144572.0
(2502, 2503, 2504) 146210.0
(3480, 3481, 3482) 173123.0
(6213, 6214, 6215) 134380.0
(5761, 5762, 5763) 206404.0
(4541, 4542, 4543) 138140.0
(3777, 3778, 3779) 161983.0
(6553, 6554, 6555) 139626.0
(4260, 4261, 4262) 136235.0
(3234, 3235, 3236) 162087.0
(1888, 1889, 1890) 136553.0
(322, 323, 324) 144251.0
(8820, 8821, 8822) 146505.0
(437, 438, 439) 183634.0
(1216, 1217, 1218) 132530.0
(5287, 5288, 5289) 167059.0
(866, 867, 868) 175547.0
(1570, 1571, 1572) 150042.0
(7146, 7147, 7148) 134821.0
(6676, 6677, 6678) 196632.0
(7373, 7374, 7375) 191557.0
(5828, 5829, 5830) 114631.0
(7946, 7947, 7948) 113767.0
(4573, 4574, 4575) 168787.0
(9050, 9051, 9052) 140040.0
(6855, 6856, 6857) 170332.0
(9925, 9926, 9927) 202958.0
(1162, 1163, 1164) 131485.0
(4181, 4182, 4183) 145636.0
(9603, 9604, 9605) 167337.0
(7282, 7283, 7284) 198892.0
(3468, 3469, 3470) 155616.0
(2803, 2804, 2805) 130417.0
(973, 974, 975) 118723.0
(3180, 3181, 3182) 125802.0
(7940, 7941, 7942) 125096.0
(2090, 2091, 2092) 158158.0
(6120, 6121, 6122) 161529.0
(2653, 2654, 2655) 166896.0
(2312, 2313, 2314) 133992.0
(9607, 9608, 9609) 141048.0
(6711, 6712, 6713) 149742.0
(2761, 2762, 2763) 171804.0
(7030, 7031, 7032) 161952.0
(6861, 6862, 6863) 157210.0
(9846, 9847, 9848) 152623.0
(4946, 4947, 4948) 136562.0
(1397, 1398, 1399) 154583.0
(9958, 9959, 9960) 164885.0
(7048, 7049, 7050) 156336.0
(3081, 3082, 3083) 178480.0
(1809, 1810, 1811) 165368.0
(2594, 2595, 2596) 147625.0
(8511, 8512, 8513) 163322.0
(9868, 9869, 9870) 157246.0
(6598, 6599, 6600) 124325.0
(272, 273, 274) 130745.0
(250, 251, 252) 131523.0
(779, 780, 781) 168956.0
(9501, 9502, 9503) 175399.0
(8821, 8822, 8823) 152787.0
(7847, 7848, 7849) 157731.0
(9259, 9260, 9261) 133777.0
(7328, 7329, 7330) 137153.0
