(6103, 6104, 6105) 175412.0
(9227, 9228, 9229) 152658.0
(4668, 4669, 4670) 144666.0
(5904, 5905, 5906) 167500.0
(7680, 7681, 7682) 152240.0
(3001, 3002, 3003) 123130.0
(9512, 9513, 9514) 145354.0
(4913, 4914, 4915) 141010.0
(6174, 6175, 6176) 152905.0
(297, 298, 299) 122845.0
(615, 616, 617) 163577.0
(9792, 9793, 9794) 174093.0
(4494, 4495, 4496) 147861.0
(1358, 1359, 1360) 171640.0
(742, 743, 744) 162294.0
(7666, 7667, 7668) 142016.0
(6213, 6214, 6215) 135832.0
(3515, 3516, 3517) 132782.0
(1300, 1301, 1302) 139501.0
(9803, 9804, 9805) 156184.0
(7756, 7757, 7758) 135212.0
(6805, 6806, 6807) 152037.0
(3687, 3688, 3689) 182916.0
(3690, 3691, 3692) 153604.0
(7399, 7400, 7401) 161176.0
(1696, 1697, 1698) 158220.0
(1862, 1863, 1864) 180736.0
(384, 385, 386) 142862.0
(728, 729, 730) 186409.0
(2744, 2745, 2746) 157964.0
(4141, 4142, 4143) 141753.0
(6056, 6057, 6058) 140586.0
(2278, 2279, 2280) 142202.0
(2093, 2094, 2095) 150006.0
(5691, 5692, 5693) 120516.0
(2812, 2813, 2814) 137572.0
(9199, 9200, 9201) 168134.0
(1234, 1235, 1236) 135878.0
(879, 880, 881) 168700.0
(4426, 4427, 4428) 118984.0
(3581, 3582, 3583) 154020.0
(4793, 4794, 4795) 131015.0
(1, 2, 3) 187466.0
(5059, 5060, 5061) 155789.0
(4326, 4327, 4328) 158155.0
(870, 871, 872) 174888.0
(5539, 5540, 5541) 130337.0
(2150, 2151, 2152) 169848.0
(8420, 8421, 8422) 170679.0
(5521, 5522, 5523) 151692.0
(8301, 8302, 8303) 203097.0
(3268, 3269, 3270) 163061.0
(2395, 2396, 2397) 152174.0
(8613, 8614, 8615) 173652.0
(5550, 5551, 5552) 163495.0
(8322, 8323, 8324) 205399.0
(4423, 4424, 4425) 171761.0
(5934, 5935, 5936) 141824.0
(1828, 1829, 1830) 154700.0
(336, 337, 338) 159432.0
(9510, 9511, 9512) 156994.0
(1875, 1876, 1877) 163052.0
(7086, 7087, 7088) 139733.0
(1949, 1950, 1951) 188628.0
(3611, 3612, 3613) 139511.0
(687, 688, 689) 138524.0
(769, 770, 771) 132778.0
(5760, 5761, 5762) 180238.0
(1094, 1095, 1096) 152485.0
(8627, 8628, 8629) 161023.0
(8728, 8729, 8730) 152649.0
(4762, 4763, 4764) 135446.0
(7168, 7169, 7170) 159562.0
(2689, 2690, 2691) 146810.0
(1201, 1202, 1203) 137333.0
(8763, 8764, 8765) 150684.0
(7827, 7828, 7829) 161655.0
(6790, 6791, 6792) 163218.0
(918, 919, 920) 156374.0
(4585, 4586, 4587) 104045.0
(6880, 6881, 6882) 190093.0
(2555, 2556, 2557) 149607.0
(2741, 2742, 2743) 140014.0
(2014, 2015, 2016) 149823.0
(3642, 3643, 3644) 146789.0
(8739, 8740, 8741) 149227.0
(4342, 4343, 4344) 128310.0
(5929, 5930, 5931) 170241.0
(2478, 2479, 2480) 123809.0
(5911, 5912, 5913) 158085.0
(9865, 9866, 9867) 129614.0
(3174, 3175, 3176) 122505.0
(8486, 8487, 8488) 115086.0
(7044, 7045, 7046) 171559.0
(2956, 2957, 2958) 127005.0
(9844, 9845, 9846) 153116.0
(1415, 1416, 1417) 181173.0
(4058, 4059, 4060) 148232.0
(2600, 2601, 2602) 172205.0
(2100, 2101, 2102) 142022.0
(9353, 9354, 9355) 187125.0
(9962, 9963, 9964) 135914.0
(4272, 4273, 4274) 178522.0
(5618, 5619, 5620) 137817.0
(2997, 2998, 2999) 174967.0
(2996, 2997, 2998) 117125.0
(5553, 5554, 5555) 167060.0
(3969, 3970, 3971) 143734.0
(1694, 1695, 1696) 124176.0
(9618, 9619, 9620) 187454.0
(4903, 4904, 4905) 144504.0
(7592, 7593, 7594) 173721.0
(2871, 2872, 2873) 151396.0
(3648, 3649, 3650) 115375.0
(6040, 6041, 6042) 138874.0
(6993, 6994, 6995) 150867.0
(521, 522, 523) 179346.0
(2126, 2127, 2128) 121073.0
(6860, 6861, 6862) 149603.0
(2467, 2468, 2469) 157005.0
(5154, 5155, 5156) 141984.0
(3932, 3933, 3934) 129733.0
(6302, 6303, 6304) 135843.0
(1358, 1359, 1360) 171640.0
(4469, 4470, 4471) 160591.0
(5996, 5997, 5998) 155369.0
(7830, 7831, 7832) 155805.0
(5681, 5682, 5683) 150146.0
(3446, 3447, 3448) 129992.0
(6270, 6271, 6272) 130811.0
(9408, 9409, 9410) 141815.0
(7978, 7979, 7980) 183582.0
(3720, 3721, 3722) 155106.0
(5509, 5510, 5511) 187031.0
(7466, 7467, 7468) 161603.0
(3988, 3989, 3990) 123295.0
(3758, 3759, 3760) 148441.0
(5648, 5649, 5650) 188148.0
(9920, 9921, 9922) 122195.0
(3094, 3095, 3096) 162109.0
(5245, 5246, 5247) 155132.0
(5254, 5255, 5256) 173987.0
(9286, 9287, 9288) 184706.0
(8707, 8708, 8709) 149607.0
(8073, 8074, 8075) 189447.0
(7542, 7543, 7544) 153996.0
(7619, 7620, 7621) 144954.0
(181, 182, 183) 175341.0
(9518, 9519, 9520) 134267.0
(2558, 2559, 2560) 145253.0
(4167, 4168, 4169) 137868.0
(994, 995, 996) 156697.0
(1499, 1500, 1501) 171914.0
(9390, 9391, 9392) 164303.0
(8324, 8325, 8326) 159160.0
(767, 768, 769) 143915.0
(4475, 4476, 4477) 160313.0
(7377, 7378, 7379) 164189.0
(9103, 9104, 9105) 181950.0
(4854, 4855, 4856) 174387.0
(596, 597, 598) 197856.0
(6387, 6388, 6389) 137670.0
(8355, 8356, 8357) 130344.0
(5441, 5442, 5443) 131568.0
(5875, 5876, 5877) 134222.0
(2470, 2471, 2472) 116755.0
(1626, 1627, 1628) 158580.0
(6111, 6112, 6113) 119218.0
(2034, 2035, 2036) 154834.0
(2007, 2008, 2009) 145897.0
(9025, 9026, 9027) 138786.0
(1535, 1536, 1537) 155976.0
(7166, 7167, 7168) 219882.0
(5265, 5266, 5267) 146034.0
(6678, 6679, 6680) 177058.0
(7626, 7627, 7628) 139209.0
(2134, 2135, 2136) 160655.0
(2284, 2285, 2286) 151586.0
(4151, 4152, 4153) 128747.0
(5430, 5431, 5432) 157829.0
(1480, 1481, 1482) 98779.0
(3750, 3751, 3752) 162435.0
(9030, 9031, 9032) 143584.0
(4798, 4799, 4800) 148934.0
(3960, 3961, 3962) 156085.0
(4802, 4803, 4804) 231082.0
(3748, 3749, 3750) 161684.0
(8680, 8681, 8682) 147500.0
(7962, 7963, 7964) 147948.0
(5110, 5111, 5112) 178232.0
(2675, 2676, 2677) 175003.0
(8267, 8268, 8269) 151848.0
(5306, 5307, 5308) 163004.0
(2622, 2623, 2624) 182466.0
(2672, 2673, 2674) 144968.0
(4759, 4760, 4761) 143339.0
(5663, 5664, 5665) 153672.0
(1301, 1302, 1303) 165497.0
(9051, 9052, 9053) 150640.0
(2831, 2832, 2833) 126054.0
(4350, 4351, 4352) 152691.0
