(2136, 2137, 2138) 155293.0
(5583, 5584, 5585) 135865.0
(1576, 1577, 1578) 137705.0
(6328, 6329, 6330) 162191.0
(4232, 4233, 4234) 223789.0
(5462, 5463, 5464) 144619.0
(5197, 5198, 5199) 153282.0
(7085, 7086, 7087) 172595.0
(9576, 9577, 9578) 159431.0
(3933, 3934, 3935) 133548.0
(7310, 7311, 7312) 146917.0
(7322, 7323, 7324) 167057.0
(1526, 1527, 1528) 138025.0
(1031, 1032, 1033) 143639.0
(8400, 8401, 8402) 174995.0
(6713, 6714, 6715) 224033.0
(6345, 6346, 6347) 141906.0
(1933, 1934, 1935) 139658.0
(5919, 5920, 5921) 170535.0
(3519, 3520, 3521) 125976.0
(7429, 7430, 7431) 155356.0
(2398, 2399, 2400) 139863.0
(1873, 1874, 1875) 170376.0
(9335, 9336, 9337) 131404.0
(2726, 2727, 2728) 193972.0
(9755, 9756, 9757) 127175.0
(3766, 3767, 3768) 164690.0
(1967, 1968, 1969) 161707.0
(9661, 9662, 9663) 163669.0
(4007, 4008, 4009) 161439.0
(7832, 7833, 7834) 153584.0
(7532, 7533, 7534) 179003.0
(7833, 7834, 7835) 184703.0
(1652, 1653, 1654) 139521.0
(8538, 8539, 8540) 128870.0
(3233, 3234, 3235) 127915.0
(4363, 4364, 4365) 180274.0
(4089, 4090, 4091) 158393.0
(7787, 7788, 7789) 131870.0
(2847, 2848, 2849) 140089.0
(1906, 1907, 1908) 152727.0
(4146, 4147, 4148) 131834.0
(2036, 2037, 2038) 132420.0
(3046, 3047, 3048) 196396.0
(4928, 4929, 4930) 146002.0
(4179, 4180, 4181) 208203.0
(3169, 3170, 3171) 177150.0
(6398, 6399, 6400) 137628.0
(9405, 9406, 9407) 171749.0
(8558, 8559, 8560) 186777.0
(4117, 4118, 4119) 173778.0
(2794, 2795, 2796) 150472.0
(735, 736, 737) 157271.0
(9776, 9777, 9778) 137750.0
(9904, 9905, 9906) 178169.0
(9161, 9162, 9163) 148102.0
(7866, 7867, 7868) 172086.0
(5105, 5106, 5107) 136811.0
(1668, 1669, 1670) 146045.0
(4562, 4563, 4564) 148781.0
(1187, 1188, 1189) 125685.0
(7735, 7736, 7737) 160245.0
(8551, 8552, 8553) 196949.0
(4084, 4085, 4086) 192210.0
(8736, 8737, 8738) 104341.0
(7901, 7902, 7903) 145263.0
(8281, 8282, 8283) 142988.0
(226, 227, 228) 204624.0
(9334, 9335, 9336) 129470.0
(2947, 2948, 2949) 157412.0
(1535, 1536, 1537) 160041.0
(7176, 7177, 7178) 145117.0
(7264, 7265, 7266) 172432.0
(7702, 7703, 7704) 162663.0
(5281, 5282, 5283) 166586.0
(5224, 5225, 5226) 192371.0
(2560, 2561, 2562) 126924.0
(8651, 8652, 8653) 179439.0
(3813, 3814, 3815) 143937.0
(18, 19, 20) 152790.0
(2199, 2200, 2201) 151505.0
(8120, 8121, 8122) 192617.0
(4253, 4254, 4255) 147549.0
(5190, 5191, 5192) 173818.0
(2593, 2594, 2595) 148427.0
(9275, 9276, 9277) 163599.0
(9976, 9977, 9978) 170276.0
(4188, 4189, 4190) 158371.0
(8275, 8276, 8277) 172047.0
(6987, 6988, 6989) 145709.0
(2565, 2566, 2567) 167486.0
(8356, 8357, 8358) 172050.0
(8812, 8813, 8814) 187469.0
(1597, 1598, 1599) 135339.0
(1135, 1136, 1137) 138610.0
(7987, 7988, 7989) 172275.0
(1417, 1418, 1419) 126898.0
(1490, 1491, 1492) 133205.0
(6176, 6177, 6178) 176457.0
(2484, 2485, 2486) 153348.0
(8820, 8821, 8822) 149347.0
(8114, 8115, 8116) 191890.0
(8671, 8672, 8673) 177223.0
(907, 908, 909) 156337.0
(2035, 2036, 2037) 154014.0
(4766, 4767, 4768) 128063.0
(4964, 4965, 4966) 151259.0
(3685, 3686, 3687) 149773.0
(3291, 3292, 3293) 180961.0
(7452, 7453, 7454) 185507.0
(4568, 4569, 4570) 159363.0
(7689, 7690, 7691) 173608.0
(8912, 8913, 8914) 162224.0
(4375, 4376, 4377) 167116.0
(3820, 3821, 3822) 137066.0
(1026, 1027, 1028) 153994.0
(6385, 6386, 6387) 146125.0
(6537, 6538, 6539) 146806.0
(5279, 5280, 5281) 163109.0
(2064, 2065, 2066) 204808.0
(1757, 1758, 1759) 98808.0
(4574, 4575, 4576) 194705.0
(6084, 6085, 6086) 172852.0
(2046, 2047, 2048) 118106.0
(4818, 4819, 4820) 144253.0
(3989, 3990, 3991) 198630.0
(6652, 6653, 6654) 187340.0
(885, 886, 887) 173489.0
(7008, 7009, 7010) 175898.0
(1129, 1130, 1131) 129965.0
(4548, 4549, 4550) 129516.0
(1858, 1859, 1860) 150688.0
(3175, 3176, 3177) 143310.0
(2331, 2332, 2333) 171729.0
(1961, 1962, 1963) 174095.0
(324, 325, 326) 161445.0
(2212, 2213, 2214) 185211.0
(7843, 7844, 7845) 163144.0
(5189, 5190, 5191) 122576.0
(2002, 2003, 2004) 147061.0
(1068, 1069, 1070) 127343.0
(8597, 8598, 8599) 166758.0
(712, 713, 714) 183426.0
(9622, 9623, 9624) 169008.0
(8439, 8440, 8441) 181683.0
(9190, 9191, 9192) 153338.0
(8205, 8206, 8207) 123631.0
(7462, 7463, 7464) 121711.0
(3629, 3630, 3631) 144776.0
(8777, 8778, 8779) 162067.0
(8294, 8295, 8296) 163292.0
(4533, 4534, 4535) 179577.0
(9590, 9591, 9592) 156559.0
(6758, 6759, 6760) 190133.0
(483, 484, 485) 165864.0
(7646, 7647, 7648) 176229.0
(1971, 1972, 1973) 162697.0
(5623, 5624, 5625) 145479.0
(2927, 2928, 2929) 141588.0
(6103, 6104, 6105) 175515.0
(7722, 7723, 7724) 140257.0
(4444, 4445, 4446) 146044.0
(4785, 4786, 4787) 166228.0
(2494, 2495, 2496) 151268.0
(4465, 4466, 4467) 202497.0
(8745, 8746, 8747) 182262.0
(988, 989, 990) 172363.0
(4063, 4064, 4065) 163944.0
(8809, 8810, 8811) 187575.0
(9251, 9252, 9253) 151702.0
(513, 514, 515) 168676.0
(510, 511, 512) 146663.0
(5638, 5639, 5640) 164901.0
(7707, 7708, 7709) 168456.0
(9886, 9887, 9888) 155822.0
(6347, 6348, 6349) 127003.0
(5667, 5668, 5669) 135966.0
(1725, 1726, 1727) 149765.0
(462, 463, 464) 155151.0
(8601, 8602, 8603) 174825.0
(390, 391, 392) 151169.0
(4045, 4046, 4047) 183611.0
(3667, 3668, 3669) 125851.0
(7635, 7636, 7637) 150605.0
(3228, 3229, 3230) 173053.0
(9123, 9124, 9125) 182398.0
(6820, 6821, 6822) 138706.0
(8786, 8787, 8788) 140876.0
(1314, 1315, 1316) 130356.0
(4107, 4108, 4109) 160816.0
(9210, 9211, 9212) 165474.0
(9545, 9546, 9547) 204594.0
(5232, 5233, 5234) 194879.0
(3325, 3326, 3327) 146975.0
(8237, 8238, 8239) 142345.0
(9701, 9702, 9703) 150348.0
(96, 97, 98) 140440.0
(7475, 7476, 7477) 150471.0
(2574, 2575, 2576) 159879.0
(5414, 5415, 5416) 153617.0
(307, 308, 309) 148282.0
