(1749, 1750, 1751) 144202.0
(18, 19, 20) 162050.0
(1319, 1320, 1321) 152262.0
(7964, 7965, 7966) 147170.0
(5887, 5888, 5889) 127766.0
(5735, 5736, 5737) 141442.0
(8796, 8797, 8798) 152138.0
(1110, 1111, 1112) 204369.0
(4642, 4643, 4644) 148094.0
(8199, 8200, 8201) 120819.0
(2149, 2150, 2151) 172700.0
(7026, 7027, 7028) 145201.0
(7164, 7165, 7166) 182896.0
(9785, 9786, 9787) 174159.0
(639, 640, 641) 161240.0
(9736, 9737, 9738) 142393.0
(4151, 4152, 4153) 130539.0
(1936, 1937, 1938) 178485.0
(2067, 2068, 2069) 156659.0
(3142, 3143, 3144) 144722.0
(5822, 5823, 5824) 208576.0
(5588, 5589, 5590) 176640.0
(4288, 4289, 4290) 138080.0
(3226, 3227, 3228) 203181.0
(4386, 4387, 4388) 161201.0
(6052, 6053, 6054) 174916.0
(2532, 2533, 2534) 153637.0
(4120, 4121, 4122) 150957.0
(9102, 9103, 9104) 128497.0
(4029, 4030, 4031) 136611.0
(233, 234, 235) 152852.0
(3348, 3349, 3350) 149196.0
(5445, 5446, 5447) 145698.0
(8653, 8654, 8655) 134456.0
(8345, 8346, 8347) 174182.0
(5532, 5533, 5534) 161743.0
(4400, 4401, 4402) 172871.0
(9259, 9260, 9261) 145951.0
(6786, 6787, 6788) 151268.0
(4836, 4837, 4838) 175874.0
(4095, 4096, 4097) 207088.0
(4069, 4070, 4071) 189856.0
(8715, 8716, 8717) 122816.0
(1533, 1534, 1535) 170223.0
(338, 339, 340) 147605.0
(8203, 8204, 8205) 183327.0
(7726, 7727, 7728) 194814.0
(3622, 3623, 3624) 134891.0
(22, 23, 24) 156066.0
(1590, 1591, 1592) 141671.0
(6244, 6245, 6246) 169050.0
(3938, 3939, 3940) 133001.0
(1085, 1086, 1087) 144324.0
(6781, 6782, 6783) 134111.0
(6263, 6264, 6265) 169765.0
(5646, 5647, 5648) 202940.0
(1411, 1412, 1413) 137628.0
(5019, 5020, 5021) 150086.0
(3231, 3232, 3233) 188847.0
(91, 92, 93) 132531.0
(667, 668, 669) 171910.0
(4146, 4147, 4148) 138308.0
(2357, 2358, 2359) 180039.0
(2952, 2953, 2954) 171146.0
(4666, 4667, 4668) 163280.0
(5615, 5616, 5617) 144866.0
(9339, 9340, 9341) 150277.0
(8512, 8513, 8514) 138817.0
(7558, 7559, 7560) 151613.0
(439, 440, 441) 152226.0
(3873, 3874, 3875) 201947.0
(4442, 4443, 4444) 144669.0
(9365, 9366, 9367) 174839.0
(4427, 4428, 4429) 182914.0
(9156, 9157, 9158) 158515.0
(1669, 1670, 1671) 106328.0
(2173, 2174, 2175) 154346.0
(1460, 1461, 1462) 121817.0
(4105, 4106, 4107) 160818.0
(9183, 9184, 9185) 161489.0
(5611, 5612, 5613) 153974.0
(9804, 9805, 9806) 165270.0
(7148, 7149, 7150) 181115.0
(9348, 9349, 9350) 182521.0
(7748, 7749, 7750) 207269.0
(7708, 7709, 7710) 163403.0
(2796, 2797, 2798) 126701.0
(8065, 8066, 8067) 150775.0
(7832, 7833, 7834) 160182.0
(3444, 3445, 3446) 168635.0
(5424, 5425, 5426) 152956.0
(1922, 1923, 1924) 168673.0
(3268, 3269, 3270) 168488.0
(8490, 8491, 8492) 134892.0
(2988, 2989, 2990) 159111.0
(722, 723, 724) 149921.0
(584, 585, 586) 141222.0
(9113, 9114, 9115) 182971.0
(2705, 2706, 2707) 103084.0
(9863, 9864, 9865) 151973.0
(3201, 3202, 3203) 131540.0
(3381, 3382, 3383) 152926.0
(1763, 1764, 1765) 145848.0
(1354, 1355, 1356) 131788.0
(1583, 1584, 1585) 167676.0
(6933, 6934, 6935) 146424.0
(3383, 3384, 3385) 168541.0
(1612, 1613, 1614) 202717.0
(8591, 8592, 8593) 173500.0
(6233, 6234, 6235) 172262.0
(7696, 7697, 7698) 149735.0
(823, 824, 825) 142910.0
(4732, 4733, 4734) 174452.0
(7565, 7566, 7567) 159834.0
(3119, 3120, 3121) 141761.0
(6908, 6909, 6910) 135612.0
(8724, 8725, 8726) 147483.0
(6560, 6561, 6562) 160260.0
(6354, 6355, 6356) 154474.0
(6085, 6086, 6087) 174485.0
(5111, 5112, 5113) 137259.0
(7840, 7841, 7842) 149493.0
(6971, 6972, 6973) 157015.0
(8240, 8241, 8242) 178830.0
(8007, 8008, 8009) 159365.0
(7430, 7431, 7432) 164823.0
(2899, 2900, 2901) 163715.0
(2935, 2936, 2937) 192390.0
(1061, 1062, 1063) 176302.0
(3663, 3664, 3665) 138403.0
(9732, 9733, 9734) 115851.0
(9458, 9459, 9460) 175327.0
(1220, 1221, 1222) 197107.0
(7216, 7217, 7218) 200667.0
(8695, 8696, 8697) 197609.0
(1874, 1875, 1876) 124694.0
(2162, 2163, 2164) 128215.0
(7189, 7190, 7191) 148965.0
(2342, 2343, 2344) 170262.0
(6077, 6078, 6079) 158944.0
(7084, 7085, 7086) 148463.0
(2627, 2628, 2629) 176198.0
(2484, 2485, 2486) 159657.0
(8630, 8631, 8632) 147472.0
(9976, 9977, 9978) 172031.0
(4758, 4759, 4760) 135456.0
(5619, 5620, 5621) 127491.0
(6750, 6751, 6752) 171977.0
(262, 263, 264) 191895.0
(3257, 3258, 3259) 146360.0
(8341, 8342, 8343) 138834.0
(6780, 6781, 6782) 147968.0
(1119, 1120, 1121) 152380.0
(6606, 6607, 6608) 147437.0
(8651, 8652, 8653) 180993.0
(710, 711, 712) 143048.0
(6858, 6859, 6860) 152527.0
(2932, 2933, 2934) 139596.0
(185, 186, 187) 154729.0
(7651, 7652, 7653) 168026.0
(2648, 2649, 2650) 184712.0
(2018, 2019, 2020) 144921.0
(5062, 5063, 5064) 153249.0
(3522, 3523, 3524) 143821.0
(4849, 4850, 4851) 148109.0
(9765, 9766, 9767) 154732.0
(9281, 9282, 9283) 138929.0
(3073, 3074, 3075) 179943.0
(5809, 5810, 5811) 98711.0
(775, 776, 777) 138871.0
(2610, 2611, 2612) 138109.0
(6307, 6308, 6309) 178205.0
(2579, 2580, 2581) 165756.0
(8566, 8567, 8568) 157119.0
(4809, 4810, 4811) 136714.0
(4209, 4210, 4211) 175757.0
(270, 271, 272) 153869.0
(6122, 6123, 6124) 116184.0
(5762, 5763, 5764) 157635.0
(774, 775, 776) 156492.0
(4196, 4197, 4198) 153009.0
(7287, 7288, 7289) 176700.0
(2815, 2816, 2817) 150913.0
(5305, 5306, 5307) 140695.0
(5021, 5022, 5023) 146662.0
(5268, 5269, 5270) 148918.0
(835, 836, 837) 174915.0
(801, 802, 803) 139645.0
(1073, 1074, 1075) 151525.0
(3565, 3566, 3567) 159394.0
(8013, 8014, 8015) 219137.0
(1335, 1336, 1337) 168013.0
(3029, 3030, 3031) 205567.0
(7959, 7960, 7961) 176362.0
(2773, 2774, 2775) 123686.0
(5660, 5661, 5662) 193026.0
(8328, 8329, 8330) 192435.0
(2712, 2713, 2714) 153792.0
(3113, 3114, 3115) 167887.0
(717, 718, 719) 174436.0
(803, 804, 805) 155772.0
