(3531, 3532, 3533) 174338.0
(4448, 4449, 4450) 189150.0
(3404, 3405, 3406) 165010.0
(4864, 4865, 4866) 149599.0
(5365, 5366, 5367) 160102.0
(8419, 8420, 8421) 140056.0
(6791, 6792, 6793) 158238.0
(5417, 5418, 5419) 142787.0
(4297, 4298, 4299) 169946.0
(6020, 6021, 6022) 149532.0
(4639, 4640, 4641) 196855.0
(6297, 6298, 6299) 176928.0
(5201, 5202, 5203) 141154.0
(1972, 1973, 1974) 166326.0
(3188, 3189, 3190) 169378.0
(120, 121, 122) 165973.0
(242, 243, 244) 153999.0
(8100, 8101, 8102) 149015.0
(6634, 6635, 6636) 186354.0
(6686, 6687, 6688) 173248.0
(2954, 2955, 2956) 188339.0
(2295, 2296, 2297) 180750.0
(1851, 1852, 1853) 168771.0
(1936, 1937, 1938) 176945.0
(2500, 2501, 2502) 139641.0
(5381, 5382, 5383) 133981.0
(3008, 3009, 3010) 132157.0
(2541, 2542, 2543) 135780.0
(6979, 6980, 6981) 156412.0
(4410, 4411, 4412) 189359.0
(4147, 4148, 4149) 162343.0
(7149, 7150, 7151) 175762.0
(7317, 7318, 7319) 162169.0
(5121, 5122, 5123) 178453.0
(5933, 5934, 5935) 137717.0
(2312, 2313, 2314) 138407.0
(4610, 4611, 4612) 172935.0
(3430, 3431, 3432) 125412.0
(2219, 2220, 2221) 168874.0
(4613, 4614, 4615) 195611.0
(2024, 2025, 2026) 139514.0
(4579, 4580, 4581) 137812.0
(9737, 9738, 9739) 175144.0
(3663, 3664, 3665) 137828.0
(282, 283, 284) 161843.0
(3670, 3671, 3672) 123832.0
(126, 127, 128) 158286.0
(6601, 6602, 6603) 141209.0
(2170, 2171, 2172) 160879.0
(7661, 7662, 7663) 152364.0
(4266, 4267, 4268) 121973.0
(9894, 9895, 9896) 160129.0
(9112, 9113, 9114) 150722.0
(9466, 9467, 9468) 182808.0
(3022, 3023, 3024) 148651.0
(772, 773, 774) 162010.0
(684, 685, 686) 159774.0
(1024, 1025, 1026) 131736.0
(7556, 7557, 7558) 209366.0
(6585, 6586, 6587) 155762.0
(3865, 3866, 3867) 176502.0
(2833, 2834, 2835) 167489.0
(6360, 6361, 6362) 183455.0
(8875, 8876, 8877) 141921.0
(6737, 6738, 6739) 151448.0
(5981, 5982, 5983) 168756.0
(483, 484, 485) 167194.0
(7053, 7054, 7055) 147654.0
(8592, 8593, 8594) 147571.0
(4960, 4961, 4962) 206547.0
(3852, 3853, 3854) 131936.0
(1131, 1132, 1133) 152739.0
(3382, 3383, 3384) 199666.0
(5545, 5546, 5547) 180594.0
(2918, 2919, 2920) 134198.0
(7918, 7919, 7920) 203034.0
(7043, 7044, 7045) 178666.0
(6308, 6309, 6310) 179071.0
(3256, 3257, 3258) 163486.0
(7652, 7653, 7654) 172687.0
(4905, 4906, 4907) 151917.0
(6959, 6960, 6961) 170539.0
(6284, 6285, 6286) 184706.0
(8153, 8154, 8155) 133402.0
(1605, 1606, 1607) 143782.0
(3720, 3721, 3722) 159260.0
(5020, 5021, 5022) 156607.0
(3527, 3528, 3529) 121089.0
(8682, 8683, 8684) 169205.0
(2613, 2614, 2615) 174584.0
(237, 238, 239) 155425.0
(9612, 9613, 9614) 162036.0
(2308, 2309, 2310) 201672.0
(1211, 1212, 1213) 167472.0
(4670, 4671, 4672) 153588.0
(6222, 6223, 6224) 127821.0
(3896, 3897, 3898) 163175.0
(4476, 4477, 4478) 139265.0
(8842, 8843, 8844) 150560.0
(4650, 4651, 4652) 147770.0
(4160, 4161, 4162) 158800.0
(1963, 1964, 1965) 164447.0
(1615, 1616, 1617) 199105.0
(7691, 7692, 7693) 152238.0
(1887, 1888, 1889) 186084.0
(7880, 7881, 7882) 199522.0
(8890, 8891, 8892) 149560.0
(2023, 2024, 2025) 176438.0
(8106, 8107, 8108) 189658.0
(3899, 3900, 3901) 148121.0
(7431, 7432, 7433) 137024.0
(122, 123, 124) 174062.0
(8586, 8587, 8588) 143452.0
(8855, 8856, 8857) 175928.0
(1802, 1803, 1804) 145134.0
(7996, 7997, 7998) 203551.0
(4145, 4146, 4147) 153418.0
(9631, 9632, 9633) 199481.0
(6506, 6507, 6508) 139811.0
(1719, 1720, 1721) 158652.0
(9664, 9665, 9666) 172225.0
(9810, 9811, 9812) 149467.0
(1121, 1122, 1123) 176015.0
(2217, 2218, 2219) 129615.0
(7263, 7264, 7265) 185991.0
(1568, 1569, 1570) 175677.0
(3503, 3504, 3505) 138004.0
(6819, 6820, 6821) 154981.0
(4756, 4757, 4758) 138957.0
(5607, 5608, 5609) 173599.0
(3966, 3967, 3968) 123573.0
(785, 786, 787) 196585.0
(4724, 4725, 4726) 164733.0
(6242, 6243, 6244) 194019.0
(4852, 4853, 4854) 141942.0
(3470, 3471, 3472) 167478.0
(4588, 4589, 4590) 180404.0
(5786, 5787, 5788) 166450.0
(4855, 4856, 4857) 144861.0
(9994, 9995, 9996) 141593.0
(6116, 6117, 6118) 104351.0
(7250, 7251, 7252) 172500.0
(642, 643, 644) 170506.0
(9713, 9714, 9715) 135873.0
(6282, 6283, 6284) 192311.0
(8604, 8605, 8606) 179990.0
(4716, 4717, 4718) 178091.0
(5569, 5570, 5571) 191641.0
(338, 339, 340) 150546.0
(704, 705, 706) 183668.0
(8914, 8915, 8916) 210331.0
(8888, 8889, 8890) 146087.0
(3096, 3097, 3098) 148397.0
(5497, 5498, 5499) 175872.0
(5473, 5474, 5475) 120499.0
(9827, 9828, 9829) 177622.0
(9435, 9436, 9437) 165527.0
(3237, 3238, 3239) 162757.0
(2823, 2824, 2825) 147702.0
(8010, 8011, 8012) 211853.0
(9209, 9210, 9211) 151514.0
(9408, 9409, 9410) 160665.0
(73, 74, 75) 152753.0
(1474, 1475, 1476) 153707.0
(1610, 1611, 1612) 166139.0
(3453, 3454, 3455) 186895.0
(4322, 4323, 4324) 185904.0
(8954, 8955, 8956) 181831.0
(6385, 6386, 6387) 153219.0
(5091, 5092, 5093) 162414.0
(3424, 3425, 3426) 168877.0
(520, 521, 522) 187538.0
(7414, 7415, 7416) 154023.0
(4429, 4430, 4431) 180560.0
(2297, 2298, 2299) 172393.0
(871, 872, 873) 145347.0
(3466, 3467, 3468) 125887.0
(9468, 9469, 9470) 167647.0
(8175, 8176, 8177) 117611.0
(5519, 5520, 5521) 163145.0
(9381, 9382, 9383) 205066.0
(538, 539, 540) 140724.0
(2537, 2538, 2539) 197489.0
(2523, 2524, 2525) 144143.0
(1597, 1598, 1599) 141854.0
(6539, 6540, 6541) 155662.0
(948, 949, 950) 145708.0
(2832, 2833, 2834) 151752.0
(3443, 3444, 3445) 167879.0
(1983, 1984, 1985) 110531.0
(3002, 3003, 3004) 146714.0
(3641, 3642, 3643) 161752.0
(6127, 6128, 6129) 176751.0
(4496, 4497, 4498) 137115.0
(3, 4, 5) 193225.0
(1779, 1780, 1781) 133289.0
(9213, 9214, 9215) 147805.0
(1867, 1868, 1869) 173685.0
(1270, 1271, 1272) 152832.0
(5057, 5058, 5059) 164605.0
(2017, 2018, 2019) 174700.0
(8628, 8629, 8630) 166609.0
(6181, 6182, 6183) 147667.0
(4830, 4831, 4832) 111340.0
(1031, 1032, 1033) 148138.0
(833, 834, 835) 160260.0
(1142, 1143, 1144) 145680.0
(552, 553, 554) 146690.0
(1712, 1713, 1714) 166522.0
(4476, 4477, 4478) 139265.0
(4710, 4711, 4712) 152889.0
(6735, 6736, 6737) 121144.0
(5917, 5918, 5919) 155828.0
(4702, 4703, 4704) 152939.0
(3047, 3048, 3049) 123493.0
(1811, 1812, 1813) 184246.0
(2044, 2045, 2046) 165490.0
(8090, 8091, 8092) 168734.0
(9852, 9853, 9854) 147297.0
(5414, 5415, 5416) 155902.0
(6511, 6512, 6513) 169345.0
(3850, 3851, 3852) 164178.0
(7953, 7954, 7955) 125899.0
(2263, 2264, 2265) 191722.0
(3544, 3545, 3546) 139221.0
(3597, 3598, 3599) 130806.0
(8898, 8899, 8900) 174984.0
(9302, 9303, 9304) 128390.0
(101, 102, 103) 164236.0
(2748, 2749, 2750) 202173.0
(1334, 1335, 1336) 147827.0
(4385, 4386, 4387) 161607.0
(7336, 7337, 7338) 149440.0
(2177, 2178, 2179) 163593.0
(8105, 8106, 8107) 138022.0
(2622, 2623, 2624) 194014.0
(4411, 4412, 4413) 152716.0
(5655, 5656, 5657) 133796.0
(1466, 1467, 1468) 155056.0
(1304, 1305, 1306) 170391.0
(1379, 1380, 1381) 168207.0
(9854, 9855, 9856) 164082.0
(3971, 3972, 3973) 163489.0
(6026, 6027, 6028) 188585.0
(6921, 6922, 6923) 132715.0
(467, 468, 469) 143233.0
(2649, 2650, 2651) 154540.0
(5186, 5187, 5188) 123660.0
(7048, 7049, 7050) 164441.0
(4288, 4289, 4290) 139747.0
(3038, 3039, 3040) 162477.0
(8504, 8505, 8506) 168882.0
(999, 1000, 1001) 163807.0
(5390, 5391, 5392) 174024.0
(2664, 2665, 2666) 192116.0
(2821, 2822, 2823) 145413.0
(7794, 7795, 7796) 171987.0
(3518, 3519, 3520) 172148.0
(2861, 2862, 2863) 176108.0
(4775, 4776, 4777) 196507.0
(1793, 1794, 1795) 171192.0
(5167, 5168, 5169) 177969.0
(5437, 5438, 5439) 122862.0
(7481, 7482, 7483) 168602.0
(31, 32, 33) 151254.0
(8445, 8446, 8447) 144120.0
(8775, 8776, 8777) 153089.0
(3458, 3459, 3460) 151557.0
(2400, 2401, 2402) 185482.0
(6649, 6650, 6651) 169756.0
(6475, 6476, 6477) 202544.0
(2128, 2129, 2130) 132189.0
(1392, 1393, 1394) 157771.0
(4017, 4018, 4019) 141785.0
(5879, 5880, 5881) 227485.0
(3915, 3916, 3917) 169886.0
(5038, 5039, 5040) 145827.0
(3447, 3448, 3449) 150587.0
(4443, 4444, 4445) 149341.0
(8471, 8472, 8473) 147850.0
(8288, 8289, 8290) 184372.0
(4847, 4848, 4849) 138056.0
(8971, 8972, 8973) 138445.0
(4565, 4566, 4567) 163576.0
(4982, 4983, 4984) 137579.0
(7671, 7672, 7673) 139708.0
(9004, 9005, 9006) 215569.0
(8777, 8778, 8779) 170422.0
(1533, 1534, 1535) 169938.0
(3226, 3227, 3228) 212209.0
(7949, 7950, 7951) 174689.0
(9067, 9068, 9069) 150656.0
(2304, 2305, 2306) 131796.0
(395, 396, 397) 181944.0
(1597, 1598, 1599) 141854.0
(6796, 6797, 6798) 147281.0
(870, 871, 872) 180530.0
(1996, 1997, 1998) 159258.0
(3156, 3157, 3158) 145984.0
(7450, 7451, 7452) 190842.0
(8496, 8497, 8498) 143127.0
(5154, 5155, 5156) 155757.0
(2025, 2026, 2027) 121200.0
(1093, 1094, 1095) 145365.0
(772, 773, 774) 162010.0
(1515, 1516, 1517) 151815.0
(2152, 2153, 2154) 196005.0
(9898, 9899, 9900) 168839.0
(9113, 9114, 9115) 188120.0
(3344, 3345, 3346) 152125.0
(8573, 8574, 8575) 172682.0
(3737, 3738, 3739) 184923.0
(896, 897, 898) 154265.0
(8100, 8101, 8102) 149015.0
(5450, 5451, 5452) 174630.0
(4201, 4202, 4203) 150905.0
(3005, 3006, 3007) 140872.0
(9907, 9908, 9909) 139393.0
(9103, 9104, 9105) 187723.0
(6873, 6874, 6875) 162409.0
(4007, 4008, 4009) 168049.0
(1643, 1644, 1645) 182510.0
(2518, 2519, 2520) 206625.0
(9648, 9649, 9650) 195077.0
(5089, 5090, 5091) 148052.0
(2836, 2837, 2838) 155147.0
(4340, 4341, 4342) 165316.0
(1538, 1539, 1540) 155466.0
(6388, 6389, 6390) 140185.0
(2955, 2956, 2957) 125009.0
(9613, 9614, 9615) 165646.0
(7057, 7058, 7059) 186887.0
(5262, 5263, 5264) 166715.0
(6226, 6227, 6228) 159645.0
(381, 382, 383) 152203.0
(3639, 3640, 3641) 151696.0
(6709, 6710, 6711) 137107.0
(7896, 7897, 7898) 165567.0
(4503, 4504, 4505) 194221.0
(8461, 8462, 8463) 176104.0
(1963, 1964, 1965) 164447.0
(2707, 2708, 2709) 118889.0
(8771, 8772, 8773) 149026.0
(9946, 9947, 9948) 115317.0
(1402, 1403, 1404) 180095.0
(5712, 5713, 5714) 148723.0
(2128, 2129, 2130) 132189.0
(6650, 6651, 6652) 128923.0
(9303, 9304, 9305) 161597.0
(1491, 1492, 1493) 152751.0
(1358, 1359, 1360) 188222.0
(4108, 4109, 4110) 143015.0
(8152, 8153, 8154) 149333.0
(4799, 4800, 4801) 203572.0
(2797, 2798, 2799) 188265.0
(2672, 2673, 2674) 149507.0
(7732, 7733, 7734) 170473.0
(1179, 1180, 1181) 138744.0
(9269, 9270, 9271) 178890.0
(303, 304, 305) 179556.0
(8412, 8413, 8414) 167768.0
(7549, 7550, 7551) 142200.0
(4849, 4850, 4851) 152434.0
(9650, 9651, 9652) 187955.0
(5456, 5457, 5458) 138309.0
(2296, 2297, 2298) 171294.0
(5571, 5572, 5573) 149507.0
(6210, 6211, 6212) 183338.0
(6062, 6063, 6064) 127876.0
(9750, 9751, 9752) 174927.0
(9522, 9523, 9524) 163197.0
(9128, 9129, 9130) 174333.0
(1353, 1354, 1355) 198072.0
(9391, 9392, 9393) 158145.0
(2879, 2880, 2881) 173003.0
(8586, 8587, 8588) 143452.0
(3096, 3097, 3098) 148397.0
(2980, 2981, 2982) 138982.0
(4949, 4950, 4951) 152091.0
(4671, 4672, 4673) 144444.0
(839, 840, 841) 179917.0
(4, 5, 6) 155785.0
(3762, 3763, 3764) 149959.0
(2229, 2230, 2231) 170036.0
(7208, 7209, 7210) 164151.0
(1361, 1362, 1363) 170148.0
(2586, 2587, 2588) 159312.0
(9951, 9952, 9953) 176172.0
(6161, 6162, 6163) 148922.0
(4634, 4635, 4636) 154253.0
(9312, 9313, 9314) 130323.0
(9882, 9883, 9884) 144748.0
(8207, 8208, 8209) 136265.0
(1859, 1860, 1861) 165025.0
(2344, 2345, 2346) 179816.0
(8459, 8460, 8461) 177035.0
(874, 875, 876) 155330.0
(2387, 2388, 2389) 149798.0
(8374, 8375, 8376) 145525.0
(7662, 7663, 7664) 169585.0
(4427, 4428, 4429) 185479.0
(5708, 5709, 5710) 153017.0
(1548, 1549, 1550) 144949.0
(4125, 4126, 4127) 176983.0
(6704, 6705, 6706) 144687.0
(5922, 5923, 5924) 167898.0
(9977, 9978, 9979) 161392.0
(518, 519, 520) 157087.0
(6814, 6815, 6816) 198421.0
(6941, 6942, 6943) 173806.0
(8634, 8635, 8636) 140184.0
(7846, 7847, 7848) 153862.0
(5581, 5582, 5583) 157586.0
(7740, 7741, 7742) 148248.0
(5368, 5369, 5370) 204176.0
(9052, 9053, 9054) 146133.0
(204, 205, 206) 150947.0
(883, 884, 885) 209007.0
(6873, 6874, 6875) 162409.0
(6614, 6615, 6616) 138030.0
(6586, 6587, 6588) 163454.0
(2457, 2458, 2459) 135585.0
(7715, 7716, 7717) 135641.0
(3777, 3778, 3779) 176455.0
(8627, 8628, 8629) 167831.0
(6390, 6391, 6392) 134675.0
(8279, 8280, 8281) 184074.0
(7808, 7809, 7810) 123735.0
(6007, 6008, 6009) 131971.0
(9291, 9292, 9293) 158560.0
(4505, 4506, 4507) 136082.0
(2931, 2932, 2933) 187992.0
(9814, 9815, 9816) 169976.0
(1995, 1996, 1997) 137480.0
(41, 42, 43) 137905.0
(5128, 5129, 5130) 171919.0
(8760, 8761, 8762) 143872.0
(8793, 8794, 8795) 225861.0
(6105, 6106, 6107) 184594.0
(4748, 4749, 4750) 148824.0
(118, 119, 120) 153112.0
(3153, 3154, 3155) 157716.0
(7737, 7738, 7739) 160766.0
(6222, 6223, 6224) 127821.0
(1225, 1226, 1227) 179565.0
(7803, 7804, 7805) 149962.0
(4776, 4777, 4778) 158112.0
(4813, 4814, 4815) 142202.0
(1320, 1321, 1322) 211416.0
(9667, 9668, 9669) 193031.0
(7874, 7875, 7876) 149958.0
(2805, 2806, 2807) 190803.0
(5471, 5472, 5473) 122654.0
(4194, 4195, 4196) 173754.0
(2933, 2934, 2935) 158996.0
(3238, 3239, 3240) 171237.0
(5448, 5449, 5450) 147183.0
(5408, 5409, 5410) 128524.0
(2334, 2335, 2336) 128486.0
(5927, 5928, 5929) 158340.0
(8404, 8405, 8406) 212835.0
(5639, 5640, 5641) 190697.0
(9680, 9681, 9682) 206946.0
(5162, 5163, 5164) 179898.0
(3227, 3228, 3229) 160874.0
(1142, 1143, 1144) 145680.0
(2468, 2469, 2470) 188269.0
(2204, 2205, 2206) 163373.0
(7869, 7870, 7871) 154800.0
(6094, 6095, 6096) 168357.0
(6570, 6571, 6572) 141310.0
(1944, 1945, 1946) 126672.0
(2250, 2251, 2252) 151704.0
(6658, 6659, 6660) 146698.0
(8971, 8972, 8973) 138445.0
(6538, 6539, 6540) 169831.0
(3600, 3601, 3602) 143578.0
(3476, 3477, 3478) 163100.0
(9738, 9739, 9740) 172291.0
(6208, 6209, 6210) 136982.0
(8594, 8595, 8596) 151351.0
(6011, 6012, 6013) 171842.0
(7212, 7213, 7214) 227257.0
(2687, 2688, 2689) 194716.0
(2032, 2033, 2034) 165508.0
(5336, 5337, 5338) 188729.0
(3799, 3800, 3801) 147765.0
(9348, 9349, 9350) 181035.0
(8037, 8038, 8039) 161091.0
(5320, 5321, 5322) 153502.0
(6076, 6077, 6078) 144078.0
(1317, 1318, 1319) 135531.0
(5612, 5613, 5614) 151958.0
(9271, 9272, 9273) 139119.0
(6438, 6439, 6440) 148835.0
(6684, 6685, 6686) 185045.0
(7116, 7117, 7118) 140819.0
(3878, 3879, 3880) 135313.0
(6384, 6385, 6386) 139503.0
(404, 405, 406) 169736.0
(4082, 4083, 4084) 132468.0
(9697, 9698, 9699) 158003.0
(1582, 1583, 1584) 135705.0
(6828, 6829, 6830) 172601.0
(2371, 2372, 2373) 170080.0
(3140, 3141, 3142) 129991.0
(5771, 5772, 5773) 160905.0
(8723, 8724, 8725) 153230.0
(8029, 8030, 8031) 154761.0
(8125, 8126, 8127) 145707.0
(2222, 2223, 2224) 162111.0
(5802, 5803, 5804) 150354.0
(7928, 7929, 7930) 167405.0
(22, 23, 24) 159949.0
(8417, 8418, 8419) 178565.0
(3243, 3244, 3245) 131527.0
(3142, 3143, 3144) 146529.0
(3365, 3366, 3367) 150999.0
(4523, 4524, 4525) 132339.0
(2799, 2800, 2801) 159318.0
(5416, 5417, 5418) 135307.0
(367, 368, 369) 198713.0
(7248, 7249, 7250) 167956.0
(7971, 7972, 7973) 173406.0
(2826, 2827, 2828) 220006.0
(2686, 2687, 2688) 171194.0
(553, 554, 555) 146450.0
(4449, 4450, 4451) 138271.0
(3517, 3518, 3519) 161418.0
(8153, 8154, 8155) 133402.0
(9652, 9653, 9654) 154309.0
(7994, 7995, 7996) 114799.0
(5622, 5623, 5624) 152178.0
(5311, 5312, 5313) 116189.0
(4179, 4180, 4181) 210056.0
(7704, 7705, 7706) 121653.0
(6274, 6275, 6276) 163451.0
(1995, 1996, 1997) 137480.0
(8142, 8143, 8144) 183823.0
(9914, 9915, 9916) 161985.0
(5589, 5590, 5591) 136241.0
(294, 295, 296) 161174.0
(4530, 4531, 4532) 202075.0
(2491, 2492, 2493) 143170.0
(1309, 1310, 1311) 152150.0
(5855, 5856, 5857) 126481.0
(3617, 3618, 3619) 166093.0
(9598, 9599, 9600) 155929.0
(7957, 7958, 7959) 177753.0
(5247, 5248, 5249) 153559.0
(5448, 5449, 5450) 147183.0
(3390, 3391, 3392) 159940.0
(8127, 8128, 8129) 182317.0
(3903, 3904, 3905) 172635.0
(3798, 3799, 3800) 187569.0
(8894, 8895, 8896) 175417.0
(3977, 3978, 3979) 134256.0
(1244, 1245, 1246) 136558.0
(1038, 1039, 1040) 167455.0
(8026, 8027, 8028) 164931.0
(6700, 6701, 6702) 141402.0
(1104, 1105, 1106) 179138.0
(9500, 9501, 9502) 206979.0
(219, 220, 221) 184378.0
(5513, 5514, 5515) 137309.0
(1900, 1901, 1902) 167881.0
(5553, 5554, 5555) 169991.0
(3887, 3888, 3889) 126562.0
(3021, 3022, 3023) 139495.0
(2382, 2383, 2384) 168261.0
(512, 513, 514) 149346.0
(7959, 7960, 7961) 179071.0
(3147, 3148, 3149) 170348.0
(205, 206, 207) 140645.0
(9715, 9716, 9717) 181769.0
(8509, 8510, 8511) 154534.0
(5360, 5361, 5362) 157704.0
(9987, 9988, 9989) 147075.0
(7471, 7472, 7473) 134567.0
(8899, 8900, 8901) 150227.0
(8396, 8397, 8398) 152265.0
(4135, 4136, 4137) 202550.0
(2827, 2828, 2829) 200044.0
(7642, 7643, 7644) 126958.0
(4059, 4060, 4061) 168351.0
(6612, 6613, 6614) 156039.0
(6547, 6548, 6549) 147673.0
(7117, 7118, 7119) 188839.0
(8239, 8240, 8241) 130006.0
(3657, 3658, 3659) 177472.0
(5350, 5351, 5352) 165850.0
(9551, 9552, 9553) 145416.0
(8780, 8781, 8782) 187830.0
(2030, 2031, 2032) 194004.0
(7931, 7932, 7933) 176517.0
(1556, 1557, 1558) 166228.0
(5814, 5815, 5816) 178821.0
(6321, 6322, 6323) 142626.0
(1734, 1735, 1736) 202313.0
(3013, 3014, 3015) 175816.0
(2922, 2923, 2924) 179605.0
(783, 784, 785) 163134.0
(7445, 7446, 7447) 163390.0
(857, 858, 859) 152663.0
(1719, 1720, 1721) 158652.0
(5607, 5608, 5609) 173599.0
(8102, 8103, 8104) 144945.0
(2790, 2791, 2792) 206853.0
(874, 875, 876) 155330.0
(429, 430, 431) 158741.0
(2989, 2990, 2991) 138607.0
(5502, 5503, 5504) 157229.0
(1509, 1510, 1511) 181156.0
(4545, 4546, 4547) 146548.0
(6425, 6426, 6427) 164391.0
(8794, 8795, 8796) 173713.0
(3699, 3700, 3701) 178342.0
(9136, 9137, 9138) 164480.0
(7378, 7379, 7380) 159520.0
(1237, 1238, 1239) 145098.0
(811, 812, 813) 162312.0
(2314, 2315, 2316) 141396.0
(2282, 2283, 2284) 195155.0
(9810, 9811, 9812) 149467.0
(8933, 8934, 8935) 132037.0
(6266, 6267, 6268) 167782.0
(8619, 8620, 8621) 194214.0
(8369, 8370, 8371) 181450.0
(551, 552, 553) 148608.0
(1982, 1983, 1984) 130878.0
(7092, 7093, 7094) 155558.0
(3229, 3230, 3231) 157454.0
(8611, 8612, 8613) 158515.0
(6391, 6392, 6393) 149416.0
(5552, 5553, 5554) 145348.0
(1997, 1998, 1999) 137566.0
(4306, 4307, 4308) 128495.0
(9874, 9875, 9876) 194698.0
(1423, 1424, 1425) 152836.0
(8702, 8703, 8704) 127141.0
(1953, 1954, 1955) 191910.0
(8636, 8637, 8638) 116576.0
(9968, 9969, 9970) 127354.0
(1908, 1909, 1910) 194479.0
(9296, 9297, 9298) 138630.0
(2710, 2711, 2712) 172797.0
(4864, 4865, 4866) 149599.0
(4319, 4320, 4321) 170973.0
(5642, 5643, 5644) 147576.0
(8755, 8756, 8757) 166299.0
(7748, 7749, 7750) 213628.0
(5233, 5234, 5235) 130891.0
(3976, 3977, 3978) 141681.0
(2238, 2239, 2240) 150164.0
(3518, 3519, 3520) 172148.0
(191, 192, 193) 147614.0
(4859, 4860, 4861) 143266.0
(8900, 8901, 8902) 174434.0
(5977, 5978, 5979) 144649.0
(9238, 9239, 9240) 162514.0
(8401, 8402, 8403) 149216.0
(6440, 6441, 6442) 173854.0
(9658, 9659, 9660) 155886.0
(8006, 8007, 8008) 172171.0
(8158, 8159, 8160) 144057.0
(3586, 3587, 3588) 143862.0
(4666, 4667, 4668) 161790.0
(6265, 6266, 6267) 161716.0
(7600, 7601, 7602) 153162.0
(2720, 2721, 2722) 144163.0
(1269, 1270, 1271) 175569.0
(6909, 6910, 6911) 171035.0
(5716, 5717, 5718) 171318.0
(671, 672, 673) 177714.0
(5576, 5577, 5578) 147656.0
(3765, 3766, 3767) 166150.0
(6477, 6478, 6479) 140342.0
(1771, 1772, 1773) 142590.0
(9140, 9141, 9142) 165225.0
(8824, 8825, 8826) 146872.0
(8095, 8096, 8097) 168101.0
(8313, 8314, 8315) 175796.0
(1305, 1306, 1307) 134651.0
(9843, 9844, 9845) 170008.0
(4460, 4461, 4462) 173066.0
(8476, 8477, 8478) 187436.0
(5193, 5194, 5195) 173321.0
(9845, 9846, 9847) 170668.0
(1282, 1283, 1284) 150630.0
(4502, 4503, 4504) 192402.0
(5682, 5683, 5684) 139488.0
(9367, 9368, 9369) 171687.0
(8167, 8168, 8169) 158455.0
(3934, 3935, 3936) 159420.0
(7647, 7648, 7649) 151922.0
(2875, 2876, 2877) 182232.0
(2482, 2483, 2484) 151569.0
(3596, 3597, 3598) 200284.0
(3002, 3003, 3004) 146714.0
(6300, 6301, 6302) 185403.0
(8536, 8537, 8538) 170189.0
(5652, 5653, 5654) 199086.0
(7832, 7833, 7834) 160507.0
(8825, 8826, 8827) 228186.0
(1414, 1415, 1416) 169672.0
(4692, 4693, 4694) 197278.0
(4987, 4988, 4989) 151108.0
(9112, 9113, 9114) 150722.0
(7260, 7261, 7262) 132499.0
(4273, 4274, 4275) 154770.0
(7174, 7175, 7176) 162636.0
(2667, 2668, 2669) 130746.0
(2348, 2349, 2350) 182372.0
(6323, 6324, 6325) 122916.0
(3274, 3275, 3276) 173814.0
(1370, 1371, 1372) 150824.0
(7264, 7265, 7266) 173725.0
(5487, 5488, 5489) 153593.0
(9958, 9959, 9960) 174693.0
(8884, 8885, 8886) 167393.0
(9659, 9660, 9661) 137561.0
(1547, 1548, 1549) 151762.0
(5746, 5747, 5748) 157334.0
(8840, 8841, 8842) 132947.0
(5101, 5102, 5103) 145819.0
(9121, 9122, 9123) 156099.0
(7158, 7159, 7160) 167471.0
(5964, 5965, 5966) 159019.0
(6643, 6644, 6645) 152152.0
(8353, 8354, 8355) 177107.0
(7272, 7273, 7274) 171480.0
(4096, 4097, 4098) 158723.0
(591, 592, 593) 154422.0
(2282, 2283, 2284) 195155.0
(6532, 6533, 6534) 172554.0
(789, 790, 791) 152943.0
(9895, 9896, 9897) 166942.0
(1909, 1910, 1911) 148240.0
(6986, 6987, 6988) 201337.0
(5259, 5260, 5261) 176943.0
(6309, 6310, 6311) 159872.0
(9659, 9660, 9661) 137561.0
(40, 41, 42) 156480.0
(2695, 2696, 2697) 175095.0
(8980, 8981, 8982) 148318.0
(201, 202, 203) 214432.0
(4766, 4767, 4768) 131099.0
(4186, 4187, 4188) 145286.0
(9140, 9141, 9142) 165225.0
(5918, 5919, 5920) 137768.0
(9729, 9730, 9731) 158206.0
(62, 63, 64) 128019.0
(3507, 3508, 3509) 117681.0
(4750, 4751, 4752) 191839.0
(9834, 9835, 9836) 160673.0
(3411, 3412, 3413) 169173.0
(5412, 5413, 5414) 163378.0
(8311, 8312, 8313) 142519.0
(6819, 6820, 6821) 154981.0
(4136, 4137, 4138) 148703.0
(7505, 7506, 7507) 166104.0
(6171, 6172, 6173) 166099.0
(1278, 1279, 1280) 139621.0
(6851, 6852, 6853) 148645.0
(5086, 5087, 5088) 142052.0
(8041, 8042, 8043) 191904.0
(8805, 8806, 8807) 184040.0
(6066, 6067, 6068) 147065.0
(1485, 1486, 1487) 187255.0
(43, 44, 45) 155999.0
(6536, 6537, 6538) 179524.0
(7716, 7717, 7718) 156569.0
(3687, 3688, 3689) 197351.0
(471, 472, 473) 134366.0
(8937, 8938, 8939) 185696.0
(3348, 3349, 3350) 155310.0
(1008, 1009, 1010) 178892.0
(2257, 2258, 2259) 160237.0
(8025, 8026, 8027) 184337.0
(1863, 1864, 1865) 162009.0
(7636, 7637, 7638) 164436.0
(5927, 5928, 5929) 158340.0
(1916, 1917, 1918) 148738.0
(6732, 6733, 6734) 140869.0
(5748, 5749, 5750) 170721.0
(1004, 1005, 1006) 148946.0
(226, 227, 228) 207173.0
(3013, 3014, 3015) 175816.0
(2814, 2815, 2816) 143380.0
(1068, 1069, 1070) 134314.0
(7589, 7590, 7591) 175338.0
(8262, 8263, 8264) 150966.0
(2762, 2763, 2764) 171954.0
(9245, 9246, 9247) 161201.0
(853, 854, 855) 186988.0
(8454, 8455, 8456) 176751.0
(812, 813, 814) 152409.0
(6359, 6360, 6361) 153146.0
(736, 737, 738) 112893.0
(8833, 8834, 8835) 202158.0
(7909, 7910, 7911) 161122.0
(6856, 6857, 6858) 146985.0
(628, 629, 630) 149589.0
(6448, 6449, 6450) 150779.0
(8866, 8867, 8868) 181739.0
(7659, 7660, 7661) 138137.0
(2171, 2172, 2173) 189160.0
(8708, 8709, 8710) 182354.0
(8421, 8422, 8423) 149903.0
(8759, 8760, 8761) 143213.0
(1416, 1417, 1418) 170268.0
(7249, 7250, 7251) 152779.0
(4623, 4624, 4625) 165860.0
(7556, 7557, 7558) 209366.0
(7577, 7578, 7579) 115671.0
(8313, 8314, 8315) 175796.0
(4193, 4194, 4195) 179579.0
(58, 59, 60) 139477.0
(7461, 7462, 7463) 131445.0
(1159, 1160, 1161) 152958.0
(9267, 9268, 9269) 138491.0
(5946, 5947, 5948) 176525.0
(6842, 6843, 6844) 150409.0
(8184, 8185, 8186) 187852.0
(9344, 9345, 9346) 154843.0
(3729, 3730, 3731) 188825.0
(9707, 9708, 9709) 177918.0
(5554, 5555, 5556) 167334.0
(8397, 8398, 8399) 170530.0
(9428, 9429, 9430) 150670.0
(3915, 3916, 3917) 169886.0
(9430, 9431, 9432) 169522.0
(9603, 9604, 9605) 172335.0
(6244, 6245, 6246) 168466.0
(6573, 6574, 6575) 171454.0
(9431, 9432, 9433) 165323.0
(3063, 3064, 3065) 160031.0
(9001, 9002, 9003) 181808.0
(1773, 1774, 1775) 160544.0
(4726, 4727, 4728) 123303.0
(2590, 2591, 2592) 155890.0
(7378, 7379, 7380) 159520.0
(9245, 9246, 9247) 161201.0
(6531, 6532, 6533) 223734.0
(3608, 3609, 3610) 146833.0
(7249, 7250, 7251) 152779.0
(7200, 7201, 7202) 154616.0
(455, 456, 457) 169209.0
(1554, 1555, 1556) 165548.0
(6578, 6579, 6580) 181937.0
(5262, 5263, 5264) 166715.0
(5163, 5164, 5165) 155752.0
(8954, 8955, 8956) 181831.0
(3758, 3759, 3760) 155861.0
(6107, 6108, 6109) 156121.0
(4962, 4963, 4964) 153481.0
(4097, 4098, 4099) 156273.0
(5930, 5931, 5932) 165463.0
(5371, 5372, 5373) 169698.0
(9614, 9615, 9616) 162360.0
(8262, 8263, 8264) 150966.0
(7866, 7867, 7868) 187022.0
(6563, 6564, 6565) 162284.0
(1433, 1434, 1435) 123331.0
(8310, 8311, 8312) 137099.0
(7847, 7848, 7849) 161974.0
(7160, 7161, 7162) 167815.0
(5353, 5354, 5355) 155001.0
(3008, 3009, 3010) 132157.0
(262, 263, 264) 195187.0
(4775, 4776, 4777) 196507.0
(3980, 3981, 3982) 156177.0
(3334, 3335, 3336) 188955.0
(3337, 3338, 3339) 171315.0
(1531, 1532, 1533) 158436.0
(3832, 3833, 3834) 178441.0
(1182, 1183, 1184) 174840.0
(5895, 5896, 5897) 164404.0
(1672, 1673, 1674) 147212.0
(1808, 1809, 1810) 193159.0
(3495, 3496, 3497) 152527.0
(3445, 3446, 3447) 159680.0
(3004, 3005, 3006) 179643.0
(5797, 5798, 5799) 113258.0
(2693, 2694, 2695) 185336.0
(4214, 4215, 4216) 142324.0
(6942, 6943, 6944) 155925.0
(5781, 5782, 5783) 182057.0
(733, 734, 735) 135906.0
(2409, 2410, 2411) 184716.0
(2803, 2804, 2805) 138990.0
(9091, 9092, 9093) 156611.0
(2689, 2690, 2691) 151409.0
(8862, 8863, 8864) 218010.0
(3093, 3094, 3095) 152315.0
(491, 492, 493) 161912.0
(8819, 8820, 8821) 207878.0
(5132, 5133, 5134) 139120.0
(1582, 1583, 1584) 135705.0
(3373, 3374, 3375) 99704.0
(5295, 5296, 5297) 186269.0
(6504, 6505, 6506) 182727.0
(4921, 4922, 4923) 192515.0
(3796, 3797, 3798) 136561.0
(4988, 4989, 4990) 133952.0
(6864, 6865, 6866) 163052.0
(5189, 5190, 5191) 124999.0
(8562, 8563, 8564) 173692.0
(5604, 5605, 5606) 171361.0
(1524, 1525, 1526) 124143.0
(4754, 4755, 4756) 135346.0
(9977, 9978, 9979) 161392.0
(6020, 6021, 6022) 149532.0
(8566, 8567, 8568) 157518.0
(3611, 3612, 3613) 142593.0
(7631, 7632, 7633) 175950.0
(7141, 7142, 7143) 152182.0
(1112, 1113, 1114) 211215.0
(2204, 2205, 2206) 163373.0
(2291, 2292, 2293) 172572.0
(9796, 9797, 9798) 113462.0
(8539, 8540, 8541) 165614.0
(9407, 9408, 9409) 172787.0
(1479, 1480, 1481) 153939.0
(9829, 9830, 9831) 184726.0
(6612, 6613, 6614) 156039.0
(4496, 4497, 4498) 137115.0
(9498, 9499, 9500) 205334.0
(3335, 3336, 3337) 163410.0
(8686, 8687, 8688) 161213.0
(7446, 7447, 7448) 166309.0
(1126, 1127, 1128) 150340.0
(8681, 8682, 8683) 130579.0
(2864, 2865, 2866) 148990.0
(8743, 8744, 8745) 162173.0
(6518, 6519, 6520) 137111.0
(9209, 9210, 9211) 151514.0
(4657, 4658, 4659) 142340.0
(7083, 7084, 7085) 183593.0
(7968, 7969, 7970) 141949.0
(8598, 8599, 8600) 170271.0
(6487, 6488, 6489) 149841.0
(1264, 1265, 1266) 172469.0
(7172, 7173, 7174) 176426.0
(5630, 5631, 5632) 153933.0
(2316, 2317, 2318) 170950.0
(3150, 3151, 3152) 194160.0
(2809, 2810, 2811) 177546.0
(7254, 7255, 7256) 175613.0
(1622, 1623, 1624) 164622.0
(6813, 6814, 6815) 132798.0
(8821, 8822, 8823) 165740.0
(4589, 4590, 4591) 167205.0
(1132, 1133, 1134) 175629.0
(5335, 5336, 5337) 171280.0
(5008, 5009, 5010) 150561.0
(5609, 5610, 5611) 154240.0
(6757, 6758, 6759) 162774.0
(764, 765, 766) 157168.0
(7059, 7060, 7061) 172547.0
(5025, 5026, 5027) 191033.0
(8349, 8350, 8351) 132515.0
(8411, 8412, 8413) 155446.0
(2624, 2625, 2626) 134877.0
(8945, 8946, 8947) 166280.0
(1753, 1754, 1755) 182818.0
(391, 392, 393) 141500.0
(9797, 9798, 9799) 144732.0
(7423, 7424, 7425) 154703.0
(324, 325, 326) 167736.0
(3596, 3597, 3598) 200284.0
(5902, 5903, 5904) 175351.0
(662, 663, 664) 166114.0
(7599, 7600, 7601) 144483.0
(8807, 8808, 8809) 185277.0
(9226, 9227, 9228) 140057.0
(7713, 7714, 7715) 175275.0
(4339, 4340, 4341) 147557.0
(9938, 9939, 9940) 169787.0
(7759, 7760, 7761) 157103.0
(7216, 7217, 7218) 201484.0
(2675, 2676, 2677) 194958.0
(2553, 2554, 2555) 167584.0
(1089, 1090, 1091) 189822.0
(1483, 1484, 1485) 169995.0
(8691, 8692, 8693) 193423.0
(8335, 8336, 8337) 192948.0
(6385, 6386, 6387) 153219.0
(4932, 4933, 4934) 114361.0
(8874, 8875, 8876) 139464.0
(7275, 7276, 7277) 141934.0
(739, 740, 741) 145870.0
(1824, 1825, 1826) 160641.0
(2113, 2114, 2115) 166774.0
(1580, 1581, 1582) 152022.0
(7727, 7728, 7729) 143297.0
(6198, 6199, 6200) 141290.0
(3526, 3527, 3528) 120664.0
(9366, 9367, 9368) 147904.0
(4355, 4356, 4357) 153817.0
(7572, 7573, 7574) 180564.0
(1716, 1717, 1718) 128635.0
(2625, 2626, 2627) 130758.0
(293, 294, 295) 157188.0
(2911, 2912, 2913) 133502.0
(61, 62, 63) 149900.0
(4784, 4785, 4786) 164992.0
(9286, 9287, 9288) 189205.0
(7825, 7826, 7827) 146035.0
(8230, 8231, 8232) 157700.0
(4679, 4680, 4681) 170706.0
