(9777, 9778, 9779) 187288.0
(6756, 6757, 6758) 146909.0
(1570, 1571, 1572) 155977.0
(4678, 4679, 4680) 179133.0
(1790, 1791, 1792) 197362.0
(851, 852, 853) 143215.0
(5617, 5618, 5619) 151200.0
(9227, 9228, 9229) 165532.0
(6118, 6119, 6120) 173535.0
(6651, 6652, 6653) 159450.0
(5903, 5904, 5905) 138945.0
(4700, 4701, 4702) 150391.0
(1852, 1853, 1854) 172232.0
(7053, 7054, 7055) 148672.0
(2949, 2950, 2951) 152336.0
(2082, 2083, 2084) 163209.0
(2801, 2802, 2803) 185503.0
(1850, 1851, 1852) 214184.0
(4729, 4730, 4731) 143340.0
(6272, 6273, 6274) 166633.0
(6615, 6616, 6617) 150386.0
(6716, 6717, 6718) 158150.0
(1856, 1857, 1858) 188144.0
(9901, 9902, 9903) 162459.0
(2066, 2067, 2068) 202374.0
(6926, 6927, 6928) 161527.0
(8017, 8018, 8019) 150887.0
(2612, 2613, 2614) 197705.0
(9177, 9178, 9179) 162314.0
(4339, 4340, 4341) 148870.0
(7449, 7450, 7451) 163335.0
(2695, 2696, 2697) 175955.0
(4970, 4971, 4972) 169914.0
(3986, 3987, 3988) 187663.0
(11, 12, 13) 179006.0
(6734, 6735, 6736) 147833.0
(5325, 5326, 5327) 139891.0
(8790, 8791, 8792) 162851.0
(5093, 5094, 5095) 128843.0
(9026, 9027, 9028) 149029.0
(1970, 1971, 1972) 150383.0
(3229, 3230, 3231) 160176.0
(4636, 4637, 4638) 154908.0
(565, 566, 567) 148356.0
(8754, 8755, 8756) 183828.0
(9536, 9537, 9538) 188981.0
(5320, 5321, 5322) 154962.0
(7656, 7657, 7658) 153632.0
(967, 968, 969) 145962.0
(6470, 6471, 6472) 158227.0
(5781, 5782, 5783) 183471.0
(5825, 5826, 5827) 123599.0
(6088, 6089, 6090) 150808.0
(5344, 5345, 5346) 183478.0
(5616, 5617, 5618) 179069.0
(2740, 2741, 2742) 124842.0
(5262, 5263, 5264) 170708.0
(8124, 8125, 8126) 166647.0
(2177, 2178, 2179) 170441.0
(7261, 7262, 7263) 154016.0
(5759, 5760, 5761) 134537.0
(3646, 3647, 3648) 137573.0
(9723, 9724, 9725) 188214.0
(5056, 5057, 5058) 169102.0
(3350, 3351, 3352) 163490.0
(7959, 7960, 7961) 179348.0
(2735, 2736, 2737) 174711.0
(8904, 8905, 8906) 153847.0
(8374, 8375, 8376) 151588.0
(1664, 1665, 1666) 119953.0
(4184, 4185, 4186) 131837.0
(8276, 8277, 8278) 156490.0
(3882, 3883, 3884) 190922.0
(3597, 3598, 3599) 134263.0
(3684, 3685, 3686) 139950.0
(2867, 2868, 2869) 152014.0
(5731, 5732, 5733) 174944.0
(1382, 1383, 1384) 155117.0
(6325, 6326, 6327) 168469.0
(7920, 7921, 7922) 200229.0
(1868, 1869, 1870) 199385.0
(9242, 9243, 9244) 178096.0
(1157, 1158, 1159) 156239.0
(2746, 2747, 2748) 161762.0
(1516, 1517, 1518) 165566.0
(4665, 4666, 4667) 184882.0
(2104, 2105, 2106) 163585.0
(6458, 6459, 6460) 156735.0
(5704, 5705, 5706) 146012.0
(4993, 4994, 4995) 195941.0
(1786, 1787, 1788) 188834.0
(7516, 7517, 7518) 206160.0
(5972, 5973, 5974) 179751.0
(4060, 4061, 4062) 169670.0
(1850, 1851, 1852) 214184.0
(1249, 1250, 1251) 151256.0
(3833, 3834, 3835) 162177.0
(6491, 6492, 6493) 174085.0
(1864, 1865, 1866) 190926.0
(7244, 7245, 7246) 180290.0
(353, 354, 355) 158149.0
(1960, 1961, 1962) 150191.0
(7893, 7894, 7895) 182298.0
(1565, 1566, 1567) 169159.0
(4957, 4958, 4959) 170264.0
(7383, 7384, 7385) 137399.0
(9111, 9112, 9113) 161434.0
(8112, 8113, 8114) 161192.0
(990, 991, 992) 176675.0
(4861, 4862, 4863) 168779.0
(4830, 4831, 4832) 111733.0
(1429, 1430, 1431) 133475.0
(1738, 1739, 1740) 135786.0
(9957, 9958, 9959) 191936.0
(7792, 7793, 7794) 151554.0
(4001, 4002, 4003) 152894.0
(7342, 7343, 7344) 138308.0
(2088, 2089, 2090) 170007.0
(192, 193, 194) 179307.0
(4037, 4038, 4039) 173741.0
(876, 877, 878) 136144.0
(8835, 8836, 8837) 142813.0
(7784, 7785, 7786) 138351.0
(5027, 5028, 5029) 156483.0
(5420, 5421, 5422) 122001.0
(8611, 8612, 8613) 159587.0
(3540, 3541, 3542) 152654.0
(7665, 7666, 7667) 173641.0
(6149, 6150, 6151) 139442.0
(8831, 8832, 8833) 169196.0
(9735, 9736, 9737) 195776.0
(7102, 7103, 7104) 143950.0
(3289, 3290, 3291) 150460.0
(2978, 2979, 2980) 123022.0
(8209, 8210, 8211) 196996.0
(3690, 3691, 3692) 169577.0
(8045, 8046, 8047) 139530.0
(1028, 1029, 1030) 153237.0
(2952, 2953, 2954) 175619.0
(5483, 5484, 5485) 169315.0
(6897, 6898, 6899) 203837.0
(9581, 9582, 9583) 190306.0
(7059, 7060, 7061) 173013.0
(9781, 9782, 9783) 138262.0
(9456, 9457, 9458) 161596.0
(4070, 4071, 4072) 160071.0
(2434, 2435, 2436) 190977.0
(5490, 5491, 5492) 171253.0
(5464, 5465, 5466) 127554.0
(8338, 8339, 8340) 183289.0
(6744, 6745, 6746) 181869.0
(1627, 1628, 1629) 147497.0
(6427, 6428, 6429) 158796.0
(3316, 3317, 3318) 140444.0
(6118, 6119, 6120) 173535.0
(7436, 7437, 7438) 180051.0
(6817, 6818, 6819) 149542.0
(9309, 9310, 9311) 176694.0
(8860, 8861, 8862) 163011.0
(3024, 3025, 3026) 167609.0
(8420, 8421, 8422) 175443.0
(2505, 2506, 2507) 153320.0
(6748, 6749, 6750) 192280.0
(669, 670, 671) 211592.0
(2262, 2263, 2264) 152910.0
(7638, 7639, 7640) 161666.0
(9539, 9540, 9541) 160183.0
(5979, 5980, 5981) 127095.0
(3158, 3159, 3160) 168275.0
(9599, 9600, 9601) 173141.0
(7418, 7419, 7420) 127491.0
(6803, 6804, 6805) 141835.0
(8867, 8868, 8869) 143168.0
(9973, 9974, 9975) 133068.0
(7436, 7437, 7438) 180051.0
(8703, 8704, 8705) 208983.0
(4495, 4496, 4497) 175538.0
(9838, 9839, 9840) 173684.0
(6716, 6717, 6718) 158150.0
(2808, 2809, 2810) 162115.0
(8009, 8010, 8011) 153140.0
(7849, 7850, 7851) 162708.0
(8750, 8751, 8752) 139064.0
(3460, 3461, 3462) 182872.0
(4009, 4010, 4011) 171285.0
(328, 329, 330) 173497.0
(4659, 4660, 4661) 144942.0
(4157, 4158, 4159) 148662.0
(7018, 7019, 7020) 199093.0
(9273, 9274, 9275) 159973.0
(3961, 3962, 3963) 177310.0
(4141, 4142, 4143) 149401.0
(554, 555, 556) 136959.0
(8386, 8387, 8388) 173244.0
(9138, 9139, 9140) 148675.0
(2715, 2716, 2717) 169285.0
(4004, 4005, 4006) 179932.0
(9891, 9892, 9893) 179334.0
(2566, 2567, 2568) 148375.0
(7431, 7432, 7433) 140717.0
(2820, 2821, 2822) 190992.0
