(719, 720, 721) 170272.0
(2670, 2671, 2672) 152349.0
(4860, 4861, 4862) 180926.0
(1542, 1543, 1544) 157663.0
(4930, 4931, 4932) 157807.0
(9403, 9404, 9405) 163009.0
(557, 558, 559) 192715.0
(2728, 2729, 2730) 167690.0
(791, 792, 793) 186523.0
(6369, 6370, 6371) 157975.0
(6348, 6349, 6350) 195898.0
(2440, 2441, 2442) 166662.0
(9950, 9951, 9952) 184523.0
(5470, 5471, 5472) 142413.0
(6375, 6376, 6377) 185102.0
(5993, 5994, 5995) 155771.0
(3900, 3901, 3902) 164168.0
(4208, 4209, 4210) 136467.0
(6360, 6361, 6362) 184145.0
(6377, 6378, 6379) 175577.0
(3067, 3068, 3069) 202949.0
(3523, 3524, 3525) 202116.0
(530, 531, 532) 183561.0
(3565, 3566, 3567) 169020.0
(303, 304, 305) 182210.0
(8498, 8499, 8500) 158451.0
(8815, 8816, 8817) 192826.0
(4252, 4253, 4254) 160457.0
(2012, 2013, 2014) 185782.0
(9539, 9540, 9541) 161394.0
(1342, 1343, 1344) 139745.0
(3607, 3608, 3609) 176440.0
(9126, 9127, 9128) 170460.0
(5237, 5238, 5239) 190627.0
(2943, 2944, 2945) 123499.0
(2082, 2083, 2084) 166174.0
(6770, 6771, 6772) 182085.0
(2969, 2970, 2971) 179060.0
(5803, 5804, 5805) 170239.0
(1492, 1493, 1494) 173058.0
(1672, 1673, 1674) 160724.0
(4856, 4857, 4858) 147808.0
(8684, 8685, 8686) 139073.0
(6584, 6585, 6586) 178815.0
(4445, 4446, 4447) 167126.0
(6838, 6839, 6840) 151307.0
(6429, 6430, 6431) 189089.0
(3404, 3405, 3406) 168726.0
(1756, 1757, 1758) 163537.0
(2985, 2986, 2987) 153588.0
(5100, 5101, 5102) 133745.0
(1967, 1968, 1969) 168354.0
(2940, 2941, 2942) 154227.0
(2649, 2650, 2651) 158794.0
(4492, 4493, 4494) 156427.0
(380, 381, 382) 184430.0
(7867, 7868, 7869) 127619.0
(5827, 5828, 5829) 153837.0
(2867, 2868, 2869) 162527.0
(4981, 4982, 4983) 165820.0
(4338, 4339, 4340) 156310.0
(9862, 9863, 9864) 139838.0
(4293, 4294, 4295) 151970.0
(9400, 9401, 9402) 217541.0
(9435, 9436, 9437) 177969.0
(2745, 2746, 2747) 155252.0
(8213, 8214, 8215) 138313.0
(7026, 7027, 7028) 157321.0
(1567, 1568, 1569) 153570.0
(4676, 4677, 4678) 158696.0
(963, 964, 965) 163129.0
(1789, 1790, 1791) 183217.0
(8118, 8119, 8120) 155443.0
(9083, 9084, 9085) 172692.0
(5754, 5755, 5756) 190896.0
(7165, 7166, 7167) 196456.0
(3752, 3753, 3754) 166713.0
(4561, 4562, 4563) 168788.0
(5057, 5058, 5059) 168095.0
(4779, 4780, 4781) 166478.0
(8074, 8075, 8076) 161404.0
(4658, 4659, 4660) 176898.0
(363, 364, 365) 123671.0
(1731, 1732, 1733) 202519.0
(2900, 2901, 2902) 164054.0
(4121, 4122, 4123) 172919.0
(4111, 4112, 4113) 181972.0
(873, 874, 875) 186478.0
(2102, 2103, 2104) 160737.0
(5928, 5929, 5930) 162794.0
(9079, 9080, 9081) 178712.0
(691, 692, 693) 196849.0
(7548, 7549, 7550) 150567.0
(8001, 8002, 8003) 164508.0
(80, 81, 82) 205284.0
(5668, 5669, 5670) 176436.0
(3546, 3547, 3548) 154088.0
(6866, 6867, 6868) 166464.0
(1695, 1696, 1697) 167030.0
(9286, 9287, 9288) 198079.0
(4477, 4478, 4479) 159187.0
(4663, 4664, 4665) 177376.0
(906, 907, 908) 189620.0
(6631, 6632, 6633) 181364.0
(8905, 8906, 8907) 164162.0
(1020, 1021, 1022) 144274.0
(6843, 6844, 6845) 193099.0
(2112, 2113, 2114) 179086.0
(1986, 1987, 1988) 149690.0
(2787, 2788, 2789) 149065.0
(6499, 6500, 6501) 187426.0
(9546, 9547, 9548) 161471.0
(6544, 6545, 6546) 154581.0
(6469, 6470, 6471) 197188.0
(9341, 9342, 9343) 200166.0
(4714, 4715, 4716) 186404.0
(654, 655, 656) 143123.0
(3801, 3802, 3803) 167272.0
(2309, 2310, 2311) 145542.0
(1197, 1198, 1199) 160706.0
(5405, 5406, 5407) 177743.0
(532, 533, 534) 169168.0
(8804, 8805, 8806) 152714.0
(9935, 9936, 9937) 169857.0
(6281, 6282, 6283) 113353.0
(3497, 3498, 3499) 180960.0
(725, 726, 727) 162830.0
(9099, 9100, 9101) 189789.0
(1760, 1761, 1762) 157412.0
(6617, 6618, 6619) 174296.0
(7582, 7583, 7584) 186931.0
(3661, 3662, 3663) 148623.0
(651, 652, 653) 138226.0
(4903, 4904, 4905) 159456.0
(1159, 1160, 1161) 158451.0
(5439, 5440, 5441) 144824.0
(7908, 7909, 7910) 200633.0
(5432, 5433, 5434) 118317.0
(2355, 2356, 2357) 199112.0
(5654, 5655, 5656) 164877.0
(6020, 6021, 6022) 153755.0
(394, 395, 396) 206673.0
(1749, 1750, 1751) 146986.0
(3624, 3625, 3626) 163767.0
(1382, 1383, 1384) 159304.0
(7504, 7505, 7506) 125711.0
(9877, 9878, 9879) 168496.0
(3890, 3891, 3892) 163863.0
(6763, 6764, 6765) 190644.0
(4458, 4459, 4460) 124624.0
(7898, 7899, 7900) 168794.0
(7361, 7362, 7363) 151124.0
(8579, 8580, 8581) 158612.0
(6288, 6289, 6290) 136883.0
(648, 649, 650) 193786.0
(2961, 2962, 2963) 192191.0
(1442, 1443, 1444) 180051.0
(5027, 5028, 5029) 162516.0
(9568, 9569, 9570) 145191.0
(1299, 1300, 1301) 156585.0
(3674, 3675, 3676) 141301.0
(9985, 9986, 9987) 141182.0
(5238, 5239, 5240) 149727.0
(9229, 9230, 9231) 178496.0
(6030, 6031, 6032) 132154.0
(416, 417, 418) 193981.0
(9089, 9090, 9091) 188325.0
(9284, 9285, 9286) 167435.0
(5462, 5463, 5464) 148059.0
(9118, 9119, 9120) 172672.0
(296, 297, 298) 199917.0
(2394, 2395, 2396) 198685.0
(250, 251, 252) 143802.0
(3888, 3889, 3890) 143694.0
(7145, 7146, 7147) 180058.0
(6130, 6131, 6132) 159222.0
(5574, 5575, 5576) 169192.0
(8370, 8371, 8372) 142507.0
(9491, 9492, 9493) 162911.0
(6253, 6254, 6255) 188194.0
(1042, 1043, 1044) 192006.0
(4270, 4271, 4272) 179342.0
(1094, 1095, 1096) 163866.0
(1942, 1943, 1944) 142014.0
(2418, 2419, 2420) 157273.0
(7471, 7472, 7473) 138033.0
(638, 639, 640) 137241.0
(755, 756, 757) 121757.0
(698, 699, 700) 155215.0
(1297, 1298, 1299) 151116.0
(7737, 7738, 7739) 165257.0
(4816, 4817, 4818) 165784.0
(9516, 9517, 9518) 169079.0
(601, 602, 603) 199281.0
(8358, 8359, 8360) 175939.0
(6374, 6375, 6376) 172946.0
(5481, 5482, 5483) 191761.0
(6324, 6325, 6326) 222771.0
(2083, 2084, 2085) 155864.0
(7465, 7466, 7467) 130442.0
(3335, 3336, 3337) 169942.0
