(8507, 8508, 8509) 153929.0
(1159, 1160, 1161) 159236.0
(1463, 1464, 1465) 134207.0
(7353, 7354, 7355) 146711.0
(9622, 9623, 9624) 178589.0
(9101, 9102, 9103) 217139.0
(3074, 3075, 3076) 160113.0
(9395, 9396, 9397) 188511.0
(306, 307, 308) 167931.0
(2091, 2092, 2093) 170992.0
(5479, 5480, 5481) 188301.0
(6071, 6072, 6073) 129747.0
(7052, 7053, 7054) 146407.0
(3383, 3384, 3385) 174902.0
(8825, 8826, 8827) 235564.0
(3500, 3501, 3502) 123873.0
(4014, 4015, 4016) 156875.0
(5119, 5120, 5121) 219800.0
(5373, 5374, 5375) 208127.0
(5592, 5593, 5594) 146622.0
(7801, 7802, 7803) 157033.0
(8347, 8348, 8349) 183574.0
(1134, 1135, 1136) 168509.0
(691, 692, 693) 194201.0
(6054, 6055, 6056) 226933.0
(9284, 9285, 9286) 167247.0
(773, 774, 775) 192925.0
(7497, 7498, 7499) 156662.0
(4987, 4988, 4989) 161791.0
(5156, 5157, 5158) 182939.0
(3579, 3580, 3581) 188162.0
(5229, 5230, 5231) 183471.0
(3366, 3367, 3368) 172706.0
(5766, 5767, 5768) 176571.0
(4901, 4902, 4903) 146746.0
(9789, 9790, 9791) 132090.0
(7868, 7869, 7870) 187968.0
(6840, 6841, 6842) 168107.0
(5309, 5310, 5311) 156552.0
(7599, 7600, 7601) 154682.0
(7496, 7497, 7498) 176691.0
(4606, 4607, 4608) 176374.0
(1810, 1811, 1812) 200015.0
(8451, 8452, 8453) 166605.0
(9692, 9693, 9694) 217988.0
(2528, 2529, 2530) 167955.0
(3744, 3745, 3746) 170384.0
(3009, 3010, 3011) 192355.0
(6520, 6521, 6522) 185968.0
(1906, 1907, 1908) 177123.0
(2550, 2551, 2552) 181359.0
(9226, 9227, 9228) 146972.0
(6794, 6795, 6796) 167371.0
(584, 585, 586) 150062.0
(5904, 5905, 5906) 173779.0
(9399, 9400, 9401) 127056.0
(690, 691, 692) 186571.0
(4336, 4337, 4338) 186899.0
(6580, 6581, 6582) 187867.0
(8289, 8290, 8291) 167322.0
(1625, 1626, 1627) 183161.0
(1004, 1005, 1006) 156944.0
(5379, 5380, 5381) 137028.0
(6635, 6636, 6637) 159177.0
(6834, 6835, 6836) 163483.0
(7744, 7745, 7746) 193250.0
(1808, 1809, 1810) 199073.0
(7324, 7325, 7326) 160670.0
(7188, 7189, 7190) 224862.0
(718, 719, 720) 164796.0
(4748, 4749, 4750) 160311.0
(5290, 5291, 5292) 174287.0
(8572, 8573, 8574) 134851.0
(1343, 1344, 1345) 178225.0
(2107, 2108, 2109) 158450.0
(4358, 4359, 4360) 142153.0
(2817, 2818, 2819) 142675.0
(1361, 1362, 1363) 176520.0
(8895, 8896, 8897) 188911.0
(8721, 8722, 8723) 148697.0
(2954, 2955, 2956) 191483.0
(5241, 5242, 5243) 162191.0
(2350, 2351, 2352) 161924.0
(6801, 6802, 6803) 186306.0
(4277, 4278, 4279) 176007.0
(8555, 8556, 8557) 155607.0
(880, 881, 882) 161808.0
(7514, 7515, 7516) 195722.0
(1323, 1324, 1325) 160290.0
(9338, 9339, 9340) 183932.0
(6706, 6707, 6708) 136197.0
(8189, 8190, 8191) 180249.0
(605, 606, 607) 156024.0
(3058, 3059, 3060) 223907.0
(1200, 1201, 1202) 147812.0
(3454, 3455, 3456) 143368.0
(6143, 6144, 6145) 176122.0
(3988, 3989, 3990) 135009.0
(6935, 6936, 6937) 168530.0
(5851, 5852, 5853) 137137.0
(8461, 8462, 8463) 186211.0
(654, 655, 656) 147501.0
(8221, 8222, 8223) 177304.0
(1116, 1117, 1118) 178930.0
(6131, 6132, 6133) 161231.0
(8874, 8875, 8876) 149625.0
(319, 320, 321) 137992.0
(1911, 1912, 1913) 144812.0
(7021, 7022, 7023) 154348.0
(2835, 2836, 2837) 171444.0
(7867, 7868, 7869) 128458.0
(8745, 8746, 8747) 189757.0
(6373, 6374, 6375) 129235.0
(4252, 4253, 4254) 164579.0
(5949, 5950, 5951) 171311.0
(5603, 5604, 5605) 137354.0
(7174, 7175, 7176) 174696.0
(1176, 1177, 1178) 187236.0
(6670, 6671, 6672) 148068.0
(6741, 6742, 6743) 164694.0
(8672, 8673, 8674) 172324.0
(2285, 2286, 2287) 172236.0
(9484, 9485, 9486) 156962.0
(4689, 4690, 4691) 150313.0
(6023, 6024, 6025) 157696.0
(9948, 9949, 9950) 233044.0
(7538, 7539, 7540) 163008.0
(263, 264, 265) 159331.0
(3400, 3401, 3402) 138291.0
(3607, 3608, 3609) 175378.0
(422, 423, 424) 158393.0
(654, 655, 656) 147501.0
(2469, 2470, 2471) 208058.0
(863, 864, 865) 139525.0
(3523, 3524, 3525) 204537.0
(777, 778, 779) 204591.0
(3037, 3038, 3039) 155647.0
(407, 408, 409) 179220.0
(2979, 2980, 2981) 208271.0
(35, 36, 37) 186435.0
(4984, 4985, 4986) 172485.0
(2700, 2701, 2702) 162434.0
(241, 242, 243) 170978.0
(6431, 6432, 6433) 138099.0
(1361, 1362, 1363) 176520.0
(3471, 3472, 3473) 182455.0
(3531, 3532, 3533) 180074.0
(3321, 3322, 3323) 150517.0
(8635, 8636, 8637) 153167.0
(7116, 7117, 7118) 161284.0
(2239, 2240, 2241) 150079.0
(7373, 7374, 7375) 208388.0
(6766, 6767, 6768) 163743.0
(9781, 9782, 9783) 140177.0
(2545, 2546, 2547) 180666.0
(734, 735, 736) 173333.0
(7868, 7869, 7870) 187968.0
(1492, 1493, 1494) 174025.0
(3612, 3613, 3614) 204468.0
(9163, 9164, 9165) 164475.0
(8050, 8051, 8052) 184991.0
(5397, 5398, 5399) 155564.0
(4607, 4608, 4609) 207698.0
(114, 115, 116) 220358.0
(7118, 7119, 7120) 188909.0
(6439, 6440, 6441) 156649.0
(1979, 1980, 1981) 153492.0
(9543, 9544, 9545) 159862.0
(7413, 7414, 7415) 168470.0
(5746, 5747, 5748) 163363.0
(6968, 6969, 6970) 167470.0
(4003, 4004, 4005) 187536.0
(8680, 8681, 8682) 155391.0
(788, 789, 790) 168040.0
(4186, 4187, 4188) 149791.0
(4116, 4117, 4118) 201090.0
(6590, 6591, 6592) 215710.0
(6981, 6982, 6983) 164534.0
(595, 596, 597) 167872.0
(2466, 2467, 2468) 150835.0
(9955, 9956, 9957) 202811.0
(4135, 4136, 4137) 213342.0
(6790, 6791, 6792) 190147.0
(1651, 1652, 1653) 193313.0
(7279, 7280, 7281) 161941.0
(150, 151, 152) 189926.0
(7101, 7102, 7103) 176146.0
(3462, 3463, 3464) 204122.0
(2982, 2983, 2984) 161422.0
(7257, 7258, 7259) 177884.0
(5523, 5524, 5525) 163205.0
(526, 527, 528) 150563.0
(4528, 4529, 4530) 183096.0
(5056, 5057, 5058) 172601.0
(4958, 4959, 4960) 170491.0
(2202, 2203, 2204) 172629.0
(6647, 6648, 6649) 166089.0
(1954, 1955, 1956) 137076.0
(3899, 3900, 3901) 149236.0
(1068, 1069, 1070) 146545.0
(1865, 1866, 1867) 190791.0
