(6334, 6335, 6336) 178927.0
(8938, 8939, 8940) 151136.0
(7641, 7642, 7643) 161512.0
(5896, 5897, 5898) 208094.0
(7218, 7219, 7220) 165096.0
(1918, 1919, 1920) 187083.0
(5794, 5795, 5796) 163880.0
(991, 992, 993) 152304.0
(9651, 9652, 9653) 117850.0
(7214, 7215, 7216) 169268.0
(3167, 3168, 3169) 218812.0
(6405, 6406, 6407) 160218.0
(8821, 8822, 8823) 195778.0
(4544, 4545, 4546) 173389.0
(1549, 1550, 1551) 161550.0
(2179, 2180, 2181) 160315.0
(8724, 8725, 8726) 156138.0
(1194, 1195, 1196) 188932.0
(2546, 2547, 2548) 158497.0
(4637, 4638, 4639) 169783.0
(907, 908, 909) 174200.0
(6628, 6629, 6630) 170422.0
(537, 538, 539) 217440.0
(5533, 5534, 5535) 179750.0
(291, 292, 293) 195463.0
(9661, 9662, 9663) 174156.0
(5805, 5806, 5807) 157885.0
(6971, 6972, 6973) 167665.0
(9471, 9472, 9473) 178224.0
(840, 841, 842) 168000.0
(4434, 4435, 4436) 196574.0
(8788, 8789, 8790) 150564.0
(7132, 7133, 7134) 165660.0
(9210, 9211, 9212) 172012.0
(2450, 2451, 2452) 168097.0
(3032, 3033, 3034) 207453.0
(7241, 7242, 7243) 166827.0
(8767, 8768, 8769) 147713.0
(7612, 7613, 7614) 181268.0
(5737, 5738, 5739) 178453.0
(4634, 4635, 4636) 169316.0
(3556, 3557, 3558) 186178.0
(8828, 8829, 8830) 140223.0
(9986, 9987, 9988) 148525.0
(6488, 6489, 6490) 152305.0
(4789, 4790, 4791) 169864.0
(6066, 6067, 6068) 154871.0
(6787, 6788, 6789) 155805.0
(7666, 7667, 7668) 152892.0
(1097, 1098, 1099) 198578.0
(3989, 3990, 3991) 218901.0
(8987, 8988, 8989) 162409.0
(7782, 7783, 7784) 194188.0
(1979, 1980, 1981) 155956.0
(4367, 4368, 4369) 174617.0
(7138, 7139, 7140) 218816.0
(4298, 4299, 4300) 134328.0
(6518, 6519, 6520) 150352.0
(2599, 2600, 2601) 181805.0
(3300, 3301, 3302) 164085.0
(955, 956, 957) 167208.0
(9468, 9469, 9470) 175455.0
(3204, 3205, 3206) 180962.0
(7367, 7368, 7369) 189072.0
(8557, 8558, 8559) 161285.0
(6876, 6877, 6878) 163229.0
(2047, 2048, 2049) 146463.0
(3516, 3517, 3518) 190363.0
(7181, 7182, 7183) 121678.0
(8003, 8004, 8005) 206521.0
(7785, 7786, 7787) 211986.0
(2461, 2462, 2463) 140517.0
(6710, 6711, 6712) 185332.0
(3678, 3679, 3680) 194121.0
(9405, 9406, 9407) 184703.0
(6842, 6843, 6844) 152249.0
(1695, 1696, 1697) 171601.0
(561, 562, 563) 164335.0
(2083, 2084, 2085) 154145.0
(7393, 7394, 7395) 161222.0
(2693, 2694, 2695) 189765.0
(1719, 1720, 1721) 167975.0
(6708, 6709, 6710) 192581.0
(6469, 6470, 6471) 198882.0
(9428, 9429, 9430) 156228.0
(2420, 2421, 2422) 186423.0
(3948, 3949, 3950) 209219.0
(8336, 8337, 8338) 124603.0
(8929, 8930, 8931) 217246.0
(5431, 5432, 5433) 170275.0
(5737, 5738, 5739) 178453.0
(5001, 5002, 5003) 184014.0
(7031, 7032, 7033) 150788.0
(8083, 8084, 8085) 163927.0
(207, 208, 209) 185465.0
(2814, 2815, 2816) 156984.0
(1919, 1920, 1921) 180974.0
(4857, 4858, 4859) 176953.0
(113, 114, 115) 155231.0
(1691, 1692, 1693) 184092.0
(5156, 5157, 5158) 184866.0
(4342, 4343, 4344) 139662.0
(5812, 5813, 5814) 158199.0
(5479, 5480, 5481) 190191.0
(693, 694, 695) 170619.0
(7475, 7476, 7477) 157136.0
(3999, 4000, 4001) 130550.0
(9495, 9496, 9497) 176596.0
(1088, 1089, 1090) 165954.0
(8514, 8515, 8516) 177485.0
(185, 186, 187) 170160.0
(6880, 6881, 6882) 212028.0
(6719, 6720, 6721) 190336.0
(3132, 3133, 3134) 168362.0
(2771, 2772, 2773) 147853.0
(2688, 2689, 2690) 130440.0
(4079, 4080, 4081) 156977.0
(1356, 1357, 1358) 146234.0
(5805, 5806, 5807) 157885.0
(4838, 4839, 4840) 155190.0
(2440, 2441, 2442) 171705.0
(8304, 8305, 8306) 163082.0
(8587, 8588, 8589) 187083.0
(296, 297, 298) 204368.0
(5131, 5132, 5133) 155358.0
(7164, 7165, 7166) 189800.0
(2069, 2070, 2071) 146778.0
(8475, 8476, 8477) 197803.0
(6900, 6901, 6902) 163633.0
(3057, 3058, 3059) 182908.0
(6488, 6489, 6490) 152305.0
(4415, 4416, 4417) 186751.0
(8553, 8554, 8555) 174540.0
(2060, 2061, 2062) 138212.0
(9994, 9995, 9996) 145671.0
(3594, 3595, 3596) 116224.0
(8193, 8194, 8195) 172866.0
(4629, 4630, 4631) 183221.0
(8492, 8493, 8494) 160542.0
(2919, 2920, 2921) 234567.0
(7597, 7598, 7599) 176722.0
(8761, 8762, 8763) 201479.0
(7165, 7166, 7167) 198567.0
(3529, 3530, 3531) 166419.0
(8432, 8433, 8434) 197291.0
(2665, 2666, 2667) 169672.0
(145, 146, 147) 166718.0
(6411, 6412, 6413) 174940.0
(3240, 3241, 3242) 155863.0
(7509, 7510, 7511) 203931.0
(8447, 8448, 8449) 154632.0
(1508, 1509, 1510) 148890.0
(9444, 9445, 9446) 143103.0
(1593, 1594, 1595) 160478.0
(1001, 1002, 1003) 142915.0
(4784, 4785, 4786) 165166.0
(2614, 2615, 2616) 210733.0
(3959, 3960, 3961) 151383.0
(1989, 1990, 1991) 166192.0
(8208, 8209, 8210) 191805.0
(8623, 8624, 8625) 207323.0
(3450, 3451, 3452) 196302.0
(1356, 1357, 1358) 146234.0
(3008, 3009, 3010) 137154.0
(5907, 5908, 5909) 151709.0
(3166, 3167, 3168) 148049.0
(4367, 4368, 4369) 174617.0
(7933, 7934, 7935) 188330.0
(4018, 4019, 4020) 151993.0
(9160, 9161, 9162) 183895.0
(9239, 9240, 9241) 142006.0
(7573, 7574, 7575) 147527.0
(4119, 4120, 4121) 161914.0
(3604, 3605, 3606) 166073.0
(925, 926, 927) 174312.0
(2955, 2956, 2957) 131394.0
(2280, 2281, 2282) 167885.0
(7208, 7209, 7210) 168351.0
(2096, 2097, 2098) 248274.0
(221, 222, 223) 163804.0
(6584, 6585, 6586) 183043.0
(3787, 3788, 3789) 137826.0
(4283, 4284, 4285) 177347.0
(8467, 8468, 8469) 139317.0
(8306, 8307, 8308) 179231.0
(8050, 8051, 8052) 187156.0
(3368, 3369, 3370) 173718.0
(5417, 5418, 5419) 146674.0
(9326, 9327, 9328) 174951.0
(1271, 1272, 1273) 190571.0
(2929, 2930, 2931) 189785.0
(7858, 7859, 7860) 152915.0
(3297, 3298, 3299) 161013.0
(9780, 9781, 9782) 205985.0
(6662, 6663, 6664) 181137.0
(6642, 6643, 6644) 158110.0
(3310, 3311, 3312) 200344.0
(1619, 1620, 1621) 160712.0
(5054, 5055, 5056) 179171.0
(7905, 7906, 7907) 204327.0
(3949, 3950, 3951) 148798.0
