(4958, 4959, 4960) 1918.0
(3802, 3803, 3804) 2033.0
(2624, 2625, 2626) 2607.0
(7117, 7118, 7119) 2135.0
(4099, 4100, 4101) 2156.0
(4791, 4792, 4793) 1639.0
(9910, 9911, 9912) 2065.0
(9052, 9053, 9054) 1539.0
(4263, 4264, 4265) 1386.0
(3382, 3383, 3384) 3100.0
(1609, 1610, 1611) 2265.0
(8387, 8388, 8389) 1923.0
(8125, 8126, 8127) 1796.0
(9712, 9713, 9714) 2319.0
(3587, 3588, 3589) 1761.0
(903, 904, 905) 1611.0
(8515, 8516, 8517) 1773.0
(1742, 1743, 1744) 1808.0
(2281, 2282, 2283) 1796.0
(1749, 1750, 1751) 1569.0
(7870, 7871, 7872) 2350.0
(1941, 1942, 1943) 2345.0
(4011, 4012, 4013) 1704.0
(6720, 6721, 6722) 1811.0
(9419, 9420, 9421) 1937.0
(9522, 9523, 9524) 1774.0
(2662, 2663, 2664) 1812.0
(49, 50, 51) 1715.0
(9182, 9183, 9184) 2675.0
(8530, 8531, 8532) 2359.0
(3843, 3844, 3845) 1593.0
(6217, 6218, 6219) 2160.0
(7709, 7710, 7711) 2336.0
(4317, 4318, 4319) 1647.0
(2956, 2957, 2958) 1848.0
(7793, 7794, 7795) 2259.0
(7110, 7111, 7112) 2436.0
(4689, 4690, 4691) 1761.0
(6520, 6521, 6522) 1772.0
(1449, 1450, 1451) 1886.0
(2543, 2544, 2545) 1724.0
(8987, 8988, 8989) 1945.0
(8641, 8642, 8643) 1735.0
(9005, 9006, 9007) 1777.0
(7857, 7858, 7859) 2195.0
(8467, 8468, 8469) 2086.0
(5227, 5228, 5229) 2080.0
(5956, 5957, 5958) 2626.0
(4581, 4582, 4583) 2619.0
(7696, 7697, 7698) 1359.0
(8315, 8316, 8317) 2342.0
(3435, 3436, 3437) 1690.0
(4787, 4788, 4789) 1736.0
(4047, 4048, 4049) 2077.0
(3041, 3042, 3043) 1812.0
(7585, 7586, 7587) 2261.0
(7488, 7489, 7490) 1733.0
(7096, 7097, 7098) 2037.0
(6640, 6641, 6642) 1787.0
(7933, 7934, 7935) 2436.0
(7038, 7039, 7040) 2903.0
(3899, 3900, 3901) 2052.0
(3220, 3221, 3222) 1423.0
(4977, 4978, 4979) 1624.0
(9832, 9833, 9834) 2366.0
(8520, 8521, 8522) 1930.0
(1505, 1506, 1507) 1751.0
(1314, 1315, 1316) 1512.0
(5562, 5563, 5564) 1773.0
(8458, 8459, 8460) 1736.0
(2590, 2591, 2592) 2465.0
(4586, 4587, 4588) 1615.0
(1766, 1767, 1768) 1810.0
(5540, 5541, 5542) 2232.0
(568, 569, 570) 1874.0
(9721, 9722, 9723) 1717.0
(2985, 2986, 2987) 1787.0
(5341, 5342, 5343) 1839.0
(4511, 4512, 4513) 2220.0
(9240, 9241, 9242) 1927.0
(6992, 6993, 6994) 2168.0
(3018, 3019, 3020) 1866.0
(1582, 1583, 1584) 2410.0
(8106, 8107, 8108) 2051.0
(3160, 3161, 3162) 2826.0
(7329, 7330, 7331) 1616.0
(6297, 6298, 6299) 2117.0
(7833, 7834, 7835) 2095.0
(602, 603, 604) 1874.0
(4595, 4596, 4597) 1660.0
(6591, 6592, 6593) 1814.0
(5478, 5479, 5480) 1860.0
(18, 19, 20) 2168.0
(9490, 9491, 9492) 2008.0
(3322, 3323, 3324) 3081.0
(5740, 5741, 5742) 2263.0
(8158, 8159, 8160) 2155.0
(9966, 9967, 9968) 2147.0
(8309, 8310, 8311) 1565.0
(3603, 3604, 3605) 2434.0
(4697, 4698, 4699) 1864.0
