(4648, 4649, 4650) 21646.0
(374, 375, 376) 18815.0
(8989, 8990, 8991) 22265.0
(1782, 1783, 1784) 21389.0
(6040, 6041, 6042) 21014.0
(7914, 7915, 7916) 19700.0
(478, 479, 480) 23552.0
(3183, 3184, 3185) 24945.0
(2790, 2791, 2792) 24270.0
(2709, 2710, 2711) 18222.0
(6238, 6239, 6240) 21338.0
(3923, 3924, 3925) 20577.0
(3111, 3112, 3113) 21726.0
(8916, 8917, 8918) 19559.0
(3400, 3401, 3402) 20172.0
(6297, 6298, 6299) 24278.0
(5498, 5499, 5500) 22669.0
(5227, 5228, 5229) 21927.0
(4860, 4861, 4862) 23221.0
(2979, 2980, 2981) 23065.0
(8343, 8344, 8345) 17856.0
(6714, 6715, 6716) 21788.0
(9478, 9479, 9480) 20705.0
(2499, 2500, 2501) 21558.0
(8107, 8108, 8109) 20635.0
(762, 763, 764) 22082.0
(5314, 5315, 5316) 21013.0
(5605, 5606, 5607) 25521.0
(6511, 6512, 6513) 22856.0
(1329, 1330, 1331) 24279.0
(1204, 1205, 1206) 20382.0
(2430, 2431, 2432) 21292.0
(9776, 9777, 9778) 20366.0
(8332, 8333, 8334) 21456.0
(1736, 1737, 1738) 21618.0
(351, 352, 353) 22173.0
(9392, 9393, 9394) 20676.0
(4111, 4112, 4113) 22953.0
(102, 103, 104) 28060.0
(9929, 9930, 9931) 23830.0
(1878, 1879, 1880) 22414.0
(4586, 4587, 4588) 20763.0
(8678, 8679, 8680) 23901.0
(2310, 2311, 2312) 27063.0
(7671, 7672, 7673) 20061.0
(1591, 1592, 1593) 21276.0
(5670, 5671, 5672) 21752.0
(3705, 3706, 3707) 25043.0
(9000, 9001, 9002) 24502.0
(2921, 2922, 2923) 20230.0
(6604, 6605, 6606) 22795.0
(6960, 6961, 6962) 21775.0
(5741, 5742, 5743) 20558.0
(4322, 4323, 4324) 22637.0
(2532, 2533, 2534) 20758.0
(8626, 8627, 8628) 20384.0
(3398, 3399, 3400) 21711.0
(2856, 2857, 2858) 19238.0
(4572, 4573, 4574) 23016.0
(9332, 9333, 9334) 18161.0
(5462, 5463, 5464) 19767.0
(1800, 1801, 1802) 19465.0
(2721, 2722, 2723) 19465.0
(2746, 2747, 2748) 22955.0
(4339, 4340, 4341) 19838.0
(899, 900, 901) 18719.0
(2354, 2355, 2356) 18563.0
(3436, 3437, 3438) 21448.0
(7087, 7088, 7089) 22020.0
(67, 68, 69) 26693.0
(2988, 2989, 2990) 20575.0
(9113, 9114, 9115) 22103.0
(859, 860, 861) 20997.0
(9177, 9178, 9179) 21805.0
(521, 522, 523) 20948.0
(9481, 9482, 9483) 21240.0
(2104, 2105, 2106) 22128.0
(2165, 2166, 2167) 20947.0
(7929, 7930, 7931) 19765.0
(9055, 9056, 9057) 24132.0
(9798, 9799, 9800) 21319.0
(329, 330, 331) 21429.0
(4342, 4343, 4344) 20815.0
(6514, 6515, 6516) 23704.0
(4557, 4558, 4559) 21375.0
(5868, 5869, 5870) 21656.0
(2184, 2185, 2186) 22918.0
(1202, 1203, 1204) 22831.0
(4025, 4026, 4027) 20629.0
(6988, 6989, 6990) 21431.0
(6955, 6956, 6957) 22011.0
(5318, 5319, 5320) 29953.0
(4286, 4287, 4288) 21593.0
(1871, 1872, 1873) 22625.0
(4822, 4823, 4824) 21768.0
(5751, 5752, 5753) 20391.0
(1648, 1649, 1650) 24272.0
(6925, 6926, 6927) 18947.0
(5578, 5579, 5580) 20459.0
(6320, 6321, 6322) 22123.0
(1479, 1480, 1481) 19644.0
