(4411, 4412, 4413) 151.0
(3560, 3561, 3562) 169.0
(6642, 6643, 6644) 160.0
(6796, 6797, 6798) 246.0
(9655, 9656, 9657) 76.0
(2109, 2110, 2111) 137.0
(8765, 8766, 8767) 227.0
(6704, 6705, 6706) 94.0
(6822, 6823, 6824) 164.0
(1989, 1990, 1991) 112.0
(4450, 4451, 4452) 149.0
(3182, 3183, 3184) 128.0
(9768, 9769, 9770) 134.0
(7942, 7943, 7944) 121.0
(4855, 4856, 4857) 102.0
(5504, 5505, 5506) 117.0
(5796, 5797, 5798) 325.0
(4238, 4239, 4240) 126.0
(2862, 2863, 2864) 171.0
(2595, 2596, 2597) 237.0
(6336, 6337, 6338) 134.0
(9665, 9666, 9667) 129.0
(8228, 8229, 8230) 125.0
(2478, 2479, 2480) 119.0
(4294, 4295, 4296) 92.0
(2349, 2350, 2351) 149.0
(6157, 6158, 6159) 114.0
(2324, 2325, 2326) 172.0
(8342, 8343, 8344) 248.0
(8991, 8992, 8993) 241.0
(9105, 9106, 9107) 120.0
(4989, 4990, 4991) 117.0
(9988, 9989, 9990) 217.0
(2758, 2759, 2760) 116.0
(813, 814, 815) 122.0
(7152, 7153, 7154) 208.0
(7032, 7033, 7034) 211.0
(1803, 1804, 1805) 134.0
(3656, 3657, 3658) 221.0
(1070, 1071, 1072) 87.0
(9657, 9658, 9659) 208.0
(9546, 9547, 9548) 68.0
(1225, 1226, 1227) 131.0
(1655, 1656, 1657) 148.0
(6580, 6581, 6582) 142.0
(9999, 10000, 10001) 156.0
(1358, 1359, 1360) 132.0
(2518, 2519, 2520) 112.0
(6495, 6496, 6497) 125.0
(6948, 6949, 6950) 59.0
(3581, 3582, 3583) 103.0
(8320, 8321, 8322) 111.0
(3639, 3640, 3641) 87.0
(5535, 5536, 5537) 186.0
(4474, 4475, 4476) 142.0
(5426, 5427, 5428) 125.0
(2356, 2357, 2358) 192.0
(5456, 5457, 5458) 218.0
(4014, 4015, 4016) 101.0
(5029, 5030, 5031) 136.0
(5207, 5208, 5209) 84.0
(4499, 4500, 4501) 137.0
(8607, 8608, 8609) 136.0
(8262, 8263, 8264) 243.0
(8047, 8048, 8049) 263.0
(8827, 8828, 8829) 159.0
(6244, 6245, 6246) 200.0
(1598, 1599, 1600) 212.0
(9854, 9855, 9856) 116.0
(7462, 7463, 7464) 190.0
(9287, 9288, 9289) 226.0
(4482, 4483, 4484) 146.0
(1142, 1143, 1144) 207.0
(3534, 3535, 3536) 131.0
(830, 831, 832) 119.0
(780, 781, 782) 136.0
(8195, 8196, 8197) 142.0
(9541, 9542, 9543) 87.0
(8145, 8146, 8147) 112.0
(7976, 7977, 7978) 102.0
(9607, 9608, 9609) 205.0
(718, 719, 720) 190.0
(9365, 9366, 9367) 110.0
(257, 258, 259) 258.0
(9041, 9042, 9043) 112.0
(5457, 5458, 5459) 96.0
(3826, 3827, 3828) 205.0
(4524, 4525, 4526) 113.0
(2772, 2773, 2774) 102.0
(8173, 8174, 8175) 175.0
(7279, 7280, 7281) 75.0
(8523, 8524, 8525) 87.0
(2284, 2285, 2286) 91.0
(5103, 5104, 5105) 156.0
(9698, 9699, 9700) 150.0
(4633, 4634, 4635) 88.0
(585, 586, 587) 109.0
(9277, 9278, 9279) 121.0
(1077, 1078, 1079) 166.0
(6422, 6423, 6424) 143.0
(8527, 8528, 8529) 100.0
