(2529, 2530, 2531) 1836.0
(8179, 8180, 8181) 1517.0
(3636, 3637, 3638) 2092.0
(6054, 6055, 6056) 2284.0
(793, 794, 795) 1732.0
(9950, 9951, 9952) 2237.0
(6613, 6614, 6615) 1596.0
(1105, 1106, 1107) 1816.0
(3070, 3071, 3072) 1704.0
(6008, 6009, 6010) 2693.0
(5998, 5999, 6000) 1956.0
(4792, 4793, 4794) 2311.0
(6486, 6487, 6488) 2981.0
(5562, 5563, 5564) 2011.0
(5259, 5260, 5261) 1930.0
(5710, 5711, 5712) 2150.0
(3800, 3801, 3802) 2329.0
(1734, 1735, 1736) 2728.0
(3053, 3054, 3055) 1853.0
(2267, 2268, 2269) 2392.0
(635, 636, 637) 1856.0
(4359, 4360, 4361) 1943.0
(4110, 4111, 4112) 2217.0
(9493, 9494, 9495) 2079.0
(3777, 3778, 3779) 1764.0
(4102, 4103, 4104) 1508.0
(4260, 4261, 4262) 2004.0
(4012, 4013, 4014) 2071.0
(1840, 1841, 1842) 2850.0
(6460, 6461, 6462) 2053.0
(2180, 2181, 2182) 1705.0
(5205, 5206, 5207) 1686.0
(7469, 7470, 7471) 2502.0
(8594, 8595, 8596) 2355.0
(2664, 2665, 2666) 2434.0
(6658, 6659, 6660) 2074.0
(8231, 8232, 8233) 2542.0
(5887, 5888, 5889) 1799.0
(7414, 7415, 7416) 1372.0
(6715, 6716, 6717) 2542.0
(9296, 9297, 9298) 2319.0
(5829, 5830, 5831) 2100.0
(2481, 2482, 2483) 2511.0
(3842, 3843, 3844) 1697.0
(857, 858, 859) 1804.0
(9887, 9888, 9889) 3442.0
(8660, 8661, 8662) 2427.0
(921, 922, 923) 2961.0
(8353, 8354, 8355) 2099.0
(7701, 7702, 7703) 2480.0
(638, 639, 640) 1918.0
(9462, 9463, 9464) 1931.0
(1920, 1921, 1922) 2241.0
(994, 995, 996) 1798.0
(2186, 2187, 2188) 2070.0
(863, 864, 865) 2288.0
(363, 364, 365) 1691.0
(1983, 1984, 1985) 2076.0
(7795, 7796, 7797) 1881.0
(1545, 1546, 1547) 2690.0
(3677, 3678, 3679) 2788.0
(8649, 8650, 8651) 2115.0
(1814, 1815, 1816) 1987.0
(3266, 3267, 3268) 2938.0
(8289, 8290, 8291) 1869.0
(1953, 1954, 1955) 1902.0
(9468, 9469, 9470) 2384.0
(7838, 7839, 7840) 1881.0
(3098, 3099, 3100) 1834.0
(8379, 8380, 8381) 2214.0
(3363, 3364, 3365) 2459.0
(3994, 3995, 3996) 2248.0
(8658, 8659, 8660) 2077.0
(1931, 1932, 1933) 2325.0
(6003, 6004, 6005) 1911.0
(9210, 9211, 9212) 2255.0
(8467, 8468, 8469) 2193.0
(3898, 3899, 3900) 2442.0
(8063, 8064, 8065) 1442.0
(9085, 9086, 9087) 2227.0
(5436, 5437, 5438) 1719.0
(9822, 9823, 9824) 1790.0
(1259, 1260, 1261) 1975.0
(8479, 8480, 8481) 2340.0
(2496, 2497, 2498) 2758.0
(9555, 9556, 9557) 2684.0
(3210, 3211, 3212) 2794.0
(9751, 9752, 9753) 2552.0
(7660, 7661, 7662) 2313.0
(6435, 6436, 6437) 1829.0
(4291, 4292, 4293) 2292.0
(9698, 9699, 9700) 2373.0
(5893, 5894, 5895) 1559.0
(8532, 8533, 8534) 1689.0
(3039, 3040, 3041) 2061.0
(8046, 8047, 8048) 1713.0
(9489, 9490, 9491) 2246.0
(4186, 4187, 4188) 2346.0
(5560, 5561, 5562) 1725.0
(7667, 7668, 7669) 2254.0
(8918, 8919, 8920) 2764.0
