(5655, 5656, 5657) 1996.0
(9327, 9328, 9329) 2253.0
(1087, 1088, 1089) 2106.0
(4004, 4005, 4006) 2278.0
(8547, 8548, 8549) 2388.0
(1769, 1770, 1771) 2486.0
(6343, 6344, 6345) 3247.0
(2827, 2828, 2829) 2550.0
(5335, 5336, 5337) 2854.0
(7462, 7463, 7464) 2214.0
(5989, 5990, 5991) 2370.0
(5889, 5890, 5891) 2808.0
(2185, 2186, 2187) 2885.0
(9172, 9173, 9174) 3091.0
(4553, 4554, 4555) 1903.0
(5853, 5854, 5855) 3452.0
(7350, 7351, 7352) 3274.0
(1633, 1634, 1635) 1950.0
(4942, 4943, 4944) 2396.0
(2510, 2511, 2512) 2348.0
(2379, 2380, 2381) 2081.0
(9571, 9572, 9573) 2637.0
(8023, 8024, 8025) 2427.0
(5855, 5856, 5857) 1587.0
(4957, 4958, 4959) 3063.0
(5348, 5349, 5350) 2333.0
(9134, 9135, 9136) 2165.0
(5806, 5807, 5808) 2236.0
(1373, 1374, 1375) 2723.0
(2572, 2573, 2574) 2628.0
(2428, 2429, 2430) 2511.0
(5861, 5862, 5863) 2255.0
(3732, 3733, 3734) 3116.0
(63, 64, 65) 2315.0
(6224, 6225, 6226) 2205.0
(2209, 2210, 2211) 2278.0
(1077, 1078, 1079) 2564.0
(5743, 5744, 5745) 3072.0
(5909, 5910, 5911) 2620.0
(1739, 1740, 1741) 2246.0
(1793, 1794, 1795) 2386.0
(2348, 2349, 2350) 2980.0
(7363, 7364, 7365) 2384.0
(1543, 1544, 1545) 2208.0
(7951, 7952, 7953) 2649.0
(8697, 8698, 8699) 1812.0
(2290, 2291, 2292) 2679.0
(3362, 3363, 3364) 2794.0
(3363, 3364, 3365) 2583.0
(8511, 8512, 8513) 2739.0
(3699, 3700, 3701) 2357.0
(8157, 8158, 8159) 2181.0
(4658, 4659, 4660) 2334.0
(6185, 6186, 6187) 2521.0
(9433, 9434, 9435) 2528.0
(2808, 2809, 2810) 1672.0
(8839, 8840, 8841) 2202.0
(2388, 2389, 2390) 2349.0
(7941, 7942, 7943) 3184.0
(8932, 8933, 8934) 2689.0
(961, 962, 963) 2423.0
(6620, 6621, 6622) 2579.0
(9005, 9006, 9007) 1787.0
(9084, 9085, 9086) 2468.0
(4025, 4026, 4027) 2985.0
(6106, 6107, 6108) 2419.0
(2425, 2426, 2427) 2756.0
(8216, 8217, 8218) 2037.0
(6481, 6482, 6483) 2245.0
(2554, 2555, 2556) 1852.0
(9364, 9365, 9366) 2472.0
(3157, 3158, 3159) 2507.0
(9049, 9050, 9051) 2013.0
(7094, 7095, 7096) 2252.0
(298, 299, 300) 1863.0
(8272, 8273, 8274) 2108.0
(4826, 4827, 4828) 2434.0
(5181, 5182, 5183) 2293.0
(3522, 3523, 3524) 2689.0
(7854, 7855, 7856) 1983.0
(4340, 4341, 4342) 2188.0
(4249, 4250, 4251) 1653.0
(8041, 8042, 8043) 2139.0
(1307, 1308, 1309) 2531.0
(1640, 1641, 1642) 2569.0
(8753, 8754, 8755) 1868.0
(4573, 4574, 4575) 2549.0
(17, 18, 19) 3195.0
(1342, 1343, 1344) 2342.0
(5560, 5561, 5562) 1964.0
(1352, 1353, 1354) 2519.0
(4219, 4220, 4221) 2254.0
(7660, 7661, 7662) 2392.0
(3033, 3034, 3035) 1909.0
(4736, 4737, 4738) 2789.0
(9551, 9552, 9553) 2188.0
(2908, 2909, 2910) 1661.0
(7462, 7463, 7464) 2214.0
(1702, 1703, 1704) 2656.0
(5679, 5680, 5681) 1970.0
(2312, 2313, 2314) 2129.0
