(6931, 6932, 6933) 3065.0
(6992, 6993, 6994) 2800.0
(6654, 6655, 6656) 2924.0
(266, 267, 268) 2646.0
(5859, 5860, 5861) 3579.0
(9076, 9077, 9078) 3116.0
(7785, 7786, 7787) 2581.0
(6554, 6555, 6556) 2353.0
(4905, 4906, 4907) 2751.0
(8196, 8197, 8198) 2743.0
(4808, 4809, 4810) 2542.0
(7190, 7191, 7192) 2761.0
(7401, 7402, 7403) 2393.0
(5748, 5749, 5750) 2612.0
(8359, 8360, 8361) 3129.0
(8839, 8840, 8841) 2425.0
(3546, 3547, 3548) 2107.0
(2303, 2304, 2305) 1923.0
(5484, 5485, 5486) 3506.0
(6048, 6049, 6050) 2159.0
(7529, 7530, 7531) 2876.0
(5345, 5346, 5347) 2753.0
(6017, 6018, 6019) 2893.0
(9919, 9920, 9921) 2495.0
(6713, 6714, 6715) 2291.0
(1583, 1584, 1585) 2002.0
(4472, 4473, 4474) 2526.0
(8245, 8246, 8247) 2276.0
(9235, 9236, 9237) 2496.0
(2219, 2220, 2221) 2713.0
(5040, 5041, 5042) 3914.0
(9398, 9399, 9400) 2621.0
(164, 165, 166) 2404.0
(1572, 1573, 1574) 2016.0
(7886, 7887, 7888) 2222.0
(402, 403, 404) 2422.0
(8011, 8012, 8013) 2457.0
(3657, 3658, 3659) 3121.0
(1278, 1279, 1280) 2437.0
(7526, 7527, 7528) 2617.0
(5346, 5347, 5348) 2435.0
(7875, 7876, 7877) 2013.0
(1500, 1501, 1502) 2442.0
(1782, 1783, 1784) 2608.0
(5097, 5098, 5099) 2292.0
(6861, 6862, 6863) 2384.0
(1824, 1825, 1826) 2464.0
(6352, 6353, 6354) 2496.0
(8514, 8515, 8516) 2399.0
(3274, 3275, 3276) 2517.0
(1895, 1896, 1897) 2909.0
(8745, 8746, 8747) 2496.0
(430, 431, 432) 2303.0
(955, 956, 957) 3377.0
(1012, 1013, 1014) 2582.0
(8184, 8185, 8186) 2797.0
(3974, 3975, 3976) 2766.0
(390, 391, 392) 3232.0
(2876, 2877, 2878) 2815.0
(2216, 2217, 2218) 2944.0
(5869, 5870, 5871) 2545.0
(5696, 5697, 5698) 2631.0
(3292, 3293, 3294) 1795.0
(9896, 9897, 9898) 2166.0
(4896, 4897, 4898) 3022.0
(6650, 6651, 6652) 2413.0
(7124, 7125, 7126) 2784.0
(9352, 9353, 9354) 2089.0
(1536, 1537, 1538) 2394.0
(4580, 4581, 4582) 2622.0
(4927, 4928, 4929) 2192.0
(2494, 2495, 2496) 2192.0
(6410, 6411, 6412) 2309.0
(2499, 2500, 2501) 2050.0
(2476, 2477, 2478) 2293.0
(228, 229, 230) 1864.0
(7978, 7979, 7980) 2402.0
(6900, 6901, 6902) 2273.0
(146, 147, 148) 3682.0
(5898, 5899, 5900) 2446.0
(6500, 6501, 6502) 2703.0
(3583, 3584, 3585) 2537.0
(8328, 8329, 8330) 2746.0
(5209, 5210, 5211) 3160.0
(9677, 9678, 9679) 3262.0
(6920, 6921, 6922) 2415.0
(9638, 9639, 9640) 3297.0
(2703, 2704, 2705) 2701.0
(6579, 6580, 6581) 2232.0
(1950, 1951, 1952) 2658.0
(9473, 9474, 9475) 2223.0
(61, 62, 63) 2964.0
(7889, 7890, 7891) 1911.0
(3872, 3873, 3874) 2345.0
(1100, 1101, 1102) 2694.0
(3002, 3003, 3004) 2414.0
(6880, 6881, 6882) 3276.0
(9022, 9023, 9024) 2376.0
(7720, 7721, 7722) 2312.0
(7721, 7722, 7723) 2543.0
(4104, 4105, 4106) 2548.0
