(860, 861, 862) 2618.0
(9862, 9863, 9864) 2859.0
(7247, 7248, 7249) 2520.0
(2308, 2309, 2310) 2824.0
(1356, 1357, 1358) 1956.0
(8894, 8895, 8896) 2536.0
(9560, 9561, 9562) 3643.0
(6586, 6587, 6588) 2412.0
(887, 888, 889) 3322.0
(7814, 7815, 7816) 2285.0
(8750, 8751, 8752) 3116.0
(562, 563, 564) 3431.0
(2913, 2914, 2915) 2613.0
(5747, 5748, 5749) 3361.0
(9911, 9912, 9913) 2489.0
(138, 139, 140) 3570.0
(3682, 3683, 3684) 3371.0
(3589, 3590, 3591) 2517.0
(8260, 8261, 8262) 2661.0
(2298, 2299, 2300) 2689.0
(5594, 5595, 5596) 2294.0
(1086, 1087, 1088) 2204.0
(1156, 1157, 1158) 3066.0
(1439, 1440, 1441) 2342.0
(602, 603, 604) 2770.0
(346, 347, 348) 2757.0
(7553, 7554, 7555) 2192.0
(4916, 4917, 4918) 2789.0
(1758, 1759, 1760) 3368.0
(1834, 1835, 1836) 2620.0
(3199, 3200, 3201) 2668.0
(1447, 1448, 1449) 2540.0
(3147, 3148, 3149) 2414.0
(3695, 3696, 3697) 2249.0
(130, 131, 132) 3139.0
(7285, 7286, 7287) 2380.0
(7898, 7899, 7900) 2878.0
(2134, 2135, 2136) 3517.0
(4940, 4941, 4942) 2193.0
(2310, 2311, 2312) 2992.0
(5571, 5572, 5573) 2878.0
(919, 920, 921) 2379.0
(5350, 5351, 5352) 2201.0
(2408, 2409, 2410) 2174.0
(2948, 2949, 2950) 2708.0
(4003, 4004, 4005) 3177.0
(392, 393, 394) 2630.0
(2209, 2210, 2211) 2663.0
(7123, 7124, 7125) 3222.0
(2315, 2316, 2317) 5152.0
(4486, 4487, 4488) 2944.0
(6404, 6405, 6406) 2377.0
(736, 737, 738) 3004.0
(7422, 7423, 7424) 2204.0
(4165, 4166, 4167) 2584.0
(1636, 1637, 1638) 2299.0
(7159, 7160, 7161) 3142.0
(2223, 2224, 2225) 2406.0
(9560, 9561, 9562) 3643.0
(651, 652, 653) 2782.0
(4147, 4148, 4149) 2252.0
(6956, 6957, 6958) 2726.0
(6474, 6475, 6476) 2398.0
(4517, 4518, 4519) 3127.0
(4070, 4071, 4072) 2806.0
(2829, 2830, 2831) 2666.0
(9255, 9256, 9257) 2367.0
(1106, 1107, 1108) 3298.0
(3982, 3983, 3984) 3584.0
(4734, 4735, 4736) 2750.0
(3893, 3894, 3895) 3303.0
(3964, 3965, 3966) 2502.0
(5682, 5683, 5684) 2981.0
(534, 535, 536) 2360.0
(137, 138, 139) 2446.0
(361, 362, 363) 2842.0
(638, 639, 640) 2667.0
(2478, 2479, 2480) 2619.0
(7803, 7804, 7805) 2419.0
(6661, 6662, 6663) 2326.0
(3390, 3391, 3392) 3110.0
(7861, 7862, 7863) 2305.0
(6113, 6114, 6115) 2534.0
(69, 70, 71) 2665.0
(7536, 7537, 7538) 2768.0
(5392, 5393, 5394) 4329.0
(6142, 6143, 6144) 2486.0
(6534, 6535, 6536) 3004.0
(778, 779, 780) 2490.0
(728, 729, 730) 3039.0
(9970, 9971, 9972) 3128.0
(4093, 4094, 4095) 2980.0
(3306, 3307, 3308) 3089.0
(7861, 7862, 7863) 2305.0
(219, 220, 221) 3191.0
(736, 737, 738) 3004.0
(4844, 4845, 4846) 2552.0
(54, 55, 56) 2533.0
(7693, 7694, 7695) 2683.0
(1704, 1705, 1706) 3464.0
(994, 995, 996) 2236.0
