(4208, 4209, 4210) 3191.0
(868, 869, 870) 2836.0
(5142, 5143, 5144) 3046.0
(4043, 4044, 4045) 2487.0
(7789, 7790, 7791) 2715.0
(1381, 1382, 1383) 2852.0
(6803, 6804, 6805) 2255.0
(7842, 7843, 7844) 2766.0
(6919, 6920, 6921) 3174.0
(6147, 6148, 6149) 2252.0
(4167, 4168, 4169) 2807.0
(8940, 8941, 8942) 2920.0
(8282, 8283, 8284) 2804.0
(9907, 9908, 9909) 3396.0
(4131, 4132, 4133) 2851.0
(2754, 2755, 2756) 3027.0
(7237, 7238, 7239) 2976.0
(3974, 3975, 3976) 3153.0
(7517, 7518, 7519) 2670.0
(2762, 2763, 2764) 3786.0
(3465, 3466, 3467) 3847.0
(5305, 5306, 5307) 2834.0
(8900, 8901, 8902) 2456.0
(970, 971, 972) 2825.0
(3852, 3853, 3854) 2543.0
(8514, 8515, 8516) 2872.0
(3397, 3398, 3399) 2824.0
(5011, 5012, 5013) 3067.0
(9581, 9582, 9583) 2644.0
(9856, 9857, 9858) 2688.0
(89, 90, 91) 2597.0
(9133, 9134, 9135) 2532.0
(9951, 9952, 9953) 2864.0
(1639, 1640, 1641) 3333.0
(5370, 5371, 5372) 4062.0
(1239, 1240, 1241) 2411.0
(4110, 4111, 4112) 3046.0
(4243, 4244, 4245) 3281.0
(1217, 1218, 1219) 3312.0
(5815, 5816, 5817) 2700.0
(2288, 2289, 2290) 2933.0
(8617, 8618, 8619) 4121.0
(1383, 1384, 1385) 3034.0
(3745, 3746, 3747) 2897.0
(4597, 4598, 4599) 3035.0
(2604, 2605, 2606) 2821.0
(2011, 2012, 2013) 2863.0
(2397, 2398, 2399) 2803.0
(3145, 3146, 3147) 2913.0
(2483, 2484, 2485) 3173.0
(3386, 3387, 3388) 2533.0
(9596, 9597, 9598) 3047.0
(6293, 6294, 6295) 3458.0
(3657, 3658, 3659) 3347.0
(7872, 7873, 7874) 3620.0
(3573, 3574, 3575) 3353.0
(323, 324, 325) 3329.0
(9984, 9985, 9986) 3128.0
(1442, 1443, 1444) 3072.0
(9664, 9665, 9666) 3037.0
(6729, 6730, 6731) 2832.0
(4985, 4986, 4987) 4055.0
(6851, 6852, 6853) 3716.0
(4451, 4452, 4453) 3292.0
(462, 463, 464) 3098.0
(3179, 3180, 3181) 3014.0
(6557, 6558, 6559) 2776.0
(8745, 8746, 8747) 2803.0
(5256, 5257, 5258) 3509.0
(567, 568, 569) 3289.0
(38, 39, 40) 3659.0
(2310, 2311, 2312) 3182.0
(1392, 1393, 1394) 2693.0
(2604, 2605, 2606) 2821.0
(9213, 9214, 9215) 2642.0
(5056, 5057, 5058) 3326.0
(581, 582, 583) 2760.0
(9436, 9437, 9438) 2848.0
(4616, 4617, 4618) 2848.0
(1253, 1254, 1255) 2608.0
(1979, 1980, 1981) 2476.0
(696, 697, 698) 2735.0
(6642, 6643, 6644) 2936.0
(7553, 7554, 7555) 2492.0
(7831, 7832, 7833) 3229.0
(980, 981, 982) 2560.0
(9122, 9123, 9124) 2695.0
(6365, 6366, 6367) 3837.0
(9843, 9844, 9845) 3194.0
(425, 426, 427) 3142.0
(6720, 6721, 6722) 2839.0
(4669, 4670, 4671) 2813.0
(3170, 3171, 3172) 2804.0
(3802, 3803, 3804) 2704.0
(691, 692, 693) 2878.0
(9326, 9327, 9328) 2364.0
(6469, 6470, 6471) 3050.0
(2388, 2389, 2390) 2663.0
(8509, 8510, 8511) 3579.0
(9788, 9789, 9790) 2816.0
(7549, 7550, 7551) 3267.0
