(7837, 7838, 7839) 3112.0
(1552, 1553, 1554) 2693.0
(1208, 1209, 1210) 3160.0
(6138, 6139, 6140) 3041.0
(8720, 8721, 8722) 3913.0
(6866, 6867, 6868) 3813.0
(1143, 1144, 1145) 3263.0
(9766, 9767, 9768) 2956.0
(5994, 5995, 5996) 4061.0
(6579, 6580, 6581) 2874.0
(6921, 6922, 6923) 3377.0
(9557, 9558, 9559) 3319.0
(3550, 3551, 3552) 3047.0
(726, 727, 728) 4140.0
(7431, 7432, 7433) 2993.0
(3092, 3093, 3094) 3223.0
(7029, 7030, 7031) 3954.0
(4771, 4772, 4773) 3104.0
(606, 607, 608) 2646.0
(2249, 2250, 2251) 4098.0
(5317, 5318, 5319) 3540.0
(1433, 1434, 1435) 3373.0
(4019, 4020, 4021) 3045.0
(1474, 1475, 1476) 2792.0
(9957, 9958, 9959) 3816.0
(2420, 2421, 2422) 2599.0
(9888, 9889, 9890) 2482.0
(5466, 5467, 5468) 3016.0
(7089, 7090, 7091) 3117.0
(3383, 3384, 3385) 3912.0
(193, 194, 195) 2787.0
(4140, 4141, 4142) 3120.0
(2011, 2012, 2013) 3102.0
(943, 944, 945) 4304.0
(9589, 9590, 9591) 4320.0
(9066, 9067, 9068) 2907.0
(9706, 9707, 9708) 3154.0
(2872, 2873, 2874) 3309.0
(8284, 8285, 8286) 2802.0
(1752, 1753, 1754) 3106.0
(2131, 2132, 2133) 2998.0
(7398, 7399, 7400) 3137.0
(1836, 1837, 1838) 2704.0
(5039, 5040, 5041) 2881.0
(9760, 9761, 9762) 3060.0
(689, 690, 691) 4890.0
(19, 20, 21) 2903.0
(6327, 6328, 6329) 3225.0
(5479, 5480, 5481) 2622.0
(2217, 2218, 2219) 2880.0
(2571, 2572, 2573) 3027.0
(6347, 6348, 6349) 2595.0
(3229, 3230, 3231) 3540.0
(583, 584, 585) 3671.0
(8499, 8500, 8501) 2876.0
(286, 287, 288) 2878.0
(4091, 4092, 4093) 3639.0
(4549, 4550, 4551) 3246.0
(2843, 2844, 2845) 3984.0
(4193, 4194, 4195) 4570.0
(807, 808, 809) 2776.0
(3639, 3640, 3641) 3862.0
(4085, 4086, 4087) 3142.0
(5356, 5357, 5358) 3572.0
(3803, 3804, 3805) 2984.0
(1932, 1933, 1934) 4333.0
(6195, 6196, 6197) 3340.0
(9475, 9476, 9477) 2994.0
(264, 265, 266) 3503.0
(9077, 9078, 9079) 2672.0
(2317, 2318, 2319) 3639.0
(6676, 6677, 6678) 3472.0
(9621, 9622, 9623) 3055.0
(9237, 9238, 9239) 4190.0
(7947, 7948, 7949) 3377.0
(9755, 9756, 9757) 2522.0
(3904, 3905, 3906) 2709.0
(5327, 5328, 5329) 3596.0
(2852, 2853, 2854) 3686.0
(7927, 7928, 7929) 3228.0
(2033, 2034, 2035) 3073.0
(9200, 9201, 9202) 2842.0
(8364, 8365, 8366) 3632.0
(5892, 5893, 5894) 2774.0
(7755, 7756, 7757) 3131.0
(267, 268, 269) 2949.0
(9568, 9569, 9570) 2983.0
(5731, 5732, 5733) 3474.0
(8433, 8434, 8435) 2824.0
(6528, 6529, 6530) 3763.0
(5694, 5695, 5696) 3212.0
(6706, 6707, 6708) 2974.0
(5511, 5512, 5513) 3100.0
(653, 654, 655) 3239.0
(9094, 9095, 9096) 4656.0
(9486, 9487, 9488) 3086.0
(6812, 6813, 6814) 2987.0
(7377, 7378, 7379) 4233.0
(1633, 1634, 1635) 2763.0
(241, 242, 243) 2858.0
(1536, 1537, 1538) 2986.0
