(6476, 6477, 6478) 3464.0
(5709, 5710, 5711) 3653.0
(6613, 6614, 6615) 2844.0
(5127, 5128, 5129) 4201.0
(4722, 4723, 4724) 2643.0
(8847, 8848, 8849) 2990.0
(956, 957, 958) 4017.0
(9218, 9219, 9220) 3235.0
(1509, 1510, 1511) 3390.0
(9573, 9574, 9575) 3133.0
(5835, 5836, 5837) 3577.0
(7421, 7422, 7423) 3790.0
(3207, 3208, 3209) 3696.0
(9983, 9984, 9985) 3246.0
(9223, 9224, 9225) 3063.0
(8127, 8128, 8129) 4447.0
(9713, 9714, 9715) 3254.0
(2968, 2969, 2970) 3956.0
(9088, 9089, 9090) 3285.0
(9371, 9372, 9373) 2702.0
(4951, 4952, 4953) 3503.0
(4300, 4301, 4302) 3318.0
(4783, 4784, 4785) 3085.0
(7058, 7059, 7060) 2958.0
(5715, 5716, 5717) 3887.0
(3724, 3725, 3726) 3731.0
(1886, 1887, 1888) 3542.0
(6397, 6398, 6399) 3290.0
(6110, 6111, 6112) 3129.0
(268, 269, 270) 3012.0
(5036, 5037, 5038) 3524.0
(8162, 8163, 8164) 2986.0
(8262, 8263, 8264) 3159.0
(2999, 3000, 3001) 3330.0
(7013, 7014, 7015) 3070.0
(5668, 5669, 5670) 3260.0
(5125, 5126, 5127) 3158.0
(613, 614, 615) 2962.0
(9982, 9983, 9984) 2823.0
(7935, 7936, 7937) 3875.0
(9747, 9748, 9749) 3110.0
(8795, 8796, 8797) 3601.0
(7733, 7734, 7735) 3121.0
(2705, 2706, 2707) 2936.0
(7905, 7906, 7907) 3443.0
(8972, 8973, 8974) 2442.0
(4171, 4172, 4173) 4615.0
(214, 215, 216) 3416.0
(3280, 3281, 3282) 3325.0
(8188, 8189, 8190) 2725.0
(67, 68, 69) 5614.0
(5940, 5941, 5942) 3733.0
(8478, 8479, 8480) 3175.0
(7620, 7621, 7622) 3244.0
(1305, 1306, 1307) 3245.0
(1716, 1717, 1718) 3369.0
(111, 112, 113) 4077.0
(88, 89, 90) 3163.0
(4816, 4817, 4818) 3677.0
(4408, 4409, 4410) 3921.0
(6969, 6970, 6971) 3052.0
(591, 592, 593) 3254.0
(1416, 1417, 1418) 2969.0
(181, 182, 183) 3030.0
(9252, 9253, 9254) 3123.0
(9866, 9867, 9868) 3388.0
(8818, 8819, 8820) 4366.0
(298, 299, 300) 2790.0
(8369, 8370, 8371) 3705.0
(450, 451, 452) 3647.0
(5962, 5963, 5964) 3899.0
(8524, 8525, 8526) 4885.0
(5626, 5627, 5628) 6174.0
(6714, 6715, 6716) 3129.0
(1282, 1283, 1284) 3628.0
(7522, 7523, 7524) 3497.0
(8564, 8565, 8566) 3330.0
(1019, 1020, 1021) 3132.0
(2697, 2698, 2699) 3541.0
(9546, 9547, 9548) 3057.0
(6786, 6787, 6788) 3728.0
(5556, 5557, 5558) 3397.0
(6812, 6813, 6814) 3143.0
(6597, 6598, 6599) 3224.0
(5222, 5223, 5224) 3239.0
(4481, 4482, 4483) 3603.0
(5978, 5979, 5980) 3453.0
(2146, 2147, 2148) 4137.0
(4580, 4581, 4582) 3218.0
(3236, 3237, 3238) 2899.0
(8567, 8568, 8569) 4144.0
(8099, 8100, 8101) 3312.0
(3116, 3117, 3118) 2547.0
(5346, 5347, 5348) 3253.0
(4627, 4628, 4629) 3945.0
(5869, 5870, 5871) 3299.0
(8711, 8712, 8713) 2844.0
(1788, 1789, 1790) 3660.0
(6317, 6318, 6319) 3528.0
(6457, 6458, 6459) 3013.0
(7512, 7513, 7514) 3602.0
