(6866, 6867, 6868) 4337.0
(4159, 4160, 4161) 2770.0
(3305, 3306, 3307) 3763.0
(8954, 8955, 8956) 4154.0
(460, 461, 462) 3581.0
(9681, 9682, 9683) 3317.0
(9528, 9529, 9530) 4298.0
(1203, 1204, 1205) 4560.0
(1517, 1518, 1519) 4640.0
(1231, 1232, 1233) 4680.0
(6834, 6835, 6836) 3353.0
(1832, 1833, 1834) 3206.0
(9984, 9985, 9986) 3892.0
(2588, 2589, 2590) 3786.0
(9722, 9723, 9724) 3159.0
(2819, 2820, 2821) 3436.0
(3931, 3932, 3933) 4218.0
(7727, 7728, 7729) 3220.0
(6761, 6762, 6763) 2928.0
(2673, 2674, 2675) 3966.0
(5403, 5404, 5405) 4073.0
(2452, 2453, 2454) 3326.0
(4510, 4511, 4512) 3807.0
(97, 98, 99) 2904.0
(4107, 4108, 4109) 3678.0
(6214, 6215, 6216) 5156.0
(4859, 4860, 4861) 4086.0
(6629, 6630, 6631) 4649.0
(640, 641, 642) 4411.0
(6784, 6785, 6786) 3862.0
(251, 252, 253) 5185.0
(8103, 8104, 8105) 3403.0
(1105, 1106, 1107) 3307.0
(4472, 4473, 4474) 3672.0
(2383, 2384, 2385) 4747.0
(6916, 6917, 6918) 3673.0
(251, 252, 253) 5185.0
(1117, 1118, 1119) 4153.0
(5153, 5154, 5155) 3253.0
(634, 635, 636) 3231.0
(9078, 9079, 9080) 3564.0
(2761, 2762, 2763) 3928.0
(8802, 8803, 8804) 3782.0
(4900, 4901, 4902) 4186.0
(5781, 5782, 5783) 3654.0
(9034, 9035, 9036) 3817.0
(6255, 6256, 6257) 3391.0
(8774, 8775, 8776) 4697.0
(6593, 6594, 6595) 4770.0
(4706, 4707, 4708) 3338.0
(922, 923, 924) 2851.0
(4214, 4215, 4216) 2831.0
(9348, 9349, 9350) 3144.0
(9954, 9955, 9956) 4674.0
(9474, 9475, 9476) 4049.0
(8396, 8397, 8398) 2764.0
(2920, 2921, 2922) 3627.0
(5997, 5998, 5999) 4323.0
(9106, 9107, 9108) 3339.0
(5471, 5472, 5473) 3007.0
(1760, 1761, 1762) 3998.0
(4048, 4049, 4050) 3302.0
(1696, 1697, 1698) 3581.0
(3567, 3568, 3569) 3561.0
(4919, 4920, 4921) 4321.0
(2242, 2243, 2244) 4824.0
(9132, 9133, 9134) 3803.0
(7957, 7958, 7959) 3421.0
(6259, 6260, 6261) 4049.0
(183, 184, 185) 3890.0
(6522, 6523, 6524) 5420.0
(9522, 9523, 9524) 3368.0
(3966, 3967, 3968) 3239.0
(351, 352, 353) 3641.0
(3879, 3880, 3881) 3613.0
(4547, 4548, 4549) 4494.0
(936, 937, 938) 2897.0
(8266, 8267, 8268) 3822.0
(584, 585, 586) 3674.0
(171, 172, 173) 3132.0
(5183, 5184, 5185) 4124.0
(3142, 3143, 3144) 3449.0
(6481, 6482, 6483) 3721.0
(9161, 9162, 9163) 4361.0
(4572, 4573, 4574) 4067.0
(3243, 3244, 3245) 3345.0
(9913, 9914, 9915) 3736.0
(8569, 8570, 8571) 3281.0
(8333, 8334, 8335) 4445.0
(3802, 3803, 3804) 3185.0
(6866, 6867, 6868) 4337.0
(1839, 1840, 1841) 3975.0
(5031, 5032, 5033) 3105.0
(8930, 8931, 8932) 3431.0
(5429, 5430, 5431) 3610.0
(5034, 5035, 5036) 3117.0
(7261, 7262, 7263) 4559.0
(1284, 1285, 1286) 3298.0
(5895, 5896, 5897) 4361.0
(258, 259, 260) 3726.0
(2585, 2586, 2587) 3643.0
