(5124, 5125, 5126) 3986.0
(2074, 2075, 2076) 3901.0
(8559, 8560, 8561) 3433.0
(9037, 9038, 9039) 3360.0
(3031, 3032, 3033) 4030.0
(9331, 9332, 9333) 3256.0
(7116, 7117, 7118) 4021.0
(8702, 8703, 8704) 3258.0
(4771, 4772, 4773) 3514.0
(3069, 3070, 3071) 4905.0
(7032, 7033, 7034) 3653.0
(1564, 1565, 1566) 3638.0
(5503, 5504, 5505) 3959.0
(5669, 5670, 5671) 3899.0
(1669, 1670, 1671) 2992.0
(2826, 2827, 2828) 4101.0
(4128, 4129, 4130) 3918.0
(7734, 7735, 7736) 3377.0
(3914, 3915, 3916) 4581.0
(3619, 3620, 3621) 3846.0
(1916, 1917, 1918) 3943.0
(3969, 3970, 3971) 4087.0
(6515, 6516, 6517) 3413.0
(2377, 2378, 2379) 3472.0
(4759, 4760, 4761) 3283.0
(8617, 8618, 8619) 4397.0
(1404, 1405, 1406) 3498.0
(7523, 7524, 7525) 4180.0
(5047, 5048, 5049) 3889.0
(7518, 7519, 7520) 4907.0
(5621, 5622, 5623) 3820.0
(7611, 7612, 7613) 4959.0
(5548, 5549, 5550) 4798.0
(4278, 4279, 4280) 3177.0
(167, 168, 169) 3665.0
(5640, 5641, 5642) 4091.0
(2751, 2752, 2753) 4562.0
(7964, 7965, 7966) 3208.0
(5234, 5235, 5236) 3454.0
(252, 253, 254) 3180.0
(1730, 1731, 1732) 5324.0
(6344, 6345, 6346) 3502.0
(1071, 1072, 1073) 4496.0
(5169, 5170, 5171) 2986.0
(3244, 3245, 3246) 4245.0
(7432, 7433, 7434) 3476.0
(7652, 7653, 7654) 3329.0
(7796, 7797, 7798) 3951.0
(9274, 9275, 9276) 4430.0
(7872, 7873, 7874) 4178.0
(6391, 6392, 6393) 3462.0
(7922, 7923, 7924) 3954.0
(6972, 6973, 6974) 4321.0
(7221, 7222, 7223) 3005.0
(113, 114, 115) 4059.0
(6058, 6059, 6060) 3661.0
(8107, 8108, 8109) 3974.0
(3962, 3963, 3964) 4152.0
(3034, 3035, 3036) 3882.0
(6872, 6873, 6874) 4239.0
(5023, 5024, 5025) 4787.0
(5905, 5906, 5907) 3925.0
(1635, 1636, 1637) 4229.0
(2538, 2539, 2540) 4525.0
(6443, 6444, 6445) 3598.0
(1501, 1502, 1503) 3670.0
(9459, 9460, 9461) 4151.0
(7547, 7548, 7549) 4505.0
(3780, 3781, 3782) 3407.0
(5792, 5793, 5794) 4718.0
(6783, 6784, 6785) 4304.0
(8549, 8550, 8551) 3423.0
(3531, 3532, 3533) 4260.0
(6073, 6074, 6075) 3399.0
(4529, 4530, 4531) 3739.0
(8226, 8227, 8228) 3390.0
(3258, 3259, 3260) 3377.0
(6811, 6812, 6813) 4127.0
(4551, 4552, 4553) 3311.0
(7594, 7595, 7596) 4102.0
(5979, 5980, 5981) 3974.0
(8469, 8470, 8471) 3687.0
(8569, 8570, 8571) 3419.0
(384, 385, 386) 3475.0
(9467, 9468, 9469) 4934.0
(6220, 6221, 6222) 4373.0
(1304, 1305, 1306) 3222.0
(193, 194, 195) 3510.0
(5542, 5543, 5544) 3861.0
(2425, 2426, 2427) 4212.0
(8056, 8057, 8058) 4328.0
(2228, 2229, 2230) 4200.0
(8546, 8547, 8548) 4854.0
(9047, 9048, 9049) 4107.0
(6643, 6644, 6645) 3745.0
(4932, 4933, 4934) 3086.0
(8076, 8077, 8078) 3049.0
(6446, 6447, 6448) 4507.0
(2698, 2699, 2700) 3845.0
(8655, 8656, 8657) 4103.0
(7001, 7002, 7003) 3545.0
