(1858, 1859, 1860) 3863.0
(3255, 3256, 3257) 4739.0
(5237, 5238, 5239) 4146.0
(6350, 6351, 6352) 4876.0
(9447, 9448, 9449) 3630.0
(5254, 5255, 5256) 3874.0
(7628, 7629, 7630) 4989.0
(2632, 2633, 2634) 3736.0
(2863, 2864, 2865) 3775.0
(8367, 8368, 8369) 5540.0
(5272, 5273, 5274) 5411.0
(8470, 8471, 8472) 3824.0
(8850, 8851, 8852) 2977.0
(6551, 6552, 6553) 4852.0
(3245, 3246, 3247) 4717.0
(1663, 1664, 1665) 3652.0
(9787, 9788, 9789) 3265.0
(9853, 9854, 9855) 4868.0
(8672, 8673, 8674) 3568.0
(7958, 7959, 7960) 3555.0
(2960, 2961, 2962) 3356.0
(4650, 4651, 4652) 3320.0
(6110, 6111, 6112) 4034.0
(236, 237, 238) 4540.0
(4691, 4692, 4693) 3781.0
(982, 983, 984) 5636.0
(6048, 6049, 6050) 4265.0
(5109, 5110, 5111) 4343.0
(5880, 5881, 5882) 3683.0
(1823, 1824, 1825) 4423.0
(2617, 2618, 2619) 4575.0
(4096, 4097, 4098) 4729.0
(3015, 3016, 3017) 4305.0
(9336, 9337, 9338) 3362.0
(9552, 9553, 9554) 3977.0
(5780, 5781, 5782) 3926.0
(7066, 7067, 7068) 4106.0
(2579, 2580, 2581) 3451.0
(2536, 2537, 2538) 3820.0
(7603, 7604, 7605) 3395.0
(7436, 7437, 7438) 4494.0
(6435, 6436, 6437) 3603.0
(7126, 7127, 7128) 4385.0
(7008, 7009, 7010) 4490.0
(3963, 3964, 3965) 4298.0
(6514, 6515, 6516) 4940.0
(1543, 1544, 1545) 3825.0
(7214, 7215, 7216) 4060.0
(9611, 9612, 9613) 4024.0
(6272, 6273, 6274) 4152.0
(6486, 6487, 6488) 4933.0
(2720, 2721, 2722) 3711.0
(4286, 4287, 4288) 5161.0
(974, 975, 976) 4492.0
(1046, 1047, 1048) 3060.0
(9762, 9763, 9764) 4414.0
(7772, 7773, 7774) 4557.0
(9017, 9018, 9019) 3916.0
(8052, 8053, 8054) 3855.0
(4838, 4839, 4840) 3329.0
(3479, 3480, 3481) 4927.0
(9807, 9808, 9809) 5091.0
(3685, 3686, 3687) 3061.0
(6411, 6412, 6413) 3667.0
(7438, 7439, 7440) 4167.0
(3417, 3418, 3419) 4727.0
(779, 780, 781) 4644.0
(7768, 7769, 7770) 3977.0
(5978, 5979, 5980) 4221.0
(5071, 5072, 5073) 4613.0
(878, 879, 880) 4349.0
(7977, 7978, 7979) 3658.0
(7763, 7764, 7765) 3251.0
(241, 242, 243) 3703.0
(6059, 6060, 6061) 3134.0
(418, 419, 420) 5231.0
(1217, 1218, 1219) 4339.0
(6087, 6088, 6089) 3431.0
(7379, 7380, 7381) 3815.0
(8858, 8859, 8860) 3688.0
(4208, 4209, 4210) 4079.0
(4694, 4695, 4696) 4293.0
(532, 533, 534) 5168.0
(7994, 7995, 7996) 3477.0
(2860, 2861, 2862) 4780.0
(7816, 7817, 7818) 4336.0
(9218, 9219, 9220) 3553.0
(9665, 9666, 9667) 3912.0
(3080, 3081, 3082) 4228.0
(5651, 5652, 5653) 4568.0
(490, 491, 492) 3768.0
(5718, 5719, 5720) 5440.0
(7503, 7504, 7505) 5058.0
(1706, 1707, 1708) 3897.0
(1231, 1232, 1233) 4830.0
(5134, 5135, 5136) 4294.0
(9794, 9795, 9796) 4516.0
(7914, 7915, 7916) 4295.0
(9126, 9127, 9128) 4466.0
(2714, 2715, 2716) 4868.0
(1968, 1969, 1970) 4530.0
