(1856, 1857, 1858) 438.0
(4671, 4672, 4673) 426.0
(4571, 4572, 4573) 550.0
(5251, 5252, 5253) 418.0
(888, 889, 890) 626.0
(7290, 7291, 7292) 353.0
(4196, 4197, 4198) 271.0
(3454, 3455, 3456) 263.0
(3911, 3912, 3913) 230.0
(4085, 4086, 4087) 510.0
(8446, 8447, 8448) 234.0
(5816, 5817, 5818) 239.0
(9803, 9804, 9805) 366.0
(597, 598, 599) 405.0
(8893, 8894, 8895) 343.0
(3912, 3913, 3914) 304.0
(6603, 6604, 6605) 244.0
(8360, 8361, 8362) 249.0
(1800, 1801, 1802) 373.0
(1642, 1643, 1644) 297.0
(3264, 3265, 3266) 347.0
(3362, 3363, 3364) 500.0
(4066, 4067, 4068) 536.0
(3634, 3635, 3636) 251.0
(9170, 9171, 9172) 203.0
(2196, 2197, 2198) 457.0
(4809, 4810, 4811) 261.0
(7288, 7289, 7290) 528.0
(1781, 1782, 1783) 639.0
(1976, 1977, 1978) 351.0
(6938, 6939, 6940) 322.0
(3775, 3776, 3777) 265.0
(6221, 6222, 6223) 311.0
(5116, 5117, 5118) 445.0
(2155, 2156, 2157) 307.0
(7664, 7665, 7666) 365.0
(3834, 3835, 3836) 412.0
(1648, 1649, 1650) 301.0
(6798, 6799, 6800) 309.0
(840, 841, 842) 295.0
(3823, 3824, 3825) 897.0
(3714, 3715, 3716) 371.0
(8240, 8241, 8242) 304.0
(9639, 9640, 9641) 457.0
(5457, 5458, 5459) 303.0
(305, 306, 307) 295.0
(1714, 1715, 1716) 180.0
(8826, 8827, 8828) 272.0
(680, 681, 682) 265.0
(9714, 9715, 9716) 433.0
(8130, 8131, 8132) 525.0
(3278, 3279, 3280) 257.0
(3598, 3599, 3600) 291.0
(402, 403, 404) 320.0
(8710, 8711, 8712) 463.0
(8280, 8281, 8282) 485.0
(1620, 1621, 1622) 398.0
(4221, 4222, 4223) 267.0
(3460, 3461, 3462) 263.0
(454, 455, 456) 199.0
(560, 561, 562) 254.0
(171, 172, 173) 369.0
(13, 14, 15) 416.0
(2835, 2836, 2837) 368.0
(7063, 7064, 7065) 394.0
(1393, 1394, 1395) 329.0
(3565, 3566, 3567) 260.0
(8141, 8142, 8143) 277.0
(2983, 2984, 2985) 332.0
(4412, 4413, 4414) 339.0
(1612, 1613, 1614) 225.0
(5628, 5629, 5630) 293.0
(7527, 7528, 7529) 375.0
(248, 249, 250) 280.0
(4508, 4509, 4510) 438.0
(8290, 8291, 8292) 318.0
(352, 353, 354) 303.0
(6646, 6647, 6648) 372.0
(1851, 1852, 1853) 265.0
(2434, 2435, 2436) 411.0
(9921, 9922, 9923) 182.0
(4886, 4887, 4888) 469.0
(9024, 9025, 9026) 386.0
(6432, 6433, 6434) 206.0
(2734, 2735, 2736) 306.0
(3027, 3028, 3029) 263.0
(770, 771, 772) 348.0
(351, 352, 353) 423.0
(2824, 2825, 2826) 241.0
(9453, 9454, 9455) 395.0
(3290, 3291, 3292) 396.0
(994, 995, 996) 204.0
(160, 161, 162) 272.0
(4721, 4722, 4723) 273.0
(9466, 9467, 9468) 348.0
(3769, 3770, 3771) 277.0
(5389, 5390, 5391) 277.0
(7880, 7881, 7882) 220.0
(2916, 2917, 2918) 355.0
(628, 629, 630) 439.0
(5785, 5786, 5787) 357.0
