(1442, 1443, 1444) 4236.0
(1509, 1510, 1511) 4280.0
(6078, 6079, 6080) 4972.0
(7280, 7281, 7282) 3935.0
(9177, 9178, 9179) 3504.0
(5244, 5245, 5246) 4633.0
(2799, 2800, 2801) 4059.0
(4851, 4852, 4853) 4963.0
(3534, 3535, 3536) 3657.0
(9844, 9845, 9846) 3829.0
(5756, 5757, 5758) 5168.0
(5999, 6000, 6001) 4488.0
(9372, 9373, 9374) 4867.0
(6817, 6818, 6819) 4521.0
(9730, 9731, 9732) 4618.0
(3102, 3103, 3104) 4218.0
(1959, 1960, 1961) 4914.0
(221, 222, 223) 3996.0
(4677, 4678, 4679) 4254.0
(7649, 7650, 7651) 4095.0
(8959, 8960, 8961) 4694.0
(3751, 3752, 3753) 3845.0
(7249, 7250, 7251) 4082.0
(8049, 8050, 8051) 6183.0
(9686, 9687, 9688) 4912.0
(3024, 3025, 3026) 4218.0
(5824, 5825, 5826) 5259.0
(9819, 9820, 9821) 3603.0
(5659, 5660, 5661) 3773.0
(6143, 6144, 6145) 5533.0
(8380, 8381, 8382) 4522.0
(2963, 2964, 2965) 3632.0
(3572, 3573, 3574) 4996.0
(8631, 8632, 8633) 3921.0
(8280, 8281, 8282) 4245.0
(2065, 2066, 2067) 4803.0
(8253, 8254, 8255) 5189.0
(9984, 9985, 9986) 4272.0
(2787, 2788, 2789) 4128.0
(4265, 4266, 4267) 4329.0
(3829, 3830, 3831) 4539.0
(9262, 9263, 9264) 4384.0
(6930, 6931, 6932) 3699.0
(6009, 6010, 6011) 4682.0
(102, 103, 104) 6568.0
(3757, 3758, 3759) 4014.0
(1307, 1308, 1309) 5246.0
(344, 345, 346) 3491.0
(2459, 2460, 2461) 4581.0
(2531, 2532, 2533) 4842.0
(388, 389, 390) 4203.0
(1743, 1744, 1745) 3946.0
(8334, 8335, 8336) 3533.0
(7771, 7772, 7773) 4447.0
(9022, 9023, 9024) 4140.0
(6975, 6976, 6977) 3400.0
(3930, 3931, 3932) 4454.0
(5810, 5811, 5812) 3927.0
(7463, 7464, 7465) 4263.0
(7694, 7695, 7696) 3591.0
(2219, 2220, 2221) 4230.0
(872, 873, 874) 4294.0
(3775, 3776, 3777) 3951.0
(1770, 1771, 1772) 4684.0
(7218, 7219, 7220) 4425.0
(2129, 2130, 2131) 3863.0
(3429, 3430, 3431) 4409.0
(6235, 6236, 6237) 5648.0
(2112, 2113, 2114) 4069.0
(9561, 9562, 9563) 4117.0
(8459, 8460, 8461) 4582.0
(8009, 8010, 8011) 4724.0
(6792, 6793, 6794) 5768.0
(1098, 1099, 1100) 4453.0
(4121, 4122, 4123) 4072.0
(7947, 7948, 7949) 4089.0
(2606, 2607, 2608) 4624.0
(2207, 2208, 2209) 4146.0
(5492, 5493, 5494) 5026.0
(9180, 9181, 9182) 3725.0
(5281, 5282, 5283) 4344.0
(555, 556, 557) 5161.0
(2261, 2262, 2263) 3399.0
(5303, 5304, 5305) 4275.0
(7631, 7632, 7633) 4501.0
(9615, 9616, 9617) 3859.0
(1845, 1846, 1847) 3732.0
(8123, 8124, 8125) 5268.0
(1102, 1103, 1104) 4287.0
(3780, 3781, 3782) 3694.0
(3010, 3011, 3012) 4861.0
(2932, 2933, 2934) 4455.0
(7241, 7242, 7243) 4115.0
(1359, 1360, 1361) 5258.0
(5298, 5299, 5300) 5142.0
(1941, 1942, 1943) 4780.0
(4070, 4071, 4072) 4807.0
(928, 929, 930) 4145.0
(23, 24, 25) 3524.0
(7588, 7589, 7590) 3865.0
(4202, 4203, 4204) 3654.0
