(4445, 4446, 4447) 3885.0
(1846, 1847, 1848) 4937.0
(3330, 3331, 3332) 3932.0
(9673, 9674, 9675) 4955.0
(3034, 3035, 3036) 4897.0
(3717, 3718, 3719) 5220.0
(1510, 1511, 1512) 3451.0
(1511, 1512, 1513) 4501.0
(6172, 6173, 6174) 4738.0
(7811, 7812, 7813) 4699.0
(4902, 4903, 4904) 4434.0
(8589, 8590, 8591) 4364.0
(8460, 8461, 8462) 4590.0
(1593, 1594, 1595) 4824.0
(2717, 2718, 2719) 5332.0
(2630, 2631, 2632) 4339.0
(9354, 9355, 9356) 5901.0
(5105, 5106, 5107) 3950.0
(231, 232, 233) 5379.0
(6381, 6382, 6383) 5293.0
(5776, 5777, 5778) 4722.0
(6848, 6849, 6850) 3902.0
(3034, 3035, 3036) 4897.0
(2560, 2561, 2562) 4276.0
(4702, 4703, 4704) 4480.0
(1884, 1885, 1886) 4034.0
(6350, 6351, 6352) 5446.0
(7307, 7308, 7309) 3758.0
(8513, 8514, 8515) 4420.0
(9818, 9819, 9820) 5268.0
(8917, 8918, 8919) 6020.0
(6082, 6083, 6084) 5035.0
(7995, 7996, 7997) 4061.0
(3423, 3424, 3425) 4585.0
(8415, 8416, 8417) 6393.0
(1537, 1538, 1539) 4208.0
(8801, 8802, 8803) 3928.0
(2393, 2394, 2395) 4847.0
(4312, 4313, 4314) 3780.0
(3441, 3442, 3443) 3412.0
(1189, 1190, 1191) 4757.0
(8079, 8080, 8081) 4989.0
(2592, 2593, 2594) 4990.0
(6818, 6819, 6820) 5102.0
(6970, 6971, 6972) 4201.0
(4301, 4302, 4303) 5071.0
(2989, 2990, 2991) 4724.0
(1210, 1211, 1212) 5033.0
(1532, 1533, 1534) 4056.0
(1836, 1837, 1838) 4184.0
(8913, 8914, 8915) 5214.0
(4492, 4493, 4494) 3744.0
(1832, 1833, 1834) 3865.0
(1186, 1187, 1188) 4208.0
(2786, 2787, 2788) 5579.0
(4503, 4504, 4505) 4609.0
(2105, 2106, 2107) 4282.0
(4537, 4538, 4539) 4856.0
(684, 685, 686) 4684.0
(5056, 5057, 5058) 5084.0
(5921, 5922, 5923) 4129.0
(4895, 4896, 4897) 4116.0
(9474, 9475, 9476) 5104.0
(2066, 2067, 2068) 5802.0
(191, 192, 193) 4949.0
(8592, 8593, 8594) 4106.0
(1701, 1702, 1703) 5143.0
(209, 210, 211) 5670.0
(9122, 9123, 9124) 5062.0
(8869, 8870, 8871) 4131.0
(2049, 2050, 2051) 3838.0
(1801, 1802, 1803) 4062.0
(9649, 9650, 9651) 4147.0
(7653, 7654, 7655) 4273.0
(6421, 6422, 6423) 3608.0
(1766, 1767, 1768) 5668.0
(606, 607, 608) 4182.0
(1245, 1246, 1247) 5059.0
(767, 768, 769) 5338.0
(7151, 7152, 7153) 4814.0
(7594, 7595, 7596) 4800.0
(5724, 5725, 5726) 4229.0
(4522, 4523, 4524) 5324.0
(143, 144, 145) 4635.0
(266, 267, 268) 4023.0
(9684, 9685, 9686) 4126.0
(5832, 5833, 5834) 3825.0
(3417, 3418, 3419) 5551.0
(5573, 5574, 5575) 4705.0
(3398, 3399, 3400) 4826.0
(976, 977, 978) 4124.0
(6573, 6574, 6575) 4075.0
(767, 768, 769) 5338.0
(6873, 6874, 6875) 4984.0
(1044, 1045, 1046) 3746.0
(452, 453, 454) 3942.0
(7623, 7624, 7625) 3965.0
(1991, 1992, 1993) 4528.0
(9512, 9513, 9514) 4243.0
(1657, 1658, 1659) 5105.0
(3845, 3846, 3847) 4204.0
