(6648, 6649, 6650) 4280.0
(142, 143, 144) 5665.0
(4874, 4875, 4876) 3848.0
(5983, 5984, 5985) 5118.0
(9060, 9061, 9062) 5180.0
(1153, 1154, 1155) 4392.0
(7312, 7313, 7314) 4409.0
(6884, 6885, 6886) 4859.0
(7509, 7510, 7511) 7402.0
(5785, 5786, 5787) 4571.0
(5921, 5922, 5923) 4554.0
(2474, 2475, 2476) 4724.0
(6369, 6370, 6371) 5170.0
(3657, 3658, 3659) 5018.0
(160, 161, 162) 4094.0
(7098, 7099, 7100) 6033.0
(5889, 5890, 5891) 4743.0
(1009, 1010, 1011) 4349.0
(2242, 2243, 2244) 5365.0
(1594, 1595, 1596) 4374.0
(1918, 1919, 1920) 4365.0
(2199, 2200, 2201) 4453.0
(2126, 2127, 2128) 4146.0
(2919, 2920, 2921) 5137.0
(4590, 4591, 4592) 4527.0
(8282, 8283, 8284) 4261.0
(8007, 8008, 8009) 4784.0
(6244, 6245, 6246) 6134.0
(8083, 8084, 8085) 3924.0
(1289, 1290, 1291) 4203.0
(1932, 1933, 1934) 5257.0
(894, 895, 896) 5636.0
(6142, 6143, 6144) 4169.0
(9938, 9939, 9940) 5208.0
(9765, 9766, 9767) 3866.0
(8295, 8296, 8297) 4132.0
(3788, 3789, 3790) 5187.0
(563, 564, 565) 4323.0
(2356, 2357, 2358) 5802.0
(6699, 6700, 6701) 5009.0
(4011, 4012, 4013) 4983.0
(8512, 8513, 8514) 4780.0
(4469, 4470, 4471) 4530.0
(9259, 9260, 9261) 4075.0
(6733, 6734, 6735) 6176.0
(1864, 1865, 1866) 5950.0
(7872, 7873, 7874) 4604.0
(8257, 8258, 8259) 4841.0
(4366, 4367, 4368) 4289.0
(3967, 3968, 3969) 4090.0
(6083, 6084, 6085) 5440.0
(6780, 6781, 6782) 5553.0
(4084, 4085, 4086) 6089.0
(7654, 7655, 7656) 5395.0
(533, 534, 535) 4451.0
(8629, 8630, 8631) 5527.0
(4381, 4382, 4383) 4420.0
(5628, 5629, 5630) 6572.0
(3348, 3349, 3350) 4281.0
(3076, 3077, 3078) 5037.0
(925, 926, 927) 4401.0
(6522, 6523, 6524) 6517.0
(5151, 5152, 5153) 5128.0
(8057, 8058, 8059) 3443.0
(8208, 8209, 8210) 6322.0
(177, 178, 179) 4400.0
(6045, 6046, 6047) 4872.0
(5900, 5901, 5902) 4796.0
(4583, 4584, 4585) 3974.0
(4979, 4980, 4981) 4191.0
(3813, 3814, 3815) 4600.0
(4523, 4524, 4525) 5791.0
(1193, 1194, 1195) 4398.0
(9993, 9994, 9995) 4320.0
(1641, 1642, 1643) 4451.0
(4678, 4679, 4680) 4470.0
(2945, 2946, 2947) 4363.0
(1212, 1213, 1214) 4794.0
(2451, 2452, 2453) 4280.0
(5214, 5215, 5216) 4950.0
(2556, 2557, 2558) 4215.0
(8264, 8265, 8266) 4727.0
(7537, 7538, 7539) 4770.0
(2627, 2628, 2629) 5006.0
(8919, 8920, 8921) 3847.0
(3458, 3459, 3460) 5356.0
(9405, 9406, 9407) 4369.0
(2822, 2823, 2824) 4249.0
(2138, 2139, 2140) 4683.0
(2587, 2588, 2589) 5074.0
(4015, 4016, 4017) 4138.0
(5300, 5301, 5302) 3799.0
(6399, 6400, 6401) 3244.0
(3343, 3344, 3345) 4307.0
(693, 694, 695) 4190.0
(6163, 6164, 6165) 4939.0
(7911, 7912, 7913) 4388.0
(6665, 6666, 6667) 4146.0
(7848, 7849, 7850) 4133.0
(5933, 5934, 5935) 4278.0
(3914, 3915, 3916) 5860.0
