(5747, 5748, 5749) 6280.0
(1698, 1699, 1700) 4732.0
(973, 974, 975) 4496.0
(9391, 9392, 9393) 3744.0
(3748, 3749, 3750) 4458.0
(5594, 5595, 5596) 4110.0
(2384, 2385, 2386) 4586.0
(4527, 4528, 4529) 4734.0
(6015, 6016, 6017) 3944.0
(3028, 3029, 3030) 4913.0
(6563, 6564, 6565) 5663.0
(5830, 5831, 5832) 5584.0
(6856, 6857, 6858) 4560.0
(4068, 4069, 4070) 6226.0
(7054, 7055, 7056) 5376.0
(9186, 9187, 9188) 5812.0
(5673, 5674, 5675) 4010.0
(2181, 2182, 2183) 6470.0
(3822, 3823, 3824) 4477.0
(9626, 9627, 9628) 5286.0
(3273, 3274, 3275) 5651.0
(3597, 3598, 3599) 4767.0
(7864, 7865, 7866) 5095.0
(1230, 1231, 1232) 5557.0
(5534, 5535, 5536) 4561.0
(7831, 7832, 7833) 4796.0
(2786, 2787, 2788) 5796.0
(3187, 3188, 3189) 3995.0
(5325, 5326, 5327) 4553.0
(8752, 8753, 8754) 3806.0
(6082, 6083, 6084) 5093.0
(6747, 6748, 6749) 5342.0
(5428, 5429, 5430) 3893.0
(1619, 1620, 1621) 5569.0
(3846, 3847, 3848) 4273.0
(3911, 3912, 3913) 5133.0
(5187, 5188, 5189) 5691.0
(5417, 5418, 5419) 4420.0
(7534, 7535, 7536) 4567.0
(3827, 3828, 3829) 4484.0
(3300, 3301, 3302) 4853.0
(1787, 1788, 1789) 4564.0
(9546, 9547, 9548) 4777.0
(6355, 6356, 6357) 4376.0
(3836, 3837, 3838) 4450.0
(9082, 9083, 9084) 4532.0
(2022, 2023, 2024) 4214.0
(3550, 3551, 3552) 4799.0
(1180, 1181, 1182) 4855.0
(3248, 3249, 3250) 5191.0
(1274, 1275, 1276) 6611.0
(9341, 9342, 9343) 4760.0
(2555, 2556, 2557) 5613.0
(7702, 7703, 7704) 5522.0
(1209, 1210, 1211) 4140.0
(8885, 8886, 8887) 6257.0
(2887, 2888, 2889) 4309.0
(9213, 9214, 9215) 4249.0
(5710, 5711, 5712) 4242.0
(6896, 6897, 6898) 5890.0
(2217, 2218, 2219) 4084.0
(1725, 1726, 1727) 4690.0
(8686, 8687, 8688) 4946.0
(2590, 2591, 2592) 5971.0
(8489, 8490, 8491) 4873.0
(9388, 9389, 9390) 5170.0
(7460, 7461, 7462) 4197.0
(2627, 2628, 2629) 5493.0
(8526, 8527, 8528) 4180.0
(8846, 8847, 8848) 5486.0
(7607, 7608, 7609) 4178.0
(9946, 9947, 9948) 4956.0
(9442, 9443, 9444) 5451.0
(4780, 4781, 4782) 4599.0
(6300, 6301, 6302) 6280.0
(1633, 1634, 1635) 4466.0
(4981, 4982, 4983) 4639.0
(3509, 3510, 3511) 4418.0
(1989, 1990, 1991) 5181.0
(5504, 5505, 5506) 4482.0
(4281, 4282, 4283) 4943.0
(8136, 8137, 8138) 4683.0
(1612, 1613, 1614) 5716.0
(2305, 2306, 2307) 5457.0
(4754, 4755, 4756) 4335.0
(9814, 9815, 9816) 5266.0
(1946, 1947, 1948) 4446.0
(8312, 8313, 8314) 4918.0
(8245, 8246, 8247) 4412.0
(3153, 3154, 3155) 5514.0
(5163, 5164, 5165) 4743.0
(8028, 8029, 8030) 5080.0
(3316, 3317, 3318) 4040.0
(8911, 8912, 8913) 4463.0
(1187, 1188, 1189) 4503.0
(6566, 6567, 6568) 4922.0
(7319, 7320, 7321) 5125.0
(6933, 6934, 6935) 5795.0
(8101, 8102, 8103) 5998.0
(6460, 6461, 6462) 4765.0
(8260, 8261, 8262) 4500.0
