(5087, 5088, 5089) 5115.0
(7766, 7767, 7768) 4803.0
(4610, 4611, 4612) 5505.0
(7530, 7531, 7532) 7068.0
(9327, 9328, 9329) 5141.0
(6051, 6052, 6053) 5160.0
(5899, 5900, 5901) 4909.0
(2245, 2246, 2247) 5398.0
(8143, 8144, 8145) 5473.0
(8943, 8944, 8945) 5150.0
(3477, 3478, 3479) 4554.0
(1111, 1112, 1113) 6486.0
(6948, 6949, 6950) 3953.0
(8425, 8426, 8427) 5348.0
(9398, 9399, 9400) 5478.0
(2498, 2499, 2500) 4559.0
(4836, 4837, 4838) 5610.0
(2856, 2857, 2858) 4335.0
(5232, 5233, 5234) 6074.0
(4960, 4961, 4962) 5251.0
(3714, 3715, 3716) 4902.0
(9491, 9492, 9493) 5743.0
(1234, 1235, 1236) 4973.0
(6305, 6306, 6307) 6816.0
(3482, 3483, 3484) 4329.0
(7354, 7355, 7356) 5163.0
(3560, 3561, 3562) 6228.0
(2715, 2716, 2717) 5938.0
(8123, 8124, 8125) 5846.0
(4402, 4403, 4404) 4638.0
(4918, 4919, 4920) 5154.0
(8652, 8653, 8654) 5221.0
(3023, 3024, 3025) 5930.0
(1412, 1413, 1414) 5256.0
(7998, 7999, 8000) 4861.0
(9826, 9827, 9828) 5758.0
(2797, 2798, 2799) 6084.0
(8283, 8284, 8285) 4693.0
(7835, 7836, 7837) 4513.0
(6473, 6474, 6475) 5749.0
(3647, 3648, 3649) 4936.0
(3820, 3821, 3822) 5186.0
(5891, 5892, 5893) 5138.0
(9142, 9143, 9144) 4421.0
(5459, 5460, 5461) 4526.0
(4223, 4224, 4225) 4834.0
(8770, 8771, 8772) 6408.0
(4820, 4821, 4822) 4682.0
(7589, 7590, 7591) 7297.0
(2026, 2027, 2028) 5009.0
(1428, 1429, 1430) 5450.0
(1197, 1198, 1199) 5237.0
(204, 205, 206) 4483.0
(1278, 1279, 1280) 4677.0
(4153, 4154, 4155) 4489.0
(3886, 3887, 3888) 4663.0
(632, 633, 634) 4821.0
(717, 718, 719) 5499.0
(5852, 5853, 5854) 5211.0
(6880, 6881, 6882) 6530.0
(198, 199, 200) 4869.0
(1574, 1575, 1576) 4522.0
(8890, 8891, 8892) 4111.0
(5835, 5836, 5837) 4965.0
(2099, 2100, 2101) 5411.0
(6897, 6898, 6899) 6955.0
(2560, 2561, 2562) 4544.0
(1967, 1968, 1969) 6220.0
(8390, 8391, 8392) 4496.0
(8116, 8117, 8118) 4849.0
(8363, 8364, 8365) 4959.0
(4652, 4653, 4654) 7475.0
(6285, 6286, 6287) 5814.0
(8373, 8374, 8375) 5493.0
(303, 304, 305) 5499.0
(7196, 7197, 7198) 4604.0
(9489, 9490, 9491) 5347.0
(2981, 2982, 2983) 5869.0
(3997, 3998, 3999) 5311.0
(9692, 9693, 9694) 5346.0
(8327, 8328, 8329) 4872.0
(4533, 4534, 4535) 7110.0
(6365, 6366, 6367) 6142.0
(347, 348, 349) 4570.0
(7205, 7206, 7207) 5439.0
(3464, 3465, 3466) 4518.0
(1473, 1474, 1475) 4661.0
(9063, 9064, 9065) 5753.0
(2361, 2362, 2363) 4582.0
(394, 395, 396) 6264.0
(5299, 5300, 5301) 4849.0
(5121, 5122, 5123) 5004.0
(1695, 1696, 1697) 5432.0
(515, 516, 517) 5471.0
(3765, 3766, 3767) 4735.0
(10, 11, 12) 5988.0
(805, 806, 807) 4134.0
(3550, 3551, 3552) 5114.0
(7259, 7260, 7261) 7250.0
(1382, 1383, 1384) 5539.0
(836, 837, 838) 5925.0
