(1630, 1631, 1632) 5692.0
(3705, 3706, 3707) 5667.0
(1344, 1345, 1346) 4180.0
(2674, 2675, 2676) 4902.0
(6866, 6867, 6868) 5761.0
(4939, 4940, 4941) 4993.0
(3294, 3295, 3296) 4909.0
(5560, 5561, 5562) 4413.0
(1006, 1007, 1008) 5715.0
(3968, 3969, 3970) 5011.0
(1752, 1753, 1754) 5007.0
(7435, 7436, 7437) 4228.0
(595, 596, 597) 5012.0
(3483, 3484, 3485) 4373.0
(7666, 7667, 7668) 5296.0
(1545, 1546, 1547) 5888.0
(5888, 5889, 5890) 5417.0
(749, 750, 751) 4695.0
(8462, 8463, 8464) 5750.0
(8194, 8195, 8196) 5109.0
(6928, 6929, 6930) 7194.0
(1107, 1108, 1109) 4060.0
(2526, 2527, 2528) 4804.0
(120, 121, 122) 5351.0
(2726, 2727, 2728) 5815.0
(3705, 3706, 3707) 5667.0
(461, 462, 463) 4555.0
(6722, 6723, 6724) 4669.0
(8207, 8208, 8209) 4885.0
(5756, 5757, 5758) 5732.0
(2866, 2867, 2868) 4650.0
(2798, 2799, 2800) 5782.0
(5643, 5644, 5645) 6168.0
(1414, 1415, 1416) 4912.0
(2964, 2965, 2966) 4757.0
(6071, 6072, 6073) 4015.0
(3770, 3771, 3772) 4963.0
(4469, 4470, 4471) 5207.0
(1595, 1596, 1597) 5825.0
(1603, 1604, 1605) 4985.0
(985, 986, 987) 6140.0
(7708, 7709, 7710) 6644.0
(3574, 3575, 3576) 6030.0
(8117, 8118, 8119) 4656.0
(4669, 4670, 4671) 5729.0
(4768, 4769, 4770) 5864.0
(2563, 2564, 2565) 4488.0
(77, 78, 79) 6358.0
(674, 675, 676) 5220.0
(7399, 7400, 7401) 5001.0
(9733, 9734, 9735) 6276.0
(4288, 4289, 4290) 4256.0
(808, 809, 810) 5173.0
(231, 232, 233) 5937.0
(2840, 2841, 2842) 4773.0
(1318, 1319, 1320) 5832.0
(1308, 1309, 1310) 5119.0
(6799, 6800, 6801) 5333.0
(7094, 7095, 7096) 5078.0
(1227, 1228, 1229) 5069.0
(9860, 9861, 9862) 5863.0
(4718, 4719, 4720) 6414.0
(8928, 8929, 8930) 5428.0
(947, 948, 949) 4578.0
(2639, 2640, 2641) 5752.0
(4517, 4518, 4519) 5105.0
(5640, 5641, 5642) 5738.0
(5706, 5707, 5708) 7727.0
(7947, 7948, 7949) 4962.0
(8434, 8435, 8436) 4317.0
(8279, 8280, 8281) 6319.0
(785, 786, 787) 5377.0
(2692, 2693, 2694) 4668.0
(2684, 2685, 2686) 6143.0
(5217, 5218, 5219) 7544.0
(3764, 3765, 3766) 4762.0
(5152, 5153, 5154) 5207.0
(1939, 1940, 1941) 6648.0
(9896, 9897, 9898) 4350.0
(6995, 6996, 6997) 5156.0
(2164, 2165, 2166) 5995.0
(7273, 7274, 7275) 4879.0
(807, 808, 809) 4430.0
(4493, 4494, 4495) 4673.0
(591, 592, 593) 4725.0
(1497, 1498, 1499) 5391.0
(6586, 6587, 6588) 4527.0
(4478, 4479, 4480) 5105.0
(9626, 9627, 9628) 5628.0
(2658, 2659, 2660) 5728.0
(2245, 2246, 2247) 5600.0
(6310, 6311, 6312) 6224.0
(6568, 6569, 6570) 4223.0
(2426, 2427, 2428) 4988.0
(8477, 8478, 8479) 5346.0
(6303, 6304, 6305) 5296.0
(1384, 1385, 1386) 5295.0
(8805, 8806, 8807) 5471.0
(3539, 3540, 3541) 5065.0
(9588, 9589, 9590) 6441.0
(5584, 5585, 5586) 5459.0
