(4990, 4991, 4992) 5782.0
(1457, 1458, 1459) 5962.0
(5194, 5195, 5196) 5132.0
(4352, 4353, 4354) 6614.0
(9048, 9049, 9050) 6292.0
(1268, 1269, 1270) 6224.0
(1875, 1876, 1877) 6075.0
(6137, 6138, 6139) 5496.0
(5111, 5112, 5113) 5479.0
(1857, 1858, 1859) 5644.0
(195, 196, 197) 6569.0
(7229, 7230, 7231) 5707.0
(6597, 6598, 6599) 4812.0
(2733, 2734, 2735) 5361.0
(8888, 8889, 8890) 5537.0
(5637, 5638, 5639) 5351.0
(575, 576, 577) 4813.0
(157, 158, 159) 4520.0
(7846, 7847, 7848) 5701.0
(8864, 8865, 8866) 4944.0
(6594, 6595, 6596) 6046.0
(1677, 1678, 1679) 6018.0
(4567, 4568, 4569) 6405.0
(1064, 1065, 1066) 5129.0
(3764, 3765, 3766) 5111.0
(5569, 5570, 5571) 6631.0
(2813, 2814, 2815) 4867.0
(737, 738, 739) 5855.0
(8211, 8212, 8213) 4835.0
(901, 902, 903) 4451.0
(2422, 2423, 2424) 5595.0
(5984, 5985, 5986) 6560.0
(8550, 8551, 8552) 4800.0
(939, 940, 941) 5452.0
(5013, 5014, 5015) 4545.0
(2093, 2094, 2095) 6119.0
(7883, 7884, 7885) 6563.0
(134, 135, 136) 5242.0
(5961, 5962, 5963) 6433.0
(2246, 2247, 2248) 4881.0
(9316, 9317, 9318) 7018.0
(2658, 2659, 2660) 5958.0
(4879, 4880, 4881) 5347.0
(9382, 9383, 9384) 5720.0
(3311, 3312, 3313) 6815.0
(7902, 7903, 7904) 4859.0
(4480, 4481, 4482) 5728.0
(6191, 6192, 6193) 6061.0
(119, 120, 121) 4924.0
(901, 902, 903) 4451.0
(5160, 5161, 5162) 5517.0
(8882, 8883, 8884) 5666.0
(6839, 6840, 6841) 6366.0
(4973, 4974, 4975) 5946.0
(1013, 1014, 1015) 6269.0
(2388, 2389, 2390) 5217.0
(2880, 2881, 2882) 4831.0
(5131, 5132, 5133) 5832.0
(3267, 3268, 3269) 6095.0
(3041, 3042, 3043) 5034.0
(5856, 5857, 5858) 5773.0
(6871, 6872, 6873) 5763.0
(1786, 1787, 1788) 6125.0
(677, 678, 679) 6464.0
(3805, 3806, 3807) 5737.0
(4396, 4397, 4398) 6138.0
(1091, 1092, 1093) 5775.0
(347, 348, 349) 5253.0
(1186, 1187, 1188) 6047.0
(1755, 1756, 1757) 7039.0
(4814, 4815, 4816) 6019.0
(2422, 2423, 2424) 5595.0
(9225, 9226, 9227) 5615.0
(211, 212, 213) 4619.0
(7706, 7707, 7708) 5445.0
(2116, 2117, 2118) 5458.0
(8512, 8513, 8514) 5297.0
(6026, 6027, 6028) 5513.0
(4026, 4027, 4028) 6534.0
(3420, 3421, 3422) 5176.0
(2105, 2106, 2107) 5199.0
(791, 792, 793) 5644.0
(6746, 6747, 6748) 5154.0
(6633, 6634, 6635) 4672.0
(999, 1000, 1001) 4970.0
(9595, 9596, 9597) 5867.0
(1018, 1019, 1020) 5608.0
(9446, 9447, 9448) 5670.0
(6783, 6784, 6785) 5968.0
(6812, 6813, 6814) 5192.0
(1601, 1602, 1603) 6141.0
(5135, 5136, 5137) 7121.0
(2861, 2862, 2863) 5860.0
(8854, 8855, 8856) 6550.0
(6576, 6577, 6578) 5653.0
(7217, 7218, 7219) 5676.0
(6533, 6534, 6535) 6476.0
(6368, 6369, 6370) 6543.0
(1543, 1544, 1545) 5345.0
(1754, 1755, 1756) 8457.0
(2563, 2564, 2565) 4627.0
