(9032, 9033, 9034) 6774.0
(3683, 3684, 3685) 5084.0
(1192, 1193, 1194) 5378.0
(7778, 7779, 7780) 7162.0
(9324, 9325, 9326) 4868.0
(2476, 2477, 2478) 5236.0
(1628, 1629, 1630) 5355.0
(7873, 7874, 7875) 5753.0
(9023, 9024, 9025) 5611.0
(2444, 2445, 2446) 8014.0
(7763, 7764, 7765) 6157.0
(5589, 5590, 5591) 5896.0
(353, 354, 355) 5269.0
(6282, 6283, 6284) 7696.0
(7804, 7805, 7806) 7295.0
(6758, 6759, 6760) 8897.0
(8061, 8062, 8063) 4942.0
(587, 588, 589) 5132.0
(6990, 6991, 6992) 5064.0
(9808, 9809, 9810) 7038.0
(28, 29, 30) 5155.0
(933, 934, 935) 5901.0
(2905, 2906, 2907) 5076.0
(5846, 5847, 5848) 5869.0
(4479, 4480, 4481) 6150.0
(6432, 6433, 6434) 5470.0
(7507, 7508, 7509) 5126.0
(9377, 9378, 9379) 6302.0
(9046, 9047, 9048) 7171.0
(1352, 1353, 1354) 6417.0
(2225, 2226, 2227) 5808.0
(377, 378, 379) 6443.0
(3644, 3645, 3646) 6228.0
(8819, 8820, 8821) 5236.0
(5443, 5444, 5445) 5411.0
(6716, 6717, 6718) 5894.0
(6182, 6183, 6184) 5629.0
(810, 811, 812) 5827.0
(5435, 5436, 5437) 5599.0
(3551, 3552, 3553) 5572.0
(9917, 9918, 9919) 6131.0
(4308, 4309, 4310) 5360.0
(341, 342, 343) 4690.0
(2170, 2171, 2172) 5038.0
(4943, 4944, 4945) 7047.0
(6163, 6164, 6165) 5539.0
(3019, 3020, 3021) 6662.0
(8181, 8182, 8183) 6416.0
(8326, 8327, 8328) 5300.0
(189, 190, 191) 5912.0
(3337, 3338, 3339) 5511.0
(6613, 6614, 6615) 5209.0
(7553, 7554, 7555) 5043.0
(5040, 5041, 5042) 6078.0
(4226, 4227, 4228) 5218.0
(2533, 2534, 2535) 5064.0
(1376, 1377, 1378) 7403.0
(1841, 1842, 1843) 6598.0
(6340, 6341, 6342) 5273.0
(2289, 2290, 2291) 5157.0
(6342, 6343, 6344) 5634.0
(9583, 9584, 9585) 5227.0
(2199, 2200, 2201) 5962.0
(7595, 7596, 7597) 4767.0
(8150, 8151, 8152) 5923.0
(3625, 3626, 3627) 7229.0
(8597, 8598, 8599) 6115.0
(8872, 8873, 8874) 4831.0
(7757, 7758, 7759) 6942.0
(424, 425, 426) 5975.0
(6368, 6369, 6370) 6675.0
(4381, 4382, 4383) 5801.0
(4392, 4393, 4394) 7011.0
(8008, 8009, 8010) 7541.0
(645, 646, 647) 4778.0
(6869, 6870, 6871) 5512.0
(7406, 7407, 7408) 4974.0
(1670, 1671, 1672) 5338.0
(7012, 7013, 7014) 5470.0
(2728, 2729, 2730) 5576.0
(115, 116, 117) 8604.0
(2679, 2680, 2681) 6389.0
(6040, 6041, 6042) 5469.0
(4061, 4062, 4063) 5748.0
(1569, 1570, 1571) 5718.0
(6040, 6041, 6042) 5469.0
(5772, 5773, 5774) 4845.0
(6102, 6103, 6104) 6834.0
(8614, 8615, 8616) 5686.0
(1743, 1744, 1745) 5241.0
(3035, 3036, 3037) 8236.0
(4985, 4986, 4987) 7461.0
(6997, 6998, 6999) 5388.0
(9088, 9089, 9090) 4781.0
(9126, 9127, 9128) 6059.0
(7235, 7236, 7237) 7041.0
(8790, 8791, 8792) 5489.0
(320, 321, 322) 5807.0
(2391, 2392, 2393) 5042.0
(5151, 5152, 5153) 7569.0
(3364, 3365, 3366) 6803.0
