(4845, 4846, 4847) 5276.0
(9090, 9091, 9092) 6413.0
(1366, 1367, 1368) 7648.0
(4007, 4008, 4009) 4744.0
(6685, 6686, 6687) 5142.0
(6287, 6288, 6289) 7288.0
(9612, 9613, 9614) 5241.0
(6250, 6251, 6252) 6905.0
(8481, 8482, 8483) 5702.0
(1924, 1925, 1926) 4932.0
(837, 838, 839) 5851.0
(5475, 5476, 5477) 5562.0
(3453, 3454, 3455) 7396.0
(8264, 8265, 8266) 5803.0
(1493, 1494, 1495) 5170.0
(3992, 3993, 3994) 5846.0
(554, 555, 556) 5465.0
(3120, 3121, 3122) 8423.0
(2137, 2138, 2139) 4820.0
(872, 873, 874) 5671.0
(5891, 5892, 5893) 6039.0
(2969, 2970, 2971) 6466.0
(1123, 1124, 1125) 5713.0
(7825, 7826, 7827) 5229.0
(965, 966, 967) 5783.0
(7729, 7730, 7731) 5494.0
(9919, 9920, 9921) 6563.0
(6762, 6763, 6764) 6108.0
(4357, 4358, 4359) 6281.0
(5706, 5707, 5708) 8425.0
(4819, 4820, 4821) 5777.0
(4902, 4903, 4904) 5962.0
(5166, 5167, 5168) 6139.0
(5228, 5229, 5230) 6874.0
(4320, 4321, 4322) 7007.0
(2634, 2635, 2636) 6285.0
(118, 119, 120) 5930.0
(1245, 1246, 1247) 6503.0
(6357, 6358, 6359) 5836.0
(5901, 5902, 5903) 5686.0
(1011, 1012, 1013) 6286.0
(9489, 9490, 9491) 6052.0
(1888, 1889, 1890) 6002.0
(8055, 8056, 8057) 7829.0
(9740, 9741, 9742) 6464.0
(8157, 8158, 8159) 5994.0
(4175, 4176, 4177) 7663.0
(7533, 7534, 7535) 7332.0
(2493, 2494, 2495) 6002.0
(7806, 7807, 7808) 6255.0
(4520, 4521, 4522) 6142.0
(239, 240, 241) 7887.0
(9935, 9936, 9937) 6120.0
(196, 197, 198) 5684.0
(5149, 5150, 5151) 6273.0
(5041, 5042, 5043) 5483.0
(6023, 6024, 6025) 5560.0
(5044, 5045, 5046) 5920.0
(2207, 2208, 2209) 6219.0
(5043, 5044, 5045) 5735.0
(7713, 7714, 7715) 6784.0
(2230, 2231, 2232) 5590.0
(637, 638, 639) 6332.0
(2725, 2726, 2727) 6285.0
(5653, 5654, 5655) 6987.0
(2041, 2042, 2043) 6372.0
(4314, 4315, 4316) 5485.0
(6117, 6118, 6119) 6131.0
(7249, 7250, 7251) 5934.0
(3904, 3905, 3906) 5079.0
(3744, 3745, 3746) 6282.0
(867, 868, 869) 5686.0
(5008, 5009, 5010) 5542.0
(528, 529, 530) 6314.0
(9974, 9975, 9976) 6506.0
(1007, 1008, 1009) 5357.0
(3232, 3233, 3234) 6345.0
(1034, 1035, 1036) 5469.0
(3435, 3436, 3437) 7126.0
(9664, 9665, 9666) 6770.0
(3341, 3342, 3343) 6212.0
(7036, 7037, 7038) 4678.0
(4818, 4819, 4820) 5634.0
(2560, 2561, 2562) 5493.0
(7481, 7482, 7483) 5130.0
(6323, 6324, 6325) 5129.0
(8011, 8012, 8013) 5718.0
(6679, 6680, 6681) 6270.0
(1239, 1240, 1241) 4979.0
(7386, 7387, 7388) 7961.0
(1933, 1934, 1935) 6467.0
(1137, 1138, 1139) 6551.0
(4277, 4278, 4279) 6658.0
(7968, 7969, 7970) 6099.0
(8294, 8295, 8296) 6496.0
(9083, 9084, 9085) 5778.0
(6883, 6884, 6885) 7020.0
(194, 195, 196) 5074.0
(1079, 1080, 1081) 5400.0
(3371, 3372, 3373) 7090.0
(463, 464, 465) 4646.0
