(8041, 8042, 8043) 6698.0
(3671, 3672, 3673) 6417.0
(6870, 6871, 6872) 5171.0
(9114, 9115, 9116) 5713.0
(6434, 6435, 6436) 7912.0
(4744, 4745, 4746) 6669.0
(1584, 1585, 1586) 6505.0
(7356, 7357, 7358) 5909.0
(3192, 3193, 3194) 5564.0
(4064, 4065, 4066) 5918.0
(9962, 9963, 9964) 5921.0
(1915, 1916, 1917) 5932.0
(3971, 3972, 3973) 5869.0
(9091, 9092, 9093) 5814.0
(8511, 8512, 8513) 5325.0
(6599, 6600, 6601) 6435.0
(6028, 6029, 6030) 6009.0
(4148, 4149, 4150) 6039.0
(2963, 2964, 2965) 5498.0
(1251, 1252, 1253) 6509.0
(4276, 4277, 4278) 7144.0
(5855, 5856, 5857) 4825.0
(4413, 4414, 4415) 6388.0
(4408, 4409, 4410) 6653.0
(8595, 8596, 8597) 6832.0
(9858, 9859, 9860) 6446.0
(9847, 9848, 9849) 8184.0
(5964, 5965, 5966) 5924.0
(1793, 1794, 1795) 5832.0
(8561, 8562, 8563) 6537.0
(3357, 3358, 3359) 6899.0
(3085, 3086, 3087) 6236.0
(7824, 7825, 7826) 6205.0
(3428, 3429, 3430) 5089.0
(2394, 2395, 2396) 7051.0
(4454, 4455, 4456) 7228.0
(2516, 2517, 2518) 6435.0
(6386, 6387, 6388) 5654.0
(102, 103, 104) 10348.0
(2371, 2372, 2373) 6212.0
(9789, 9790, 9791) 6327.0
(2847, 2848, 2849) 5630.0
(2176, 2177, 2178) 6612.0
(4570, 4571, 4572) 5917.0
(4854, 4855, 4856) 5682.0
(2598, 2599, 2600) 7339.0
(1686, 1687, 1688) 6978.0
(9453, 9454, 9455) 5363.0
(9534, 9535, 9536) 6014.0
(2594, 2595, 2596) 6197.0
(750, 751, 752) 6103.0
(2458, 2459, 2460) 5573.0
(8421, 8422, 8423) 7740.0
(8550, 8551, 8552) 5346.0
(2506, 2507, 2508) 6401.0
(1878, 1879, 1880) 7921.0
(7584, 7585, 7586) 5779.0
(4309, 4310, 4311) 5630.0
(471, 472, 473) 5996.0
(138, 139, 140) 7124.0
(8301, 8302, 8303) 7486.0
(9180, 9181, 9182) 5643.0
(6767, 6768, 6769) 6104.0
(4932, 4933, 4934) 5544.0
(6591, 6592, 6593) 5662.0
(2170, 2171, 2172) 5996.0
(9781, 9782, 9783) 5694.0
(8177, 8178, 8179) 6031.0
(4410, 4411, 4412) 7242.0
(8510, 8511, 8512) 7036.0
(8814, 8815, 8816) 6358.0
(7913, 7914, 7915) 5937.0
(7179, 7180, 7181) 5036.0
(5163, 5164, 5165) 6105.0
(8076, 8077, 8078) 5699.0
(68, 69, 70) 5217.0
(4095, 4096, 4097) 6826.0
(3285, 3286, 3287) 6255.0
(4565, 4566, 4567) 6588.0
(8725, 8726, 8727) 5773.0
(2015, 2016, 2017) 6422.0
(2713, 2714, 2715) 6076.0
(5134, 5135, 5136) 8027.0
(9656, 9657, 9658) 6509.0
(7167, 7168, 7169) 6636.0
(987, 988, 989) 6147.0
(8711, 8712, 8713) 4864.0
(1801, 1802, 1803) 6398.0
(6449, 6450, 6451) 6675.0
(9295, 9296, 9297) 6881.0
(5786, 5787, 5788) 6562.0
(3508, 3509, 3510) 6155.0
(2784, 2785, 2786) 5822.0
(4091, 4092, 4093) 6406.0
(2060, 2061, 2062) 6026.0
(9637, 9638, 9639) 7473.0
(8384, 8385, 8386) 6761.0
(2882, 2883, 2884) 5710.0
(2750, 2751, 2752) 5633.0
(1157, 1158, 1159) 5701.0
(1217, 1218, 1219) 7090.0
