(5647, 5648, 5649) 431.0
(2418, 2419, 2420) 503.0
(3447, 3448, 3449) 498.0
(1829, 1830, 1831) 795.0
(6801, 6802, 6803) 350.0
(3239, 3240, 3241) 483.0
(8929, 8930, 8931) 770.0
(674, 675, 676) 330.0
(2494, 2495, 2496) 418.0
(1118, 1119, 1120) 501.0
(4288, 4289, 4290) 343.0
(7663, 7664, 7665) 764.0
(3046, 3047, 3048) 873.0
(4665, 4666, 4667) 419.0
(5062, 5063, 5064) 523.0
(424, 425, 426) 437.0
(9237, 9238, 9239) 597.0
(2521, 2522, 2523) 491.0
(1193, 1194, 1195) 360.0
(5596, 5597, 5598) 653.0
(2405, 2406, 2407) 421.0
(98, 99, 100) 653.0
(9117, 9118, 9119) 520.0
(1227, 1228, 1229) 584.0
(4431, 4432, 4433) 379.0
(777, 778, 779) 397.0
(2033, 2034, 2035) 671.0
(2795, 2796, 2797) 816.0
(4259, 4260, 4261) 575.0
(7955, 7956, 7957) 735.0
(4983, 4984, 4985) 530.0
(5992, 5993, 5994) 694.0
(205, 206, 207) 606.0
(2466, 2467, 2468) 594.0
(5895, 5896, 5897) 626.0
(7794, 7795, 7796) 533.0
(4672, 4673, 4674) 293.0
(9740, 9741, 9742) 659.0
(3551, 3552, 3553) 658.0
(4400, 4401, 4402) 601.0
(6977, 6978, 6979) 740.0
(4748, 4749, 4750) 347.0
(6226, 6227, 6228) 397.0
(3117, 3118, 3119) 453.0
(7410, 7411, 7412) 496.0
(667, 668, 669) 583.0
(5544, 5545, 5546) 362.0
(5401, 5402, 5403) 364.0
(7773, 7774, 7775) 572.0
(4717, 4718, 4719) 539.0
(6929, 6930, 6931) 619.0
(8743, 8744, 8745) 523.0
(2490, 2491, 2492) 460.0
(5229, 5230, 5231) 457.0
(8324, 8325, 8326) 403.0
(2631, 2632, 2633) 554.0
(7365, 7366, 7367) 408.0
(6364, 6365, 6366) 818.0
(8760, 8761, 8762) 501.0
(7044, 7045, 7046) 507.0
(8206, 8207, 8208) 415.0
(9094, 9095, 9096) 636.0
(6409, 6410, 6411) 528.0
(5313, 5314, 5315) 495.0
(8100, 8101, 8102) 419.0
(2951, 2952, 2953) 476.0
(8340, 8341, 8342) 422.0
(1339, 1340, 1341) 627.0
(6501, 6502, 6503) 484.0
(2697, 2698, 2699) 731.0
(331, 332, 333) 882.0
(2467, 2468, 2469) 766.0
(7591, 7592, 7593) 463.0
(360, 361, 362) 487.0
(5695, 5696, 5697) 433.0
(2594, 2595, 2596) 438.0
(3833, 3834, 3835) 533.0
(1007, 1008, 1009) 652.0
(2005, 2006, 2007) 419.0
(7559, 7560, 7561) 478.0
(2310, 2311, 2312) 542.0
(3394, 3395, 3396) 405.0
(276, 277, 278) 707.0
(5213, 5214, 5215) 514.0
(1918, 1919, 1920) 607.0
(7021, 7022, 7023) 433.0
(5232, 5233, 5234) 809.0
(2089, 2090, 2091) 451.0
(746, 747, 748) 692.0
(5813, 5814, 5815) 678.0
(3472, 3473, 3474) 701.0
(1355, 1356, 1357) 481.0
(8318, 8319, 8320) 517.0
(6705, 6706, 6707) 480.0
(5676, 5677, 5678) 464.0
(1908, 1909, 1910) 677.0
(3253, 3254, 3255) 771.0
(3567, 3568, 3569) 492.0
(6986, 6987, 6988) 476.0
(1607, 1608, 1609) 467.0
(3514, 3515, 3516) 619.0
