(2969, 2970, 2971) 6724.0
(5727, 5728, 5729) 5338.0
(3612, 3613, 3614) 7229.0
(7406, 7407, 7408) 5902.0
(4720, 4721, 4722) 5504.0
(6412, 6413, 6414) 5502.0
(605, 606, 607) 6346.0
(8386, 8387, 8388) 7331.0
(5616, 5617, 5618) 7526.0
(6580, 6581, 6582) 5760.0
(4061, 4062, 4063) 6029.0
(1963, 1964, 1965) 6906.0
(931, 932, 933) 7020.0
(1646, 1647, 1648) 5577.0
(8551, 8552, 8553) 8241.0
(7784, 7785, 7786) 5222.0
(566, 567, 568) 5889.0
(9310, 9311, 9312) 7822.0
(9933, 9934, 9935) 5804.0
(7815, 7816, 7817) 6061.0
(983, 984, 985) 8269.0
(2617, 2618, 2619) 6985.0
(4725, 4726, 4727) 5010.0
(7642, 7643, 7644) 5787.0
(1832, 1833, 1834) 6045.0
(3758, 3759, 3760) 6300.0
(5686, 5687, 5688) 7718.0
(6186, 6187, 6188) 6098.0
(4105, 4106, 4107) 7003.0
(5590, 5591, 5592) 8523.0
(1555, 1556, 1557) 6662.0
(2316, 2317, 2318) 7907.0
(2849, 2850, 2851) 7001.0
(3764, 3765, 3766) 5871.0
(1798, 1799, 1800) 6891.0
(1188, 1189, 1190) 6959.0
(8677, 8678, 8679) 7739.0
(6636, 6637, 6638) 6924.0
(4021, 4022, 4023) 6476.0
(8138, 8139, 8140) 6350.0
(6844, 6845, 6846) 6545.0
(8552, 8553, 8554) 5652.0
(4902, 4903, 4904) 6373.0
(7896, 7897, 7898) 6567.0
(3954, 3955, 3956) 7758.0
(7307, 7308, 7309) 4909.0
(4328, 4329, 4330) 5371.0
(5251, 5252, 5253) 7075.0
(3030, 3031, 3032) 7274.0
(3886, 3887, 3888) 6018.0
(5161, 5162, 5163) 7625.0
(4585, 4586, 4587) 6588.0
(9160, 9161, 9162) 7240.0
(761, 762, 763) 6974.0
(5160, 5161, 5162) 6680.0
(1346, 1347, 1348) 7880.0
(6473, 6474, 6475) 6829.0
(1423, 1424, 1425) 6718.0
(9994, 9995, 9996) 6158.0
(2309, 2310, 2311) 5054.0
(6237, 6238, 6239) 7825.0
(2999, 3000, 3001) 5721.0
(8146, 8147, 8148) 6287.0
(3981, 3982, 3983) 5825.0
(3891, 3892, 3893) 4959.0
(4495, 4496, 4497) 5877.0
(3072, 3073, 3074) 8204.0
(5403, 5404, 5405) 6966.0
(6244, 6245, 6246) 7579.0
(574, 575, 576) 7303.0
(3580, 3581, 3582) 6113.0
(3546, 3547, 3548) 5430.0
(5918, 5919, 5920) 5510.0
(5000, 5001, 5002) 7275.0
(869, 870, 871) 6509.0
(553, 554, 555) 6986.0
(6117, 6118, 6119) 6374.0
(9452, 9453, 9454) 5696.0
(6826, 6827, 6828) 6746.0
(3685, 3686, 3687) 5601.0
(7415, 7416, 7417) 5929.0
(2608, 2609, 2610) 6181.0
(4905, 4906, 4907) 6239.0
(5445, 5446, 5447) 6460.0
(68, 69, 70) 5522.0
(7854, 7855, 7856) 6988.0
(376, 377, 378) 7164.0
(7390, 7391, 7392) 8987.0
(1533, 1534, 1535) 5628.0
(9204, 9205, 9206) 7032.0
(9384, 9385, 9386) 5505.0
(7380, 7381, 7382) 7057.0
(2675, 2676, 2677) 8158.0
(7448, 7449, 7450) 6310.0
(6891, 6892, 6893) 5965.0
(2474, 2475, 2476) 6898.0
(9843, 9844, 9845) 6255.0
(6538, 6539, 6540) 6759.0
(119, 120, 121) 6035.0
(5801, 5802, 5803) 7388.0
(3483, 3484, 3485) 5388.0
