(4574, 4575, 4576) 8968.0
(5709, 5710, 5711) 6912.0
(8603, 8604, 8605) 7340.0
(3937, 3938, 3939) 6041.0
(4402, 4403, 4404) 6303.0
(2101, 2102, 2103) 6801.0
(3321, 3322, 3323) 5726.0
(2367, 2368, 2369) 5802.0
(925, 926, 927) 6384.0
(5990, 5991, 5992) 6953.0
(7631, 7632, 7633) 8847.0
(2214, 2215, 2216) 8282.0
(3897, 3898, 3899) 6314.0
(7449, 7450, 7451) 6431.0
(9742, 9743, 9744) 5648.0
(5583, 5584, 5585) 5801.0
(6264, 6265, 6266) 6013.0
(4982, 4983, 4984) 6639.0
(2186, 2187, 2188) 7605.0
(8000, 8001, 8002) 6704.0
(9492, 9493, 9494) 7075.0
(3000, 3001, 3002) 6693.0
(6604, 6605, 6606) 6998.0
(1094, 1095, 1096) 7288.0
(341, 342, 343) 7349.0
(5204, 5205, 5206) 6107.0
(7126, 7127, 7128) 7167.0
(3856, 3857, 3858) 7196.0
(8906, 8907, 8908) 6815.0
(3991, 3992, 3993) 5858.0
(3852, 3853, 3854) 6107.0
(7699, 7700, 7701) 6080.0
(8414, 8415, 8416) 7442.0
(6767, 6768, 6769) 7026.0
(4300, 4301, 4302) 6242.0
(9397, 9398, 9399) 6100.0
(8415, 8416, 8417) 8763.0
(9820, 9821, 9822) 6518.0
(9298, 9299, 9300) 8229.0
(7548, 7549, 7550) 6112.0
(2068, 2069, 2070) 7664.0
(1076, 1077, 1078) 7665.0
(6217, 6218, 6219) 5930.0
(7968, 7969, 7970) 6595.0
(6322, 6323, 6324) 6671.0
(6602, 6603, 6604) 8850.0
(8981, 8982, 8983) 5631.0
(2933, 2934, 2935) 8071.0
(8774, 8775, 8776) 8678.0
(2912, 2913, 2914) 7043.0
(2534, 2535, 2536) 6750.0
(6717, 6718, 6719) 7788.0
(5752, 5753, 5754) 7203.0
(3234, 3235, 3236) 6432.0
(8575, 8576, 8577) 6714.0
(7591, 7592, 7593) 6262.0
(1534, 1535, 1536) 6470.0
(9422, 9423, 9424) 7845.0
(9268, 9269, 9270) 6133.0
(7781, 7782, 7783) 7196.0
(6195, 6196, 6197) 6646.0
(5664, 5665, 5666) 6434.0
(9449, 9450, 9451) 5424.0
(1402, 1403, 1404) 6463.0
(5670, 5671, 5672) 6030.0
(6398, 6399, 6400) 6115.0
(737, 738, 739) 6707.0
(2629, 2630, 2631) 6580.0
(4248, 4249, 4250) 8134.0
(4059, 4060, 4061) 6323.0
(7804, 7805, 7806) 8055.0
(4201, 4202, 4203) 6437.0
(6694, 6695, 6696) 6038.0
(8437, 8438, 8439) 8026.0
(2511, 2512, 2513) 7925.0
(9584, 9585, 9586) 7549.0
(8510, 8511, 8512) 7397.0
(5656, 5657, 5658) 6606.0
(6114, 6115, 6116) 6149.0
(7611, 7612, 7613) 7818.0
(8680, 8681, 8682) 7759.0
(2023, 2024, 2025) 8288.0
(8781, 8782, 8783) 6123.0
(6764, 6765, 6766) 6101.0
(9615, 9616, 9617) 6088.0
(2221, 2222, 2223) 6633.0
(6544, 6545, 6546) 7277.0
(9007, 9008, 9009) 6387.0
(4405, 4406, 4407) 6659.0
(1647, 1648, 1649) 6294.0
(4865, 4866, 4867) 5945.0
(1083, 1084, 1085) 8738.0
(5688, 5689, 5690) 8483.0
(5020, 5021, 5022) 5932.0
(16, 17, 18) 6521.0
(8979, 8980, 8981) 7843.0
(269, 270, 271) 6166.0
(9154, 9155, 9156) 5536.0
(6560, 6561, 6562) 6216.0
(8441, 8442, 8443) 7083.0
(4980, 4981, 4982) 6563.0
