(8741, 8742, 8743) 7470.0
(465, 466, 467) 6240.0
(7620, 7621, 7622) 6849.0
(3876, 3877, 3878) 8927.0
(4819, 4820, 4821) 6315.0
(3878, 3879, 3880) 6460.0
(693, 694, 695) 6473.0
(3371, 3372, 3373) 7519.0
(4141, 4142, 4143) 7284.0
(7939, 7940, 7941) 7341.0
(9184, 9185, 9186) 6809.0
(9283, 9284, 9285) 7889.0
(7463, 7464, 7465) 6831.0
(3758, 3759, 3760) 6558.0
(9064, 9065, 9066) 8295.0
(3340, 3341, 3342) 6711.0
(4073, 4074, 4075) 6475.0
(1569, 1570, 1571) 7075.0
(549, 550, 551) 6531.0
(1209, 1210, 1211) 6070.0
(9442, 9443, 9444) 7139.0
(8986, 8987, 8988) 6693.0
(8856, 8857, 8858) 6472.0
(3723, 3724, 3725) 7675.0
(1000, 1001, 1002) 7304.0
(5019, 5020, 5021) 6043.0
(735, 736, 737) 7491.0
(4204, 4205, 4206) 6924.0
(789, 790, 791) 7382.0
(6057, 6058, 6059) 7439.0
(6912, 6913, 6914) 9862.0
(1334, 1335, 1336) 7211.0
(3140, 3141, 3142) 6010.0
(6210, 6211, 6212) 6793.0
(2918, 2919, 2920) 7540.0
(5668, 5669, 5670) 6122.0
(8069, 8070, 8071) 5720.0
(1557, 1558, 1559) 7505.0
(8096, 8097, 8098) 6132.0
(1617, 1618, 1619) 6601.0
(9314, 9315, 9316) 6296.0
(294, 295, 296) 7319.0
(6741, 6742, 6743) 6606.0
(4578, 4579, 4580) 8321.0
(4889, 4890, 4891) 6979.0
(5747, 5748, 5749) 8075.0
(786, 787, 788) 6028.0
(6545, 6546, 6547) 6334.0
(9078, 9079, 9080) 6810.0
(3102, 3103, 3104) 5825.0
(6, 7, 8) 6507.0
(9804, 9805, 9806) 7361.0
(6159, 6160, 6161) 6585.0
(8068, 8069, 8070) 7105.0
(1902, 1903, 1904) 6638.0
(3428, 3429, 3430) 5761.0
(3511, 3512, 3513) 6846.0
(7764, 7765, 7766) 6088.0
(5715, 5716, 5717) 7806.0
(4781, 4782, 4783) 8286.0
(5822, 5823, 5824) 8155.0
(3914, 3915, 3916) 8406.0
(1558, 1559, 1560) 5729.0
(7249, 7250, 7251) 6610.0
(7540, 7541, 7542) 5222.0
(7301, 7302, 7303) 6806.0
(5750, 5751, 5752) 6589.0
(9872, 9873, 9874) 7334.0
(1432, 1433, 1434) 5588.0
(1153, 1154, 1155) 6917.0
(5306, 5307, 5308) 7733.0
(6347, 6348, 6349) 6145.0
(9023, 9024, 9025) 6665.0
(2915, 2916, 2917) 6746.0
(9759, 9760, 9761) 5647.0
(8600, 8601, 8602) 7625.0
(6110, 6111, 6112) 7549.0
(7087, 7088, 7089) 6377.0
(8677, 8678, 8679) 7778.0
(5511, 5512, 5513) 6179.0
(3306, 3307, 3308) 9027.0
(4196, 4197, 4198) 6969.0
(427, 428, 429) 5401.0
(2566, 2567, 2568) 6097.0
(995, 996, 997) 6764.0
(4343, 4344, 4345) 6100.0
(359, 360, 361) 6682.0
(301, 302, 303) 6837.0
(32, 33, 34) 7914.0
(2721, 2722, 2723) 7273.0
(5215, 5216, 5217) 6571.0
(6993, 6994, 6995) 6721.0
(7664, 7665, 7666) 6977.0
(2960, 2961, 2962) 6992.0
(2943, 2944, 2945) 4979.0
(9116, 9117, 9118) 8669.0
(3592, 3593, 3594) 10435.0
(6810, 6811, 6812) 6894.0
(1387, 1388, 1389) 6876.0
(2862, 2863, 2864) 6582.0
(5781, 5782, 5783) 8061.0
