(7759, 7760, 7761) 7370.0
(7572, 7573, 7574) 7623.0
(8390, 8391, 8392) 6064.0
(5896, 5897, 5898) 7441.0
(942, 943, 944) 8665.0
(5675, 5676, 5677) 7210.0
(9222, 9223, 9224) 8943.0
(1606, 1607, 1608) 7696.0
(41, 42, 43) 6127.0
(6155, 6156, 6157) 8816.0
(5511, 5512, 5513) 6338.0
(7600, 7601, 7602) 6457.0
(3674, 3675, 3676) 6753.0
(4076, 4077, 4078) 6700.0
(3616, 3617, 3618) 6516.0
(5244, 5245, 5246) 6419.0
(797, 798, 799) 7605.0
(1876, 1877, 1878) 7152.0
(8212, 8213, 8214) 7814.0
(2664, 2665, 2666) 7839.0
(4829, 4830, 4831) 6022.0
(7337, 7338, 7339) 6578.0
(680, 681, 682) 7710.0
(6645, 6646, 6647) 6909.0
(2200, 2201, 2202) 6469.0
(8944, 8945, 8946) 7069.0
(6906, 6907, 6908) 6439.0
(790, 791, 792) 6286.0
(791, 792, 793) 7605.0
(3557, 3558, 3559) 6048.0
(3303, 3304, 3305) 9739.0
(6481, 6482, 6483) 7171.0
(9528, 9529, 9530) 8117.0
(6731, 6732, 6733) 7030.0
(3415, 3416, 3417) 8522.0
(8764, 8765, 8766) 8601.0
(2556, 2557, 2558) 7872.0
(5233, 5234, 5235) 6542.0
(3581, 3582, 3583) 6195.0
(8838, 8839, 8840) 5970.0
(8734, 8735, 8736) 7320.0
(9045, 9046, 9047) 7822.0
(6625, 6626, 6627) 8085.0
(4717, 4718, 4719) 7080.0
(1265, 1266, 1267) 7664.0
(2157, 2158, 2159) 6784.0
(9542, 9543, 9544) 6901.0
(1984, 1985, 1986) 6435.0
(3895, 3896, 3897) 9160.0
(6835, 6836, 6837) 8040.0
(6029, 6030, 6031) 6096.0
(6389, 6390, 6391) 5923.0
(5357, 5358, 5359) 8773.0
(5331, 5332, 5333) 6653.0
(8344, 8345, 8346) 7331.0
(5449, 5450, 5451) 6930.0
(7144, 7145, 7146) 6664.0
(9468, 9469, 9470) 6448.0
(20, 21, 22) 5947.0
(7535, 7536, 7537) 6214.0
(712, 713, 714) 8822.0
(9078, 9079, 9080) 7231.0
(2336, 2337, 2338) 7428.0
(3911, 3912, 3913) 7849.0
(3375, 3376, 3377) 6672.0
(1140, 1141, 1142) 6321.0
(6607, 6608, 6609) 8488.0
(6398, 6399, 6400) 6538.0
(6689, 6690, 6691) 6346.0
(1352, 1353, 1354) 7688.0
(3925, 3926, 3927) 8591.0
(1742, 1743, 1744) 7835.0
(711, 712, 713) 6946.0
(8587, 8588, 8589) 6426.0
(3790, 3791, 3792) 6501.0
(7482, 7483, 7484) 6738.0
(3188, 3189, 3190) 7074.0
(3350, 3351, 3352) 6565.0
(175, 176, 177) 7968.0
(1666, 1667, 1668) 7664.0
(6512, 6513, 6514) 8253.0
(707, 708, 709) 7859.0
(3356, 3357, 3358) 6167.0
(9000, 9001, 9002) 7284.0
(1248, 1249, 1250) 6468.0
(9200, 9201, 9202) 7189.0
(7212, 7213, 7214) 8078.0
(855, 856, 857) 6259.0
(5273, 5274, 5275) 7670.0
(1649, 1650, 1651) 6360.0
(2838, 2839, 2840) 6767.0
(478, 479, 480) 7372.0
(1116, 1117, 1118) 7177.0
(9534, 9535, 9536) 6912.0
(5628, 5629, 5630) 8555.0
(1795, 1796, 1797) 8650.0
(4837, 4838, 4839) 6527.0
(7924, 7925, 7926) 6802.0
(7111, 7112, 7113) 7391.0
(7364, 7365, 7366) 8072.0
(159, 160, 161) 5997.0
