(882, 883, 884) 6846.0
(1386, 1387, 1388) 7344.0
(3101, 3102, 3103) 6891.0
(4882, 4883, 4884) 8383.0
(8192, 8193, 8194) 7937.0
(9529, 9530, 9531) 8009.0
(3642, 3643, 3644) 6412.0
(2732, 2733, 2734) 9358.0
(8119, 8120, 8121) 8374.0
(1558, 1559, 1560) 5870.0
(8525, 8526, 8527) 7595.0
(627, 628, 629) 6388.0
(2347, 2348, 2349) 6958.0
(6012, 6013, 6014) 6508.0
(8731, 8732, 8733) 7690.0
(7767, 7768, 7769) 7126.0
(9324, 9325, 9326) 7389.0
(3787, 3788, 3789) 7833.0
(9540, 9541, 9542) 11608.0
(2324, 2325, 2326) 8308.0
(7859, 7860, 7861) 6651.0
(4900, 4901, 4902) 7037.0
(2741, 2742, 2743) 6632.0
(1865, 1866, 1867) 7437.0
(4816, 4817, 4818) 7706.0
(2113, 2114, 2115) 6759.0
(3468, 3469, 3470) 8939.0
(7954, 7955, 7956) 6818.0
(2860, 2861, 2862) 8613.0
(8918, 8919, 8920) 8404.0
(8349, 8350, 8351) 6117.0
(2272, 2273, 2274) 6722.0
(3274, 3275, 3276) 7804.0
(7691, 7692, 7693) 6614.0
(5625, 5626, 5627) 7275.0
(8207, 8208, 8209) 6317.0
(891, 892, 893) 7954.0
(6716, 6717, 6718) 7405.0
(4803, 4804, 4805) 7333.0
(6019, 6020, 6021) 7461.0
(1764, 1765, 1766) 7314.0
(3530, 3531, 3532) 6630.0
(8523, 8524, 8525) 7636.0
(8985, 8986, 8987) 7357.0
(8258, 8259, 8260) 6759.0
(6664, 6665, 6666) 8553.0
(6946, 6947, 6948) 7613.0
(9070, 9071, 9072) 8280.0
(2450, 2451, 2452) 6956.0
(6944, 6945, 6946) 7730.0
(9679, 9680, 9681) 7615.0
(6241, 6242, 6243) 7746.0
(4070, 4071, 4072) 7764.0
(5095, 5096, 5097) 8208.0
(8322, 8323, 8324) 9508.0
(8676, 8677, 8678) 7851.0
(6942, 6943, 6944) 6101.0
(5706, 5707, 5708) 9934.0
(5179, 5180, 5181) 8510.0
(2104, 2105, 2106) 7506.0
(3369, 3370, 3371) 8643.0
(9010, 9011, 9012) 8009.0
(5785, 5786, 5787) 6669.0
(6234, 6235, 6236) 5981.0
(6313, 6314, 6315) 7249.0
(950, 951, 952) 6836.0
(4794, 4795, 4796) 7960.0
(2009, 2010, 2011) 11052.0
(9728, 9729, 9730) 7482.0
(5406, 5407, 5408) 7407.0
(9213, 9214, 9215) 7207.0
(721, 722, 723) 6416.0
(4173, 4174, 4175) 7370.0
(1365, 1366, 1367) 7930.0
(2270, 2271, 2272) 7780.0
(7504, 7505, 7506) 6846.0
(6633, 6634, 6635) 6197.0
(4357, 4358, 4359) 7844.0
(7277, 7278, 7279) 8988.0
(3119, 3120, 3121) 6908.0
(6666, 6667, 6668) 7801.0
(8110, 8111, 8112) 7487.0
(3, 4, 5) 8675.0
(582, 583, 584) 6847.0
(2804, 2805, 2806) 8175.0
(9621, 9622, 9623) 7105.0
(5898, 5899, 5900) 6486.0
(736, 737, 738) 6613.0
(7834, 7835, 7836) 8147.0
(6591, 6592, 6593) 6564.0
(4527, 4528, 4529) 6203.0
(2998, 2999, 3000) 7963.0
(6432, 6433, 6434) 6873.0
(8167, 8168, 8169) 8153.0
(254, 255, 256) 6217.0
(9782, 9783, 9784) 7523.0
(7640, 7641, 7642) 7332.0
(3540, 3541, 3542) 6593.0
(8263, 8264, 8265) 8633.0
(500, 501, 502) 6934.0
(8335, 8336, 8337) 11441.0
