(5475, 5476, 5477) 7008.0
(5665, 5666, 5667) 7759.0
(1495, 1496, 1497) 7986.0
(5378, 5379, 5380) 6616.0
(7960, 7961, 7962) 8469.0
(3532, 3533, 3534) 7222.0
(4679, 4680, 4681) 8829.0
(4037, 4038, 4039) 8000.0
(61, 62, 63) 7113.0
(252, 253, 254) 6779.0
(1040, 1041, 1042) 7374.0
(9854, 9855, 9856) 8145.0
(3874, 3875, 3876) 7524.0
(2024, 2025, 2026) 7839.0
(544, 545, 546) 9620.0
(7518, 7519, 7520) 9248.0
(535, 536, 537) 7338.0
(2285, 2286, 2287) 8718.0
(633, 634, 635) 9784.0
(2077, 2078, 2079) 6964.0
(7925, 7926, 7927) 7461.0
(1099, 1100, 1101) 6855.0
(5104, 5105, 5106) 6922.0
(9926, 9927, 9928) 7566.0
(1264, 1265, 1266) 9250.0
(7013, 7014, 7015) 6549.0
(1391, 1392, 1393) 7510.0
(4798, 4799, 4800) 7576.0
(9081, 9082, 9083) 7412.0
(1080, 1081, 1082) 7038.0
(6315, 6316, 6317) 7464.0
(819, 820, 821) 8651.0
(3690, 3691, 3692) 6928.0
(7106, 7107, 7108) 8713.0
(8908, 8909, 8910) 6704.0
(3984, 3985, 3986) 7623.0
(3857, 3858, 3859) 8619.0
(3366, 3367, 3368) 7863.0
(182, 183, 184) 9464.0
(1036, 1037, 1038) 6866.0
(6154, 6155, 6156) 8143.0
(9534, 9535, 9536) 7074.0
(2047, 2048, 2049) 7467.0
(1045, 1046, 1047) 8700.0
(9034, 9035, 9036) 7659.0
(3854, 3855, 3856) 6544.0
(8088, 8089, 8090) 7602.0
(3322, 3323, 3324) 7977.0
(8163, 8164, 8165) 8422.0
(234, 235, 236) 7781.0
(4885, 4886, 4887) 6460.0
(5849, 5850, 5851) 6379.0
(8974, 8975, 8976) 8105.0
(6099, 6100, 6101) 6685.0
(7276, 7277, 7278) 9153.0
(8849, 8850, 8851) 6946.0
(2890, 2891, 2892) 7149.0
(4241, 4242, 4243) 7787.0
(5377, 5378, 5379) 6959.0
(1157, 1158, 1159) 6617.0
(7617, 7618, 7619) 6756.0
(6911, 6912, 6913) 7813.0
(1242, 1243, 1244) 7557.0
(1828, 1829, 1830) 7168.0
(2659, 2660, 2661) 8533.0
(6422, 6423, 6424) 6592.0
(1582, 1583, 1584) 6915.0
(9784, 9785, 9786) 6655.0
(9966, 9967, 9968) 8776.0
(6222, 6223, 6224) 6542.0
(1186, 1187, 1188) 7836.0
(8258, 8259, 8260) 6841.0
(9358, 9359, 9360) 8661.0
(889, 890, 891) 9142.0
(835, 836, 837) 7972.0
(7922, 7923, 7924) 7954.0
(5207, 5208, 5209) 7089.0
(9504, 9505, 9506) 6719.0
(4226, 4227, 4228) 6511.0
(4455, 4456, 4457) 7810.0
(7047, 7048, 7049) 7986.0
(2345, 2346, 2347) 7271.0
(9942, 9943, 9944) 7257.0
(6959, 6960, 6961) 7951.0
(802, 803, 804) 6872.0
(8183, 8184, 8185) 8914.0
(2489, 2490, 2491) 6669.0
(3869, 3870, 3871) 7381.0
(5117, 5118, 5119) 7214.0
(853, 854, 855) 6826.0
(5486, 5487, 5488) 6464.0
(7872, 7873, 7874) 7515.0
(636, 637, 638) 7852.0
(9355, 9356, 9357) 7412.0
(7014, 7015, 7016) 9120.0
(9864, 9865, 9866) 6705.0
(1438, 1439, 1440) 7459.0
(5440, 5441, 5442) 7246.0
(806, 807, 808) 6394.0
(4935, 4936, 4937) 8204.0
(437, 438, 439) 7649.0
