(4326, 4327, 4328) 7463.0
(300, 301, 302) 9004.0
(3763, 3764, 3765) 7535.0
(5365, 5366, 5367) 6766.0
(8986, 8987, 8988) 7612.0
(401, 402, 403) 8683.0
(2529, 2530, 2531) 6904.0
(6631, 6632, 6633) 7758.0
(4852, 4853, 4854) 8401.0
(2654, 2655, 2656) 6479.0
(5889, 5890, 5891) 7860.0
(3946, 3947, 3948) 7783.0
(9892, 9893, 9894) 8469.0
(3104, 3105, 3106) 7308.0
(7272, 7273, 7274) 8065.0
(6464, 6465, 6466) 7945.0
(8476, 8477, 8478) 9111.0
(5691, 5692, 5693) 7558.0
(217, 218, 219) 7769.0
(2279, 2280, 2281) 7557.0
(3132, 3133, 3134) 9542.0
(3685, 3686, 3687) 7204.0
(4681, 4682, 4683) 6767.0
(7878, 7879, 7880) 7098.0
(8669, 8670, 8671) 6478.0
(6417, 6418, 6419) 10408.0
(3321, 3322, 3323) 6799.0
(8676, 8677, 8678) 8187.0
(6345, 6346, 6347) 6742.0
(4779, 4780, 4781) 8717.0
(3851, 3852, 3853) 8910.0
(4911, 4912, 4913) 7152.0
(3122, 3123, 3124) 7467.0
(7792, 7793, 7794) 7096.0
(513, 514, 515) 8674.0
(2842, 2843, 2844) 7611.0
(677, 678, 679) 8200.0
(9678, 9679, 9680) 8156.0
(1467, 1468, 1469) 6262.0
(2982, 2983, 2984) 8416.0
(1509, 1510, 1511) 7625.0
(494, 495, 496) 7618.0
(1416, 1417, 1418) 7613.0
(7664, 7665, 7666) 7739.0
(7912, 7913, 7914) 10016.0
(6259, 6260, 6261) 7883.0
(9861, 9862, 9863) 10599.0
(825, 826, 827) 9136.0
(5886, 5887, 5888) 6354.0
(265, 266, 267) 8660.0
(9100, 9101, 9102) 7683.0
(5632, 5633, 5634) 7561.0
(3440, 3441, 3442) 7511.0
(6459, 6460, 6461) 9691.0
(6567, 6568, 6569) 7126.0
(4740, 4741, 4742) 8339.0
(5146, 5147, 5148) 7368.0
(6782, 6783, 6784) 7545.0
(9933, 9934, 9935) 7073.0
(9145, 9146, 9147) 8102.0
(9152, 9153, 9154) 9395.0
(1551, 1552, 1553) 7521.0
(2815, 2816, 2817) 8067.0
(1564, 1565, 1566) 7748.0
(3186, 3187, 3188) 9962.0
(9196, 9197, 9198) 7549.0
(1185, 1186, 1187) 8070.0
(6102, 6103, 6104) 8870.0
(5800, 5801, 5802) 7031.0
(8615, 8616, 8617) 7424.0
(8133, 8134, 8135) 9310.0
(9628, 9629, 9630) 7139.0
(1877, 1878, 1879) 8182.0
(3320, 3321, 3322) 8720.0
(439, 440, 441) 6758.0
(842, 843, 844) 6814.0
(9540, 9541, 9542) 12041.0
(7618, 7619, 7620) 7966.0
(812, 813, 814) 7720.0
(3910, 3911, 3912) 6701.0
(3939, 3940, 3941) 6254.0
(8495, 8496, 8497) 8834.0
(7925, 7926, 7927) 7505.0
(6505, 6506, 6507) 6745.0
(7879, 7880, 7881) 6888.0
(6283, 6284, 6285) 8033.0
(1088, 1089, 1090) 7459.0
(2806, 2807, 2808) 7413.0
(6082, 6083, 6084) 7850.0
(5847, 5848, 5849) 8975.0
(7464, 7465, 7466) 7340.0
(7454, 7455, 7456) 7568.0
(1811, 1812, 1813) 8241.0
(4682, 4683, 4684) 9663.0
(9542, 9543, 9544) 6982.0
(6877, 6878, 6879) 9034.0
(537, 538, 539) 10555.0
(1965, 1966, 1967) 6919.0
(8375, 8376, 8377) 9763.0
(3063, 3064, 3065) 7245.0
(7121, 7122, 7123) 7573.0
