(7830, 7831, 7832) 7544.0
(9439, 9440, 9441) 8832.0
(3008, 3009, 3010) 6401.0
(63, 64, 65) 7100.0
(6068, 6069, 6070) 6846.0
(9249, 9250, 9251) 7226.0
(7001, 7002, 7003) 7031.0
(6163, 6164, 6165) 8049.0
(7190, 7191, 7192) 8239.0
(2426, 2427, 2428) 7441.0
(2077, 2078, 2079) 7767.0
(5777, 5778, 5779) 8277.0
(9951, 9952, 9953) 8719.0
(5860, 5861, 5862) 9516.0
(1577, 1578, 1579) 8111.0
(8404, 8405, 8406) 8102.0
(5994, 5995, 5996) 9985.0
(9803, 9804, 9805) 8451.0
(190, 191, 192) 6920.0
(9929, 9930, 9931) 7822.0
(242, 243, 244) 7046.0
(3327, 3328, 3329) 8557.0
(2518, 2519, 2520) 8919.0
(3978, 3979, 3980) 8479.0
(7550, 7551, 7552) 7404.0
(9088, 9089, 9090) 6474.0
(1413, 1414, 1415) 7972.0
(453, 454, 455) 8475.0
(6057, 6058, 6059) 8292.0
(8524, 8525, 8526) 9518.0
(4007, 4008, 4009) 6445.0
(859, 860, 861) 7627.0
(9908, 9909, 9910) 7387.0
(3961, 3962, 3963) 6976.0
(6629, 6630, 6631) 8412.0
(114, 115, 116) 9775.0
(9277, 9278, 9279) 8437.0
(6700, 6701, 6702) 7899.0
(3902, 3903, 3904) 10024.0
(9698, 9699, 9700) 7870.0
(6443, 6444, 6445) 7384.0
(6754, 6755, 6756) 8425.0
(5225, 5226, 5227) 6417.0
(3906, 3907, 3908) 8520.0
(2754, 2755, 2756) 7374.0
(5517, 5518, 5519) 9176.0
(5602, 5603, 5604) 7452.0
(3229, 3230, 3231) 7705.0
(7956, 7957, 7958) 8092.0
(2915, 2916, 2917) 7787.0
(7595, 7596, 7597) 6774.0
(8352, 8353, 8354) 7873.0
(7599, 7600, 7601) 8195.0
(6132, 6133, 6134) 8733.0
(6422, 6423, 6424) 7049.0
(4897, 4898, 4899) 8748.0
(8873, 8874, 8875) 8084.0
(964, 965, 966) 8875.0
(7333, 7334, 7335) 8352.0
(1546, 1547, 1548) 6625.0
(6742, 6743, 6744) 8415.0
(9859, 9860, 9861) 6878.0
(430, 431, 432) 7278.0
(3550, 3551, 3552) 7926.0
(1567, 1568, 1569) 8043.0
(1782, 1783, 1784) 8659.0
(6542, 6543, 6544) 8288.0
(5782, 5783, 5784) 8505.0
(2203, 2204, 2205) 7129.0
(6035, 6036, 6037) 8355.0
(2705, 2706, 2707) 6524.0
(7470, 7471, 7472) 7172.0
(9080, 9081, 9082) 6687.0
(490, 491, 492) 7095.0
(648, 649, 650) 9018.0
(5727, 5728, 5729) 6755.0
(4132, 4133, 4134) 9157.0
(254, 255, 256) 6575.0
(592, 593, 594) 7605.0
(2784, 2785, 2786) 7668.0
(1312, 1313, 1314) 6452.0
(624, 625, 626) 8626.0
(368, 369, 370) 7611.0
(2206, 2207, 2208) 7105.0
(9304, 9305, 9306) 9336.0
(4433, 4434, 4435) 7342.0
(7248, 7249, 7250) 7747.0
(3908, 3909, 3910) 6721.0
(580, 581, 582) 7113.0
(8706, 8707, 8708) 8400.0
(5601, 5602, 5603) 7867.0
(4881, 4882, 4883) 7962.0
(7087, 7088, 7089) 7041.0
(8139, 8140, 8141) 7908.0
(5098, 5099, 5100) 7788.0
(7848, 7849, 7850) 7876.0
(9312, 9313, 9314) 7469.0
(5651, 5652, 5653) 9785.0
(537, 538, 539) 10860.0
(4646, 4647, 4648) 6960.0
(4533, 4534, 4535) 11484.0
