(3393, 3394, 3395) 6476.0
(6013, 6014, 6015) 8026.0
(9476, 9477, 9478) 7578.0
(2331, 2332, 2333) 7445.0
(5518, 5519, 5520) 8240.0
(1497, 1498, 1499) 7382.0
(5822, 5823, 5824) 9212.0
(148, 149, 150) 8049.0
(337, 338, 339) 8732.0
(499, 500, 501) 11795.0
(3076, 3077, 3078) 8578.0
(9656, 9657, 9658) 7814.0
(9221, 9222, 9223) 9304.0
(2236, 2237, 2238) 7733.0
(1957, 1958, 1959) 8760.0
(9716, 9717, 9718) 9134.0
(4034, 4035, 4036) 8283.0
(9455, 9456, 9457) 8259.0
(4726, 4727, 4728) 8658.0
(7750, 7751, 7752) 8966.0
(5247, 5248, 5249) 8587.0
(8424, 8425, 8426) 7156.0
(3294, 3295, 3296) 9417.0
(603, 604, 605) 10331.0
(492, 493, 494) 8773.0
(4030, 4031, 4032) 8096.0
(9433, 9434, 9435) 10595.0
(347, 348, 349) 7406.0
(6686, 6687, 6688) 7442.0
(6896, 6897, 6898) 9525.0
(7844, 7845, 7846) 8663.0
(2327, 2328, 2329) 8549.0
(1397, 1398, 1399) 7710.0
(7896, 7897, 7898) 8976.0
(3874, 3875, 3876) 9464.0
(9331, 9332, 9333) 8565.0
(3520, 3521, 3522) 7172.0
(5351, 5352, 5353) 9643.0
(6058, 6059, 6060) 8475.0
(4569, 4570, 4571) 7596.0
(844, 845, 846) 10397.0
(8143, 8144, 8145) 8883.0
(1673, 1674, 1675) 9109.0
(4504, 4505, 4506) 7909.0
(9019, 9020, 9021) 7886.0
(4706, 4707, 4708) 7500.0
(2613, 2614, 2615) 7583.0
(5427, 5428, 5429) 8535.0
(4140, 4141, 4142) 7708.0
(6150, 6151, 6152) 8810.0
(4217, 4218, 4219) 6750.0
(4529, 4530, 4531) 8648.0
(4685, 4686, 4687) 8058.0
(7621, 7622, 7623) 8695.0
(6250, 6251, 6252) 8937.0
(9082, 9083, 9084) 7993.0
(3703, 3704, 3705) 7958.0
(7083, 7084, 7085) 10289.0
(8133, 8134, 8135) 9622.0
(8932, 8933, 8934) 10055.0
(3860, 3861, 3862) 8421.0
(5036, 5037, 5038) 8118.0
(7526, 7527, 7528) 8386.0
(3138, 3139, 3140) 7883.0
(1350, 1351, 1352) 10834.0
(9742, 9743, 9744) 6948.0
(5863, 5864, 5865) 8644.0
(4123, 4124, 4125) 7823.0
(8300, 8301, 8302) 9878.0
(9232, 9233, 9234) 9997.0
(7681, 7682, 7683) 8148.0
(2045, 2046, 2047) 8732.0
(4225, 4226, 4227) 9336.0
(3575, 3576, 3577) 7291.0
(6864, 6865, 6866) 8660.0
(6613, 6614, 6615) 6960.0
(7571, 7572, 7573) 7596.0
(7104, 7105, 7106) 8028.0
(971, 972, 973) 7059.0
(6085, 6086, 6087) 8147.0
(7654, 7655, 7656) 9148.0
(3237, 3238, 3239) 6884.0
(9534, 9535, 9536) 8142.0
(3837, 3838, 3839) 8456.0
(2631, 2632, 2633) 11229.0
(4214, 4215, 4216) 7155.0
(6935, 6936, 6937) 9246.0
(1128, 1129, 1130) 8659.0
(1517, 1518, 1519) 9018.0
(1949, 1950, 1951) 9173.0
(5166, 5167, 5168) 8295.0
(9991, 9992, 9993) 9105.0
(2259, 2260, 2261) 7274.0
(7577, 7578, 7579) 7415.0
(4753, 4754, 4755) 8228.0
(7003, 7004, 7005) 7492.0
(6047, 6048, 6049) 8304.0
(5168, 5169, 5170) 7289.0
(9043, 9044, 9045) 8052.0
(5489, 5490, 5491) 8467.0
(1547, 1548, 1549) 8109.0
