(5678, 5679, 5680) 9076.0
(3103, 3104, 3105) 6921.0
(9080, 9081, 9082) 7134.0
(5525, 5526, 5527) 9672.0
(3131, 3132, 3133) 9504.0
(510, 511, 512) 8545.0
(9940, 9941, 9942) 8144.0
(9034, 9035, 9036) 8521.0
(3456, 3457, 3458) 8511.0
(8297, 8298, 8299) 8740.0
(8188, 8189, 8190) 7211.0
(711, 712, 713) 8038.0
(5285, 5286, 5287) 8533.0
(3141, 3142, 3143) 9837.0
(9631, 9632, 9633) 8207.0
(9171, 9172, 9173) 9398.0
(576, 577, 578) 8280.0
(9999, 10000, 10001) 9289.0
(7613, 7614, 7615) 8251.0
(3005, 3006, 3007) 7582.0
(3884, 3885, 3886) 9554.0
(3887, 3888, 3889) 7439.0
(4966, 4967, 4968) 7954.0
(6572, 6573, 6574) 7396.0
(4272, 4273, 4274) 8557.0
(1644, 1645, 1646) 8593.0
(151, 152, 153) 7914.0
(6229, 6230, 6231) 8920.0
(9183, 9184, 9185) 9087.0
(8210, 8211, 8212) 9043.0
(7054, 7055, 7056) 8566.0
(4062, 4063, 4064) 7637.0
(9452, 9453, 9454) 9404.0
(1531, 1532, 1533) 9009.0
(9492, 9493, 9494) 8454.0
(3104, 3105, 3106) 8281.0
(2729, 2730, 2731) 9926.0
(7843, 7844, 7845) 8848.0
(2553, 2554, 2555) 8406.0
(9465, 9466, 9467) 9296.0
(7654, 7655, 7656) 9476.0
(1620, 1621, 1622) 8350.0
(7922, 7923, 7924) 9593.0
(1636, 1637, 1638) 8836.0
(5754, 5755, 5756) 7367.0
(6675, 6676, 6677) 8515.0
(7337, 7338, 7339) 8386.0
(6223, 6224, 6225) 9042.0
(1278, 1279, 1280) 8660.0
(8876, 8877, 8878) 7366.0
(7370, 7371, 7372) 7098.0
(8031, 8032, 8033) 8154.0
(1312, 1313, 1314) 7523.0
(3738, 3739, 3740) 11813.0
(5328, 5329, 5330) 7507.0
(9724, 9725, 9726) 8800.0
(4611, 4612, 4613) 7716.0
(1267, 1268, 1269) 9378.0
(2064, 2065, 2066) 9531.0
(3830, 3831, 3832) 9648.0
(6734, 6735, 6736) 8397.0
(4417, 4418, 4419) 9207.0
(3554, 3555, 3556) 9207.0
(2397, 2398, 2399) 8108.0
(1906, 1907, 1908) 10455.0
(4018, 4019, 4020) 7974.0
(529, 530, 531) 9208.0
(2546, 2547, 2548) 8574.0
(7503, 7504, 7505) 10095.0
(8658, 8659, 8660) 7704.0
(3710, 3711, 3712) 9453.0
(2527, 2528, 2529) 8164.0
(57, 58, 59) 10358.0
(4827, 4828, 4829) 9105.0
(8386, 8387, 8388) 8860.0
(393, 394, 395) 6767.0
(8761, 8762, 8763) 8382.0
(9200, 9201, 9202) 8092.0
(5122, 5123, 5124) 8504.0
(5737, 5738, 5739) 11676.0
(1891, 1892, 1893) 7782.0
(9944, 9945, 9946) 7818.0
(1234, 1235, 1236) 7463.0
(8660, 8661, 8662) 8648.0
(6146, 6147, 6148) 7769.0
(5602, 5603, 5604) 7878.0
(8681, 8682, 8683) 8035.0
(5369, 5370, 5371) 8642.0
(864, 865, 866) 7358.0
(7153, 7154, 7155) 8558.0
(8183, 8184, 8185) 9840.0
(7304, 7305, 7306) 9561.0
(3802, 3803, 3804) 8874.0
(1436, 1437, 1438) 7902.0
(3342, 3343, 3344) 8566.0
(7311, 7312, 7313) 8918.0
(7241, 7242, 7243) 8682.0
(6935, 6936, 6937) 9829.0
(3343, 3344, 3345) 7520.0
(2715, 2716, 2717) 8330.0
(8057, 8058, 8059) 6817.0
