(12, 13, 14) 924.0
(1385, 1386, 1387) 832.0
(5384, 5385, 5386) 620.0
(9888, 9889, 9890) 535.0
(646, 647, 648) 891.0
(1487, 1488, 1489) 692.0
(6155, 6156, 6157) 1188.0
(1882, 1883, 1884) 829.0
(9079, 9080, 9081) 515.0
(7839, 7840, 7841) 608.0
(4764, 4765, 4766) 592.0
(1654, 1655, 1656) 760.0
(2764, 2765, 2766) 553.0
(8817, 8818, 8819) 673.0
(5469, 5470, 5471) 876.0
(864, 865, 866) 688.0
(182, 183, 184) 894.0
(5090, 5091, 5092) 503.0
(1272, 1273, 1274) 581.0
(3204, 3205, 3206) 683.0
(4969, 4970, 4971) 1153.0
(3335, 3336, 3337) 717.0
(6305, 6306, 6307) 873.0
(8612, 8613, 8614) 990.0
(554, 555, 556) 636.0
(4829, 4830, 4831) 629.0
(3358, 3359, 3360) 776.0
(3211, 3212, 3213) 642.0
(2553, 2554, 2555) 779.0
(7160, 7161, 7162) 683.0
(5460, 5461, 5462) 732.0
(1313, 1314, 1315) 623.0
(629, 630, 631) 735.0
(1319, 1320, 1321) 867.0
(5398, 5399, 5400) 692.0
(2730, 2731, 2732) 537.0
(2570, 2571, 2572) 572.0
(921, 922, 923) 1044.0
(9518, 9519, 9520) 835.0
(7514, 7515, 7516) 774.0
(4634, 4635, 4636) 591.0
(9071, 9072, 9073) 648.0
(5963, 5964, 5965) 722.0
(546, 547, 548) 1172.0
(6756, 6757, 6758) 989.0
(1572, 1573, 1574) 649.0
(5262, 5263, 5264) 847.0
(3543, 3544, 3545) 565.0
(5290, 5291, 5292) 823.0
(4037, 4038, 4039) 612.0
(5555, 5556, 5557) 661.0
(6353, 6354, 6355) 629.0
(2412, 2413, 2414) 799.0
(4005, 4006, 4007) 804.0
(3938, 3939, 3940) 720.0
(9869, 9870, 9871) 606.0
(5947, 5948, 5949) 786.0
(650, 651, 652) 556.0
(8434, 8435, 8436) 633.0
(8385, 8386, 8387) 517.0
(2523, 2524, 2525) 961.0
(9378, 9379, 9380) 1284.0
(1979, 1980, 1981) 600.0
(2004, 2005, 2006) 682.0
(7113, 7114, 7115) 944.0
(1130, 1131, 1132) 889.0
(6412, 6413, 6414) 737.0
(68, 69, 70) 615.0
(6808, 6809, 6810) 563.0
(4240, 4241, 4242) 666.0
(6232, 6233, 6234) 714.0
(4148, 4149, 4150) 699.0
(218, 219, 220) 674.0
(9744, 9745, 9746) 656.0
(8017, 8018, 8019) 648.0
(9851, 9852, 9853) 726.0
(1262, 1263, 1264) 1068.0
(3583, 3584, 3585) 975.0
(732, 733, 734) 670.0
(6536, 6537, 6538) 791.0
(5354, 5355, 5356) 670.0
(3190, 3191, 3192) 907.0
(6725, 6726, 6727) 643.0
(4867, 4868, 4869) 514.0
(8936, 8937, 8938) 853.0
(95, 96, 97) 714.0
(9457, 9458, 9459) 466.0
(2552, 2553, 2554) 661.0
(9748, 9749, 9750) 801.0
(6880, 6881, 6882) 794.0
(8769, 8770, 8771) 800.0
(7567, 7568, 7569) 548.0
(2700, 2701, 2702) 544.0
(6220, 6221, 6222) 881.0
(6695, 6696, 6697) 939.0
(5535, 5536, 5537) 725.0
(6449, 6450, 6451) 528.0
(6412, 6413, 6414) 737.0
(9999, 10000, 10001) 968.0
(5184, 5185, 5186) 726.0
(7506, 7507, 7508) 814.0
