(6170, 6171, 6172) 7828.0
(8673, 8674, 8675) 8409.0
(7178, 7179, 7180) 9619.0
(6604, 6605, 6606) 9017.0
(5618, 5619, 5620) 7048.0
(1648, 1649, 1650) 10315.0
(4483, 4484, 4485) 9993.0
(4240, 4241, 4242) 9715.0
(4147, 4148, 4149) 9126.0
(9593, 9594, 9595) 9360.0
(2273, 2274, 2275) 8412.0
(8669, 8670, 8671) 6945.0
(2066, 2067, 2068) 9480.0
(8302, 8303, 8304) 10045.0
(436, 437, 438) 8322.0
(2415, 2416, 2417) 7697.0
(1224, 1225, 1226) 8175.0
(1482, 1483, 1484) 10780.0
(4981, 4982, 4983) 7845.0
(7356, 7357, 7358) 8075.0
(4124, 4125, 4126) 8173.0
(2311, 2312, 2313) 7691.0
(48, 49, 50) 7959.0
(5901, 5902, 5903) 7553.0
(4169, 4170, 4171) 9368.0
(5312, 5313, 5314) 9547.0
(3073, 3074, 3075) 9503.0
(5620, 5621, 5622) 7721.0
(4618, 4619, 4620) 7906.0
(7862, 7863, 7864) 11732.0
(2285, 2286, 2287) 9834.0
(1529, 1530, 1531) 7283.0
(3349, 3350, 3351) 10782.0
(7704, 7705, 7706) 7802.0
(6129, 6130, 6131) 9247.0
(9288, 9289, 9290) 9171.0
(4700, 4701, 4702) 8926.0
(3114, 3115, 3116) 8332.0
(8504, 8505, 8506) 11645.0
(1707, 1708, 1709) 7452.0
(6676, 6677, 6678) 10835.0
(5281, 5282, 5283) 10400.0
(8098, 8099, 8100) 7818.0
(688, 689, 690) 7527.0
(9242, 9243, 9244) 9596.0
(9014, 9015, 9016) 9532.0
(4374, 4375, 4376) 11071.0
(3736, 3737, 3738) 8735.0
(4111, 4112, 4113) 8417.0
(4511, 4512, 4513) 9052.0
(2293, 2294, 2295) 7905.0
(8622, 8623, 8624) 8220.0
(3352, 3353, 3354) 8104.0
(5698, 5699, 5700) 9107.0
(4296, 4297, 4298) 9275.0
(2011, 2012, 2013) 7965.0
(3212, 3213, 3214) 7487.0
(1858, 1859, 1860) 9588.0
(1044, 1045, 1046) 8181.0
(7730, 7731, 7732) 7438.0
(8891, 8892, 8893) 9641.0
(86, 87, 88) 8418.0
(3265, 3266, 3267) 8901.0
(6696, 6697, 6698) 9718.0
(6912, 6913, 6914) 11979.0
(9833, 9834, 9835) 8459.0
(7245, 7246, 7247) 8500.0
(6449, 6450, 6451) 8683.0
(8424, 8425, 8426) 7278.0
(8918, 8919, 8920) 9308.0
(3820, 3821, 3822) 7949.0
(4136, 4137, 4138) 7673.0
(7409, 7410, 7411) 7931.0
(7210, 7211, 7212) 9482.0
(1730, 1731, 1732) 10546.0
(7116, 7117, 7118) 8314.0
(36, 37, 38) 9001.0
(9276, 9277, 9278) 8044.0
(1210, 1211, 1212) 11179.0
(2217, 2218, 2219) 7087.0
(7528, 7529, 7530) 8233.0
(5946, 5947, 5948) 7268.0
(8827, 8828, 8829) 8330.0
(2834, 2835, 2836) 9103.0
(4894, 4895, 4896) 8782.0
(8523, 8524, 8525) 8837.0
(672, 673, 674) 8460.0
(894, 895, 896) 10025.0
(5486, 5487, 5488) 7506.0
(9535, 9536, 9537) 7909.0
(7766, 7767, 7768) 9207.0
(6060, 6061, 6062) 11836.0
(1462, 1463, 1464) 7025.0
(2976, 2977, 2978) 9627.0
(7519, 7520, 7521) 8480.0
(6480, 6481, 6482) 8207.0
(516, 517, 518) 8123.0
(8917, 8918, 8919) 8571.0
(7644, 7645, 7646) 8827.0
(9335, 9336, 9337) 9247.0
(2659, 2660, 2661) 10609.0
