(6971, 6972, 6973) 7482.0
(8103, 8104, 8105) 9504.0
(3483, 3484, 3485) 7458.0
(4207, 4208, 4209) 7104.0
(4931, 4932, 4933) 7949.0
(8688, 8689, 8690) 9763.0
(766, 767, 768) 8185.0
(2530, 2531, 2532) 8955.0
(2650, 2651, 2652) 7813.0
(1397, 1398, 1399) 8753.0
(7424, 7425, 7426) 8347.0
(945, 946, 947) 7994.0
(8949, 8950, 8951) 8041.0
(1005, 1006, 1007) 8824.0
(2756, 2757, 2758) 9334.0
(2509, 2510, 2511) 8483.0
(6915, 6916, 6917) 9664.0
(6590, 6591, 6592) 9018.0
(8610, 8611, 8612) 10276.0
(775, 776, 777) 8198.0
(1214, 1215, 1216) 7352.0
(7464, 7465, 7466) 7943.0
(2047, 2048, 2049) 8373.0
(3447, 3448, 3449) 8361.0
(9874, 9875, 9876) 8457.0
(5400, 5401, 5402) 9441.0
(2676, 2677, 2678) 10283.0
(9177, 9178, 9179) 7859.0
(6341, 6342, 6343) 9031.0
(6692, 6693, 6694) 9810.0
(8833, 8834, 8835) 9250.0
(8736, 8737, 8738) 7218.0
(7596, 7597, 7598) 9642.0
(7977, 7978, 7979) 7434.0
(2591, 2592, 2593) 8810.0
(756, 757, 758) 8747.0
(5207, 5208, 5209) 8521.0
(4064, 4065, 4066) 7843.0
(5978, 5979, 5980) 8225.0
(2740, 2741, 2742) 7849.0
(5612, 5613, 5614) 8354.0
(8286, 8287, 8288) 8093.0
(2740, 2741, 2742) 7849.0
(9127, 9128, 9129) 7974.0
(7522, 7523, 7524) 9387.0
(4825, 4826, 4827) 8328.0
(3798, 3799, 3800) 8239.0
(2008, 2009, 2010) 7805.0
(3613, 3614, 3615) 8297.0
(6641, 6642, 6643) 8699.0
(7623, 7624, 7625) 8767.0
(9979, 9980, 9981) 8767.0
(2160, 2161, 2162) 9220.0
(4591, 4592, 4593) 8475.0
(3094, 3095, 3096) 9395.0
(2211, 2212, 2213) 10131.0
(6548, 6549, 6550) 8500.0
(6671, 6672, 6673) 8082.0
(3119, 3120, 3121) 8563.0
(9108, 9109, 9110) 10438.0
(4455, 4456, 4457) 8874.0
(5264, 5265, 5266) 11342.0
(1370, 1371, 1372) 8874.0
(1730, 1731, 1732) 10752.0
(2721, 2722, 2723) 8635.0
(2600, 2601, 2602) 8667.0
(4791, 4792, 4793) 7426.0
(6471, 6472, 6473) 9108.0
(9588, 9589, 9590) 10063.0
(1184, 1185, 1186) 9887.0
(7087, 7088, 7089) 8161.0
(2406, 2407, 2408) 10068.0
(6497, 6498, 6499) 8292.0
(3324, 3325, 3326) 8485.0
(8900, 8901, 8902) 8545.0
(6925, 6926, 6927) 7976.0
(1170, 1171, 1172) 10142.0
(6173, 6174, 6175) 8284.0
(4280, 4281, 4282) 7885.0
(1155, 1156, 1157) 8583.0
(1403, 1404, 1405) 9003.0
(7845, 7846, 7847) 10048.0
(6527, 6528, 6529) 7431.0
(440, 441, 442) 9103.0
(3781, 3782, 3783) 10363.0
(4761, 4762, 4763) 8905.0
(2936, 2937, 2938) 9624.0
(9941, 9942, 9943) 8586.0
(8317, 8318, 8319) 9621.0
(5170, 5171, 5172) 8048.0
(7064, 7065, 7066) 8509.0
(2635, 2636, 2637) 11027.0
(8386, 8387, 8388) 9346.0
(3422, 3423, 3424) 7790.0
(958, 959, 960) 9425.0
(3457, 3458, 3459) 9139.0
(1696, 1697, 1698) 8534.0
(9102, 9103, 9104) 7842.0
(5174, 5175, 5176) 7889.0
(3258, 3259, 3260) 7278.0
(609, 610, 611) 7714.0
