(9135, 9136, 9137) 11366.0
(1151, 1152, 1153) 11564.0
(2535, 2536, 2537) 7931.0
(2014, 2015, 2016) 9181.0
(4060, 4061, 4062) 9798.0
(5583, 5584, 5585) 7536.0
(5024, 5025, 5026) 10649.0
(9074, 9075, 9076) 9068.0
(9160, 9161, 9162) 10067.0
(3995, 3996, 3997) 8771.0
(8730, 8731, 8732) 11282.0
(7196, 7197, 7198) 8896.0
(1023, 1024, 1025) 9183.0
(1187, 1188, 1189) 8766.0
(3343, 3344, 3345) 7970.0
(2136, 2137, 2138) 8003.0
(9385, 9386, 9387) 9946.0
(3449, 3450, 3451) 9456.0
(1408, 1409, 1410) 12096.0
(8334, 8335, 8336) 7989.0
(3499, 3500, 3501) 10590.0
(9739, 9740, 9741) 10664.0
(875, 876, 877) 7606.0
(9645, 9646, 9647) 8769.0
(8765, 8766, 8767) 10266.0
(1180, 1181, 1182) 8906.0
(3639, 3640, 3641) 10085.0
(5100, 5101, 5102) 7770.0
(9588, 9589, 9590) 10167.0
(3237, 3238, 3239) 7846.0
(1551, 1552, 1553) 9066.0
(931, 932, 933) 9893.0
(5298, 5299, 5300) 9052.0
(915, 916, 917) 7701.0
(3032, 3033, 3034) 8571.0
(5372, 5373, 5374) 10959.0
(3057, 3058, 3059) 9253.0
(113, 114, 115) 9221.0
(3543, 3544, 3545) 7355.0
(9029, 9030, 9031) 9298.0
(3279, 3280, 3281) 9720.0
(1910, 1911, 1912) 10115.0
(7886, 7887, 7888) 8132.0
(7869, 7870, 7871) 10755.0
(6775, 6776, 6777) 10986.0
(7370, 7371, 7372) 7964.0
(3737, 3738, 3739) 11416.0
(9605, 9606, 9607) 8115.0
(6661, 6662, 6663) 9140.0
(8350, 8351, 8352) 9062.0
(1451, 1452, 1453) 10605.0
(621, 622, 623) 11591.0
(337, 338, 339) 9658.0
(4585, 4586, 4587) 8949.0
(122, 123, 124) 10304.0
(2025, 2026, 2027) 8816.0
(7557, 7558, 7559) 7290.0
(5317, 5318, 5319) 9054.0
(6352, 6353, 6354) 9270.0
(9300, 9301, 9302) 8457.0
(1147, 1148, 1149) 8213.0
(2958, 2959, 2960) 8256.0
(3806, 3807, 3808) 8035.0
(9957, 9958, 9959) 10750.0
(9648, 9649, 9650) 10454.0
(7784, 7785, 7786) 7404.0
(4268, 4269, 4270) 8791.0
(4095, 4096, 4097) 10862.0
(1228, 1229, 1230) 8616.0
(5975, 5976, 5977) 9453.0
(6739, 6740, 6741) 8864.0
(4229, 4230, 4231) 9200.0
(4418, 4419, 4420) 11571.0
(9634, 9635, 9636) 10895.0
(8186, 8187, 8188) 8935.0
(5678, 5679, 5680) 9623.0
(8576, 8577, 8578) 10653.0
(9551, 9552, 9553) 7893.0
(956, 957, 958) 9792.0
(1131, 1132, 1133) 9544.0
(7285, 7286, 7287) 8454.0
(7688, 7689, 7690) 7486.0
(2837, 2838, 2839) 8476.0
(8462, 8463, 8464) 8283.0
(997, 998, 999) 8714.0
(6097, 6098, 6099) 9214.0
(8234, 8235, 8236) 7776.0
(4542, 4543, 4544) 8809.0
(1350, 1351, 1352) 12058.0
(476, 477, 478) 8942.0
(9309, 9310, 9311) 8497.0
(5007, 5008, 5009) 8078.0
(2516, 2517, 2518) 9090.0
(8005, 8006, 8007) 9756.0
(7949, 7950, 7951) 9117.0
(5838, 5839, 5840) 8757.0
(9320, 9321, 9322) 8742.0
(7217, 7218, 7219) 9926.0
(3640, 3641, 3642) 10284.0
(8037, 8038, 8039) 10121.0
(4704, 4705, 4706) 8095.0
