(1620, 1621, 1622) 9625.0
(1902, 1903, 1904) 8859.0
(9816, 9817, 9818) 9192.0
(5735, 5736, 5737) 9304.0
(8174, 8175, 8176) 12166.0
(9882, 9883, 9884) 8027.0
(3047, 3048, 3049) 7450.0
(5425, 5426, 5427) 7900.0
(1077, 1078, 1079) 10694.0
(3054, 3055, 3056) 8324.0
(9146, 9147, 9148) 9966.0
(7030, 7031, 7032) 9485.0
(281, 282, 283) 8788.0
(8203, 8204, 8205) 11558.0
(6012, 6013, 6014) 7911.0
(3381, 3382, 3383) 9380.0
(8665, 8666, 8667) 10002.0
(5619, 5620, 5621) 7663.0
(3505, 3506, 3507) 8263.0
(4733, 4734, 4735) 10880.0
(9128, 9129, 9130) 10504.0
(7290, 7291, 7292) 9621.0
(5264, 5265, 5266) 11271.0
(8533, 8534, 8535) 8154.0
(1398, 1399, 1400) 8939.0
(9890, 9891, 9892) 8461.0
(3379, 3380, 3381) 8504.0
(7726, 7727, 7728) 9751.0
(8863, 8864, 8865) 8611.0
(2869, 2870, 2871) 9430.0
(2456, 2457, 2458) 9310.0
(5937, 5938, 5939) 11392.0
(1079, 1080, 1081) 7899.0
(6284, 6285, 6286) 10331.0
(88, 89, 90) 8318.0
(9353, 9354, 9355) 9832.0
(6707, 6708, 6709) 8829.0
(5182, 5183, 5184) 11418.0
(5536, 5537, 5538) 10405.0
(7315, 7316, 7317) 9795.0
(8025, 8026, 8027) 9067.0
(4529, 4530, 4531) 10073.0
(5415, 5416, 5417) 9213.0
(6832, 6833, 6834) 10495.0
(348, 349, 350) 10115.0
(9016, 9017, 9018) 10007.0
(2572, 2573, 2574) 9553.0
(2115, 2116, 2117) 10565.0
(3137, 3138, 3139) 9295.0
(1688, 1689, 1690) 7988.0
(1342, 1343, 1344) 7989.0
(2406, 2407, 2408) 10874.0
(7375, 7376, 7377) 8620.0
(5178, 5179, 5180) 9101.0
(8006, 8007, 8008) 12259.0
(7306, 7307, 7308) 8563.0
(3821, 3822, 3823) 9253.0
(2893, 2894, 2895) 9111.0
(2908, 2909, 2910) 8858.0
(3240, 3241, 3242) 8378.0
(1359, 1360, 1361) 9576.0
(4371, 4372, 4373) 8652.0
(3262, 3263, 3264) 9755.0
(5442, 5443, 5444) 8059.0
(1517, 1518, 1519) 10543.0
(5065, 5066, 5067) 10003.0
(8199, 8200, 8201) 7546.0
(8849, 8850, 8851) 8057.0
(3519, 3520, 3521) 8185.0
(9862, 9863, 9864) 8748.0
(314, 315, 316) 9725.0
(4221, 4222, 4223) 8946.0
(6998, 6999, 7000) 10432.0
(9773, 9774, 9775) 9480.0
(8825, 8826, 8827) 12652.0
(1550, 1551, 1552) 9188.0
(4731, 4732, 4733) 11275.0
(8174, 8175, 8176) 12166.0
(4124, 4125, 4126) 9064.0
(6878, 6879, 6880) 9013.0
(2840, 2841, 2842) 7790.0
(6936, 6937, 6938) 8656.0
(6901, 6902, 6903) 10147.0
(607, 608, 609) 8166.0
(732, 733, 734) 10338.0
(3850, 3851, 3852) 11235.0
(5655, 5656, 5657) 8569.0
(1788, 1789, 1790) 8689.0
(820, 821, 822) 10332.0
(6036, 6037, 6038) 10405.0
(5846, 5847, 5848) 8921.0
(2348, 2349, 2350) 9813.0
(120, 121, 122) 11045.0
(454, 455, 456) 9782.0
(2705, 2706, 2707) 7974.0
(629, 630, 631) 8815.0
(944, 945, 946) 9396.0
(2077, 2078, 2079) 8715.0
(1530, 1531, 1532) 10162.0
(4437, 4438, 4439) 10636.0
(7986, 7987, 7988) 8136.0
