(6103, 6104, 6105) 9234.0
(3713, 3714, 3715) 9559.0
(8786, 8787, 8788) 8500.0
(6099, 6100, 6101) 8633.0
(3225, 3226, 3227) 8845.0
(8621, 8622, 8623) 9971.0
(4940, 4941, 4942) 8996.0
(3206, 3207, 3208) 9207.0
(607, 608, 609) 8429.0
(5502, 5503, 5504) 8410.0
(2584, 2585, 2586) 10077.0
(8041, 8042, 8043) 10443.0
(4554, 4555, 4556) 10072.0
(8129, 8130, 8131) 8200.0
(464, 465, 466) 10719.0
(5718, 5719, 5720) 11306.0
(4874, 4875, 4876) 7892.0
(723, 724, 725) 10769.0
(9307, 9308, 9309) 13284.0
(1514, 1515, 1516) 7981.0
(7511, 7512, 7513) 9159.0
(3359, 3360, 3361) 8953.0
(5571, 5572, 5573) 9330.0
(3257, 3258, 3259) 7767.0
(2676, 2677, 2678) 11046.0
(8047, 8048, 8049) 11217.0
(2772, 2773, 2774) 8647.0
(5691, 5692, 5693) 8856.0
(2066, 2067, 2068) 10660.0
(2139, 2140, 2141) 9653.0
(9838, 9839, 9840) 10145.0
(7593, 7594, 7595) 9637.0
(2781, 2782, 2783) 9393.0
(9702, 9703, 9704) 8293.0
(9949, 9950, 9951) 10788.0
(1790, 1791, 1792) 10094.0
(5721, 5722, 5723) 9148.0
(2803, 2804, 2805) 10066.0
(7518, 7519, 7520) 10939.0
(5721, 5722, 5723) 9148.0
(4104, 4105, 4106) 10241.0
(3077, 3078, 3079) 10436.0
(2837, 2838, 2839) 8948.0
(2525, 2526, 2527) 9735.0
(4725, 4726, 4727) 7987.0
(6844, 6845, 6846) 9183.0
(1657, 1658, 1659) 10827.0
(6184, 6185, 6186) 9383.0
(9368, 9369, 9370) 9671.0
(3445, 3446, 3447) 8917.0
(8346, 8347, 8348) 9130.0
(2347, 2348, 2349) 8948.0
(9262, 9263, 9264) 9548.0
(2262, 2263, 2264) 8803.0
(5176, 5177, 5178) 8830.0
(7184, 7185, 7186) 9127.0
(6707, 6708, 6709) 9090.0
(4169, 4170, 4171) 10015.0
(6115, 6116, 6117) 9228.0
(4640, 4641, 4642) 7800.0
(8724, 8725, 8726) 8982.0
(4548, 4549, 4550) 8355.0
(206, 207, 208) 9736.0
(7086, 7087, 7088) 10515.0
(8719, 8720, 8721) 8027.0
(8025, 8026, 8027) 9472.0
(7796, 7797, 7798) 8762.0
(7699, 7700, 7701) 8211.0
(5048, 5049, 5050) 10489.0
(5483, 5484, 5485) 9791.0
(1224, 1225, 1226) 9043.0
(1105, 1106, 1107) 8715.0
(9937, 9938, 9939) 9485.0
(4015, 4016, 4017) 7632.0
(7277, 7278, 7279) 11793.0
(6203, 6204, 6205) 10503.0
(324, 325, 326) 9513.0
(3643, 3644, 3645) 9285.0
(8801, 8802, 8803) 9049.0
(4527, 4528, 4529) 7437.0
(3234, 3235, 3236) 8915.0
(7981, 7982, 7983) 8615.0
(1609, 1610, 1611) 9607.0
(1806, 1807, 1808) 9646.0
(5600, 5601, 5602) 8362.0
(859, 860, 861) 9767.0
(929, 930, 931) 11035.0
(8947, 8948, 8949) 10524.0
(8218, 8219, 8220) 9589.0
(6419, 6420, 6421) 13661.0
(1201, 1202, 1203) 8708.0
(2436, 2437, 2438) 10282.0
(3617, 3618, 3619) 8275.0
(9089, 9090, 9091) 9821.0
(5255, 5256, 5257) 11633.0
(5218, 5219, 5220) 11138.0
(1198, 1199, 1200) 9669.0
(2156, 2157, 2158) 8211.0
(6682, 6683, 6684) 10378.0
(310, 311, 312) 8983.0
(7399, 7400, 7401) 8979.0
