(5816, 5817, 5818) 10735.0
(6919, 6920, 6921) 9991.0
(1979, 1980, 1981) 8787.0
(1850, 1851, 1852) 10378.0
(8818, 8819, 8820) 10066.0
(3501, 3502, 3503) 9821.0
(3357, 3358, 3359) 10505.0
(7106, 7107, 7108) 11591.0
(6412, 6413, 6414) 9489.0
(2270, 2271, 2272) 9899.0
(611, 612, 613) 12360.0
(6964, 6965, 6966) 9494.0
(2890, 2891, 2892) 8943.0
(4514, 4515, 4516) 8971.0
(7098, 7099, 7100) 12147.0
(3914, 3915, 3916) 12485.0
(5313, 5314, 5315) 10338.0
(2536, 2537, 2538) 9552.0
(6156, 6157, 6158) 9433.0
(7091, 7092, 7093) 11236.0
(4833, 4834, 4835) 9499.0
(4211, 4212, 4213) 8282.0
(470, 471, 472) 10791.0
(5500, 5501, 5502) 8957.0
(2479, 2480, 2481) 9115.0
(6408, 6409, 6410) 8567.0
(6122, 6123, 6124) 8859.0
(6814, 6815, 6816) 10962.0
(6203, 6204, 6205) 10459.0
(5179, 5180, 5181) 11316.0
(3968, 3969, 3970) 8735.0
(6371, 6372, 6373) 9594.0
(1216, 1217, 1218) 8795.0
(2170, 2171, 2172) 9526.0
(3615, 3616, 3617) 9901.0
(6010, 6011, 6012) 9479.0
(7299, 7300, 7301) 8775.0
(586, 587, 588) 9378.0
(4473, 4474, 4475) 9138.0
(8842, 8843, 8844) 9669.0
(9564, 9565, 9566) 9323.0
(1586, 1587, 1588) 9571.0
(2474, 2475, 2476) 9784.0
(4750, 4751, 4752) 10614.0
(8888, 8889, 8890) 9880.0
(2402, 2403, 2404) 12389.0
(2728, 2729, 2730) 8708.0
(8471, 8472, 8473) 8465.0
(632, 633, 634) 9589.0
(1792, 1793, 1794) 8149.0
(5403, 5404, 5405) 10115.0
(9404, 9405, 9406) 8719.0
(4406, 4407, 4408) 9920.0
(2158, 2159, 2160) 10524.0
(3242, 3243, 3244) 11260.0
(3328, 3329, 3330) 10235.0
(4129, 4130, 4131) 9345.0
(5929, 5930, 5931) 9842.0
(7968, 7969, 7970) 9278.0
(6696, 6697, 6698) 10782.0
(768, 769, 770) 8779.0
(3425, 3426, 3427) 8444.0
(1638, 1639, 1640) 10554.0
(2502, 2503, 2504) 9662.0
(6277, 6278, 6279) 11105.0
(6397, 6398, 6399) 10342.0
(4760, 4761, 4762) 10621.0
(348, 349, 350) 10490.0
(4591, 4592, 4593) 10137.0
(9551, 9552, 9553) 8354.0
(9598, 9599, 9600) 11532.0
(3505, 3506, 3507) 8416.0
(7560, 7561, 7562) 9207.0
(9180, 9181, 9182) 8232.0
(1085, 1086, 1087) 9973.0
(7312, 7313, 7314) 8953.0
(7133, 7134, 7135) 8911.0
(9293, 9294, 9295) 9500.0
(5066, 5067, 5068) 10684.0
(1309, 1310, 1311) 10457.0
(1712, 1713, 1714) 9434.0
(242, 243, 244) 8832.0
(5720, 5721, 5722) 10384.0
(8671, 8672, 8673) 11630.0
(2902, 2903, 2904) 11193.0
(4857, 4858, 4859) 9470.0
(9843, 9844, 9845) 10459.0
(687, 688, 689) 10019.0
(5743, 5744, 5745) 8846.0
(5732, 5733, 5734) 8044.0
(8696, 8697, 8698) 11410.0
(3754, 3755, 3756) 14144.0
(6157, 6158, 6159) 8697.0
(387, 388, 389) 9677.0
(2960, 2961, 2962) 8889.0
(4755, 4756, 4757) 9134.0
(8028, 8029, 8030) 10238.0
(591, 592, 593) 10255.0
(462, 463, 464) 9013.0
(8889, 8890, 8891) 10880.0
(9310, 9311, 9312) 11531.0
