(7421, 7422, 7423) 10296.0
(2182, 2183, 2184) 10535.0
(4913, 4914, 4915) 9236.0
(4816, 4817, 4818) 10777.0
(5601, 5602, 5603) 9774.0
(7671, 7672, 7673) 9495.0
(330, 331, 332) 9443.0
(5535, 5536, 5537) 8908.0
(7137, 7138, 7139) 9689.0
(2267, 2268, 2269) 11459.0
(4513, 4514, 4515) 9616.0
(6792, 6793, 6794) 11322.0
(6454, 6455, 6456) 9169.0
(4184, 4185, 4186) 8668.0
(3268, 3269, 3270) 9944.0
(9095, 9096, 9097) 11287.0
(682, 683, 684) 10095.0
(5339, 5340, 5341) 10171.0
(3942, 3943, 3944) 9977.0
(932, 933, 934) 9011.0
(262, 263, 264) 11081.0
(8560, 8561, 8562) 10865.0
(716, 717, 718) 10182.0
(9943, 9944, 9945) 8824.0
(2189, 2190, 2191) 9009.0
(7184, 7185, 7186) 9656.0
(6409, 6410, 6411) 12085.0
(8185, 8186, 8187) 9596.0
(2459, 2460, 2461) 10035.0
(33, 34, 35) 8459.0
(9799, 9800, 9801) 9932.0
(5325, 5326, 5327) 8216.0
(4575, 4576, 4577) 8661.0
(9638, 9639, 9640) 11016.0
(4147, 4148, 4149) 10306.0
(9955, 9956, 9957) 10908.0
(7716, 7717, 7718) 8897.0
(9029, 9030, 9031) 9742.0
(1397, 1398, 1399) 9930.0
(3601, 3602, 3603) 10612.0
(1419, 1420, 1421) 8492.0
(6552, 6553, 6554) 10978.0
(8473, 8474, 8475) 9863.0
(3005, 3006, 3007) 8878.0
(2568, 2569, 2570) 9383.0
(5801, 5802, 5803) 11376.0
(9222, 9223, 9224) 14237.0
(390, 391, 392) 10298.0
(1126, 1127, 1128) 8409.0
(8481, 8482, 8483) 10160.0
(9789, 9790, 9791) 9788.0
(5072, 5073, 5074) 10287.0
(853, 854, 855) 9843.0
(1505, 1506, 1507) 9146.0
(628, 629, 630) 8894.0
(3870, 3871, 3872) 9922.0
(5984, 5985, 5986) 10899.0
(6134, 6135, 6136) 10538.0
(9237, 9238, 9239) 11606.0
(619, 620, 621) 11773.0
(4372, 4373, 4374) 9489.0
(5563, 5564, 5565) 9641.0
(1089, 1090, 1091) 9441.0
(3053, 3054, 3055) 9098.0
(4362, 4363, 4364) 8999.0
(8466, 8467, 8468) 9014.0
(9178, 9179, 9180) 10426.0
(5165, 5166, 5167) 8928.0
(9687, 9688, 9689) 10540.0
(9517, 9518, 9519) 10241.0
(9162, 9163, 9164) 10528.0
(9606, 9607, 9608) 9391.0
(1689, 1690, 1691) 9439.0
(3259, 3260, 3261) 9041.0
(199, 200, 201) 8636.0
(3280, 3281, 3282) 8553.0
(5443, 5444, 5445) 8834.0
(8981, 8982, 8983) 10110.0
(3971, 3972, 3973) 10147.0
(7110, 7111, 7112) 13264.0
(3606, 3607, 3608) 10797.0
(6903, 6904, 6905) 10594.0
(127, 128, 129) 8996.0
(3507, 3508, 3509) 8443.0
(5228, 5229, 5230) 10345.0
(4024, 4025, 4026) 9935.0
(9417, 9418, 9419) 8520.0
(418, 419, 420) 11588.0
(2049, 2050, 2051) 9428.0
(5759, 5760, 5761) 8552.0
(4635, 4636, 4637) 11802.0
(670, 671, 672) 11840.0
(715, 716, 717) 9638.0
(8228, 8229, 8230) 10161.0
(7562, 7563, 7564) 11027.0
(8895, 8896, 8897) 10873.0
(5588, 5589, 5590) 11280.0
(1659, 1660, 1661) 9061.0
(3843, 3844, 3845) 9439.0
(6689, 6690, 6691) 9491.0
(3423, 3424, 3425) 10091.0
