(1526, 1527, 1528) 9177.0
(1300, 1301, 1302) 11917.0
(6626, 6627, 6628) 11656.0
(7783, 7784, 7785) 11919.0
(9399, 9400, 9401) 8399.0
(8578, 8579, 8580) 9635.0
(8240, 8241, 8242) 11290.0
(4645, 4646, 4647) 10280.0
(9450, 9451, 9452) 11146.0
(1669, 1670, 1671) 8365.0
(2671, 2672, 2673) 10695.0
(7377, 7378, 7379) 11434.0
(4873, 4874, 4875) 10350.0
(7275, 7276, 7277) 11269.0
(4807, 4808, 4809) 9859.0
(1639, 1640, 1641) 10049.0
(6579, 6580, 6581) 8322.0
(6757, 6758, 6759) 9624.0
(4524, 4525, 4526) 11804.0
(6012, 6013, 6014) 8737.0
(1392, 1393, 1394) 9547.0
(645, 646, 647) 10309.0
(3299, 3300, 3301) 9249.0
(8026, 8027, 8028) 11138.0
(3508, 3509, 3510) 9851.0
(467, 468, 469) 8277.0
(8662, 8663, 8664) 11728.0
(4876, 4877, 4878) 11216.0
(7384, 7385, 7386) 12394.0
(5952, 5953, 5954) 10665.0
(3808, 3809, 3810) 10890.0
(8170, 8171, 8172) 10670.0
(4577, 4578, 4579) 10448.0
(6044, 6045, 6046) 9435.0
(4635, 4636, 4637) 12220.0
(9992, 9993, 9994) 8538.0
(1499, 1500, 1501) 10987.0
(328, 329, 330) 9139.0
(460, 461, 462) 9710.0
(79, 80, 81) 10844.0
(9644, 9645, 9646) 9599.0
(7414, 7415, 7416) 9270.0
(429, 430, 431) 9596.0
(1775, 1776, 1777) 10559.0
(1635, 1636, 1637) 10512.0
(777, 778, 779) 12223.0
(3669, 3670, 3671) 9377.0
(7097, 7098, 7099) 11334.0
(3485, 3486, 3487) 9925.0
(6929, 6930, 6931) 9562.0
(2137, 2138, 2139) 8449.0
(598, 599, 600) 10783.0
(4752, 4753, 4754) 8038.0
(8486, 8487, 8488) 8606.0
(2426, 2427, 2428) 9476.0
(2917, 2918, 2919) 9299.0
(5263, 5264, 5265) 10265.0
(5562, 5563, 5564) 9736.0
(4933, 4934, 4935) 9334.0
(5050, 5051, 5052) 10728.0
(9570, 9571, 9572) 9628.0
(1026, 1027, 1028) 10107.0
(2094, 2095, 2096) 11110.0
(9806, 9807, 9808) 9527.0
(3320, 3321, 3322) 11605.0
(3257, 3258, 3259) 8115.0
(518, 519, 520) 9514.0
(1574, 1575, 1576) 10856.0
(3634, 3635, 3636) 11873.0
(1187, 1188, 1189) 9416.0
(2715, 2716, 2717) 9671.0
(6896, 6897, 6898) 11177.0
(4173, 4174, 4175) 9847.0
(6064, 6065, 6066) 10119.0
(7970, 7971, 7972) 10774.0
(7102, 7103, 7104) 11115.0
(4076, 4077, 4078) 9601.0
(6767, 6768, 6769) 10301.0
(418, 419, 420) 11858.0
(5952, 5953, 5954) 10665.0
(3339, 3340, 3341) 9587.0
(1518, 1519, 1520) 10500.0
(8391, 8392, 8393) 8684.0
(2247, 2248, 2249) 11489.0
(334, 335, 336) 10728.0
(2491, 2492, 2493) 10462.0
(4660, 4661, 4662) 11264.0
(1149, 1150, 1151) 10798.0
(406, 407, 408) 11685.0
(2310, 2311, 2312) 12553.0
(345, 346, 347) 9560.0
(8785, 8786, 8787) 11297.0
(9183, 9184, 9185) 10963.0
(5757, 5758, 5759) 8537.0
(3327, 3328, 3329) 10906.0
(2019, 2020, 2021) 10188.0
(8139, 8140, 8141) 9994.0
(3413, 3414, 3415) 11947.0
(5003, 5004, 5005) 10890.0
(7351, 7352, 7353) 13156.0
(9567, 9568, 9569) 12601.0
