(9234, 9235, 9236) 9028.0
(847, 848, 849) 10410.0
(21, 22, 23) 8400.0
(7845, 7846, 7847) 10810.0
(5431, 5432, 5433) 10789.0
(7992, 7993, 7994) 11357.0
(7840, 7841, 7842) 9493.0
(2537, 2538, 2539) 9769.0
(321, 322, 323) 10467.0
(4874, 4875, 4876) 8661.0
(5460, 5461, 5462) 9082.0
(6255, 6256, 6257) 10750.0
(2718, 2719, 2720) 10797.0
(1733, 1734, 1735) 12078.0
(6103, 6104, 6105) 9793.0
(9209, 9210, 9211) 9308.0
(4005, 4006, 4007) 8249.0
(1940, 1941, 1942) 10147.0
(1387, 1388, 1389) 11605.0
(6573, 6574, 6575) 10234.0
(456, 457, 458) 10026.0
(222, 223, 224) 10916.0
(6087, 6088, 6089) 9143.0
(2516, 2517, 2518) 10514.0
(7742, 7743, 7744) 8715.0
(188, 189, 190) 12551.0
(5651, 5652, 5653) 11417.0
(3570, 3571, 3572) 11014.0
(8588, 8589, 8590) 12597.0
(3655, 3656, 3657) 11363.0
(9098, 9099, 9100) 9833.0
(3868, 3869, 3870) 10271.0
(469, 470, 471) 12523.0
(8510, 8511, 8512) 10661.0
(235, 236, 237) 12244.0
(3678, 3679, 3680) 9614.0
(5992, 5993, 5994) 10311.0
(7960, 7961, 7962) 11327.0
(7002, 7003, 7004) 11309.0
(3425, 3426, 3427) 9556.0
(1486, 1487, 1488) 10555.0
(9827, 9828, 9829) 10630.0
(3299, 3300, 3301) 9402.0
(1289, 1290, 1291) 9603.0
(7004, 7005, 7006) 11975.0
(3012, 3013, 3014) 11422.0
(550, 551, 552) 11924.0
(6856, 6857, 6858) 9541.0
(6844, 6845, 6846) 9859.0
(9521, 9522, 9523) 8765.0
(1248, 1249, 1250) 9824.0
(692, 693, 694) 10963.0
(7163, 7164, 7165) 9394.0
(6744, 6745, 6746) 11012.0
(3002, 3003, 3004) 9152.0
(7419, 7420, 7421) 9920.0
(6657, 6658, 6659) 11494.0
(520, 521, 522) 12200.0
(9543, 9544, 9545) 11098.0
(2205, 2206, 2207) 11298.0
(9227, 9228, 9229) 9683.0
(6347, 6348, 6349) 8611.0
(9156, 9157, 9158) 12110.0
(8934, 8935, 8936) 11106.0
(8702, 8703, 8704) 8909.0
(2520, 2521, 2522) 11891.0
(2882, 2883, 2884) 9555.0
(5049, 5050, 5051) 9581.0
(93, 94, 95) 9872.0
(3917, 3918, 3919) 10158.0
(487, 488, 489) 9067.0
(428, 429, 430) 10164.0
(2744, 2745, 2746) 11121.0
(4899, 4900, 4901) 9260.0
(8575, 8576, 8577) 10308.0
(5550, 5551, 5552) 10317.0
(9041, 9042, 9043) 9912.0
(5899, 5900, 5901) 11978.0
(8578, 8579, 8580) 9888.0
(6787, 6788, 6789) 10572.0
(6095, 6096, 6097) 11526.0
(744, 745, 746) 10720.0
(5712, 5713, 5714) 9725.0
(515, 516, 517) 12379.0
(4287, 4288, 4289) 12787.0
(3940, 3941, 3942) 10667.0
(7055, 7056, 7057) 13063.0
(8225, 8226, 8227) 10527.0
(7174, 7175, 7176) 11020.0
(2299, 2300, 2301) 10423.0
(2161, 2162, 2163) 9258.0
(8924, 8925, 8926) 11196.0
(2379, 2380, 2381) 11104.0
(4990, 4991, 4992) 9342.0
(1093, 1094, 1095) 8936.0
(2312, 2313, 2314) 11174.0
(228, 229, 230) 9339.0
(1120, 1121, 1122) 11715.0
(6690, 6691, 6692) 11843.0
(6864, 6865, 6866) 10809.0
(7397, 7398, 7399) 10984.0
