(2207, 2208, 2209) 9858.0
(5126, 5127, 5128) 10775.0
(8897, 8898, 8899) 8766.0
(1566, 1567, 1568) 9620.0
(3740, 3741, 3742) 9869.0
(5557, 5558, 5559) 11188.0
(9458, 9459, 9460) 9595.0
(1357, 1358, 1359) 12129.0
(3775, 3776, 3777) 9697.0
(4068, 4069, 4070) 12426.0
(2204, 2205, 2206) 11899.0
(4212, 4213, 4214) 9210.0
(6116, 6117, 6118) 8642.0
(2972, 2973, 2974) 9498.0
(4358, 4359, 4360) 10030.0
(6497, 6498, 6499) 9918.0
(7994, 7995, 7996) 9709.0
(146, 147, 148) 10600.0
(1431, 1432, 1433) 9592.0
(3589, 3590, 3591) 10651.0
(434, 435, 436) 12397.0
(9766, 9767, 9768) 9919.0
(9368, 9369, 9370) 10427.0
(4727, 4728, 4729) 10232.0
(4448, 4449, 4450) 11577.0
(2412, 2413, 2414) 10018.0
(8882, 8883, 8884) 10314.0
(4658, 4659, 4660) 10548.0
(2949, 2950, 2951) 10749.0
(3260, 3261, 3262) 11250.0
(7422, 7423, 7424) 11404.0
(3028, 3029, 3030) 11293.0
(7449, 7450, 7451) 10009.0
(5042, 5043, 5044) 9698.0
(5362, 5363, 5364) 9811.0
(9818, 9819, 9820) 11315.0
(8173, 8174, 8175) 11301.0
(568, 569, 570) 11303.0
(1009, 1010, 1011) 10360.0
(3950, 3951, 3952) 11079.0
(7668, 7669, 7670) 11624.0
(9967, 9968, 9969) 10731.0
(5894, 5895, 5896) 10526.0
(6312, 6313, 6314) 11416.0
(6812, 6813, 6814) 9416.0
(1869, 1870, 1871) 10976.0
(3831, 3832, 3833) 9078.0
(9413, 9414, 9415) 9906.0
(9475, 9476, 9477) 10213.0
(2634, 2635, 2636) 9970.0
(505, 506, 507) 11607.0
(3720, 3721, 3722) 11977.0
(4070, 4071, 4072) 10208.0
(6541, 6542, 6543) 9397.0
(771, 772, 773) 10123.0
(8908, 8909, 8910) 10990.0
(1626, 1627, 1628) 11272.0
(1515, 1516, 1517) 10678.0
(7552, 7553, 7554) 9371.0
(9433, 9434, 9435) 12949.0
(1545, 1546, 1547) 9904.0
(3261, 3262, 3263) 9914.0
(13, 14, 15) 10739.0
(9393, 9394, 9395) 11926.0
(8139, 8140, 8141) 10250.0
(7270, 7271, 7272) 9498.0
(1234, 1235, 1236) 9901.0
(3974, 3975, 3976) 10263.0
(7320, 7321, 7322) 9891.0
(2276, 2277, 2278) 9988.0
(934, 935, 936) 12170.0
(7779, 7780, 7781) 10396.0
(577, 578, 579) 9865.0
(572, 573, 574) 9783.0
(7855, 7856, 7857) 11773.0
(5789, 5790, 5791) 10137.0
(9255, 9256, 9257) 9184.0
(9224, 9225, 9226) 9479.0
(1477, 1478, 1479) 11522.0
(6823, 6824, 6825) 9298.0
(4748, 4749, 4750) 9682.0
(7663, 7664, 7665) 10466.0
(1525, 1526, 1527) 9438.0
(8374, 8375, 8376) 10896.0
(8161, 8162, 8163) 10189.0
(8249, 8250, 8251) 10807.0
(9944, 9945, 9946) 9855.0
(3221, 3222, 3223) 10478.0
(7379, 7380, 7381) 10581.0
(1120, 1121, 1122) 11960.0
(2284, 2285, 2286) 10556.0
(9757, 9758, 9759) 9937.0
(7388, 7389, 7390) 11731.0
(6414, 6415, 6416) 10796.0
(8820, 8821, 8822) 9965.0
(8157, 8158, 8159) 10007.0
(9877, 9878, 9879) 12026.0
(381, 382, 383) 10555.0
(7044, 7045, 7046) 12336.0
(5158, 5159, 5160) 9748.0
(8346, 8347, 8348) 10054.0
