(8777, 8778, 8779) 909.0
(1665, 1666, 1667) 902.0
(654, 655, 656) 712.0
(3375, 3376, 3377) 1059.0
(9313, 9314, 9315) 1054.0
(3037, 3038, 3039) 896.0
(6160, 6161, 6162) 901.0
(9430, 9431, 9432) 869.0
(9108, 9109, 9110) 888.0
(5994, 5995, 5996) 1260.0
(4793, 4794, 4795) 891.0
(7864, 7865, 7866) 822.0
(9021, 9022, 9023) 746.0
(5572, 5573, 5574) 882.0
(1770, 1771, 1772) 1062.0
(8122, 8123, 8124) 870.0
(4788, 4789, 4790) 898.0
(5249, 5250, 5251) 1197.0
(6117, 6118, 6119) 726.0
(5871, 5872, 5873) 787.0
(3462, 3463, 3464) 953.0
(9309, 9310, 9311) 1043.0
(817, 818, 819) 882.0
(7943, 7944, 7945) 872.0
(9145, 9146, 9147) 1100.0
(9539, 9540, 9541) 850.0
(9033, 9034, 9035) 1049.0
(5647, 5648, 5649) 787.0
(6334, 6335, 6336) 911.0
(9739, 9740, 9741) 688.0
(3050, 3051, 3052) 915.0
(7567, 7568, 7569) 905.0
(3564, 3565, 3566) 671.0
(4267, 4268, 4269) 935.0
(8983, 8984, 8985) 1143.0
(2125, 2126, 2127) 1341.0
(2318, 2319, 2320) 1010.0
(9506, 9507, 9508) 1022.0
(2568, 2569, 2570) 1078.0
(2086, 2087, 2088) 1010.0
(64, 65, 66) 975.0
(4621, 4622, 4623) 862.0
(8530, 8531, 8532) 1262.0
(63, 64, 65) 725.0
(4832, 4833, 4834) 1020.0
(9131, 9132, 9133) 711.0
(268, 269, 270) 1030.0
(749, 750, 751) 948.0
(8709, 8710, 8711) 916.0
(316, 317, 318) 1126.0
(4958, 4959, 4960) 1026.0
(5897, 5898, 5899) 1389.0
(80, 81, 82) 829.0
(8516, 8517, 8518) 931.0
(6168, 6169, 6170) 726.0
(5458, 5459, 5460) 925.0
(2207, 2208, 2209) 691.0
(3354, 3355, 3356) 1016.0
(4390, 4391, 4392) 1384.0
(3120, 3121, 3122) 1125.0
(9375, 9376, 9377) 721.0
(2105, 2106, 2107) 1147.0
(6038, 6039, 6040) 718.0
(4009, 4010, 4011) 1006.0
(6923, 6924, 6925) 1090.0
(4074, 4075, 4076) 1194.0
(149, 150, 151) 1045.0
(2178, 2179, 2180) 991.0
(8278, 8279, 8280) 931.0
(1015, 1016, 1017) 1173.0
(6596, 6597, 6598) 1039.0
(761, 762, 763) 1038.0
(4040, 4041, 4042) 717.0
(4203, 4204, 4205) 909.0
(7683, 7684, 7685) 814.0
(1950, 1951, 1952) 994.0
(4906, 4907, 4908) 1308.0
(3772, 3773, 3774) 1199.0
(762, 763, 764) 1150.0
(1825, 1826, 1827) 1103.0
(9515, 9516, 9517) 791.0
(9822, 9823, 9824) 609.0
(3068, 3069, 3070) 955.0
(4865, 4866, 4867) 871.0
(6124, 6125, 6126) 1094.0
(7566, 7567, 7568) 849.0
(1763, 1764, 1765) 869.0
(635, 636, 637) 852.0
(987, 988, 989) 974.0
(2468, 2469, 2470) 1492.0
(6221, 6222, 6223) 778.0
(4209, 4210, 4211) 918.0
(8722, 8723, 8724) 929.0
(882, 883, 884) 930.0
(234, 235, 236) 1183.0
(4113, 4114, 4115) 851.0
(5554, 5555, 5556) 722.0
(4834, 4835, 4836) 1198.0
(8869, 8870, 8871) 1111.0
(8421, 8422, 8423) 1167.0
(7847, 7848, 7849) 1003.0
