(9106, 9107, 9108) 8880.0
(7832, 7833, 7834) 11468.0
(1595, 1596, 1597) 14270.0
(3115, 3116, 3117) 11030.0
(9740, 9741, 9742) 12388.0
(780, 781, 782) 12194.0
(9318, 9319, 9320) 10680.0
(1960, 1961, 1962) 10143.0
(4677, 4678, 4679) 10140.0
(211, 212, 213) 9545.0
(1708, 1709, 1710) 12448.0
(2451, 2452, 2453) 9646.0
(8426, 8427, 8428) 10159.0
(9225, 9226, 9227) 10171.0
(6984, 6985, 6986) 11835.0
(9549, 9550, 9551) 10580.0
(7722, 7723, 7724) 11035.0
(5673, 5674, 5675) 10166.0
(6476, 6477, 6478) 10471.0
(351, 352, 353) 9654.0
(8625, 8626, 8627) 9916.0
(9476, 9477, 9478) 10171.0
(5900, 5901, 5902) 10643.0
(3079, 3080, 3081) 9992.0
(7848, 7849, 7850) 11194.0
(5336, 5337, 5338) 12770.0
(6931, 6932, 6933) 12111.0
(6738, 6739, 6740) 10827.0
(3186, 3187, 3188) 13540.0
(6357, 6358, 6359) 12890.0
(1679, 1680, 1681) 12558.0
(4644, 4645, 4646) 9535.0
(6238, 6239, 6240) 11294.0
(2997, 2998, 2999) 10890.0
(3186, 3187, 3188) 13540.0
(381, 382, 383) 10752.0
(6230, 6231, 6232) 9078.0
(7616, 7617, 7618) 12863.0
(7635, 7636, 7637) 10881.0
(376, 377, 378) 12521.0
(7035, 7036, 7037) 9779.0
(5921, 5922, 5923) 11275.0
(7785, 7786, 7787) 10574.0
(7295, 7296, 7297) 9205.0
(2249, 2250, 2251) 11466.0
(1678, 1679, 1680) 10834.0
(9224, 9225, 9226) 9586.0
(2392, 2393, 2394) 11693.0
(5297, 5298, 5299) 12419.0
(3267, 3268, 3269) 11601.0
(3623, 3624, 3625) 12242.0
(320, 321, 322) 10158.0
(5710, 5711, 5712) 9847.0
(8622, 8623, 8624) 10002.0
(5386, 5387, 5388) 11030.0
(5289, 5290, 5291) 11306.0
(3137, 3138, 3139) 10593.0
(7452, 7453, 7454) 11006.0
(5687, 5688, 5689) 12249.0
(340, 341, 342) 10667.0
(4475, 4476, 4477) 13909.0
(9087, 9088, 9089) 10123.0
(4035, 4036, 4037) 11053.0
(7914, 7915, 7916) 10521.0
(3519, 3520, 3521) 9608.0
(1270, 1271, 1272) 13778.0
(2071, 2072, 2073) 11756.0
(7403, 7404, 7405) 10265.0
(9853, 9854, 9855) 11007.0
(4877, 4878, 4879) 10380.0
(5950, 5951, 5952) 12213.0
(3839, 3840, 3841) 13136.0
(170, 171, 172) 11192.0
(8750, 8751, 8752) 10017.0
(3123, 3124, 3125) 9788.0
(4754, 4755, 4756) 11612.0
(2411, 2412, 2413) 9780.0
(7957, 7958, 7959) 10556.0
(9651, 9652, 9653) 9290.0
(9198, 9199, 9200) 12414.0
(1367, 1368, 1369) 10817.0
(9558, 9559, 9560) 12976.0
(1118, 1119, 1120) 11403.0
(6471, 6472, 6473) 11259.0
(5763, 5764, 5765) 12163.0
(4785, 4786, 4787) 10689.0
(4343, 4344, 4345) 11107.0
(7585, 7586, 7587) 9207.0
(8244, 8245, 8246) 11696.0
(2736, 2737, 2738) 10442.0
(9244, 9245, 9246) 9441.0
(7026, 7027, 7028) 11165.0
(9538, 9539, 9540) 14791.0
(8488, 8489, 8490) 10266.0
(798, 799, 800) 10497.0
(3677, 3678, 3679) 10391.0
(2021, 2022, 2023) 10280.0
(4777, 4778, 4779) 10874.0
(1170, 1171, 1172) 12223.0
(8901, 8902, 8903) 10686.0
(2527, 2528, 2529) 10185.0
