(1632, 1633, 1634) 9739.0
(414, 415, 416) 10942.0
(8065, 8066, 8067) 11523.0
(1015, 1016, 1017) 10938.0
(9698, 9699, 9700) 10669.0
(6196, 6197, 6198) 11987.0
(9886, 9887, 9888) 11354.0
(9712, 9713, 9714) 12195.0
(6653, 6654, 6655) 11353.0
(1272, 1273, 1274) 10539.0
(6777, 6778, 6779) 13158.0
(8849, 8850, 8851) 9472.0
(1626, 1627, 1628) 11606.0
(2523, 2524, 2525) 10423.0
(9646, 9647, 9648) 12797.0
(6986, 6987, 6988) 11598.0
(734, 735, 736) 10149.0
(8968, 8969, 8970) 9658.0
(6590, 6591, 6592) 11043.0
(6437, 6438, 6439) 12688.0
(4318, 4319, 4320) 11126.0
(9256, 9257, 9258) 9593.0
(3532, 3533, 3534) 10583.0
(7820, 7821, 7822) 15626.0
(9199, 9200, 9201) 11056.0
(5146, 5147, 5148) 10383.0
(639, 640, 641) 11243.0
(1976, 1977, 1978) 10271.0
(3338, 3339, 3340) 10974.0
(1110, 1111, 1112) 13490.0
(7633, 7634, 7635) 10100.0
(9978, 9979, 9980) 12544.0
(4206, 4207, 4208) 13312.0
(8810, 8811, 8812) 9536.0
(6346, 6347, 6348) 9093.0
(8827, 8828, 8829) 10957.0
(6600, 6601, 6602) 11576.0
(2518, 2519, 2520) 13011.0
(1293, 1294, 1295) 11276.0
(7189, 7190, 7191) 12483.0
(6100, 6101, 6102) 14598.0
(3531, 3532, 3533) 11367.0
(466, 467, 468) 11337.0
(2362, 2363, 2364) 8983.0
(2231, 2232, 2233) 12058.0
(9173, 9174, 9175) 10714.0
(6458, 6459, 6460) 10405.0
(7528, 7529, 7530) 12480.0
(2731, 2732, 2733) 12625.0
(6521, 6522, 6523) 10151.0
(6407, 6408, 6409) 11776.0
(2448, 2449, 2450) 10321.0
(497, 498, 499) 10623.0
(8477, 8478, 8479) 10382.0
(7985, 7986, 7987) 10706.0
(6498, 6499, 6500) 10204.0
(4507, 4508, 4509) 8981.0
(4361, 4362, 4363) 11062.0
(2339, 2340, 2341) 11429.0
(724, 725, 726) 10375.0
(3370, 3371, 3372) 12617.0
(5284, 5285, 5286) 11935.0
(2999, 3000, 3001) 11689.0
(5396, 5397, 5398) 9828.0
(2192, 2193, 2194) 11282.0
(7740, 7741, 7742) 10079.0
(4240, 4241, 4242) 12426.0
(965, 966, 967) 11393.0
(7068, 7069, 7070) 11026.0
(8466, 8467, 8468) 10010.0
(8622, 8623, 8624) 10365.0
(2672, 2673, 2674) 11231.0
(3369, 3370, 3371) 12189.0
(2602, 2603, 2604) 8705.0
(5695, 5696, 5697) 10179.0
(1225, 1226, 1227) 10754.0
(6102, 6103, 6104) 11575.0
(6129, 6130, 6131) 11994.0
(9483, 9484, 9485) 9366.0
(3204, 3205, 3206) 10097.0
(3309, 3310, 3311) 10776.0
(2936, 2937, 2938) 11628.0
(7874, 7875, 7876) 11833.0
(6757, 6758, 6759) 11228.0
(4604, 4605, 4606) 11734.0
(5723, 5724, 5725) 12545.0
(1742, 1743, 1744) 11335.0
(9050, 9051, 9052) 11421.0
(8253, 8254, 8255) 11680.0
(3938, 3939, 3940) 12835.0
(9501, 9502, 9503) 12304.0
(9108, 9109, 9110) 13145.0
(6305, 6306, 6307) 12266.0
(1188, 1189, 1190) 12068.0
(4014, 4015, 4016) 12533.0
(1162, 1163, 1164) 11800.0
(8820, 8821, 8822) 10561.0
(3197, 3198, 3199) 9595.0
(1317, 1318, 1319) 11292.0
(9716, 9717, 9718) 12635.0
(6077, 6078, 6079) 11065.0
