(9728, 9729, 9730) 10680.0
(9288, 9289, 9290) 11605.0
(1938, 1939, 1940) 14304.0
(2073, 2074, 2075) 10965.0
(8066, 8067, 8068) 13056.0
(3853, 3854, 3855) 12056.0
(8316, 8317, 8318) 14119.0
(8906, 8907, 8908) 10985.0
(4423, 4424, 4425) 11074.0
(4223, 4224, 4225) 10630.0
(9385, 9386, 9387) 12429.0
(1689, 1690, 1691) 11101.0
(5392, 5393, 5394) 11392.0
(1836, 1837, 1838) 9976.0
(8524, 8525, 8526) 13574.0
(7934, 7935, 7936) 11202.0
(2417, 2418, 2419) 11570.0
(6715, 6716, 6717) 11298.0
(2872, 2873, 2874) 11286.0
(1562, 1563, 1564) 11356.0
(7699, 7700, 7701) 10071.0
(2321, 2322, 2323) 10878.0
(561, 562, 563) 10977.0
(8430, 8431, 8432) 10855.0
(3995, 3996, 3997) 10782.0
(1443, 1444, 1445) 14480.0
(7427, 7428, 7429) 10525.0
(5902, 5903, 5904) 12116.0
(4995, 4996, 4997) 13417.0
(6785, 6786, 6787) 12356.0
(9388, 9389, 9390) 10576.0
(2059, 2060, 2061) 13689.0
(3245, 3246, 3247) 11820.0
(6697, 6698, 6699) 11872.0
(4921, 4922, 4923) 12785.0
(5906, 5907, 5908) 13260.0
(8584, 8585, 8586) 11216.0
(5068, 5069, 5070) 12368.0
(3972, 3973, 3974) 14653.0
(232, 233, 234) 11522.0
(748, 749, 750) 9419.0
(8937, 8938, 8939) 12945.0
(4319, 4320, 4321) 10598.0
(671, 672, 673) 13944.0
(3867, 3868, 3869) 10403.0
(6851, 6852, 6853) 11091.0
(8135, 8136, 8137) 10475.0
(7897, 7898, 7899) 10102.0
(2136, 2137, 2138) 9410.0
(6889, 6890, 6891) 11417.0
(5112, 5113, 5114) 12594.0
(7119, 7120, 7121) 10885.0
(1524, 1525, 1526) 9294.0
(7434, 7435, 7436) 11408.0
(2672, 2673, 2674) 11617.0
(9596, 9597, 9598) 11972.0
(7462, 7463, 7464) 8671.0
(6444, 6445, 6446) 10591.0
(6386, 6387, 6388) 10242.0
(7171, 7172, 7173) 10933.0
(8199, 8200, 8201) 10526.0
(7882, 7883, 7884) 11236.0
(5634, 5635, 5636) 12348.0
(6191, 6192, 6193) 12610.0
(2362, 2363, 2364) 9100.0
(1438, 1439, 1440) 11211.0
(8194, 8195, 8196) 10344.0
(2754, 2755, 2756) 9652.0
(5438, 5439, 5440) 12682.0
(7895, 7896, 7897) 12510.0
(18, 19, 20) 11545.0
(216, 217, 218) 9124.0
(9216, 9217, 9218) 10339.0
(396, 397, 398) 12248.0
(8219, 8220, 8221) 10290.0
(5862, 5863, 5864) 12059.0
(2363, 2364, 2365) 10818.0
(1681, 1682, 1683) 10678.0
(7448, 7449, 7450) 11959.0
(3938, 3939, 3940) 12778.0
(3655, 3656, 3657) 12487.0
(1689, 1690, 1691) 11101.0
(3391, 3392, 3393) 10405.0
(9042, 9043, 9044) 10988.0
(5719, 5720, 5721) 11169.0
(1788, 1789, 1790) 10286.0
(5726, 5727, 5728) 12049.0
(4457, 4458, 4459) 10216.0
(2762, 2763, 2764) 11974.0
(187, 188, 189) 10420.0
(8747, 8748, 8749) 11047.0
(4640, 4641, 4642) 8985.0
(4051, 4052, 4053) 11755.0
(5222, 5223, 5224) 11216.0
(5826, 5827, 5828) 12571.0
(499, 500, 501) 15121.0
(9993, 9994, 9995) 11188.0
(1997, 1998, 1999) 11554.0
(2461, 2462, 2463) 11294.0
(5402, 5403, 5404) 12622.0
(4385, 4386, 4387) 13855.0
