(2349, 2350, 2351) 14187.0
(4308, 4309, 4310) 10504.0
(4465, 4466, 4467) 16614.0
(9481, 9482, 9483) 11188.0
(7142, 7143, 7144) 10874.0
(2441, 2442, 2443) 10336.0
(1873, 1874, 1875) 12025.0
(1198, 1199, 1200) 11818.0
(5945, 5946, 5947) 10877.0
(750, 751, 752) 11157.0
(2561, 2562, 2563) 10586.0
(6402, 6403, 6404) 9801.0
(3180, 3181, 3182) 9886.0
(3592, 3593, 3594) 17387.0
(1521, 1522, 1523) 10156.0
(8379, 8380, 8381) 11659.0
(8874, 8875, 8876) 12320.0
(8719, 8720, 8721) 9246.0
(6091, 6092, 6093) 11658.0
(9635, 9636, 9637) 11978.0
(5230, 5231, 5232) 10896.0
(1674, 1675, 1676) 12783.0
(9019, 9020, 9021) 11302.0
(1604, 1605, 1606) 13562.0
(7383, 7384, 7385) 11292.0
(9952, 9953, 9954) 12233.0
(7867, 7868, 7869) 10068.0
(6631, 6632, 6633) 12630.0
(5903, 5904, 5905) 13364.0
(8255, 8256, 8257) 9555.0
(5648, 5649, 5650) 13018.0
(6572, 6573, 6574) 9861.0
(2626, 2627, 2628) 11916.0
(4116, 4117, 4118) 13949.0
(8288, 8289, 8290) 14642.0
(776, 777, 778) 10974.0
(4931, 4932, 4933) 9889.0
(5468, 5469, 5470) 12384.0
(2675, 2676, 2677) 13630.0
(2263, 2264, 2265) 13123.0
(2429, 2430, 2431) 12719.0
(936, 937, 938) 10271.0
(9456, 9457, 9458) 11316.0
(6892, 6893, 6894) 10440.0
(9590, 9591, 9592) 11864.0
(1472, 1473, 1474) 11921.0
(6593, 6594, 6595) 12055.0
(4917, 4918, 4919) 14573.0
(660, 661, 662) 12459.0
(2349, 2350, 2351) 14187.0
(3898, 3899, 3900) 11138.0
(3067, 3068, 3069) 12025.0
(7558, 7559, 7560) 10131.0
(5853, 5854, 5855) 14686.0
(4787, 4788, 4789) 9801.0
(8449, 8450, 8451) 10539.0
(1610, 1611, 1612) 11330.0
(6801, 6802, 6803) 10092.0
(3549, 3550, 3551) 10155.0
(7548, 7549, 7550) 10107.0
(5323, 5324, 5325) 11466.0
(8180, 8181, 8182) 11608.0
(733, 734, 735) 11017.0
(5383, 5384, 5385) 10303.0
(2133, 2134, 2135) 14119.0
(9160, 9161, 9162) 11565.0
(6811, 6812, 6813) 11544.0
(3766, 3767, 3768) 12103.0
(8235, 8236, 8237) 11037.0
(8758, 8759, 8760) 12045.0
(9361, 9362, 9363) 11330.0
(6146, 6147, 6148) 10889.0
(5427, 5428, 5429) 13504.0
(6506, 6507, 6508) 11108.0
(4426, 4427, 4428) 9500.0
(6477, 6478, 6479) 10855.0
(4473, 4474, 4475) 10726.0
(2282, 2283, 2284) 11922.0
(9404, 9405, 9406) 9763.0
(3646, 3647, 3648) 8845.0
(7019, 7020, 7021) 13266.0
(8962, 8963, 8964) 12706.0
(9014, 9015, 9016) 11592.0
(6161, 6162, 6163) 10542.0
(3172, 3173, 3174) 15046.0
(9491, 9492, 9493) 15465.0
(9265, 9266, 9267) 11234.0
(6392, 6393, 6394) 14480.0
(5184, 5185, 5186) 11347.0
(3921, 3922, 3923) 13879.0
(5541, 5542, 5543) 11181.0
(887, 888, 889) 14044.0
(9869, 9870, 9871) 10675.0
(724, 725, 726) 10478.0
(1097, 1098, 1099) 11074.0
(9294, 9295, 9296) 11375.0
(6716, 6717, 6718) 10815.0
(1071, 1072, 1073) 12970.0
(8070, 8071, 8072) 11330.0
(1070, 1071, 1072) 9581.0
(3622, 3623, 3624) 11813.0
