(2940, 2941, 2942) 13427.0
(1822, 1823, 1824) 10533.0
(4270, 4271, 4272) 13914.0
(6235, 6236, 6237) 14069.0
(4214, 4215, 4216) 10788.0
(2714, 2715, 2716) 12470.0
(8768, 8769, 8770) 10680.0
(1530, 1531, 1532) 12030.0
(4912, 4913, 4914) 9951.0
(745, 746, 747) 13057.0
(4611, 4612, 4613) 10983.0
(5469, 5470, 5471) 10224.0
(4363, 4364, 4365) 13900.0
(1351, 1352, 1353) 15379.0
(2608, 2609, 2610) 11860.0
(5747, 5748, 5749) 12791.0
(9359, 9360, 9361) 13186.0
(8594, 8595, 8596) 11385.0
(575, 576, 577) 9912.0
(9500, 9501, 9502) 13366.0
(8887, 8888, 8889) 11640.0
(6018, 6019, 6020) 13211.0
(173, 174, 175) 12668.0
(1959, 1960, 1961) 11910.0
(5790, 5791, 5792) 11255.0
(5026, 5027, 5028) 11494.0
(8737, 8738, 8739) 11107.0
(225, 226, 227) 10483.0
(4350, 4351, 4352) 10771.0
(44, 45, 46) 11691.0
(5868, 5869, 5870) 12186.0
(4400, 4401, 4402) 12313.0
(8420, 8421, 8422) 11614.0
(4522, 4523, 4524) 13023.0
(62, 63, 64) 10248.0
(9064, 9065, 9066) 13812.0
(1423, 1424, 1425) 11395.0
(1375, 1376, 1377) 10148.0
(6942, 6943, 6944) 11599.0
(9887, 9888, 9889) 14871.0
(2216, 2217, 2218) 10910.0
(9329, 9330, 9331) 10776.0
(997, 998, 999) 10682.0
(3391, 3392, 3393) 10653.0
(1707, 1708, 1709) 10017.0
(9723, 9724, 9725) 11455.0
(3175, 3176, 3177) 11848.0
(1021, 1022, 1023) 13020.0
(831, 832, 833) 10695.0
(3657, 3658, 3659) 11414.0
(5041, 5042, 5043) 10167.0
(8122, 8123, 8124) 12720.0
(2344, 2345, 2346) 14184.0
(2591, 2592, 2593) 11057.0
(7552, 7553, 7554) 10461.0
(3989, 3990, 3991) 11831.0
(7684, 7685, 7686) 13966.0
(3851, 3852, 3853) 12317.0
(6645, 6646, 6647) 10623.0
(2160, 2161, 2162) 12428.0
(2126, 2127, 2128) 10192.0
(1214, 1215, 1216) 10387.0
(8246, 8247, 8248) 14401.0
(9808, 9809, 9810) 13099.0
(1509, 1510, 1511) 10589.0
(8895, 8896, 8897) 12401.0
(6144, 6145, 6146) 10331.0
(3609, 3610, 3611) 10445.0
(4646, 4647, 4648) 10296.0
(609, 610, 611) 10961.0
(1186, 1187, 1188) 12932.0
(8881, 8882, 8883) 9288.0
(4744, 4745, 4746) 13554.0
(9184, 9185, 9186) 11119.0
(2903, 2904, 2905) 11404.0
(583, 584, 585) 11852.0
(3264, 3265, 3266) 13487.0
(5054, 5055, 5056) 9847.0
(380, 381, 382) 15638.0
(7068, 7069, 7070) 12045.0
(204, 205, 206) 9799.0
(7475, 7476, 7477) 11998.0
(9578, 9579, 9580) 13180.0
(2249, 2250, 2251) 12250.0
(2269, 2270, 2271) 12403.0
(6321, 6322, 6323) 11686.0
(271, 272, 273) 12809.0
(8212, 8213, 8214) 11882.0
(9155, 9156, 9157) 11198.0
(7030, 7031, 7032) 12827.0
(1198, 1199, 1200) 11708.0
(6728, 6729, 6730) 10785.0
(7358, 7359, 7360) 12661.0
(3661, 3662, 3663) 10502.0
(1557, 1558, 1559) 11712.0
(8299, 8300, 8301) 11182.0
(1006, 1007, 1008) 12244.0
(5856, 5857, 5858) 12412.0
(3492, 3493, 3494) 10733.0
(1073, 1074, 1075) 11377.0
(7824, 7825, 7826) 11988.0
