(7720, 7721, 7722) 11417.0
(1690, 1691, 1692) 12346.0
(3695, 3696, 3697) 11822.0
(3705, 3706, 3707) 12687.0
(3287, 3288, 3289) 11448.0
(3210, 3211, 3212) 11543.0
(9828, 9829, 9830) 13266.0
(9023, 9024, 9025) 11871.0
(4262, 4263, 4264) 14031.0
(1333, 1334, 1335) 13042.0
(263, 264, 265) 12170.0
(6720, 6721, 6722) 11037.0
(8682, 8683, 8684) 12406.0
(5280, 5281, 5282) 10515.0
(2748, 2749, 2750) 11030.0
(2233, 2234, 2235) 15540.0
(2157, 2158, 2159) 12574.0
(8526, 8527, 8528) 12969.0
(9463, 9464, 9465) 11287.0
(3281, 3282, 3283) 10253.0
(3117, 3118, 3119) 14834.0
(2011, 2012, 2013) 14065.0
(9571, 9572, 9573) 11236.0
(962, 963, 964) 11576.0
(3003, 3004, 3005) 10484.0
(7975, 7976, 7977) 10398.0
(2023, 2024, 2025) 13536.0
(9740, 9741, 9742) 13416.0
(7803, 7804, 7805) 12924.0
(829, 830, 831) 11278.0
(1659, 1660, 1661) 11100.0
(9009, 9010, 9011) 12888.0
(3278, 3279, 3280) 12839.0
(9976, 9977, 9978) 12007.0
(4672, 4673, 4674) 10972.0
(1550, 1551, 1552) 12534.0
(7676, 7677, 7678) 14598.0
(7176, 7177, 7178) 12006.0
(9176, 9177, 9178) 12595.0
(22, 23, 24) 10288.0
(7056, 7057, 7058) 14915.0
(2011, 2012, 2013) 14065.0
(1765, 1766, 1767) 12062.0
(1575, 1576, 1577) 11183.0
(4300, 4301, 4302) 11910.0
(5890, 5891, 5892) 12370.0
(4144, 4145, 4146) 12305.0
(8620, 8621, 8622) 15936.0
(2802, 2803, 2804) 13379.0
(3282, 3283, 3284) 10726.0
(4458, 4459, 4460) 10702.0
(257, 258, 259) 12032.0
(664, 665, 666) 12100.0
(119, 120, 121) 11383.0
(8844, 8845, 8846) 10615.0
(7166, 7167, 7168) 13090.0
(6644, 6645, 6646) 10416.0
(3532, 3533, 3534) 10937.0
(9285, 9286, 9287) 10033.0
(6992, 6993, 6994) 12306.0
(9431, 9432, 9433) 11312.0
(9596, 9597, 9598) 12559.0
(309, 310, 311) 11732.0
(461, 462, 463) 11509.0
(3916, 3917, 3918) 13292.0
(6646, 6647, 6648) 11387.0
(598, 599, 600) 12551.0
(7880, 7881, 7882) 12686.0
(593, 594, 595) 12747.0
(9877, 9878, 9879) 13353.0
(268, 269, 270) 11988.0
(7099, 7100, 7101) 14360.0
(843, 844, 845) 12336.0
(4102, 4103, 4104) 12555.0
(8928, 8929, 8930) 11153.0
(484, 485, 486) 11660.0
(4129, 4130, 4131) 11810.0
(6233, 6234, 6235) 13175.0
(9250, 9251, 9252) 11034.0
(7756, 7757, 7758) 10981.0
(3611, 3612, 3613) 10689.0
(2172, 2173, 2174) 11706.0
(5135, 5136, 5137) 13685.0
(4947, 4948, 4949) 12321.0
(5888, 5889, 5890) 11199.0
(6434, 6435, 6436) 13399.0
(2907, 2908, 2909) 11926.0
(9477, 9478, 9479) 13076.0
(4278, 4279, 4280) 10999.0
(3970, 3971, 3972) 11255.0
(890, 891, 892) 11815.0
(7050, 7051, 7052) 11783.0
(2861, 2862, 2863) 12994.0
(9064, 9065, 9066) 13866.0
(2931, 2932, 2933) 13456.0
(9375, 9376, 9377) 11308.0
(5272, 5273, 5274) 12456.0
(3322, 3323, 3324) 14297.0
(9389, 9390, 9391) 16419.0
(7668, 7669, 7670) 13072.0
(9694, 9695, 9696) 14515.0
