(7128, 7129, 7130) 12441.0
(790, 791, 792) 10698.0
(5408, 5409, 5410) 11395.0
(5636, 5637, 5638) 12945.0
(7334, 7335, 7336) 13711.0
(2075, 2076, 2077) 10964.0
(5429, 5430, 5431) 12423.0
(5361, 5362, 5363) 12137.0
(2859, 2860, 2861) 10476.0
(9868, 9869, 9870) 11047.0
(926, 927, 928) 12596.0
(9337, 9338, 9339) 10794.0
(8888, 8889, 8890) 11407.0
(8596, 8597, 8598) 14352.0
(6739, 6740, 6741) 11806.0
(6340, 6341, 6342) 14133.0
(4225, 4226, 4227) 15433.0
(2133, 2134, 2135) 14248.0
(2749, 2750, 2751) 13685.0
(1158, 1159, 1160) 12823.0
(6209, 6210, 6211) 15092.0
(1479, 1480, 1481) 11853.0
(4885, 4886, 4887) 10487.0
(6865, 6866, 6867) 11757.0
(3339, 3340, 3341) 11072.0
(5433, 5434, 5435) 11936.0
(7565, 7566, 7567) 14971.0
(9714, 9715, 9716) 12850.0
(1709, 1710, 1711) 10392.0
(6912, 6913, 6914) 16521.0
(7330, 7331, 7332) 14141.0
(8034, 8035, 8036) 10171.0
(2160, 2161, 2162) 12761.0
(427, 428, 429) 10597.0
(3862, 3863, 3864) 11421.0
(9838, 9839, 9840) 12442.0
(8617, 8618, 8619) 11911.0
(2569, 2570, 2571) 16256.0
(2602, 2603, 2604) 10661.0
(1493, 1494, 1495) 11934.0
(1613, 1614, 1615) 11432.0
(9822, 9823, 9824) 12473.0
(1270, 1271, 1272) 15505.0
(2247, 2248, 2249) 12672.0
(5488, 5489, 5490) 14385.0
(4384, 4385, 4386) 10948.0
(233, 234, 235) 12846.0
(304, 305, 306) 11467.0
(4646, 4647, 4648) 10353.0
(1817, 1818, 1819) 10815.0
(3385, 3386, 3387) 11625.0
(8256, 8257, 8258) 12982.0
(5801, 5802, 5803) 13429.0
(7765, 7766, 7767) 15174.0
(5184, 5185, 5186) 11574.0
(2887, 2888, 2889) 14241.0
(6741, 6742, 6743) 10629.0
(3446, 3447, 3448) 12838.0
(8577, 8578, 8579) 13073.0
(469, 470, 471) 14519.0
(1690, 1691, 1692) 12673.0
(3838, 3839, 3840) 10215.0
(4284, 4285, 4286) 12477.0
(4966, 4967, 4968) 12574.0
(9203, 9204, 9205) 10731.0
(5295, 5296, 5297) 15848.0
(8199, 8200, 8201) 11398.0
(3687, 3688, 3689) 12312.0
(8533, 8534, 8535) 11000.0
(8733, 8734, 8735) 12986.0
(4355, 4356, 4357) 11280.0
(98, 99, 100) 11460.0
(2413, 2414, 2415) 10010.0
(4039, 4040, 4041) 10816.0
(7830, 7831, 7832) 10996.0
(3460, 3461, 3462) 12033.0
(5978, 5979, 5980) 11915.0
(7762, 7763, 7764) 12284.0
(8222, 8223, 8224) 11684.0
(2177, 2178, 2179) 12007.0
(2901, 2902, 2903) 12763.0
(6541, 6542, 6543) 10691.0
(1341, 1342, 1343) 12796.0
(445, 446, 447) 11500.0
(1245, 1246, 1247) 11796.0
(7382, 7383, 7384) 11962.0
(9009, 9010, 9011) 13389.0
(8417, 8418, 8419) 11694.0
(7001, 7002, 7003) 10949.0
(9953, 9954, 9955) 12366.0
(4114, 4115, 4116) 11362.0
(834, 835, 836) 12101.0
(3620, 3621, 3622) 12334.0
(8392, 8393, 8394) 10555.0
(291, 292, 293) 12148.0
(4550, 4551, 4552) 11407.0
(9507, 9508, 9509) 11903.0
(3419, 3420, 3421) 13492.0
(3332, 3333, 3334) 12855.0
(2679, 2680, 2681) 13491.0
(9743, 9744, 9745) 13024.0
