(507, 508, 509) 11921.0
(8799, 8800, 8801) 12533.0
(3982, 3983, 3984) 13695.0
(625, 626, 627) 10818.0
(400, 401, 402) 11227.0
(3098, 3099, 3100) 12045.0
(9116, 9117, 9118) 12762.0
(3088, 3089, 3090) 12149.0
(344, 345, 346) 10894.0
(4530, 4531, 4532) 14018.0
(6654, 6655, 6656) 11817.0
(9940, 9941, 9942) 11264.0
(2006, 2007, 2008) 12087.0
(5391, 5392, 5393) 12054.0
(5256, 5257, 5258) 12988.0
(8116, 8117, 8118) 12243.0
(5167, 5168, 5169) 11991.0
(4045, 4046, 4047) 13122.0
(8114, 8115, 8116) 12298.0
(5539, 5540, 5541) 10759.0
(8657, 8658, 8659) 12593.0
(972, 973, 974) 11342.0
(7479, 7480, 7481) 15769.0
(3752, 3753, 3754) 11847.0
(7380, 7381, 7382) 12977.0
(2430, 2431, 2432) 12763.0
(3305, 3306, 3307) 14084.0
(6233, 6234, 6235) 13826.0
(1692, 1693, 1694) 12421.0
(2813, 2814, 2815) 10843.0
(8019, 8020, 8021) 11864.0
(138, 139, 140) 11663.0
(5034, 5035, 5036) 13633.0
(5548, 5549, 5550) 14744.0
(4778, 4779, 4780) 13543.0
(2503, 2504, 2505) 11219.0
(3319, 3320, 3321) 13941.0
(6936, 6937, 6938) 11680.0
(3657, 3658, 3659) 12277.0
(1684, 1685, 1686) 12443.0
(9179, 9180, 9181) 14832.0
(8389, 8390, 8391) 11211.0
(6881, 6882, 6883) 17466.0
(4916, 4917, 4918) 14439.0
(7870, 7871, 7872) 12708.0
(2007, 2008, 2009) 13574.0
(7936, 7937, 7938) 15516.0
(9860, 9861, 9862) 11974.0
(7214, 7215, 7216) 12818.0
(7559, 7560, 7561) 13478.0
(6810, 6811, 6812) 12208.0
(6722, 6723, 6724) 11974.0
(2893, 2894, 2895) 11606.0
(8892, 8893, 8894) 12128.0
(7066, 7067, 7068) 12911.0
(4365, 4366, 4367) 13790.0
(6021, 6022, 6023) 13280.0
(552, 553, 554) 12049.0
(605, 606, 607) 11660.0
(5939, 5940, 5941) 12285.0
(6549, 6550, 6551) 13947.0
(3638, 3639, 3640) 12202.0
(129, 130, 131) 12127.0
(3550, 3551, 3552) 11952.0
(2204, 2205, 2206) 13678.0
(4948, 4949, 4950) 10401.0
(1435, 1436, 1437) 12062.0
(4160, 4161, 4162) 12037.0
(7098, 7099, 7100) 14134.0
(4241, 4242, 4243) 13701.0
(522, 523, 524) 13632.0
(689, 690, 691) 16452.0
(3926, 3927, 3928) 12037.0
(692, 693, 694) 13104.0
(6168, 6169, 6170) 12904.0
(4013, 4014, 4015) 11665.0
(8913, 8914, 8915) 12455.0
(3583, 3584, 3585) 11310.0
(6519, 6520, 6521) 10438.0
(4210, 4211, 4212) 13480.0
(6619, 6620, 6621) 12298.0
(9223, 9224, 9225) 11588.0
(8167, 8168, 8169) 12597.0
(8818, 8819, 8820) 12016.0
(2281, 2282, 2283) 11797.0
(6943, 6944, 6945) 11870.0
(9602, 9603, 9604) 10996.0
(5522, 5523, 5524) 12851.0
(810, 811, 812) 13103.0
(7818, 7819, 7820) 12432.0
(2154, 2155, 2156) 11586.0
(1920, 1921, 1922) 14383.0
(9629, 9630, 9631) 14395.0
(7718, 7719, 7720) 14667.0
(5240, 5241, 5242) 12514.0
(4341, 4342, 4343) 13546.0
(1343, 1344, 1345) 11078.0
(4469, 4470, 4471) 11861.0
(684, 685, 686) 12650.0
(2636, 2637, 2638) 11709.0
(155, 156, 157) 13167.0
