(3288, 3289, 3290) 13313.0
(9531, 9532, 9533) 15331.0
(7882, 7883, 7884) 12373.0
(795, 796, 797) 10555.0
(2773, 2774, 2775) 12038.0
(3299, 3300, 3301) 11382.0
(796, 797, 798) 13209.0
(5928, 5929, 5930) 13047.0
(6094, 6095, 6096) 13217.0
(4571, 4572, 4573) 13273.0
(9976, 9977, 9978) 12536.0
(683, 684, 685) 12545.0
(7352, 7353, 7354) 11157.0
(1562, 1563, 1564) 12636.0
(1106, 1107, 1108) 13150.0
(4206, 4207, 4208) 15947.0
(6704, 6705, 6706) 11371.0
(3991, 3992, 3993) 13730.0
(3260, 3261, 3262) 13101.0
(9161, 9162, 9163) 11139.0
(7470, 7471, 7472) 12279.0
(5814, 5815, 5816) 14142.0
(2112, 2113, 2114) 12813.0
(3840, 3841, 3842) 14090.0
(1880, 1881, 1882) 11972.0
(7934, 7935, 7936) 12431.0
(7075, 7076, 7077) 12738.0
(1474, 1475, 1476) 13439.0
(6018, 6019, 6020) 14457.0
(9778, 9779, 9780) 12793.0
(8669, 8670, 8671) 9849.0
(9910, 9911, 9912) 14080.0
(6600, 6601, 6602) 13408.0
(6633, 6634, 6635) 11198.0
(896, 897, 898) 12968.0
(5512, 5513, 5514) 11423.0
(4185, 4186, 4187) 15151.0
(9393, 9394, 9395) 13474.0
(6563, 6564, 6565) 12642.0
(5930, 5931, 5932) 13539.0
(195, 196, 197) 15804.0
(697, 698, 699) 12994.0
(7499, 7500, 7501) 12101.0
(92, 93, 94) 11803.0
(8418, 8419, 8420) 13542.0
(7151, 7152, 7153) 11154.0
(8036, 8037, 8038) 11483.0
(9638, 9639, 9640) 13565.0
(8191, 8192, 8193) 11259.0
(4713, 4714, 4715) 11950.0
(549, 550, 551) 12811.0
(3253, 3254, 3255) 13271.0
(7086, 7087, 7088) 13591.0
(6886, 6887, 6888) 11312.0
(6019, 6020, 6021) 13374.0
(6629, 6630, 6631) 13109.0
(6668, 6669, 6670) 12041.0
(2574, 2575, 2576) 11375.0
(8775, 8776, 8777) 12806.0
(3570, 3571, 3572) 11991.0
(2312, 2313, 2314) 13731.0
(4751, 4752, 4753) 14564.0
(2290, 2291, 2292) 16496.0
(8332, 8333, 8334) 11919.0
(2009, 2010, 2011) 15674.0
(4783, 4784, 4785) 12098.0
(7967, 7968, 7969) 15527.0
(5725, 5726, 5727) 11155.0
(6267, 6268, 6269) 13070.0
(3157, 3158, 3159) 13176.0
(4891, 4892, 4893) 16517.0
(2423, 2424, 2425) 11214.0
(6508, 6509, 6510) 9897.0
(4958, 4959, 4960) 14017.0
(4754, 4755, 4756) 13361.0
(6177, 6178, 6179) 10970.0
(73, 74, 75) 11356.0
(4507, 4508, 4509) 10715.0
(8588, 8589, 8590) 15175.0
(7764, 7765, 7766) 10249.0
(4863, 4864, 4865) 11621.0
(4826, 4827, 4828) 10839.0
(2814, 2815, 2816) 14059.0
(8319, 8320, 8321) 10551.0
(177, 178, 179) 12962.0
(3236, 3237, 3238) 11481.0
(4941, 4942, 4943) 12823.0
(4008, 4009, 4010) 13685.0
(6448, 6449, 6450) 14677.0
(7980, 7981, 7982) 12676.0
(8187, 8188, 8189) 11460.0
(8256, 8257, 8258) 13212.0
(5225, 5226, 5227) 11849.0
(8801, 8802, 8803) 11986.0
(1334, 1335, 1336) 12978.0
(9673, 9674, 9675) 14591.0
(8472, 8473, 8474) 13104.0
(1037, 1038, 1039) 11420.0
(4808, 4809, 4810) 11183.0
(5872, 5873, 5874) 14268.0
(4, 5, 6) 12009.0
