(9817, 9818, 9819) 983.0
(6804, 6805, 6806) 1121.0
(3663, 3664, 3665) 996.0
(2502, 2503, 2504) 1015.0
(7610, 7611, 7612) 1360.0
(3037, 3038, 3039) 1033.0
(6562, 6563, 6564) 1388.0
(2856, 2857, 2858) 1287.0
(1138, 1139, 1140) 1375.0
(7071, 7072, 7073) 1208.0
(9341, 9342, 9343) 1023.0
(3990, 3991, 3992) 1159.0
(1551, 1552, 1553) 1288.0
(5296, 5297, 5298) 950.0
(9205, 9206, 9207) 1325.0
(7033, 7034, 7035) 1385.0
(9029, 9030, 9031) 1019.0
(8759, 8760, 8761) 846.0
(1203, 1204, 1205) 1279.0
(473, 474, 475) 1052.0
(3991, 3992, 3993) 1351.0
(7805, 7806, 7807) 928.0
(1830, 1831, 1832) 961.0
(7711, 7712, 7713) 579.0
(3494, 3495, 3496) 840.0
(9173, 9174, 9175) 734.0
(961, 962, 963) 1321.0
(853, 854, 855) 1015.0
(7355, 7356, 7357) 957.0
(791, 792, 793) 1227.0
(6580, 6581, 6582) 1023.0
(838, 839, 840) 880.0
(8078, 8079, 8080) 1038.0
(657, 658, 659) 1738.0
(2078, 2079, 2080) 1057.0
(8401, 8402, 8403) 1033.0
(6999, 7000, 7001) 1056.0
(7374, 7375, 7376) 874.0
(7354, 7355, 7356) 1388.0
(2997, 2998, 2999) 1348.0
(3244, 3245, 3246) 1232.0
(1749, 1750, 1751) 841.0
(8125, 8126, 8127) 972.0
(3354, 3355, 3356) 1048.0
(3848, 3849, 3850) 1521.0
(8740, 8741, 8742) 855.0
(3965, 3966, 3967) 1257.0
(6768, 6769, 6770) 837.0
(15, 16, 17) 844.0
(8443, 8444, 8445) 1386.0
(2366, 2367, 2368) 1156.0
(1340, 1341, 1342) 1039.0
(950, 951, 952) 1068.0
(2085, 2086, 2087) 1574.0
(3799, 3800, 3801) 1101.0
(5761, 5762, 5763) 1167.0
(5681, 5682, 5683) 1096.0
(9501, 9502, 9503) 1287.0
(1100, 1101, 1102) 1245.0
(1860, 1861, 1862) 1310.0
(1434, 1435, 1436) 1368.0
(3460, 3461, 3462) 1054.0
(801, 802, 803) 685.0
(1854, 1855, 1856) 934.0
(5108, 5109, 5110) 1412.0
(1337, 1338, 1339) 1999.0
(3546, 3547, 3548) 831.0
(2518, 2519, 2520) 1304.0
(4688, 4689, 4690) 1077.0
(4161, 4162, 4163) 1179.0
(6201, 6202, 6203) 1096.0
(1301, 1302, 1303) 1046.0
(1325, 1326, 1327) 1124.0
(6262, 6263, 6264) 966.0
(2303, 2304, 2305) 828.0
(37, 38, 39) 951.0
(5343, 5344, 5345) 1312.0
(764, 765, 766) 1080.0
(7064, 7065, 7066) 894.0
(8806, 8807, 8808) 874.0
(2255, 2256, 2257) 1502.0
(2265, 2266, 2267) 851.0
(5590, 5591, 5592) 1448.0
(4652, 4653, 4654) 1307.0
(2574, 2575, 2576) 1222.0
(4576, 4577, 4578) 1238.0
(1455, 1456, 1457) 1342.0
(2993, 2994, 2995) 1456.0
(3669, 3670, 3671) 1318.0
(7036, 7037, 7038) 809.0
(2372, 2373, 2374) 849.0
(4097, 4098, 4099) 876.0
(3328, 3329, 3330) 1544.0
(8129, 8130, 8131) 1348.0
(3656, 3657, 3658) 1566.0
(4092, 4093, 4094) 846.0
(8342, 8343, 8344) 1100.0
(4283, 4284, 4285) 1173.0
(761, 762, 763) 1140.0
(4657, 4658, 4659) 955.0
(5795, 5796, 5797) 1445.0
