(7996, 7997, 7998) 16059.0
(3675, 3676, 3677) 12673.0
(4182, 4183, 4184) 11375.0
(5937, 5938, 5939) 15037.0
(5515, 5516, 5517) 12638.0
(7259, 7260, 7261) 16809.0
(1618, 1619, 1620) 14439.0
(1999, 2000, 2001) 14316.0
(1567, 1568, 1569) 12180.0
(7952, 7953, 7954) 13864.0
(5496, 5497, 5498) 16262.0
(490, 491, 492) 10152.0
(3482, 3483, 3484) 11194.0
(7302, 7303, 7304) 12881.0
(3411, 3412, 3413) 14307.0
(4643, 4644, 4645) 13683.0
(7951, 7952, 7953) 11894.0
(7929, 7930, 7931) 11602.0
(8088, 8089, 8090) 13358.0
(412, 413, 414) 12972.0
(107, 108, 109) 12813.0
(7193, 7194, 7195) 11820.0
(8350, 8351, 8352) 13562.0
(1285, 1286, 1287) 12050.0
(7159, 7160, 7161) 13633.0
(6419, 6420, 6421) 17855.0
(6165, 6166, 6167) 10433.0
(365, 366, 367) 12104.0
(2267, 2268, 2269) 14658.0
(3518, 3519, 3520) 12042.0
(2310, 2311, 2312) 15012.0
(4901, 4902, 4903) 12074.0
(7273, 7274, 7275) 11329.0
(752, 753, 754) 13249.0
(5515, 5516, 5517) 12638.0
(6387, 6388, 6389) 10476.0
(339, 340, 341) 11402.0
(7514, 7515, 7516) 13894.0
(7939, 7940, 7941) 12717.0
(903, 904, 905) 11558.0
(9831, 9832, 9833) 13327.0
(972, 973, 974) 11631.0
(7727, 7728, 7729) 11104.0
(2338, 2339, 2340) 14993.0
(4682, 4683, 4684) 13049.0
(1915, 1916, 1917) 12941.0
(7387, 7388, 7389) 12632.0
(8647, 8648, 8649) 12119.0
(4972, 4973, 4974) 12798.0
(7540, 7541, 7542) 10170.0
(3089, 3090, 3091) 15606.0
(5108, 5109, 5110) 11946.0
(6301, 6302, 6303) 13565.0
(8059, 8060, 8061) 10895.0
(646, 647, 648) 14016.0
(4557, 4558, 4559) 13400.0
(6819, 6820, 6821) 11678.0
(6674, 6675, 6676) 14040.0
(7916, 7917, 7918) 12388.0
(8745, 8746, 8747) 12889.0
(8982, 8983, 8984) 14830.0
(5297, 5298, 5299) 17983.0
(5757, 5758, 5759) 11732.0
(2947, 2948, 2949) 11918.0
(4564, 4565, 4566) 13626.0
(2915, 2916, 2917) 13512.0
(3355, 3356, 3357) 14846.0
(4798, 4799, 4800) 12331.0
(6420, 6421, 6422) 10682.0
(4356, 4357, 4358) 11920.0
(2228, 2229, 2230) 10821.0
(4196, 4197, 4198) 11966.0
(830, 831, 832) 15227.0
(15, 16, 17) 11928.0
(3086, 3087, 3088) 12004.0
(1405, 1406, 1407) 10831.0
(9465, 9466, 9467) 14700.0
(4206, 4207, 4208) 15898.0
(7342, 7343, 7344) 11728.0
(8464, 8465, 8466) 11748.0
(3322, 3323, 3324) 14618.0
(4804, 4805, 4806) 13540.0
(2394, 2395, 2396) 14185.0
(5733, 5734, 5735) 11403.0
(3521, 3522, 3523) 11487.0
(4482, 4483, 4484) 11137.0
(7093, 7094, 7095) 12343.0
(9344, 9345, 9346) 12059.0
(4296, 4297, 4298) 12934.0
(373, 374, 375) 12782.0
(2794, 2795, 2796) 11755.0
(8130, 8131, 8132) 12757.0
(5442, 5443, 5444) 11311.0
(4461, 4462, 4463) 14247.0
(4492, 4493, 4494) 12953.0
(9593, 9594, 9595) 14165.0
(8422, 8423, 8424) 13096.0
(7716, 7717, 7718) 12608.0
(9741, 9742, 9743) 11097.0
(7402, 7403, 7404) 14907.0
(7485, 7486, 7487) 12875.0
