(5536, 5537, 5538) 14463.0
(1241, 1242, 1243) 12655.0
(4995, 4996, 4997) 16323.0
(921, 922, 923) 18162.0
(843, 844, 845) 13459.0
(2945, 2946, 2947) 12048.0
(868, 869, 870) 11337.0
(1243, 1244, 1245) 13034.0
(3938, 3939, 3940) 14616.0
(7299, 7300, 7301) 12531.0
(1542, 1543, 1544) 12607.0
(363, 364, 365) 11733.0
(4073, 4074, 4075) 11827.0
(1566, 1567, 1568) 11990.0
(1961, 1962, 1963) 14214.0
(3215, 3216, 3217) 13835.0
(6326, 6327, 6328) 13456.0
(3844, 3845, 3846) 12098.0
(5425, 5426, 5427) 10993.0
(8819, 8820, 8821) 14125.0
(3209, 3210, 3211) 14079.0
(2215, 2216, 2217) 12634.0
(1900, 1901, 1902) 13047.0
(7401, 7402, 7403) 13462.0
(7205, 7206, 7207) 14029.0
(5219, 5220, 5221) 13374.0
(8826, 8827, 8828) 16231.0
(7273, 7274, 7275) 11450.0
(5350, 5351, 5352) 12255.0
(9534, 9535, 9536) 14557.0
(602, 603, 604) 13095.0
(6264, 6265, 6266) 12560.0
(9989, 9990, 9991) 11089.0
(2314, 2315, 2316) 11739.0
(9404, 9405, 9406) 10944.0
(8573, 8574, 8575) 12603.0
(8898, 8899, 8900) 15469.0
(3680, 3681, 3682) 13398.0
(4658, 4659, 4660) 14268.0
(6991, 6992, 6993) 12736.0
(5020, 5021, 5022) 14183.0
(8294, 8295, 8296) 12752.0
(6390, 6391, 6392) 11727.0
(7093, 7094, 7095) 12683.0
(7360, 7361, 7362) 13965.0
(898, 899, 900) 12852.0
(8361, 8362, 8363) 13453.0
(5943, 5944, 5945) 17823.0
(9447, 9448, 9449) 13141.0
(7133, 7134, 7135) 11743.0
(3079, 3080, 3081) 11846.0
(8026, 8027, 8028) 14281.0
(4772, 4773, 4774) 14511.0
(2019, 2020, 2021) 13712.0
(6981, 6982, 6983) 14478.0
(6154, 6155, 6156) 13166.0
(5, 6, 7) 12929.0
(2294, 2295, 2296) 12214.0
(7510, 7511, 7512) 13620.0
(2943, 2944, 2945) 10632.0
(7375, 7376, 7377) 11791.0
(3838, 3839, 3840) 10849.0
(9313, 9314, 9315) 14108.0
(7318, 7319, 7320) 13525.0
(681, 682, 683) 13367.0
(7241, 7242, 7243) 12847.0
(7918, 7919, 7920) 14534.0
(1417, 1418, 1419) 10938.0
(5050, 5051, 5052) 12781.0
(8314, 8315, 8316) 16051.0
(7837, 7838, 7839) 12122.0
(8181, 8182, 8183) 13453.0
(2892, 2893, 2894) 13093.0
(9971, 9972, 9973) 13008.0
(1579, 1580, 1581) 14808.0
(1801, 1802, 1803) 14179.0
(2298, 2299, 2300) 12863.0
(3202, 3203, 3204) 13462.0
(1901, 1902, 1903) 11423.0
(5590, 5591, 5592) 13526.0
(1494, 1495, 1496) 13252.0
(7539, 7540, 7541) 12065.0
(8948, 8949, 8950) 15105.0
(1816, 1817, 1818) 12852.0
(6619, 6620, 6621) 12976.0
(6859, 6860, 6861) 12047.0
(2195, 2196, 2197) 12103.0
(8024, 8025, 8026) 12059.0
(3160, 3161, 3162) 13056.0
(8426, 8427, 8428) 12590.0
(2121, 2122, 2123) 11735.0
(6078, 6079, 6080) 13803.0
(229, 230, 231) 18067.0
(9430, 9431, 9432) 14247.0
(2005, 2006, 2007) 14237.0
(8438, 8439, 8440) 12513.0
(4674, 4675, 4676) 12157.0
(6977, 6978, 6979) 13953.0
(1149, 1150, 1151) 13392.0
(8792, 8793, 8794) 13380.0
(6166, 6167, 6168) 12935.0
