(7661, 7662, 7663) 12044.0
(7881, 7882, 7883) 13438.0
(4456, 4457, 4458) 13174.0
(581, 582, 583) 14984.0
(7776, 7777, 7778) 12647.0
(8437, 8438, 8439) 14138.0
(5638, 5639, 5640) 13794.0
(3538, 3539, 3540) 11769.0
(5807, 5808, 5809) 13403.0
(7763, 7764, 7765) 14524.0
(2178, 2179, 2180) 13878.0
(9389, 9390, 9391) 18459.0
(9667, 9668, 9669) 12684.0
(1914, 1915, 1916) 13614.0
(9677, 9678, 9679) 15385.0
(4711, 4712, 4713) 13319.0
(8119, 8120, 8121) 13693.0
(2319, 2320, 2321) 12661.0
(4953, 4954, 4955) 15470.0
(7051, 7052, 7053) 15671.0
(6374, 6375, 6376) 13241.0
(9690, 9691, 9692) 13965.0
(9198, 9199, 9200) 15526.0
(6162, 6163, 6164) 12746.0
(2910, 2911, 2912) 12853.0
(253, 254, 255) 11640.0
(8050, 8051, 8052) 13371.0
(855, 856, 857) 11888.0
(3046, 3047, 3048) 15577.0
(4127, 4128, 4129) 11790.0
(6142, 6143, 6144) 11697.0
(6223, 6224, 6225) 14678.0
(3625, 3626, 3627) 13202.0
(8845, 8846, 8847) 14237.0
(4006, 4007, 4008) 12656.0
(7409, 7410, 7411) 12058.0
(1518, 1519, 1520) 13053.0
(7884, 7885, 7886) 11652.0
(4058, 4059, 4060) 12029.0
(8350, 8351, 8352) 14292.0
(2701, 2702, 2703) 12667.0
(5425, 5426, 5427) 11402.0
(5994, 5995, 5996) 15412.0
(9399, 9400, 9401) 11068.0
(4901, 4902, 4903) 12252.0
(5700, 5701, 5702) 15717.0
(924, 925, 926) 14656.0
(3158, 3159, 3160) 12394.0
(6916, 6917, 6918) 16006.0
(5380, 5381, 5382) 11562.0
(371, 372, 373) 12009.0
(8495, 8496, 8497) 14218.0
(3833, 3834, 3835) 13121.0
(7716, 7717, 7718) 13267.0
(9377, 9378, 9379) 13465.0
(6171, 6172, 6173) 13450.0
(9427, 9428, 9429) 13233.0
(4608, 4609, 4610) 13605.0
(1710, 1711, 1712) 13471.0
(8252, 8253, 8254) 11441.0
(5100, 5101, 5102) 11161.0
(3150, 3151, 3152) 14624.0
(5966, 5967, 5968) 12654.0
(8722, 8723, 8724) 14057.0
(3597, 3598, 3599) 12528.0
(1242, 1243, 1244) 13682.0
(8740, 8741, 8742) 14767.0
(4708, 4709, 4710) 13239.0
(5551, 5552, 5553) 14241.0
(9507, 9508, 9509) 13235.0
(1122, 1123, 1124) 12676.0
(8082, 8083, 8084) 12457.0
(822, 823, 824) 14407.0
(2593, 2594, 2595) 12820.0
(4228, 4229, 4230) 13401.0
(848, 849, 850) 11601.0
(6321, 6322, 6323) 12922.0
(8928, 8929, 8930) 12578.0
(2687, 2688, 2689) 14526.0
(6187, 6188, 6189) 11388.0
(6178, 6179, 6180) 14538.0
(6307, 6308, 6309) 14080.0
(6433, 6434, 6435) 13112.0
(4771, 4772, 4773) 14238.0
(9191, 9192, 9193) 13825.0
(9248, 9249, 9250) 14111.0
(776, 777, 778) 12603.0
(23, 24, 25) 13523.0
(2097, 2098, 2099) 13367.0
(2756, 2757, 2758) 12959.0
(8697, 8698, 8699) 11937.0
(9092, 9093, 9094) 13435.0
(8231, 8232, 8233) 12528.0
(3500, 3501, 3502) 11210.0
(2902, 2903, 2904) 14362.0
(8068, 8069, 8070) 12391.0
(3007, 3008, 3009) 15245.0
(3171, 3172, 3173) 14196.0
(1676, 1677, 1678) 14470.0
(1088, 1089, 1090) 13067.0
(1985, 1986, 1987) 13238.0
