(3280, 3281, 3282) 11718.0
(3916, 3917, 3918) 15440.0
(3890, 3891, 3892) 12700.0
(1425, 1426, 1427) 12382.0
(1600, 1601, 1602) 16856.0
(3298, 3299, 3300) 12259.0
(6520, 6521, 6522) 13633.0
(8082, 8083, 8084) 12393.0
(7102, 7103, 7104) 14808.0
(1351, 1352, 1353) 16230.0
(7922, 7923, 7924) 15395.0
(8523, 8524, 8525) 13051.0
(2569, 2570, 2571) 17455.0
(7050, 7051, 7052) 13927.0
(183, 184, 185) 14083.0
(4892, 4893, 4894) 12075.0
(3025, 3026, 3027) 13694.0
(1626, 1627, 1628) 15223.0
(1605, 1606, 1607) 13410.0
(1479, 1480, 1481) 13330.0
(8632, 8633, 8634) 13933.0
(4176, 4177, 4178) 12238.0
(5161, 5162, 5163) 13605.0
(6918, 6919, 6920) 13054.0
(9259, 9260, 9261) 14325.0
(4460, 4461, 4462) 12357.0
(1404, 1405, 1406) 12265.0
(4921, 4922, 4923) 15313.0
(3642, 3643, 3644) 12141.0
(7350, 7351, 7352) 14441.0
(3482, 3483, 3484) 11768.0
(777, 778, 779) 14646.0
(948, 949, 950) 12911.0
(8330, 8331, 8332) 15166.0
(5436, 5437, 5438) 12848.0
(2756, 2757, 2758) 12910.0
(3247, 3248, 3249) 17781.0
(9863, 9864, 9865) 12894.0
(4647, 4648, 4649) 13531.0
(5080, 5081, 5082) 13270.0
(9039, 9040, 9041) 15507.0
(7454, 7455, 7456) 13775.0
(7715, 7716, 7717) 12610.0
(5531, 5532, 5533) 14654.0
(5069, 5070, 5071) 14331.0
(6152, 6153, 6154) 14969.0
(2015, 2016, 2017) 13554.0
(1195, 1196, 1197) 13685.0
(1052, 1053, 1054) 15845.0
(4648, 4649, 4650) 13945.0
(5977, 5978, 5979) 11692.0
(4685, 4686, 4687) 13191.0
(6727, 6728, 6729) 14078.0
(9235, 9236, 9237) 12474.0
(1170, 1171, 1172) 14092.0
(4331, 4332, 4333) 13716.0
(5562, 5563, 5564) 12782.0
(2874, 2875, 2876) 12834.0
(7554, 7555, 7556) 17647.0
(6027, 6028, 6029) 12221.0
(6113, 6114, 6115) 13297.0
(2269, 2270, 2271) 14717.0
(6317, 6318, 6319) 13879.0
(1491, 1492, 1493) 12664.0
(8505, 8506, 8507) 13708.0
(3546, 3547, 3548) 11692.0
(1694, 1695, 1696) 12615.0
(6155, 6156, 6157) 16352.0
(707, 708, 709) 14943.0
(5884, 5885, 5886) 16355.0
(9142, 9143, 9144) 13150.0
(3725, 3726, 3727) 12021.0
(8094, 8095, 8096) 12764.0
(3383, 3384, 3385) 15610.0
(6758, 6759, 6760) 16204.0
(3199, 3200, 3201) 12074.0
(2980, 2981, 2982) 13332.0
(9190, 9191, 9192) 12741.0
(8612, 8613, 8614) 15040.0
(889, 890, 891) 16787.0
(4378, 4379, 4380) 14222.0
(2231, 2232, 2233) 15152.0
(1184, 1185, 1186) 14142.0
(4493, 4494, 4495) 12651.0
(4978, 4979, 4980) 12421.0
(9242, 9243, 9244) 14954.0
(1663, 1664, 1665) 14018.0
(9050, 9051, 9052) 13771.0
(6165, 6166, 6167) 10909.0
(8384, 8385, 8386) 13999.0
(5600, 5601, 5602) 14775.0
(5591, 5592, 5593) 13995.0
(6591, 6592, 6593) 12340.0
(3530, 3531, 3532) 12258.0
(9564, 9565, 9566) 12977.0
(3708, 3709, 3710) 17112.0
(8751, 8752, 8753) 14981.0
(3440, 3441, 3442) 13316.0
(8887, 8888, 8889) 13569.0
(5156, 5157, 5158) 12994.0
(3108, 3109, 3110) 12807.0
