(5325, 5326, 5327) 11466.0
(6204, 6205, 6206) 15448.0
(9828, 9829, 9830) 15101.0
(9157, 9158, 9159) 12746.0
(5348, 5349, 5350) 14825.0
(3173, 3174, 3175) 12866.0
(79, 80, 81) 13855.0
(8810, 8811, 8812) 12154.0
(9577, 9578, 9579) 14795.0
(6250, 6251, 6252) 12874.0
(5843, 5844, 5845) 12113.0
(4563, 4564, 4565) 14071.0
(396, 397, 398) 14461.0
(4714, 4715, 4716) 13630.0
(4030, 4031, 4032) 12421.0
(6201, 6202, 6203) 12519.0
(1563, 1564, 1565) 15987.0
(2196, 2197, 2198) 15257.0
(697, 698, 699) 14097.0
(161, 162, 163) 13898.0
(704, 705, 706) 13401.0
(1608, 1609, 1610) 14087.0
(1291, 1292, 1293) 18724.0
(7503, 7504, 7505) 15160.0
(2902, 2903, 2904) 14539.0
(1257, 1258, 1259) 15485.0
(2289, 2290, 2291) 13534.0
(9687, 9688, 9689) 14153.0
(1657, 1658, 1659) 14410.0
(5833, 5834, 5835) 13107.0
(7433, 7434, 7435) 13917.0
(4683, 4684, 4685) 13228.0
(9160, 9161, 9162) 13010.0
(2608, 2609, 2610) 13365.0
(3349, 3350, 3351) 15988.0
(4972, 4973, 4974) 13517.0
(5805, 5806, 5807) 11723.0
(8539, 8540, 8541) 13177.0
(8660, 8661, 8662) 15018.0
(8255, 8256, 8257) 11244.0
(4835, 4836, 4837) 14486.0
(2388, 2389, 2390) 13507.0
(8356, 8357, 8358) 13931.0
(2455, 2456, 2457) 18413.0
(2945, 2946, 2947) 12784.0
(4403, 4404, 4405) 13984.0
(5562, 5563, 5564) 12850.0
(2455, 2456, 2457) 18413.0
(8058, 8059, 8060) 14281.0
(1392, 1393, 1394) 13591.0
(9234, 9235, 9236) 13208.0
(5941, 5942, 5943) 12969.0
(5613, 5614, 5615) 12253.0
(1898, 1899, 1900) 12532.0
(670, 671, 672) 15308.0
(2768, 2769, 2770) 17039.0
(9609, 9610, 9611) 12892.0
(1447, 1448, 1449) 12216.0
(7973, 7974, 7975) 15335.0
(1048, 1049, 1050) 13029.0
(1655, 1656, 1657) 13184.0
(4383, 4384, 4385) 15516.0
(1991, 1992, 1993) 13095.0
(9751, 9752, 9753) 14196.0
(7188, 7189, 7190) 17292.0
(4268, 4269, 4270) 13391.0
(181, 182, 183) 14199.0
(3695, 3696, 3697) 12850.0
(19, 20, 21) 12353.0
(5307, 5308, 5309) 14125.0
(3449, 3450, 3451) 13533.0
(6102, 6103, 6104) 13541.0
(6087, 6088, 6089) 12993.0
(3616, 3617, 3618) 13980.0
(2834, 2835, 2836) 13613.0
(9133, 9134, 9135) 12169.0
(1946, 1947, 1948) 12467.0
(6266, 6267, 6268) 13083.0
(4167, 4168, 4169) 12807.0
(6864, 6865, 6866) 13852.0
(981, 982, 983) 16062.0
(569, 570, 571) 13524.0
(1558, 1559, 1560) 13652.0
(9192, 9193, 9194) 12578.0
(7270, 7271, 7272) 12702.0
(5241, 5242, 5243) 13228.0
(8575, 8576, 8577) 13567.0
(1731, 1732, 1733) 13629.0
(4556, 4557, 4558) 14961.0
(4750, 4751, 4752) 14881.0
(671, 672, 673) 15619.0
(3555, 3556, 3557) 15037.0
(4307, 4308, 4309) 13031.0
(2509, 2510, 2511) 12440.0
(9319, 9320, 9321) 13486.0
(2971, 2972, 2973) 14352.0
(1117, 1118, 1119) 12189.0
(7387, 7388, 7389) 13899.0
(2057, 2058, 2059) 11967.0
(7371, 7372, 7373) 12248.0
(7907, 7908, 7909) 15129.0
