(1162, 1163, 1164) 15165.0
(7990, 7991, 7992) 13991.0
(7670, 7671, 7672) 13591.0
(8448, 8449, 8450) 13613.0
(6609, 6610, 6611) 12702.0
(3505, 3506, 3507) 11434.0
(7717, 7718, 7719) 12133.0
(1673, 1674, 1675) 14063.0
(3800, 3801, 3802) 13651.0
(6146, 6147, 6148) 13088.0
(6356, 6357, 6358) 13754.0
(9230, 9231, 9232) 13221.0
(3800, 3801, 3802) 13651.0
(9627, 9628, 9629) 14794.0
(6933, 6934, 6935) 14818.0
(4639, 4640, 4641) 13709.0
(5833, 5834, 5835) 13123.0
(3905, 3906, 3907) 12230.0
(7478, 7479, 7480) 14333.0
(7417, 7418, 7419) 13231.0
(1769, 1770, 1771) 12957.0
(541, 542, 543) 12622.0
(1041, 1042, 1043) 14715.0
(1356, 1357, 1358) 11940.0
(5043, 5044, 5045) 12683.0
(566, 567, 568) 12176.0
(4629, 4630, 4631) 12623.0
(8606, 8607, 8608) 16607.0
(7882, 7883, 7884) 13381.0
(7515, 7516, 7517) 14381.0
(1816, 1817, 1818) 13714.0
(6009, 6010, 6011) 14357.0
(9507, 9508, 9509) 13780.0
(639, 640, 641) 13122.0
(8628, 8629, 8630) 14850.0
(2263, 2264, 2265) 16136.0
(1206, 1207, 1208) 14452.0
(3004, 3005, 3006) 13161.0
(6527, 6528, 6529) 11984.0
(2372, 2373, 2374) 17080.0
(8155, 8156, 8157) 14029.0
(6574, 6575, 6576) 12590.0
(2843, 2844, 2845) 13520.0
(6854, 6855, 6856) 14009.0
(2038, 2039, 2040) 13247.0
(2183, 2184, 2185) 15228.0
(6385, 6386, 6387) 13146.0
(6615, 6616, 6617) 13091.0
(4126, 4127, 4128) 13357.0
(15, 16, 17) 13393.0
(3809, 3810, 3811) 14925.0
(3053, 3054, 3055) 12289.0
(5687, 5688, 5689) 14937.0
(5289, 5290, 5291) 14221.0
(6241, 6242, 6243) 14367.0
(1119, 1120, 1121) 13060.0
(9429, 9430, 9431) 16015.0
(791, 792, 793) 16643.0
(6172, 6173, 6174) 15027.0
(5985, 5986, 5987) 13998.0
(2572, 2573, 2574) 13949.0
(250, 251, 252) 13361.0
(1260, 1261, 1262) 15171.0
(4797, 4798, 4799) 12421.0
(9982, 9983, 9984) 12600.0
(5094, 5095, 5096) 12668.0
(5827, 5828, 5829) 13773.0
(2032, 2033, 2034) 12235.0
(6677, 6678, 6679) 12675.0
(88, 89, 90) 12641.0
(4358, 4359, 4360) 12954.0
(3597, 3598, 3599) 13349.0
(6575, 6576, 6577) 14775.0
(2016, 2017, 2018) 13621.0
(5662, 5663, 5664) 14075.0
(4944, 4945, 4946) 12557.0
(5323, 5324, 5325) 14154.0
(4409, 4410, 4411) 13575.0
(192, 193, 194) 17323.0
(4404, 4405, 4406) 12336.0
(9073, 9074, 9075) 14323.0
(2852, 2853, 2854) 13272.0
(3238, 3239, 3240) 13870.0
(4998, 4999, 5000) 15440.0
(9598, 9599, 9600) 16327.0
(9146, 9147, 9148) 13690.0
(6976, 6977, 6978) 12717.0
(5618, 5619, 5620) 13216.0
(8238, 8239, 8240) 13419.0
(4353, 4354, 4355) 12228.0
(6574, 6575, 6576) 12590.0
(4358, 4359, 4360) 12954.0
(2914, 2915, 2916) 13527.0
(1417, 1418, 1419) 11805.0
(9731, 9732, 9733) 12858.0
(1613, 1614, 1615) 13009.0
(3566, 3567, 3568) 14808.0
(4609, 4610, 4611) 13275.0
(2527, 2528, 2529) 12994.0
(1005, 1006, 1007) 13355.0
(201, 202, 203) 17586.0
