(1182, 1183, 1184) 14388.0
(8005, 8006, 8007) 14145.0
(6363, 6364, 6365) 13414.0
(4138, 4139, 4140) 13716.0
(2765, 2766, 2767) 13365.0
(7427, 7428, 7429) 13302.0
(5359, 5360, 5361) 13110.0
(4223, 4224, 4225) 12705.0
(5064, 5065, 5066) 14917.0
(9855, 9856, 9857) 12807.0
(6031, 6032, 6033) 14681.0
(8720, 8721, 8722) 13364.0
(1762, 1763, 1764) 14003.0
(4267, 4268, 4269) 18894.0
(8823, 8824, 8825) 13470.0
(1602, 1603, 1604) 16782.0
(1414, 1415, 1416) 13839.0
(758, 759, 760) 12286.0
(6010, 6011, 6012) 13949.0
(1070, 1071, 1072) 11583.0
(6687, 6688, 6689) 15154.0
(1362, 1363, 1364) 13765.0
(8525, 8526, 8527) 13557.0
(814, 815, 816) 14704.0
(8711, 8712, 8713) 14531.0
(3177, 3178, 3179) 15041.0
(4894, 4895, 4896) 13295.0
(9570, 9571, 9572) 12183.0
(5245, 5246, 5247) 13308.0
(8022, 8023, 8024) 12431.0
(8855, 8856, 8857) 15388.0
(5977, 5978, 5979) 12192.0
(4589, 4590, 4591) 17119.0
(3697, 3698, 3699) 14227.0
(6553, 6554, 6555) 14961.0
(7867, 7868, 7869) 12860.0
(5867, 5868, 5869) 12891.0
(6935, 6936, 6937) 15720.0
(2808, 2809, 2810) 14527.0
(3217, 3218, 3219) 13867.0
(5132, 5133, 5134) 13820.0
(2363, 2364, 2365) 14852.0
(5240, 5241, 5242) 13783.0
(4728, 4729, 4730) 16136.0
(285, 286, 287) 13762.0
(5876, 5877, 5878) 13026.0
(6930, 6931, 6932) 14726.0
(7806, 7807, 7808) 13857.0
(6051, 6052, 6053) 14607.0
(478, 479, 480) 15974.0
(6306, 6307, 6308) 14703.0
(7311, 7312, 7313) 14609.0
(5817, 5818, 5819) 13640.0
(7605, 7606, 7607) 12698.0
(9841, 9842, 9843) 13115.0
(4216, 4217, 4218) 13529.0
(8863, 8864, 8865) 12406.0
(6746, 6747, 6748) 14684.0
(6667, 6668, 6669) 12716.0
(163, 164, 165) 14660.0
(3183, 3184, 3185) 18084.0
(5066, 5067, 5068) 15959.0
(3465, 3466, 3467) 13958.0
(7384, 7385, 7386) 20085.0
(43, 44, 45) 14317.0
(8427, 8428, 8429) 12801.0
(8924, 8925, 8926) 14281.0
(6906, 6907, 6908) 14161.0
(1734, 1735, 1736) 15591.0
(8133, 8134, 8135) 16352.0
(1516, 1517, 1518) 14160.0
(539, 540, 541) 15878.0
(219, 220, 221) 12999.0
(6257, 6258, 6259) 16271.0
(7316, 7317, 7318) 12968.0
(6387, 6388, 6389) 14769.0
(6926, 6927, 6928) 12845.0
(7095, 7096, 7097) 14377.0
(8151, 8152, 8153) 18389.0
(5719, 5720, 5721) 14634.0
(1044, 1045, 1046) 14318.0
(8805, 8806, 8807) 16010.0
(8751, 8752, 8753) 15997.0
(3073, 3074, 3075) 14965.0
(5434, 5435, 5436) 14744.0
(8909, 8910, 8911) 15373.0
(9507, 9508, 9509) 14104.0
(8031, 8032, 8033) 15979.0
(3393, 3394, 3395) 12888.0
(2342, 2343, 2344) 13364.0
(7747, 7748, 7749) 14140.0
(5098, 5099, 5100) 13035.0
(2356, 2357, 2358) 15024.0
(4538, 4539, 4540) 14011.0
(1498, 1499, 1500) 13434.0
(8003, 8004, 8005) 16597.0
(1702, 1703, 1704) 14040.0
(9719, 9720, 9721) 14256.0
(9687, 9688, 9689) 14672.0
(9795, 9796, 9797) 12572.0
(8054, 8055, 8056) 13716.0
