(9699, 9700, 9701) 14021.0
(9499, 9500, 9501) 13104.0
(6416, 6417, 6418) 12803.0
(689, 690, 691) 17577.0
(9992, 9993, 9994) 12237.0
(9444, 9445, 9446) 12738.0
(3560, 3561, 3562) 17375.0
(5108, 5109, 5110) 13451.0
(8392, 8393, 8394) 13732.0
(6040, 6041, 6042) 12709.0
(1012, 1013, 1014) 14222.0
(2973, 2974, 2975) 13505.0
(5661, 5662, 5663) 14990.0
(5849, 5850, 5851) 13231.0
(3678, 3679, 3680) 13100.0
(702, 703, 704) 13474.0
(3239, 3240, 3241) 13334.0
(9402, 9403, 9404) 14956.0
(8829, 8830, 8831) 14313.0
(7007, 7008, 7009) 15555.0
(6427, 6428, 6429) 13474.0
(3344, 3345, 3346) 12548.0
(2052, 2053, 2054) 12632.0
(2648, 2649, 2650) 15149.0
(5014, 5015, 5016) 12450.0
(951, 952, 953) 15395.0
(4012, 4013, 4014) 16895.0
(4412, 4413, 4414) 16160.0
(4895, 4896, 4897) 12770.0
(2645, 2646, 2647) 15542.0
(6746, 6747, 6748) 14466.0
(3610, 3611, 3612) 14482.0
(2463, 2464, 2465) 15794.0
(2224, 2225, 2226) 15401.0
(6853, 6854, 6855) 17668.0
(1171, 1172, 1173) 14733.0
(4882, 4883, 4884) 14790.0
(1352, 1353, 1354) 13283.0
(8547, 8548, 8549) 14114.0
(1693, 1694, 1695) 12561.0
(8240, 8241, 8242) 16765.0
(6305, 6306, 6307) 15864.0
(3568, 3569, 3570) 14450.0
(1052, 1053, 1054) 17692.0
(6524, 6525, 6526) 16370.0
(4240, 4241, 4242) 15463.0
(9878, 9879, 9880) 14036.0
(2610, 2611, 2612) 12608.0
(6482, 6483, 6484) 13113.0
(7680, 7681, 7682) 13522.0
(6210, 6211, 6212) 14597.0
(5112, 5113, 5114) 19414.0
(858, 859, 860) 15013.0
(2909, 2910, 2911) 15742.0
(4993, 4994, 4995) 13691.0
(488, 489, 490) 13134.0
(2502, 2503, 2504) 13367.0
(9419, 9420, 9421) 15522.0
(708, 709, 710) 13188.0
(289, 290, 291) 12680.0
(4940, 4941, 4942) 13738.0
(1382, 1383, 1384) 14887.0
(8013, 8014, 8015) 16984.0
(942, 943, 944) 18460.0
(9673, 9674, 9675) 15219.0
(2001, 2002, 2003) 15521.0
(2445, 2446, 2447) 12535.0
(6617, 6618, 6619) 13772.0
(3192, 3193, 3194) 14865.0
(7241, 7242, 7243) 14158.0
(4676, 4677, 4678) 12920.0
(5005, 5006, 5007) 14845.0
(5601, 5602, 5603) 13667.0
(303, 304, 305) 14172.0
(4077, 4078, 4079) 14702.0
(9107, 9108, 9109) 13758.0
(5083, 5084, 5085) 13693.0
(9837, 9838, 9839) 15306.0
(5171, 5172, 5173) 13579.0
(8081, 8082, 8083) 15159.0
(5162, 5163, 5164) 15877.0
(8768, 8769, 8770) 13191.0
(8406, 8407, 8408) 13981.0
(8846, 8847, 8848) 13421.0
(2340, 2341, 2342) 15108.0
(4533, 4534, 4535) 17940.0
(5192, 5193, 5194) 14261.0
(9826, 9827, 9828) 16574.0
(7471, 7472, 7473) 15811.0
(8015, 8016, 8017) 15483.0
(6537, 6538, 6539) 16369.0
(7848, 7849, 7850) 15368.0
(9905, 9906, 9907) 12576.0
(3053, 3054, 3055) 12749.0
(3587, 3588, 3589) 17153.0
(2877, 2878, 2879) 11100.0
(7856, 7857, 7858) 14164.0
(4048, 4049, 4050) 13521.0
(1541, 1542, 1543) 14769.0
(7702, 7703, 7704) 15208.0
(4748, 4749, 4750) 12901.0
