(6035, 6036, 6037) 13774.0
(8769, 8770, 8771) 15041.0
(7193, 7194, 7195) 14194.0
(7393, 7394, 7395) 13534.0
(2744, 2745, 2746) 14795.0
(6984, 6985, 6986) 14478.0
(2225, 2226, 2227) 14817.0
(111, 112, 113) 17727.0
(6183, 6184, 6185) 16973.0
(2907, 2908, 2909) 14700.0
(6376, 6377, 6378) 14094.0
(4301, 4302, 4303) 13869.0
(3759, 3760, 3761) 13063.0
(3424, 3425, 3426) 14997.0
(3778, 3779, 3780) 14265.0
(2093, 2094, 2095) 16098.0
(5780, 5781, 5782) 13889.0
(6555, 6556, 6557) 16453.0
(8795, 8796, 8797) 15404.0
(4827, 4828, 4829) 14066.0
(9369, 9370, 9371) 17172.0
(9366, 9367, 9368) 14432.0
(1558, 1559, 1560) 13759.0
(93, 94, 95) 13175.0
(1480, 1481, 1482) 12753.0
(230, 231, 232) 17499.0
(9534, 9535, 9536) 15730.0
(2294, 2295, 2296) 13793.0
(6906, 6907, 6908) 14671.0
(7569, 7570, 7571) 17586.0
(6827, 6828, 6829) 14938.0
(8421, 8422, 8423) 14975.0
(5177, 5178, 5179) 15902.0
(4364, 4365, 4366) 13089.0
(6749, 6750, 6751) 13724.0
(6442, 6443, 6444) 15193.0
(8292, 8293, 8294) 17095.0
(1677, 1678, 1679) 14606.0
(5227, 5228, 5229) 15171.0
(4550, 4551, 4552) 13199.0
(3152, 3153, 3154) 16475.0
(638, 639, 640) 13883.0
(177, 178, 179) 14968.0
(8354, 8355, 8356) 15264.0
(3269, 3270, 3271) 13318.0
(6183, 6184, 6185) 16973.0
(444, 445, 446) 18695.0
(2837, 2838, 2839) 13608.0
(7224, 7225, 7226) 14091.0
(7727, 7728, 7729) 12641.0
(6659, 6660, 6661) 13652.0
(6607, 6608, 6609) 15727.0
(6567, 6568, 6569) 15942.0
(2544, 2545, 2546) 15687.0
(7455, 7456, 7457) 15150.0
(1979, 1980, 1981) 12871.0
(6170, 6171, 6172) 12822.0
(5302, 5303, 5304) 17343.0
(3422, 3423, 3424) 14122.0
(7681, 7682, 7683) 13528.0
(7037, 7038, 7039) 15310.0
(683, 684, 685) 14160.0
(558, 559, 560) 19423.0
(8997, 8998, 8999) 17327.0
(3472, 3473, 3474) 14832.0
(8563, 8564, 8565) 12850.0
(5338, 5339, 5340) 16423.0
(2292, 2293, 2294) 13260.0
(562, 563, 564) 13466.0
(8639, 8640, 8641) 12972.0
(9826, 9827, 9828) 16837.0
(7475, 7476, 7477) 14757.0
(5915, 5916, 5917) 16312.0
(2566, 2567, 2568) 14574.0
(6856, 6857, 6858) 13146.0
(7754, 7755, 7756) 15251.0
(7314, 7315, 7316) 16018.0
(46, 47, 48) 16466.0
(9342, 9343, 9344) 12960.0
(2538, 2539, 2540) 15629.0
(3659, 3660, 3661) 13555.0
(7316, 7317, 7318) 13083.0
(5296, 5297, 5298) 14067.0
(3622, 3623, 3624) 14365.0
(742, 743, 744) 15478.0
(1493, 1494, 1495) 15374.0
(3356, 3357, 3358) 12442.0
(4370, 4371, 4372) 16266.0
(619, 620, 621) 18075.0
(4916, 4917, 4918) 19181.0
(9945, 9946, 9947) 12904.0
(1869, 1870, 1871) 14765.0
(3211, 3212, 3213) 14607.0
(9544, 9545, 9546) 14682.0
(7798, 7799, 7800) 14028.0
(5862, 5863, 5864) 14504.0
(5381, 5382, 5383) 13465.0
(2122, 2123, 2124) 13907.0
(7238, 7239, 7240) 16458.0
(1839, 1840, 1841) 15493.0
(624, 625, 626) 15636.0
