(2989, 2990, 2991) 13923.0
(8419, 8420, 8421) 13693.0
(5713, 5714, 5715) 15364.0
(7496, 7497, 7498) 14098.0
(1782, 1783, 1784) 15460.0
(3427, 3428, 3429) 12358.0
(1077, 1078, 1079) 18798.0
(8930, 8931, 8932) 14622.0
(3115, 3116, 3117) 15085.0
(8993, 8994, 8995) 12285.0
(8170, 8171, 8172) 14667.0
(7707, 7708, 7709) 14635.0
(598, 599, 600) 15663.0
(2627, 2628, 2629) 14615.0
(8523, 8524, 8525) 14260.0
(3306, 3307, 3308) 15343.0
(7843, 7844, 7845) 17361.0
(5109, 5110, 5111) 14405.0
(5326, 5327, 5328) 13455.0
(3527, 3528, 3529) 13297.0
(9815, 9816, 9817) 13280.0
(6782, 6783, 6784) 14615.0
(3747, 3748, 3749) 14306.0
(8329, 8330, 8331) 19189.0
(353, 354, 355) 13618.0
(1274, 1275, 1276) 18302.0
(8078, 8079, 8080) 17617.0
(678, 679, 680) 15289.0
(6326, 6327, 6328) 15652.0
(6530, 6531, 6532) 13897.0
(9192, 9193, 9194) 14048.0
(9662, 9663, 9664) 14768.0
(4428, 4429, 4430) 13470.0
(9755, 9756, 9757) 15362.0
(4910, 4911, 4912) 14232.0
(6924, 6925, 6926) 17314.0
(8498, 8499, 8500) 17278.0
(1462, 1463, 1464) 13158.0
(3340, 3341, 3342) 13227.0
(3150, 3151, 3152) 16262.0
(5332, 5333, 5334) 16360.0
(8967, 8968, 8969) 15874.0
(2432, 2433, 2434) 14174.0
(233, 234, 235) 15089.0
(6996, 6997, 6998) 14805.0
(2196, 2197, 2198) 16283.0
(2496, 2497, 2498) 15096.0
(1385, 1386, 1387) 14416.0
(2939, 2940, 2941) 12979.0
(8001, 8002, 8003) 13740.0
(5808, 5809, 5810) 16022.0
(2451, 2452, 2453) 13336.0
(1166, 1167, 1168) 16166.0
(7156, 7157, 7158) 15194.0
(18, 19, 20) 15723.0
(8025, 8026, 8027) 19776.0
(7317, 7318, 7319) 13916.0
(8405, 8406, 8407) 18462.0
(5165, 5166, 5167) 14119.0
(8933, 8934, 8935) 12861.0
(5872, 5873, 5874) 17664.0
(4893, 4894, 4895) 15827.0
(6149, 6150, 6151) 13402.0
(4940, 4941, 4942) 13697.0
(3338, 3339, 3340) 14039.0
(5613, 5614, 5615) 13415.0
(5067, 5068, 5069) 16164.0
(5456, 5457, 5458) 12763.0
(1102, 1103, 1104) 14265.0
(6543, 6544, 6545) 14247.0
(3167, 3168, 3169) 18237.0
(1111, 1112, 1113) 17231.0
(505, 506, 507) 15558.0
(8501, 8502, 8503) 14765.0
(5695, 5696, 5697) 13262.0
(1069, 1070, 1071) 14359.0
(2842, 2843, 2844) 13102.0
(5007, 5008, 5009) 13250.0
(3379, 3380, 3381) 13785.0
(6549, 6550, 6551) 16615.0
(5888, 5889, 5890) 14474.0
(663, 664, 665) 13125.0
(8252, 8253, 8254) 13188.0
(1046, 1047, 1048) 14055.0
(9845, 9846, 9847) 14809.0
(9565, 9566, 9567) 16685.0
(7556, 7557, 7558) 16793.0
(2741, 2742, 2743) 13741.0
(2275, 2276, 2277) 13076.0
(6927, 6928, 6929) 15058.0
(68, 69, 70) 13266.0
(9459, 9460, 9461) 19515.0
(9109, 9110, 9111) 14365.0
(1475, 1476, 1477) 14659.0
(6754, 6755, 6756) 14567.0
(7480, 7481, 7482) 15132.0
(7925, 7926, 7927) 15734.0
(1533, 1534, 1535) 17888.0
(2545, 2546, 2547) 13707.0
(6125, 6126, 6127) 15609.0
(2567, 2568, 2569) 17382.0
