(8247, 8248, 8249) 15057.0
(3828, 3829, 3830) 12959.0
(579, 580, 581) 16735.0
(6455, 6456, 6457) 14838.0
(8904, 8905, 8906) 14189.0
(8351, 8352, 8353) 14459.0
(6046, 6047, 6048) 13386.0
(7158, 7159, 7160) 15167.0
(1558, 1559, 1560) 14317.0
(8988, 8989, 8990) 18462.0
(8067, 8068, 8069) 16532.0
(1117, 1118, 1119) 13737.0
(8237, 8238, 8239) 15775.0
(7022, 7023, 7024) 13358.0
(7193, 7194, 7195) 14595.0
(4940, 4941, 4942) 14132.0
(6415, 6416, 6417) 13409.0
(1238, 1239, 1240) 14880.0
(4370, 4371, 4372) 16470.0
(9987, 9988, 9989) 13718.0
(8905, 8906, 8907) 15102.0
(6344, 6345, 6346) 13713.0
(3221, 3222, 3223) 16874.0
(6356, 6357, 6358) 14620.0
(6122, 6123, 6124) 13721.0
(1328, 1329, 1330) 13249.0
(9973, 9974, 9975) 12705.0
(8961, 8962, 8963) 18295.0
(1070, 1071, 1072) 12273.0
(2917, 2918, 2919) 14051.0
(5907, 5908, 5909) 13843.0
(8967, 8968, 8969) 16151.0
(9561, 9562, 9563) 15089.0
(652, 653, 654) 14892.0
(2736, 2737, 2738) 13605.0
(5359, 5360, 5361) 13777.0
(4655, 4656, 4657) 14414.0
(709, 710, 711) 13258.0
(4571, 4572, 4573) 16045.0
(6800, 6801, 6802) 14095.0
(471, 472, 473) 13457.0
(8993, 8994, 8995) 12409.0
(2316, 2317, 2318) 17348.0
(8969, 8970, 8971) 13245.0
(8682, 8683, 8684) 15271.0
(4300, 4301, 4302) 14651.0
(1371, 1372, 1373) 17953.0
(9242, 9243, 9244) 16245.0
(7666, 7667, 7668) 14054.0
(3901, 3902, 3903) 16200.0
(7488, 7489, 7490) 14770.0
(8311, 8312, 8313) 14283.0
(5357, 5358, 5359) 18312.0
(7379, 7380, 7381) 14225.0
(470, 471, 472) 17332.0
(2208, 2209, 2210) 15127.0
(2023, 2024, 2025) 17490.0
(2567, 2568, 2569) 17600.0
(5087, 5088, 5089) 15328.0
(3880, 3881, 3882) 18174.0
(833, 834, 835) 14019.0
(711, 712, 713) 14749.0
(4379, 4380, 4381) 15588.0
(5248, 5249, 5250) 13382.0
(1020, 1021, 1022) 14478.0
(3452, 3453, 3454) 14729.0
(409, 410, 411) 15855.0
(9310, 9311, 9312) 16878.0
(197, 198, 199) 17073.0
(505, 506, 507) 15930.0
(211, 212, 213) 13088.0
(3173, 3174, 3175) 14588.0
(7912, 7913, 7914) 16176.0
(1621, 1622, 1623) 14888.0
(5259, 5260, 5261) 18156.0
(4026, 4027, 4028) 17520.0
(8002, 8003, 8004) 14107.0
(9927, 9928, 9929) 14422.0
(8892, 8893, 8894) 14305.0
(5045, 5046, 5047) 16666.0
(2566, 2567, 2568) 14777.0
(2907, 2908, 2909) 15410.0
(2214, 2215, 2216) 19658.0
(541, 542, 543) 13282.0
(287, 288, 289) 16346.0
(6630, 6631, 6632) 13074.0
(7126, 7127, 7128) 15743.0
(5395, 5396, 5397) 14714.0
(4242, 4243, 4244) 13733.0
(1278, 1279, 1280) 18026.0
(4563, 4564, 4565) 14872.0
(8712, 8713, 8714) 17057.0
(123, 124, 125) 14400.0
(3336, 3337, 3338) 15100.0
(2202, 2203, 2204) 14793.0
(1223, 1224, 1225) 14339.0
(9961, 9962, 9963) 16175.0
(8824, 8825, 8826) 14293.0
(2066, 2067, 2068) 15332.0
(8411, 8412, 8413) 16551.0
(2826, 2827, 2828) 20787.0
