(934, 935, 936) 1270.0
(7102, 7103, 7104) 1111.0
(7918, 7919, 7920) 1223.0
(4842, 4843, 4844) 1271.0
(4713, 4714, 4715) 1127.0
(8517, 8518, 8519) 1269.0
(5686, 5687, 5688) 1293.0
(6899, 6900, 6901) 1409.0
(7803, 7804, 7805) 1482.0
(6826, 6827, 6828) 1531.0
(1114, 1115, 1116) 1752.0
(6239, 6240, 6241) 1338.0
(8012, 8013, 8014) 1502.0
(2829, 2830, 2831) 1004.0
(7534, 7535, 7536) 927.0
(7737, 7738, 7739) 1428.0
(620, 621, 622) 1088.0
(1970, 1971, 1972) 1347.0
(4682, 4683, 4684) 1330.0
(5756, 5757, 5758) 1701.0
(9029, 9030, 9031) 1242.0
(7062, 7063, 7064) 1150.0
(2859, 2860, 2861) 1447.0
(2224, 2225, 2226) 1713.0
(570, 571, 572) 1497.0
(6675, 6676, 6677) 1510.0
(4926, 4927, 4928) 1346.0
(3440, 3441, 3442) 1740.0
(699, 700, 701) 1539.0
(9506, 9507, 9508) 1337.0
(8033, 8034, 8035) 1305.0
(7291, 7292, 7293) 1454.0
(7372, 7373, 7374) 1097.0
(8606, 8607, 8608) 1354.0
(5661, 5662, 5663) 1772.0
(1431, 1432, 1433) 1428.0
(3255, 3256, 3257) 1494.0
(3374, 3375, 3376) 1332.0
(8674, 8675, 8676) 1218.0
(9933, 9934, 9935) 1134.0
(9429, 9430, 9431) 1074.0
(3247, 3248, 3249) 1677.0
(8616, 8617, 8618) 1427.0
(7166, 7167, 7168) 1396.0
(4561, 4562, 4563) 1747.0
(7757, 7758, 7759) 1132.0
(824, 825, 826) 1413.0
(1812, 1813, 1814) 1032.0
(6532, 6533, 6534) 1251.0
(4910, 4911, 4912) 897.0
(7275, 7276, 7277) 2059.0
(7852, 7853, 7854) 1236.0
(7242, 7243, 7244) 1063.0
(674, 675, 676) 1094.0
(7931, 7932, 7933) 1396.0
(5637, 5638, 5639) 1429.0
(7670, 7671, 7672) 1344.0
(7249, 7250, 7251) 2164.0
(8947, 8948, 8949) 1245.0
(8354, 8355, 8356) 1496.0
(3236, 3237, 3238) 1178.0
(8321, 8322, 8323) 1119.0
(4036, 4037, 4038) 1436.0
(2937, 2938, 2939) 1461.0
(2446, 2447, 2448) 1992.0
(5744, 5745, 5746) 1381.0
(432, 433, 434) 824.0
(2357, 2358, 2359) 1511.0
(4538, 4539, 4540) 1377.0
(1689, 1690, 1691) 1444.0
(2739, 2740, 2741) 999.0
(1782, 1783, 1784) 1413.0
(3274, 3275, 3276) 1190.0
(1642, 1643, 1644) 1788.0
(8716, 8717, 8718) 1112.0
(893, 894, 895) 1096.0
(4146, 4147, 4148) 1409.0
(2834, 2835, 2836) 1686.0
(7796, 7797, 7798) 1613.0
(3061, 3062, 3063) 1845.0
(4365, 4366, 4367) 1159.0
(1526, 1527, 1528) 1156.0
(657, 658, 659) 2191.0
(7491, 7492, 7493) 1325.0
(5293, 5294, 5295) 1496.0
(4083, 4084, 4085) 1549.0
(8022, 8023, 8024) 1592.0
(8728, 8729, 8730) 1512.0
(8096, 8097, 8098) 1336.0
(6805, 6806, 6807) 1201.0
(5302, 5303, 5304) 1775.0
(9645, 9646, 9647) 1220.0
(1590, 1591, 1592) 1476.0
(6498, 6499, 6500) 866.0
(7936, 7937, 7938) 1469.0
(2550, 2551, 2552) 1521.0
(2823, 2824, 2825) 1251.0
(9821, 9822, 9823) 1421.0
(7821, 7822, 7823) 1213.0
(7542, 7543, 7544) 1054.0
(6868, 6869, 6870) 1295.0
