(6557, 6558, 6559) 15932.0
(5996, 5997, 5998) 15507.0
(9185, 9186, 9187) 16621.0
(1647, 1648, 1649) 14018.0
(4426, 4427, 4428) 12831.0
(1313, 1314, 1315) 16001.0
(6351, 6352, 6353) 16042.0
(7417, 7418, 7419) 14730.0
(9827, 9828, 9829) 15988.0
(4363, 4364, 4365) 17790.0
(4502, 4503, 4504) 15501.0
(5108, 5109, 5110) 14681.0
(9382, 9383, 9384) 15819.0
(1401, 1402, 1403) 17171.0
(218, 219, 220) 14533.0
(3117, 3118, 3119) 19382.0
(2668, 2669, 2670) 16094.0
(4804, 4805, 4806) 16832.0
(9362, 9363, 9364) 14056.0
(9717, 9718, 9719) 15469.0
(5412, 5413, 5414) 15893.0
(6379, 6380, 6381) 14742.0
(7350, 7351, 7352) 16168.0
(1418, 1419, 1420) 14472.0
(2072, 2073, 2074) 13457.0
(2046, 2047, 2048) 12695.0
(1918, 1919, 1920) 17343.0
(1457, 1458, 1459) 14790.0
(3073, 3074, 3075) 15194.0
(5591, 5592, 5593) 15814.0
(7490, 7491, 7492) 17749.0
(4825, 4826, 4827) 15850.0
(2145, 2146, 2147) 14435.0
(9031, 9032, 9033) 19096.0
(9183, 9184, 9185) 14847.0
(3966, 3967, 3968) 12752.0
(2639, 2640, 2641) 14843.0
(7572, 7573, 7574) 15565.0
(8340, 8341, 8342) 14472.0
(9365, 9366, 9367) 18458.0
(1922, 1923, 1924) 15366.0
(7115, 7116, 7117) 12213.0
(8897, 8898, 8899) 13228.0
(3221, 3222, 3223) 17113.0
(4193, 4194, 4195) 16610.0
(1233, 1234, 1235) 12244.0
(1808, 1809, 1810) 17696.0
(9338, 9339, 9340) 14158.0
(2676, 2677, 2678) 16684.0
(4090, 4091, 4092) 14833.0
(2388, 2389, 2390) 15498.0
(6470, 6471, 6472) 14411.0
(714, 715, 716) 18130.0
(3674, 3675, 3676) 13547.0
(296, 297, 298) 20175.0
(6682, 6683, 6684) 15836.0
(698, 699, 700) 15303.0
(8297, 8298, 8299) 15704.0
(6284, 6285, 6286) 16389.0
(6221, 6222, 6223) 13364.0
(977, 978, 979) 13993.0
(4913, 4914, 4915) 13472.0
(525, 526, 527) 13942.0
(2005, 2006, 2007) 18125.0
(1804, 1805, 1806) 14065.0
(4174, 4175, 4176) 13584.0
(755, 756, 757) 14594.0
(8339, 8340, 8341) 15091.0
(5923, 5924, 5925) 16286.0
(1681, 1682, 1683) 14235.0
(4472, 4473, 4474) 15192.0
(9285, 9286, 9287) 13196.0
(4590, 4591, 4592) 14870.0
(30, 31, 32) 13675.0
(5322, 5323, 5324) 14082.0
(3914, 3915, 3916) 18493.0
(7520, 7521, 7522) 14740.0
(3222, 3223, 3224) 15871.0
(2582, 2583, 2584) 12934.0
(8133, 8134, 8135) 17069.0
(8781, 8782, 8783) 14452.0
(4178, 4179, 4180) 16452.0
(1896, 1897, 1898) 14338.0
(9698, 9699, 9700) 14423.0
(1322, 1323, 1324) 15259.0
(4033, 4034, 4035) 16074.0
(7631, 7632, 7633) 16865.0
(5821, 5822, 5823) 15635.0
(8071, 8072, 8073) 14385.0
(2488, 2489, 2490) 15339.0
(9755, 9756, 9757) 15581.0
(8886, 8887, 8888) 17898.0
(6324, 6325, 6326) 18485.0
(889, 890, 891) 17833.0
(9830, 9831, 9832) 14826.0
(1043, 1044, 1045) 14699.0
(4717, 4718, 4719) 16789.0
(1419, 1420, 1421) 13111.0
(9735, 9736, 9737) 16926.0
(1556, 1557, 1558) 16049.0
(3709, 3710, 3711) 13057.0
