(2438, 2439, 2440) 13201.0
(9023, 9024, 9025) 15941.0
(6636, 6637, 6638) 17919.0
(3917, 3918, 3919) 14505.0
(9401, 9402, 9403) 17185.0
(1615, 1616, 1617) 19824.0
(316, 317, 318) 13864.0
(2429, 2430, 2431) 16597.0
(5526, 5527, 5528) 14552.0
(1589, 1590, 1591) 13329.0
(6047, 6048, 6049) 16356.0
(4531, 4532, 4533) 14273.0
(4321, 4322, 4323) 16257.0
(2178, 2179, 2180) 17581.0
(6220, 6221, 6222) 15638.0
(2476, 2477, 2478) 14141.0
(2078, 2079, 2080) 15572.0
(8591, 8592, 8593) 16017.0
(4372, 4373, 4374) 14958.0
(6305, 6306, 6307) 18309.0
(8052, 8053, 8054) 13353.0
(3794, 3795, 3796) 14067.0
(6110, 6111, 6112) 17435.0
(4590, 4591, 4592) 15015.0
(2957, 2958, 2959) 13487.0
(2788, 2789, 2790) 16740.0
(7861, 7862, 7863) 13529.0
(9688, 9689, 9690) 15759.0
(445, 446, 447) 13592.0
(2118, 2119, 2120) 16175.0
(2253, 2254, 2255) 14182.0
(1536, 1537, 1538) 13198.0
(1484, 1485, 1486) 16041.0
(3474, 3475, 3476) 18917.0
(3440, 3441, 3442) 16022.0
(2377, 2378, 2379) 16159.0
(4749, 4750, 4751) 14258.0
(4497, 4498, 4499) 15977.0
(1545, 1546, 1547) 14049.0
(5012, 5013, 5014) 15616.0
(7450, 7451, 7452) 17439.0
(5793, 5794, 5795) 14312.0
(9347, 9348, 9349) 16206.0
(966, 967, 968) 14140.0
(8909, 8910, 8911) 16125.0
(3177, 3178, 3179) 16399.0
(9255, 9256, 9257) 13270.0
(3558, 3559, 3560) 15871.0
(5071, 5072, 5073) 15976.0
(1725, 1726, 1727) 14808.0
(1539, 1540, 1541) 13774.0
(7375, 7376, 7377) 14379.0
(838, 839, 840) 12429.0
(1191, 1192, 1193) 17225.0
(4334, 4335, 4336) 13808.0
(424, 425, 426) 14710.0
(9219, 9220, 9221) 18965.0
(8959, 8960, 8961) 15658.0
(8061, 8062, 8063) 15843.0
(127, 128, 129) 13797.0
(5363, 5364, 5365) 13084.0
(7006, 7007, 7008) 15428.0
(7888, 7889, 7890) 18509.0
(1313, 1314, 1315) 16250.0
(4176, 4177, 4178) 14334.0
(3614, 3615, 3616) 18219.0
(374, 375, 376) 13713.0
(9876, 9877, 9878) 16909.0
(2897, 2898, 2899) 14306.0
(3241, 3242, 3243) 14712.0
(326, 327, 328) 16834.0
(2778, 2779, 2780) 16437.0
(7842, 7843, 7844) 13195.0
(3444, 3445, 3446) 15752.0
(7302, 7303, 7304) 15141.0
(3680, 3681, 3682) 16292.0
(1782, 1783, 1784) 16283.0
(5537, 5538, 5539) 14877.0
(9058, 9059, 9060) 14423.0
(2427, 2428, 2429) 16143.0
(264, 265, 266) 15123.0
(9850, 9851, 9852) 15410.0
(8386, 8387, 8388) 15453.0
(1174, 1175, 1176) 13750.0
(3387, 3388, 3389) 14695.0
(7336, 7337, 7338) 14141.0
(1820, 1821, 1822) 12763.0
(2216, 2217, 2218) 14215.0
(3285, 3286, 3287) 14411.0
(7105, 7106, 7107) 20241.0
(458, 459, 460) 13163.0
(4395, 4396, 4397) 16417.0
(3103, 3104, 3105) 16775.0
(4781, 4782, 4783) 15989.0
(2368, 2369, 2370) 14559.0
(9309, 9310, 9311) 15386.0
(4039, 4040, 4041) 13352.0
(2566, 2567, 2568) 15309.0
(8912, 8913, 8914) 15703.0
(7638, 7639, 7640) 14753.0
(3219, 3220, 3221) 16194.0
