(7751, 7752, 7753) 14970.0
(5492, 5493, 5494) 17938.0
(5562, 5563, 5564) 14835.0
(6168, 6169, 6170) 15597.0
(6330, 6331, 6332) 19589.0
(1454, 1455, 1456) 16153.0
(3373, 3374, 3375) 13546.0
(7782, 7783, 7784) 15327.0
(5976, 5977, 5978) 16271.0
(6472, 6473, 6474) 15205.0
(5869, 5870, 5871) 14710.0
(6613, 6614, 6615) 14034.0
(9379, 9380, 9381) 14286.0
(1020, 1021, 1022) 14688.0
(9430, 9431, 9432) 17394.0
(315, 316, 317) 18178.0
(9803, 9804, 9805) 14740.0
(8827, 8828, 8829) 14457.0
(6866, 6867, 6868) 18642.0
(4501, 4502, 4503) 13906.0
(2421, 2422, 2423) 19363.0
(2797, 2798, 2799) 17121.0
(4594, 4595, 4596) 17263.0
(3755, 3756, 3757) 17818.0
(4917, 4918, 4919) 18978.0
(2218, 2219, 2220) 13347.0
(9042, 9043, 9044) 14891.0
(1830, 1831, 1832) 17355.0
(9197, 9198, 9199) 12743.0
(4946, 4947, 4948) 16056.0
(2115, 2116, 2117) 15441.0
(2153, 2154, 2155) 16558.0
(315, 316, 317) 18178.0
(2730, 2731, 2732) 14619.0
(2671, 2672, 2673) 15140.0
(4192, 4193, 4194) 14237.0
(6603, 6604, 6605) 15217.0
(2249, 2250, 2251) 15721.0
(8322, 8323, 8324) 17858.0
(4905, 4906, 4907) 13161.0
(8674, 8675, 8676) 13314.0
(4013, 4014, 4015) 14143.0
(232, 233, 234) 15224.0
(4219, 4220, 4221) 14733.0
(6478, 6479, 6480) 17822.0
(7687, 7688, 7689) 15542.0
(6747, 6748, 6749) 16946.0
(6978, 6979, 6980) 16505.0
(6137, 6138, 6139) 14599.0
(7738, 7739, 7740) 18060.0
(1293, 1294, 1295) 16374.0
(2779, 2780, 2781) 15177.0
(2745, 2746, 2747) 14862.0
(2203, 2204, 2205) 13116.0
(3981, 3982, 3983) 15624.0
(8253, 8254, 8255) 16363.0
(2312, 2313, 2314) 15724.0
(3498, 3499, 3500) 16883.0
(7591, 7592, 7593) 15130.0
(4405, 4406, 4407) 17598.0
(6579, 6580, 6581) 12760.0
(3173, 3174, 3175) 14711.0
(4412, 4413, 4414) 16940.0
(6253, 6254, 6255) 17728.0
(2075, 2076, 2077) 13594.0
(7312, 7313, 7314) 18512.0
(5593, 5594, 5595) 13683.0
(8392, 8393, 8394) 14276.0
(1789, 1790, 1791) 19568.0
(8718, 8719, 8720) 15680.0
(7073, 7074, 7075) 14450.0
(972, 973, 974) 14608.0
(4974, 4975, 4976) 14716.0
(4254, 4255, 4256) 14039.0
(7275, 7276, 7277) 15262.0
(2386, 2387, 2388) 14334.0
(9502, 9503, 9504) 14144.0
(1142, 1143, 1144) 14889.0
(9700, 9701, 9702) 13625.0
(2425, 2426, 2427) 15106.0
(2640, 2641, 2642) 16022.0
(511, 512, 513) 13244.0
(8355, 8356, 8357) 13731.0
(7419, 7420, 7421) 14537.0
(9342, 9343, 9344) 13773.0
(5435, 5436, 5437) 14471.0
(4210, 4211, 4212) 16071.0
(2798, 2799, 2800) 19475.0
(7943, 7944, 7945) 14143.0
(448, 449, 450) 16844.0
(1436, 1437, 1438) 15038.0
(5364, 5365, 5366) 15586.0
(3935, 3936, 3937) 16416.0
(3083, 3084, 3085) 13345.0
(273, 274, 275) 14946.0
(7029, 7030, 7031) 14942.0
(9165, 9166, 9167) 13649.0
(2359, 2360, 2361) 15013.0
(8272, 8273, 8274) 13728.0
(6989, 6990, 6991) 15145.0
(5223, 5224, 5225) 18049.0
