(5770, 5771, 5772) 16258.0
(1472, 1473, 1474) 18334.0
(525, 526, 527) 15175.0
(1935, 1936, 1937) 15283.0
(3090, 3091, 3092) 19296.0
(5365, 5366, 5367) 17101.0
(1389, 1390, 1391) 19545.0
(1261, 1262, 1263) 14907.0
(6527, 6528, 6529) 13587.0
(2756, 2757, 2758) 17033.0
(7554, 7555, 7556) 19967.0
(3933, 3934, 3935) 14080.0
(8306, 8307, 8308) 16527.0
(1871, 1872, 1873) 16930.0
(662, 663, 664) 15673.0
(1359, 1360, 1361) 15666.0
(1298, 1299, 1300) 16215.0
(9227, 9228, 9229) 16142.0
(3354, 3355, 3356) 16614.0
(2734, 2735, 2736) 14736.0
(6607, 6608, 6609) 16984.0
(739, 740, 741) 15951.0
(3971, 3972, 3973) 15878.0
(1353, 1354, 1355) 17572.0
(5731, 5732, 5733) 15980.0
(6971, 6972, 6973) 14111.0
(6980, 6981, 6982) 18967.0
(3950, 3951, 3952) 16297.0
(3905, 3906, 3907) 14246.0
(4351, 4352, 4353) 16451.0
(2343, 2344, 2345) 16099.0
(51, 52, 53) 18012.0
(9693, 9694, 9695) 16116.0
(1906, 1907, 1908) 15963.0
(4963, 4964, 4965) 16524.0
(3753, 3754, 3755) 17640.0
(38, 39, 40) 17658.0
(1635, 1636, 1637) 17026.0
(5809, 5810, 5811) 13932.0
(9817, 9818, 9819) 17735.0
(6542, 6543, 6544) 15891.0
(2914, 2915, 2916) 15572.0
(6822, 6823, 6824) 16551.0
(8456, 8457, 8458) 16120.0
(8417, 8418, 8419) 15189.0
(3896, 3897, 3898) 15887.0
(7678, 7679, 7680) 17416.0
(8082, 8083, 8084) 14097.0
(459, 460, 461) 14974.0
(7921, 7922, 7923) 24969.0
(5883, 5884, 5885) 14628.0
(1653, 1654, 1655) 14453.0
(3058, 3059, 3060) 16070.0
(3838, 3839, 3840) 13654.0
(7325, 7326, 7327) 13604.0
(4076, 4077, 4078) 14537.0
(585, 586, 587) 15915.0
(8513, 8514, 8515) 15804.0
(6287, 6288, 6289) 17798.0
(3479, 3480, 3481) 15881.0
(1220, 1221, 1222) 18768.0
(3380, 3381, 3382) 14212.0
(5193, 5194, 5195) 13977.0
(1328, 1329, 1330) 15146.0
(7267, 7268, 7269) 16049.0
(1045, 1046, 1047) 20420.0
(6700, 6701, 6702) 15230.0
(6723, 6724, 6725) 19575.0
(2559, 2560, 2561) 15312.0
(5967, 5968, 5969) 15639.0
(7524, 7525, 7526) 16596.0
(9491, 9492, 9493) 20695.0
(4008, 4009, 4010) 16936.0
(4384, 4385, 4386) 14818.0
(3318, 3319, 3320) 13315.0
(5092, 5093, 5094) 12978.0
(8229, 8230, 8231) 15234.0
(8327, 8328, 8329) 16193.0
(8308, 8309, 8310) 15833.0
(9316, 9317, 9318) 15905.0
(6385, 6386, 6387) 14717.0
(1313, 1314, 1315) 16301.0
(6834, 6835, 6836) 15519.0
(2052, 2053, 2054) 14064.0
(4356, 4357, 4358) 15981.0
(5313, 5314, 5315) 14975.0
(5755, 5756, 5757) 15031.0
(2731, 2732, 2733) 17427.0
(2656, 2657, 2658) 14944.0
(2549, 2550, 2551) 17702.0
(8788, 8789, 8790) 15927.0
(5225, 5226, 5227) 15495.0
(9635, 9636, 9637) 16597.0
(2137, 2138, 2139) 15249.0
(6857, 6858, 6859) 15721.0
(639, 640, 641) 16468.0
(5322, 5323, 5324) 14842.0
(6797, 6798, 6799) 14231.0
(3483, 3484, 3485) 13758.0
(9858, 9859, 9860) 18717.0
(3357, 3358, 3359) 16836.0
