(2875, 2876, 2877) 15439.0
(3747, 3748, 3749) 15104.0
(9434, 9435, 9436) 16212.0
(476, 477, 478) 15570.0
(375, 376, 377) 16779.0
(3644, 3645, 3646) 15119.0
(9488, 9489, 9490) 19704.0
(5009, 5010, 5011) 17508.0
(7661, 7662, 7663) 15514.0
(5162, 5163, 5164) 17800.0
(408, 409, 410) 20865.0
(8779, 8780, 8781) 16503.0
(5284, 5285, 5286) 15681.0
(8389, 8390, 8391) 13991.0
(2326, 2327, 2328) 14879.0
(9558, 9559, 9560) 18812.0
(9901, 9902, 9903) 14407.0
(158, 159, 160) 15132.0
(7, 8, 9) 17234.0
(7604, 7605, 7606) 15546.0
(5182, 5183, 5184) 18393.0
(934, 935, 936) 20382.0
(4630, 4631, 4632) 17875.0
(3913, 3914, 3915) 15316.0
(5944, 5945, 5946) 22604.0
(9697, 9698, 9699) 15519.0
(3229, 3230, 3231) 16347.0
(223, 224, 225) 17801.0
(8789, 8790, 8791) 15036.0
(8760, 8761, 8762) 14526.0
(5739, 5740, 5741) 16274.0
(7607, 7608, 7609) 17281.0
(4887, 4888, 4889) 15313.0
(2192, 2193, 2194) 15549.0
(3761, 3762, 3763) 15736.0
(2489, 2490, 2491) 15754.0
(9186, 9187, 9188) 16081.0
(594, 595, 596) 18300.0
(9034, 9035, 9036) 15586.0
(8269, 8270, 8271) 13843.0
(3907, 3908, 3909) 17849.0
(3008, 3009, 3010) 13896.0
(1571, 1572, 1573) 15033.0
(9352, 9353, 9354) 15230.0
(8706, 8707, 8708) 17898.0
(6428, 6429, 6430) 13218.0
(9732, 9733, 9734) 14581.0
(7449, 7450, 7451) 15670.0
(9684, 9685, 9686) 15809.0
(3929, 3930, 3931) 16094.0
(4241, 4242, 4243) 17626.0
(6295, 6296, 6297) 16974.0
(2885, 2886, 2887) 16820.0
(796, 797, 798) 16329.0
(9819, 9820, 9821) 15078.0
(9242, 9243, 9244) 17080.0
(383, 384, 385) 15928.0
(9712, 9713, 9714) 17376.0
(5572, 5573, 5574) 15764.0
(2602, 2603, 2604) 14392.0
(7023, 7024, 7025) 14925.0
(3059, 3060, 3061) 15208.0
(4488, 4489, 4490) 15167.0
(8412, 8413, 8414) 17816.0
(7357, 7358, 7359) 17338.0
(6324, 6325, 6326) 18730.0
(988, 989, 990) 15255.0
(564, 565, 566) 16094.0
(3591, 3592, 3593) 20235.0
(6619, 6620, 6621) 15644.0
(6196, 6197, 6198) 17249.0
(6920, 6921, 6922) 15734.0
(8883, 8884, 8885) 15482.0
(3084, 3085, 3086) 16541.0
(6168, 6169, 6170) 15405.0
(9837, 9838, 9839) 17000.0
(867, 868, 869) 21015.0
(9229, 9230, 9231) 16521.0
(5090, 5091, 5092) 14402.0
(1729, 1730, 1731) 20004.0
(5058, 5059, 5060) 13026.0
(2281, 2282, 2283) 14357.0
(5292, 5293, 5294) 19521.0
(7182, 7183, 7184) 15282.0
(4820, 4821, 4822) 17126.0
(6090, 6091, 6092) 13582.0
(2007, 2008, 2009) 18575.0
(5229, 5230, 5231) 16978.0
(5565, 5566, 5567) 15078.0
(6326, 6327, 6328) 17865.0
(564, 565, 566) 16094.0
(9432, 9433, 9434) 14836.0
(6829, 6830, 6831) 17296.0
(6421, 6422, 6423) 13123.0
(2632, 2633, 2634) 16703.0
(3554, 3555, 3556) 16598.0
(6036, 6037, 6038) 20234.0
(6288, 6289, 6290) 18365.0
(9448, 9449, 9450) 16105.0
(42, 43, 44) 15151.0
(1563, 1564, 1565) 17135.0
