(6368, 6369, 6370) 18189.0
(5445, 5446, 5447) 14973.0
(8206, 8207, 8208) 17866.0
(498, 499, 500) 15866.0
(4890, 4891, 4892) 19445.0
(624, 625, 626) 17926.0
(5047, 5048, 5049) 17263.0
(8877, 8878, 8879) 15931.0
(5736, 5737, 5738) 18269.0
(5830, 5831, 5832) 17202.0
(455, 456, 457) 17155.0
(1088, 1089, 1090) 16206.0
(9527, 9528, 9529) 23521.0
(4226, 4227, 4228) 17520.0
(7980, 7981, 7982) 15506.0
(4487, 4488, 4489) 15590.0
(5548, 5549, 5550) 18549.0
(1390, 1391, 1392) 14637.0
(2982, 2983, 2984) 15800.0
(9494, 9495, 9496) 15939.0
(3358, 3359, 3360) 15275.0
(2428, 2429, 2430) 16196.0
(9272, 9273, 9274) 15946.0
(4565, 4566, 4567) 15023.0
(2032, 2033, 2034) 14201.0
(7840, 7841, 7842) 16066.0
(7937, 7938, 7939) 13397.0
(3715, 3716, 3717) 15762.0
(2627, 2628, 2629) 15911.0
(5836, 5837, 5838) 19878.0
(7223, 7224, 7225) 20350.0
(1703, 1704, 1705) 13766.0
(288, 289, 290) 17974.0
(7598, 7599, 7600) 16013.0
(4880, 4881, 4882) 20828.0
(1747, 1748, 1749) 14946.0
(4487, 4488, 4489) 15590.0
(2645, 2646, 2647) 16538.0
(3015, 3016, 3017) 16105.0
(2397, 2398, 2399) 15344.0
(8007, 8008, 8009) 15843.0
(647, 648, 649) 16111.0
(5932, 5933, 5934) 15003.0
(6053, 6054, 6055) 20734.0
(9343, 9344, 9345) 14953.0
(905, 906, 907) 17564.0
(4299, 4300, 4301) 17616.0
(5204, 5205, 5206) 15350.0
(5574, 5575, 5576) 20233.0
(3569, 3570, 3571) 16432.0
(1520, 1521, 1522) 17112.0
(4591, 4592, 4593) 18301.0
(5246, 5247, 5248) 18549.0
(3322, 3323, 3324) 18821.0
(2039, 2040, 2041) 14018.0
(950, 951, 952) 14786.0
(4803, 4804, 4805) 16791.0
(3296, 3297, 3298) 16482.0
(8684, 8685, 8686) 15447.0
(9725, 9726, 9727) 15651.0
(9233, 9234, 9235) 15917.0
(7361, 7362, 7363) 15318.0
(1704, 1705, 1706) 15960.0
(2174, 2175, 2176) 16265.0
(9378, 9379, 9380) 14778.0
(5964, 5965, 5966) 16303.0
(908, 909, 910) 18010.0
(7511, 7512, 7513) 16056.0
(6684, 6685, 6686) 16227.0
(4138, 4139, 4140) 15394.0
(1027, 1028, 1029) 16690.0
(9282, 9283, 9284) 21576.0
(4510, 4511, 4512) 17246.0
(5820, 5821, 5822) 17258.0
(23, 24, 25) 16550.0
(9261, 9262, 9263) 15666.0
(96, 97, 98) 15288.0
(1485, 1486, 1487) 24749.0
(7282, 7283, 7284) 19682.0
(3266, 3267, 3268) 18438.0
(3594, 3595, 3596) 12908.0
(8719, 8720, 8721) 14697.0
(556, 557, 558) 17850.0
(7077, 7078, 7079) 14971.0
(400, 401, 402) 14734.0
(5996, 5997, 5998) 16340.0
(3969, 3970, 3971) 14651.0
(8189, 8190, 8191) 17992.0
(9648, 9649, 9650) 18045.0
(7229, 7230, 7231) 18081.0
(6481, 6482, 6483) 15433.0
(3781, 3782, 3783) 18684.0
(9752, 9753, 9754) 13597.0
(6036, 6037, 6038) 20592.0
(4532, 4533, 4534) 16981.0
(9587, 9588, 9589) 18303.0
(447, 448, 449) 16185.0
(9919, 9920, 9921) 16210.0
(8773, 8774, 8775) 15132.0
(4644, 4645, 4646) 17593.0
(1439, 1440, 1441) 15933.0
