(7183, 7184, 7185) 15712.0
(6976, 6977, 6978) 15414.0
(6202, 6203, 6204) 16785.0
(7892, 7893, 7894) 19016.0
(9219, 9220, 9221) 19988.0
(4188, 4189, 4190) 19716.0
(3310, 3311, 3312) 18736.0
(7505, 7506, 7507) 17011.0
(2893, 2894, 2895) 14773.0
(1220, 1221, 1222) 18784.0
(3642, 3643, 3644) 15100.0
(7681, 7682, 7683) 15242.0
(174, 175, 176) 14578.0
(8666, 8667, 8668) 19189.0
(5117, 5118, 5119) 14439.0
(3808, 3809, 3810) 18767.0
(3588, 3589, 3590) 17833.0
(9851, 9852, 9853) 14035.0
(1399, 1400, 1401) 16475.0
(2117, 2118, 2119) 18037.0
(7661, 7662, 7663) 16453.0
(8975, 8976, 8977) 18090.0
(6917, 6918, 6919) 16248.0
(8142, 8143, 8144) 16937.0
(4848, 4849, 4850) 15928.0
(5081, 5082, 5083) 16379.0
(828, 829, 830) 16639.0
(2071, 2072, 2073) 16141.0
(5969, 5970, 5971) 16227.0
(1276, 1277, 1278) 17177.0
(3586, 3587, 3588) 13865.0
(4527, 4528, 4529) 14450.0
(3223, 3224, 3225) 15938.0
(7250, 7251, 7252) 16824.0
(1763, 1764, 1765) 16216.0
(7615, 7616, 7617) 16333.0
(4839, 4840, 4841) 17124.0
(1798, 1799, 1800) 18407.0
(8862, 8863, 8864) 21007.0
(4097, 4098, 4099) 15496.0
(918, 919, 920) 18787.0
(9867, 9868, 9869) 15932.0
(4667, 4668, 4669) 15410.0
(1265, 1266, 1267) 18324.0
(7387, 7388, 7389) 17636.0
(305, 306, 307) 16086.0
(4237, 4238, 4239) 14364.0
(1421, 1422, 1423) 16578.0
(9000, 9001, 9002) 20022.0
(7937, 7938, 7939) 13533.0
(3633, 3634, 3635) 15806.0
(5488, 5489, 5490) 18204.0
(6723, 6724, 6725) 20165.0
(7235, 7236, 7237) 16611.0
(9177, 9178, 9179) 15939.0
(5166, 5167, 5168) 17042.0
(1149, 1150, 1151) 17034.0
(7796, 7797, 7798) 14885.0
(7620, 7621, 7622) 15353.0
(5454, 5455, 5456) 17076.0
(6821, 6822, 6823) 15802.0
(9641, 9642, 9643) 21332.0
(9663, 9664, 9665) 16503.0
(3673, 3674, 3675) 18165.0
(7892, 7893, 7894) 19016.0
(544, 545, 546) 18567.0
(5437, 5438, 5439) 13735.0
(2036, 2037, 2038) 16261.0
(1534, 1535, 1536) 16029.0
(1398, 1399, 1400) 15442.0
(6199, 6200, 6201) 19606.0
(4991, 4992, 4993) 15348.0
(5112, 5113, 5114) 21324.0
(9939, 9940, 9941) 16747.0
(1471, 1472, 1473) 17073.0
(9530, 9531, 9532) 20034.0
(8544, 8545, 8546) 16049.0
(3742, 3743, 3744) 14484.0
(8492, 8493, 8494) 17126.0
(4700, 4701, 4702) 15254.0
(6886, 6887, 6888) 14809.0
(7834, 7835, 7836) 17465.0
(1065, 1066, 1067) 19888.0
(354, 355, 356) 15654.0
(7756, 7757, 7758) 14899.0
(7846, 7847, 7848) 15853.0
(428, 429, 430) 16014.0
(6740, 6741, 6742) 16553.0
(3777, 3778, 3779) 17581.0
(3903, 3904, 3905) 16793.0
(8067, 8068, 8069) 17100.0
(2493, 2494, 2495) 15147.0
(3584, 3585, 3586) 18107.0
(5157, 5158, 5159) 18234.0
(7400, 7401, 7402) 18659.0
(9715, 9716, 9717) 18730.0
(4173, 4174, 4175) 14884.0
(4014, 4015, 4016) 17303.0
(2053, 2054, 2055) 16089.0
(593, 594, 595) 15994.0
(7256, 7257, 7258) 15558.0
