(4237, 4238, 4239) 14704.0
(225, 226, 227) 16617.0
(5333, 5334, 5335) 15497.0
(4777, 4778, 4779) 16003.0
(298, 299, 300) 16084.0
(4906, 4907, 4908) 14212.0
(5739, 5740, 5741) 17615.0
(8938, 8939, 8940) 16088.0
(9598, 9599, 9600) 20169.0
(1573, 1574, 1575) 20085.0
(9257, 9258, 9259) 17974.0
(4291, 4292, 4293) 17850.0
(3969, 3970, 3971) 15011.0
(8664, 8665, 8666) 18452.0
(8786, 8787, 8788) 15820.0
(34, 35, 36) 17424.0
(7466, 7467, 7468) 18185.0
(9496, 9497, 9498) 15627.0
(773, 774, 775) 17705.0
(9548, 9549, 9550) 15223.0
(6947, 6948, 6949) 15037.0
(119, 120, 121) 15898.0
(5893, 5894, 5895) 16128.0
(9516, 9517, 9518) 15325.0
(5865, 5866, 5867) 15049.0
(5081, 5082, 5083) 16596.0
(9953, 9954, 9955) 17139.0
(1319, 1320, 1321) 15738.0
(1730, 1731, 1732) 21185.0
(3357, 3358, 3359) 17604.0
(3338, 3339, 3340) 17065.0
(6678, 6679, 6680) 17132.0
(6488, 6489, 6490) 15368.0
(2025, 2026, 2027) 14934.0
(3215, 3216, 3217) 18762.0
(3542, 3543, 3544) 14642.0
(3441, 3442, 3443) 17006.0
(4150, 4151, 4152) 16050.0
(372, 373, 374) 15752.0
(3252, 3253, 3254) 18077.0
(2372, 2373, 2374) 19396.0
(1178, 1179, 1180) 15092.0
(8024, 8025, 8026) 18034.0
(3686, 3687, 3688) 15305.0
(7868, 7869, 7870) 17388.0
(223, 224, 225) 17687.0
(7811, 7812, 7813) 16246.0
(3116, 3117, 3118) 15958.0
(9998, 9999, 10000) 18083.0
(6971, 6972, 6973) 15216.0
(6436, 6437, 6438) 16396.0
(9459, 9460, 9461) 22539.0
(5136, 5137, 5138) 20898.0
(8382, 8383, 8384) 15513.0
(3726, 3727, 3728) 21739.0
(2215, 2216, 2217) 17379.0
(7457, 7458, 7459) 20849.0
(9225, 9226, 9227) 15366.0
(5483, 5484, 5485) 15216.0
(7491, 7492, 7493) 17250.0
(1556, 1557, 1558) 17828.0
(2461, 2462, 2463) 15597.0
(2019, 2020, 2021) 17192.0
(8261, 8262, 8263) 15992.0
(4240, 4241, 4242) 18439.0
(8744, 8745, 8746) 16713.0
(5981, 5982, 5983) 18767.0
(8709, 8710, 8711) 16466.0
(8225, 8226, 8227) 19481.0
(7257, 7258, 7259) 17376.0
(1107, 1108, 1109) 15768.0
(7802, 7803, 7804) 17029.0
(7764, 7765, 7766) 13874.0
(8378, 8379, 8380) 17036.0
(2828, 2829, 2830) 16362.0
(7593, 7594, 7595) 17654.0
(8560, 8561, 8562) 18330.0
(7639, 7640, 7641) 17131.0
(2445, 2446, 2447) 15512.0
(7520, 7521, 7522) 15839.0
(9597, 9598, 9599) 19672.0
(3265, 3266, 3267) 17258.0
(2231, 2232, 2233) 17198.0
(3381, 3382, 3383) 16657.0
(2712, 2713, 2714) 14919.0
(8150, 8151, 8152) 14551.0
(8372, 8373, 8374) 18850.0
(359, 360, 361) 15569.0
(5624, 5625, 5626) 19088.0
(4363, 4364, 4365) 19678.0
(529, 530, 531) 18672.0
(2079, 2080, 2081) 17071.0
(5774, 5775, 5776) 16901.0
(6442, 6443, 6444) 17659.0
(6194, 6195, 6196) 16840.0
(4501, 4502, 4503) 14784.0
(4211, 4212, 4213) 15914.0
(4443, 4444, 4445) 16882.0
(4785, 4786, 4787) 17278.0
(3891, 3892, 3893) 15318.0
(906, 907, 908) 18287.0
