(4984, 4985, 4986) 16836.0
(1133, 1134, 1135) 15508.0
(9222, 9223, 9224) 20655.0
(7491, 7492, 7493) 18015.0
(7801, 7802, 7803) 15550.0
(5006, 5007, 5008) 16235.0
(503, 504, 505) 16247.0
(9606, 9607, 9608) 15345.0
(4741, 4742, 4743) 20099.0
(93, 94, 95) 15178.0
(3186, 3187, 3188) 19605.0
(5319, 5320, 5321) 16596.0
(2063, 2064, 2065) 16328.0
(3804, 3805, 3806) 17548.0
(7266, 7267, 7268) 16736.0
(9491, 9492, 9493) 21160.0
(2040, 2041, 2042) 17044.0
(1294, 1295, 1296) 15721.0
(9475, 9476, 9477) 19084.0
(8677, 8678, 8679) 19200.0
(2403, 2404, 2405) 19560.0
(4897, 4898, 4899) 17693.0
(8915, 8916, 8917) 15211.0
(1707, 1708, 1709) 14626.0
(2298, 2299, 2300) 16408.0
(5041, 5042, 5043) 15391.0
(4089, 4090, 4091) 16366.0
(5903, 5904, 5905) 17511.0
(8176, 8177, 8178) 17854.0
(4392, 4393, 4394) 20440.0
(1949, 1950, 1951) 19389.0
(6829, 6830, 6831) 17586.0
(7911, 7912, 7913) 15891.0
(6262, 6263, 6264) 16995.0
(4152, 4153, 4154) 18506.0
(9865, 9866, 9867) 15283.0
(1816, 1817, 1818) 16090.0
(3147, 3148, 3149) 16175.0
(1214, 1215, 1216) 14608.0
(9521, 9522, 9523) 14258.0
(1352, 1353, 1354) 16607.0
(2229, 2230, 2231) 16269.0
(1494, 1495, 1496) 19379.0
(750, 751, 752) 17645.0
(5420, 5421, 5422) 14111.0
(3880, 3881, 3882) 20333.0
(2439, 2440, 2441) 14869.0
(5472, 5473, 5474) 14479.0
(6508, 6509, 6510) 14032.0
(2141, 2142, 2143) 18935.0
(5904, 5905, 5906) 17191.0
(9602, 9603, 9604) 15891.0
(8174, 8175, 8176) 21470.0
(622, 623, 624) 17796.0
(2490, 2491, 2492) 21534.0
(3835, 3836, 3837) 18794.0
(3057, 3058, 3059) 16902.0
(94, 95, 96) 20020.0
(3765, 3766, 3767) 17488.0
(3412, 3413, 3414) 15873.0
(2167, 2168, 2169) 17192.0
(9628, 9629, 9630) 14344.0
(9954, 9955, 9956) 19535.0
(5302, 5303, 5304) 20449.0
(7893, 7894, 7895) 17144.0
(1212, 1213, 1214) 15762.0
(90, 91, 92) 14891.0
(571, 572, 573) 16739.0
(2370, 2371, 2372) 19779.0
(4080, 4081, 4082) 17677.0
(6726, 6727, 6728) 16783.0
(2296, 2297, 2298) 16100.0
(1474, 1475, 1476) 16923.0
(9482, 9483, 9484) 18323.0
(992, 993, 994) 16028.0
(9192, 9193, 9194) 16046.0
(9136, 9137, 9138) 16658.0
(8976, 8977, 8978) 18204.0
(9272, 9273, 9274) 16114.0
(6803, 6804, 6805) 15382.0
(8609, 8610, 8611) 18321.0
(7215, 7216, 7217) 18247.0
(1491, 1492, 1493) 14915.0
(5604, 5605, 5606) 16533.0
(2528, 2529, 2530) 17185.0
(5805, 5806, 5807) 14812.0
(2037, 2038, 2039) 17146.0
(427, 428, 429) 15692.0
(8624, 8625, 8626) 16430.0
(845, 846, 847) 17100.0
(4752, 4753, 4754) 15323.0
(2020, 2021, 2022) 17770.0
(4737, 4738, 4739) 17990.0
(3666, 3667, 3668) 18822.0
(6862, 6863, 6864) 18398.0
(3851, 3852, 3853) 20248.0
(1954, 1955, 1956) 14570.0
(7526, 7527, 7528) 17043.0
(6541, 6542, 6543) 15285.0
(5082, 5083, 5084) 15731.0
(6998, 6999, 7000) 23273.0
