(6592, 6593, 6594) 17768.0
(1007, 1008, 1009) 16784.0
(7366, 7367, 7368) 17888.0
(9702, 9703, 9704) 15044.0
(5693, 5694, 5695) 16633.0
(6459, 6460, 6461) 18954.0
(8230, 8231, 8232) 16356.0
(9848, 9849, 9850) 17063.0
(4063, 4064, 4065) 18398.0
(1616, 1617, 1618) 17816.0
(2524, 2525, 2526) 18302.0
(3805, 3806, 3807) 17027.0
(661, 662, 663) 13974.0
(7293, 7294, 7295) 18355.0
(8904, 8905, 8906) 16526.0
(9712, 9713, 9714) 18561.0
(977, 978, 979) 16044.0
(9122, 9123, 9124) 17825.0
(9830, 9831, 9832) 16409.0
(4737, 4738, 4739) 18236.0
(9421, 9422, 9423) 17602.0
(853, 854, 855) 18289.0
(8013, 8014, 8015) 20655.0
(1308, 1309, 1310) 15329.0
(320, 321, 322) 17223.0
(9461, 9462, 9463) 18356.0
(9517, 9518, 9519) 18522.0
(9477, 9478, 9479) 16932.0
(6292, 6293, 6294) 18932.0
(4893, 4894, 4895) 18849.0
(4836, 4837, 4838) 17475.0
(3120, 3121, 3122) 20414.0
(6738, 6739, 6740) 16420.0
(5430, 5431, 5432) 16740.0
(4933, 4934, 4935) 16805.0
(5786, 5787, 5788) 17215.0
(8479, 8480, 8481) 19095.0
(8242, 8243, 8244) 15918.0
(7008, 7009, 7010) 20593.0
(4972, 4973, 4974) 16595.0
(5336, 5337, 5338) 18625.0
(9988, 9989, 9990) 18861.0
(5638, 5639, 5640) 18343.0
(7428, 7429, 7430) 20492.0
(7553, 7554, 7555) 19148.0
(2098, 2099, 2100) 19239.0
(7369, 7370, 7371) 16934.0
(5204, 5205, 5206) 16066.0
(5892, 5893, 5894) 17082.0
(2384, 2385, 2386) 15718.0
(1471, 1472, 1473) 17247.0
(9510, 9511, 9512) 15918.0
(797, 798, 799) 17690.0
(7343, 7344, 7345) 18632.0
(1745, 1746, 1747) 17240.0
(9892, 9893, 9894) 17384.0
(7521, 7522, 7523) 23220.0
(5152, 5153, 5154) 17895.0
(1493, 1494, 1495) 17881.0
(6802, 6803, 6804) 19919.0
(8700, 8701, 8702) 18203.0
(9554, 9555, 9556) 20636.0
(4555, 4556, 4557) 17469.0
(3208, 3209, 3210) 19915.0
(5477, 5478, 5479) 15085.0
(6924, 6925, 6926) 18995.0
(3727, 3728, 3729) 15304.0
(9001, 9002, 9003) 20737.0
(4356, 4357, 4358) 17406.0
(2335, 2336, 2337) 20937.0
(8558, 8559, 8560) 17378.0
(8680, 8681, 8682) 17280.0
(9170, 9171, 9172) 16890.0
(9415, 9416, 9417) 15486.0
(9766, 9767, 9768) 17971.0
(741, 742, 743) 15504.0
(8556, 8557, 8558) 19372.0
(9745, 9746, 9747) 17755.0
(7163, 7164, 7165) 18463.0
(4725, 4726, 4727) 17591.0
(5238, 5239, 5240) 16214.0
(9013, 9014, 9015) 16878.0
(2895, 2896, 2897) 17702.0
(861, 862, 863) 16757.0
(1147, 1148, 1149) 16237.0
(4592, 4593, 4594) 14817.0
(4786, 4787, 4788) 15190.0
(7781, 7782, 7783) 17336.0
(8860, 8861, 8862) 18375.0
(7684, 7685, 7686) 21021.0
(2590, 2591, 2592) 20703.0
(960, 961, 962) 17147.0
(3985, 3986, 3987) 15249.0
(6468, 6469, 6470) 16106.0
(9635, 9636, 9637) 17802.0
(3857, 3858, 3859) 18408.0
(6921, 6922, 6923) 15219.0
(8007, 8008, 8009) 16476.0
(835, 836, 837) 19741.0
(2575, 2576, 2577) 18645.0
(5068, 5069, 5070) 19095.0
