(1806, 1807, 1808) 1307.0
(9666, 9667, 9668) 1689.0
(140, 141, 142) 1164.0
(1444, 1445, 1446) 1458.0
(5392, 5393, 5394) 2727.0
(9795, 9796, 9797) 2060.0
(9207, 9208, 9209) 2180.0
(5115, 5116, 5117) 1234.0
(1534, 1535, 1536) 2263.0
(3402, 3403, 3404) 1655.0
(9977, 9978, 9979) 1441.0
(5911, 5912, 5913) 1735.0
(8377, 8378, 8379) 1323.0
(7002, 7003, 7004) 1706.0
(3809, 3810, 3811) 1065.0
(4384, 4385, 4386) 1399.0
(9320, 9321, 9322) 1766.0
(2466, 2467, 2468) 1341.0
(6596, 6597, 6598) 1757.0
(1854, 1855, 1856) 1354.0
(4747, 4748, 4749) 1513.0
(122, 123, 124) 1377.0
(5407, 5408, 5409) 1392.0
(397, 398, 399) 1925.0
(1722, 1723, 1724) 1385.0
(7959, 7960, 7961) 2342.0
(6972, 6973, 6974) 1334.0
(5543, 5544, 5545) 1115.0
(2790, 2791, 2792) 2347.0
(3216, 3217, 3218) 1415.0
(285, 286, 287) 1244.0
(5274, 5275, 5276) 1677.0
(3104, 3105, 3106) 1312.0
(1000, 1001, 1002) 2292.0
(6531, 6532, 6533) 1880.0
(2632, 2633, 2634) 1247.0
(3599, 3600, 3601) 1200.0
(9266, 9267, 9268) 972.0
(7032, 7033, 7034) 1419.0
(1518, 1519, 1520) 1893.0
(7168, 7169, 7170) 1336.0
(1866, 1867, 1868) 1568.0
(2231, 2232, 2233) 1432.0
(1798, 1799, 1800) 1522.0
(7967, 7968, 7969) 1726.0
(1230, 1231, 1232) 1643.0
(679, 680, 681) 1644.0
(4534, 4535, 4536) 1595.0
(7125, 7126, 7127) 1396.0
(6094, 6095, 6096) 1385.0
(759, 760, 761) 1274.0
(9266, 9267, 9268) 972.0
(8805, 8806, 8807) 1289.0
(2987, 2988, 2989) 1692.0
(2781, 2782, 2783) 1612.0
(9163, 9164, 9165) 1593.0
(406, 407, 408) 1626.0
(7612, 7613, 7614) 1416.0
(8661, 8662, 8663) 1461.0
(2358, 2359, 2360) 1848.0
(9099, 9100, 9101) 1548.0
(4434, 4435, 4436) 1868.0
(4474, 4475, 4476) 1991.0
(7458, 7459, 7460) 1756.0
(1978, 1979, 1980) 1347.0
(4238, 4239, 4240) 1039.0
(7831, 7832, 7833) 2114.0
(6452, 6453, 6454) 1937.0
(1450, 1451, 1452) 1476.0
(9029, 9030, 9031) 1336.0
(4453, 4454, 4455) 1580.0
(6392, 6393, 6394) 2230.0
(4890, 4891, 4892) 1742.0
(1528, 1529, 1530) 1616.0
(2102, 2103, 2104) 1824.0
(2519, 2520, 2521) 1413.0
(1109, 1110, 1111) 1488.0
(6307, 6308, 6309) 1660.0
(4039, 4040, 4041) 1621.0
(7121, 7122, 7123) 1812.0
(9408, 9409, 9410) 1667.0
(3621, 3622, 3623) 2161.0
(6791, 6792, 6793) 1547.0
(8975, 8976, 8977) 1892.0
(980, 981, 982) 1429.0
(8124, 8125, 8126) 1746.0
(5099, 5100, 5101) 1353.0
(2119, 2120, 2121) 1488.0
(8474, 8475, 8476) 1865.0
(5362, 5363, 5364) 1346.0
(4132, 4133, 4134) 1562.0
(7518, 7519, 7520) 1904.0
(5420, 5421, 5422) 1224.0
(3039, 3040, 3041) 1305.0
(2296, 2297, 2298) 1838.0
(3105, 3106, 3107) 1732.0
(7548, 7549, 7550) 1318.0
(6335, 6336, 6337) 1466.0
(7704, 7705, 7706) 1352.0
(5828, 5829, 5830) 1488.0
(3996, 3997, 3998) 1644.0
