(6785, 6786, 6787) 18166.0
(2939, 2940, 2941) 15896.0
(5003, 5004, 5005) 17811.0
(2540, 2541, 2542) 18474.0
(4294, 4295, 4296) 19668.0
(1130, 1131, 1132) 19937.0
(5348, 5349, 5350) 17588.0
(6710, 6711, 6712) 18210.0
(7994, 7995, 7996) 15711.0
(2484, 2485, 2486) 20175.0
(288, 289, 290) 19239.0
(8950, 8951, 8952) 18358.0
(3054, 3055, 3056) 14875.0
(6508, 6509, 6510) 14150.0
(5547, 5548, 5549) 17873.0
(8184, 8185, 8186) 18523.0
(4976, 4977, 4978) 16365.0
(6683, 6684, 6685) 16573.0
(226, 227, 228) 21833.0
(9587, 9588, 9589) 19181.0
(3446, 3447, 3448) 16794.0
(3740, 3741, 3742) 16800.0
(4775, 4776, 4777) 18638.0
(7474, 7475, 7476) 17305.0
(7681, 7682, 7683) 16129.0
(4158, 4159, 4160) 17253.0
(9515, 9516, 9517) 17226.0
(9169, 9170, 9171) 17573.0
(6321, 6322, 6323) 16918.0
(3056, 3057, 3058) 20464.0
(8876, 8877, 8878) 18913.0
(2789, 2790, 2791) 19030.0
(6769, 6770, 6771) 15853.0
(7090, 7091, 7092) 19335.0
(4773, 4774, 4775) 19987.0
(3144, 3145, 3146) 16022.0
(3040, 3041, 3042) 17011.0
(1480, 1481, 1482) 14630.0
(5771, 5772, 5773) 16498.0
(409, 410, 411) 18033.0
(3874, 3875, 3876) 16578.0
(6328, 6329, 6330) 17770.0
(6717, 6718, 6719) 18938.0
(2148, 2149, 2150) 16531.0
(5787, 5788, 5789) 15421.0
(7255, 7256, 7257) 19210.0
(2041, 2042, 2043) 18463.0
(4862, 4863, 4864) 18098.0
(7298, 7299, 7300) 21646.0
(2283, 2284, 2285) 16468.0
(4823, 4824, 4825) 17067.0
(5687, 5688, 5689) 18687.0
(2317, 2318, 2319) 18016.0
(3048, 3049, 3050) 15552.0
(8423, 8424, 8425) 18276.0
(7327, 7328, 7329) 19308.0
(3239, 3240, 3241) 17171.0
(1387, 1388, 1389) 19350.0
(3169, 3170, 3171) 18807.0
(3074, 3075, 3076) 16952.0
(5348, 5349, 5350) 17588.0
(2756, 2757, 2758) 18536.0
(9931, 9932, 9933) 17133.0
(2589, 2590, 2591) 17103.0
(1059, 1060, 1061) 17907.0
(8259, 8260, 8261) 17832.0
(7819, 7820, 7821) 16821.0
(2740, 2741, 2742) 15600.0
(6341, 6342, 6343) 15985.0
(943, 944, 945) 18160.0
(4386, 4387, 4388) 17339.0
(6674, 6675, 6676) 21680.0
(8380, 8381, 8382) 16945.0
(424, 425, 426) 17054.0
(173, 174, 175) 20028.0
(1173, 1174, 1175) 14648.0
(2248, 2249, 2250) 18169.0
(1538, 1539, 1540) 20271.0
(1462, 1463, 1464) 15694.0
(3173, 3174, 3175) 15995.0
(3239, 3240, 3241) 17171.0
(8093, 8094, 8095) 18046.0
(4226, 4227, 4228) 18370.0
(5730, 5731, 5732) 20783.0
(3971, 3972, 3973) 17118.0
(5673, 5674, 5675) 16347.0
(4915, 4916, 4917) 18259.0
(3165, 3166, 3167) 15888.0
(5953, 5954, 5955) 17682.0
(3676, 3677, 3678) 15195.0
(2510, 2511, 2512) 17138.0
(6539, 6540, 6541) 17594.0
(2377, 2378, 2379) 19117.0
(490, 491, 492) 15028.0
(4241, 4242, 4243) 18491.0
(5747, 5748, 5749) 18624.0
(9109, 9110, 9111) 17822.0
(5013, 5014, 5015) 17237.0
(169, 170, 171) 19001.0
(3498, 3499, 3500) 18646.0
(6639, 6640, 6641) 17444.0
