(9174, 9175, 9176) 17273.0
(6785, 6786, 6787) 18168.0
(9759, 9760, 9761) 16194.0
(5965, 5966, 5967) 17910.0
(4443, 4444, 4445) 18161.0
(466, 467, 468) 17870.0
(5708, 5709, 5710) 17779.0
(8609, 8610, 8611) 18753.0
(2480, 2481, 2482) 18129.0
(5071, 5072, 5073) 17995.0
(3641, 3642, 3643) 19064.0
(8557, 8558, 8559) 17984.0
(8201, 8202, 8203) 18317.0
(3996, 3997, 3998) 19167.0
(19, 20, 21) 16010.0
(1349, 1350, 1351) 17055.0
(5015, 5016, 5017) 17287.0
(869, 870, 871) 17881.0
(9202, 9203, 9204) 19184.0
(6456, 6457, 6458) 15822.0
(4891, 4892, 4893) 23942.0
(300, 301, 302) 16855.0
(233, 234, 235) 17961.0
(3449, 3450, 3451) 16660.0
(6712, 6713, 6714) 16606.0
(6327, 6328, 6329) 16035.0
(4516, 4517, 4518) 20796.0
(9910, 9911, 9912) 19018.0
(6406, 6407, 6408) 17978.0
(5773, 5774, 5775) 16606.0
(8713, 8714, 8715) 18369.0
(4701, 4702, 4703) 17155.0
(4572, 4573, 4574) 17664.0
(8976, 8977, 8978) 19157.0
(5553, 5554, 5555) 18568.0
(6621, 6622, 6623) 17047.0
(1906, 1907, 1908) 19871.0
(6945, 6946, 6947) 17857.0
(373, 374, 375) 16817.0
(7297, 7298, 7299) 17065.0
(4267, 4268, 4269) 23501.0
(6079, 6080, 6081) 17404.0
(9206, 9207, 9208) 18537.0
(9269, 9270, 9271) 18575.0
(3227, 3228, 3229) 16466.0
(8978, 8979, 8980) 17768.0
(3800, 3801, 3802) 17269.0
(1101, 1102, 1103) 18660.0
(5633, 5634, 5635) 17472.0
(4715, 4716, 4717) 18823.0
(8483, 8484, 8485) 18306.0
(4301, 4302, 4303) 18076.0
(7493, 7494, 7495) 19188.0
(3158, 3159, 3160) 16543.0
(3872, 3873, 3874) 24035.0
(5311, 5312, 5313) 14193.0
(5116, 5117, 5118) 17357.0
(357, 358, 359) 17433.0
(834, 835, 836) 17856.0
(7580, 7581, 7582) 21318.0
(595, 596, 597) 16781.0
(3217, 3218, 3219) 16800.0
(5564, 5565, 5566) 18770.0
(1794, 1795, 1796) 18702.0
(1867, 1868, 1869) 19595.0
(9739, 9740, 9741) 19339.0
(8143, 8144, 8145) 16613.0
(5633, 5634, 5635) 17472.0
(3734, 3735, 3736) 17915.0
(8329, 8330, 8331) 21524.0
(2916, 2917, 2918) 15962.0
(6654, 6655, 6656) 15913.0
(8521, 8522, 8523) 19533.0
(2313, 2314, 2315) 18347.0
(7769, 7770, 7771) 15736.0
(563, 564, 565) 17101.0
(4744, 4745, 4746) 19818.0
(3741, 3742, 3743) 21122.0
(5235, 5236, 5237) 18505.0
(2938, 2939, 2940) 17775.0
(7647, 7648, 7649) 17396.0
(4402, 4403, 4404) 20630.0
(8476, 8477, 8478) 18086.0
(9534, 9535, 9536) 19096.0
(9520, 9521, 9522) 15293.0
(6777, 6778, 6779) 20828.0
(1636, 1637, 1638) 19132.0
(8114, 8115, 8116) 17363.0
(6566, 6567, 6568) 17525.0
(6955, 6956, 6957) 17774.0
(2187, 2188, 2189) 18847.0
(9407, 9408, 9409) 18309.0
(2502, 2503, 2504) 17205.0
(6085, 6086, 6087) 18218.0
(5562, 5563, 5564) 16384.0
(4023, 4024, 4025) 19749.0
(1811, 1812, 1813) 18639.0
(7523, 7524, 7525) 16973.0
(117, 118, 119) 16914.0
(2900, 2901, 2902) 17143.0
(9466, 9467, 9468) 19880.0
