(2885, 2886, 2887) 19237.0
(562, 563, 564) 16213.0
(6764, 6765, 6766) 15986.0
(6832, 6833, 6834) 19651.0
(8937, 8938, 8939) 22744.0
(1279, 1280, 1281) 19969.0
(3991, 3992, 3993) 17553.0
(2827, 2828, 2829) 19639.0
(594, 595, 596) 20835.0
(7489, 7490, 7491) 16507.0
(1879, 1880, 1881) 16988.0
(2286, 2287, 2288) 18051.0
(5693, 5694, 5695) 17946.0
(1452, 1453, 1454) 17314.0
(7623, 7624, 7625) 17116.0
(4655, 4656, 4657) 17320.0
(2387, 2388, 2389) 16487.0
(3668, 3669, 3670) 16616.0
(4816, 4817, 4818) 17071.0
(8634, 8635, 8636) 16136.0
(773, 774, 775) 18193.0
(2256, 2257, 2258) 19542.0
(7129, 7130, 7131) 17066.0
(9820, 9821, 9822) 18707.0
(5597, 5598, 5599) 15477.0
(6771, 6772, 6773) 22334.0
(7794, 7795, 7796) 17944.0
(7268, 7269, 7270) 16605.0
(9166, 9167, 9168) 17397.0
(1974, 1975, 1976) 17461.0
(998, 999, 1000) 18127.0
(8481, 8482, 8483) 17129.0
(8070, 8071, 8072) 16705.0
(5135, 5136, 5137) 19954.0
(3841, 3842, 3843) 17332.0
(1570, 1571, 1572) 20066.0
(2760, 2761, 2762) 17573.0
(1184, 1185, 1186) 18425.0
(3161, 3162, 3163) 17179.0
(4466, 4467, 4468) 17579.0
(7940, 7941, 7942) 16367.0
(9324, 9325, 9326) 17993.0
(7897, 7898, 7899) 15904.0
(8534, 8535, 8536) 16641.0
(7057, 7058, 7059) 20370.0
(3451, 3452, 3453) 17333.0
(6197, 6198, 6199) 16590.0
(6609, 6610, 6611) 15679.0
(2384, 2385, 2386) 16225.0
(1172, 1173, 1174) 17073.0
(7594, 7595, 7596) 18716.0
(4616, 4617, 4618) 16643.0
(8753, 8754, 8755) 17391.0
(4963, 4964, 4965) 18318.0
(207, 208, 209) 20169.0
(3881, 3882, 3883) 16026.0
(3122, 3123, 3124) 16456.0
(6476, 6477, 6478) 16204.0
(8828, 8829, 8830) 15052.0
(2310, 2311, 2312) 21635.0
(2096, 2097, 2098) 19473.0
(3759, 3760, 3761) 16941.0
(2664, 2665, 2666) 18848.0
(9118, 9119, 9120) 18188.0
(8254, 8255, 8256) 16684.0
(3873, 3874, 3875) 20142.0
(628, 629, 630) 16679.0
(7417, 7418, 7419) 16684.0
(8200, 8201, 8202) 19193.0
(4764, 4765, 4766) 17799.0
(1211, 1212, 1213) 19542.0
(701, 702, 703) 19287.0
(6203, 6204, 6205) 19197.0
(6460, 6461, 6462) 19978.0
(1561, 1562, 1563) 18243.0
(9333, 9334, 9335) 17922.0
(8676, 8677, 8678) 17047.0
(8193, 8194, 8195) 16926.0
(5000, 5001, 5002) 17565.0
(3619, 3620, 3621) 19017.0
(8982, 8983, 8984) 18245.0
(6096, 6097, 6098) 17484.0
(4524, 4525, 4526) 20520.0
(1359, 1360, 1361) 17639.0
(6141, 6142, 6143) 18661.0
(2518, 2519, 2520) 19856.0
(6652, 6653, 6654) 19842.0
(5404, 5405, 5406) 22419.0
(8544, 8545, 8546) 17116.0
(9262, 9263, 9264) 18977.0
(8590, 8591, 8592) 17941.0
(7188, 7189, 7190) 20642.0
(9288, 9289, 9290) 17298.0
(6049, 6050, 6051) 19302.0
(6234, 6235, 6236) 15539.0
(7346, 7347, 7348) 17939.0
(5586, 5587, 5588) 17283.0
(3484, 3485, 3486) 18682.0
(9653, 9654, 9655) 18995.0
(7849, 7850, 7851) 17915.0
(5445, 5446, 5447) 16393.0
