(2001, 2002, 2003) 18687.0
(1643, 1644, 1645) 17949.0
(8896, 8897, 8898) 15826.0
(8075, 8076, 8077) 18823.0
(861, 862, 863) 18363.0
(6048, 6049, 6050) 18635.0
(5142, 5143, 5144) 22415.0
(293, 294, 295) 17353.0
(8176, 8177, 8178) 18891.0
(6806, 6807, 6808) 18805.0
(72, 73, 74) 18296.0
(2053, 2054, 2055) 16833.0
(9089, 9090, 9091) 18365.0
(1227, 1228, 1229) 18416.0
(5979, 5980, 5981) 15965.0
(8169, 8170, 8171) 20476.0
(7077, 7078, 7079) 16907.0
(6938, 6939, 6940) 19549.0
(2413, 2414, 2415) 16448.0
(1503, 1504, 1505) 17066.0
(7456, 7457, 7458) 18519.0
(7925, 7926, 7927) 18263.0
(1403, 1404, 1405) 19567.0
(4878, 4879, 4880) 23327.0
(1815, 1816, 1817) 20090.0
(1980, 1981, 1982) 18408.0
(4250, 4251, 4252) 19670.0
(7277, 7278, 7279) 19793.0
(1926, 1927, 1928) 18411.0
(3364, 3365, 3366) 21442.0
(3637, 3638, 3639) 18809.0
(6182, 6183, 6184) 15764.0
(3585, 3586, 3587) 17664.0
(5408, 5409, 5410) 16517.0
(4785, 4786, 4787) 18230.0
(9440, 9441, 9442) 19575.0
(6345, 6346, 6347) 16305.0
(7833, 7834, 7835) 19597.0
(2747, 2748, 2749) 19118.0
(7192, 7193, 7194) 21141.0
(6578, 6579, 6580) 17334.0
(9820, 9821, 9822) 18747.0
(2623, 2624, 2625) 17822.0
(8631, 8632, 8633) 17727.0
(9422, 9423, 9424) 18039.0
(9146, 9147, 9148) 18034.0
(7739, 7740, 7741) 15531.0
(6270, 6271, 6272) 15733.0
(4220, 4221, 4222) 16439.0
(4344, 4345, 4346) 17354.0
(3304, 3305, 3306) 15088.0
(1386, 1387, 1388) 17333.0
(4204, 4205, 4206) 18312.0
(5575, 5576, 5577) 19407.0
(3428, 3429, 3430) 17285.0
(7070, 7071, 7072) 20613.0
(821, 822, 823) 15799.0
(3025, 3026, 3027) 20360.0
(7111, 7112, 7113) 18479.0
(8264, 8265, 8266) 15861.0
(1596, 1597, 1598) 18243.0
(6532, 6533, 6534) 19165.0
(2862, 2863, 2864) 19006.0
(5481, 5482, 5483) 19175.0
(8593, 8594, 8595) 17974.0
(3052, 3053, 3054) 17812.0
(4900, 4901, 4902) 16397.0
(5483, 5484, 5485) 17468.0
(7383, 7384, 7385) 17456.0
(3753, 3754, 3755) 19160.0
(1308, 1309, 1310) 15994.0
(7839, 7840, 7841) 17447.0
(5630, 5631, 5632) 17951.0
(1298, 1299, 1300) 18348.0
(9825, 9826, 9827) 20899.0
(8514, 8515, 8516) 19217.0
(9848, 9849, 9850) 18284.0
(3061, 3062, 3063) 17484.0
(8916, 8917, 8918) 16033.0
(7545, 7546, 7547) 20591.0
(3684, 3685, 3686) 17215.0
(634, 635, 636) 16303.0
(8773, 8774, 8775) 17335.0
(4114, 4115, 4116) 17545.0
(3226, 3227, 3228) 22568.0
(579, 580, 581) 20570.0
(2049, 2050, 2051) 15355.0
(2774, 2775, 2776) 20828.0
(4269, 4270, 4271) 19265.0
(114, 115, 116) 19392.0
(2274, 2275, 2276) 16539.0
(5620, 5621, 5622) 16890.0
(7201, 7202, 7203) 16919.0
(3284, 3285, 3286) 19545.0
(8116, 8117, 8118) 17011.0
(651, 652, 653) 17213.0
(4254, 4255, 4256) 16348.0
(7170, 7171, 7172) 16854.0
(2870, 2871, 2872) 20767.0
(8956, 8957, 8958) 18029.0
(7099, 7100, 7101) 20589.0
