(7949, 7950, 7951) 17676.0
(3790, 3791, 3792) 17146.0
(957, 958, 959) 21068.0
(5707, 5708, 5709) 18516.0
(3694, 3695, 3696) 18584.0
(8805, 8806, 8807) 21072.0
(7564, 7565, 7566) 19150.0
(6798, 6799, 6800) 17305.0
(6354, 6355, 6356) 18471.0
(1819, 1820, 1821) 17113.0
(2458, 2459, 2460) 17506.0
(1845, 1846, 1847) 20176.0
(8614, 8615, 8616) 19140.0
(7405, 7406, 7407) 17699.0
(1072, 1073, 1074) 17308.0
(5993, 5994, 5995) 18356.0
(8399, 8400, 8401) 19735.0
(292, 293, 294) 18445.0
(3672, 3673, 3674) 17734.0
(1516, 1517, 1518) 18618.0
(3503, 3504, 3505) 17278.0
(4210, 4211, 4212) 17869.0
(5664, 5665, 5666) 18101.0
(469, 470, 471) 21975.0
(4255, 4256, 4257) 16440.0
(1498, 1499, 1500) 17567.0
(7885, 7886, 7887) 19379.0
(9237, 9238, 9239) 20087.0
(8793, 8794, 8795) 19278.0
(8633, 8634, 8635) 17292.0
(9130, 9131, 9132) 19266.0
(5961, 5962, 5963) 19862.0
(6173, 6174, 6175) 17965.0
(9557, 9558, 9559) 19732.0
(1909, 1910, 1911) 16102.0
(4218, 4219, 4220) 17128.0
(2291, 2292, 2293) 17402.0
(4843, 4844, 4845) 20576.0
(2399, 2400, 2401) 17964.0
(1604, 1605, 1606) 18601.0
(7387, 7388, 7389) 19454.0
(6965, 6966, 6967) 16857.0
(7433, 7434, 7435) 17913.0
(6958, 6959, 6960) 17441.0
(1209, 1210, 1211) 17322.0
(2464, 2465, 2466) 17654.0
(1853, 1854, 1855) 19247.0
(8070, 8071, 8072) 16807.0
(6856, 6857, 6858) 17284.0
(9437, 9438, 9439) 20668.0
(3119, 3120, 3121) 16862.0
(4453, 4454, 4455) 17242.0
(4980, 4981, 4982) 18869.0
(5922, 5923, 5924) 20171.0
(3259, 3260, 3261) 17958.0
(6640, 6641, 6642) 18521.0
(167, 168, 169) 19943.0
(6320, 6321, 6322) 18134.0
(8737, 8738, 8739) 16006.0
(8007, 8008, 8009) 17652.0
(9729, 9730, 9731) 18071.0
(7570, 7571, 7572) 18222.0
(7393, 7394, 7395) 17761.0
(6887, 6888, 6889) 16569.0
(7250, 7251, 7252) 20383.0
(4453, 4454, 4455) 17242.0
(9785, 9786, 9787) 17479.0
(1725, 1726, 1727) 17467.0
(9108, 9109, 9110) 21141.0
(3470, 3471, 3472) 19066.0
(5404, 5405, 5406) 23365.0
(9202, 9203, 9204) 19324.0
(8088, 8089, 8090) 18415.0
(9026, 9027, 9028) 17544.0
(416, 417, 418) 19029.0
(6204, 6205, 6206) 21262.0
(2202, 2203, 2204) 17667.0
(3936, 3937, 3938) 19666.0
(2323, 2324, 2325) 18037.0
(1499, 1500, 1501) 17974.0
(65, 66, 67) 19007.0
(2859, 2860, 2861) 16774.0
(7964, 7965, 7966) 18068.0
(2667, 2668, 2669) 19014.0
(8774, 8775, 8776) 22499.0
(3232, 3233, 3234) 20515.0
(7939, 7940, 7941) 17720.0
(1156, 1157, 1158) 18134.0
(5643, 5644, 5645) 19135.0
(1612, 1613, 1614) 26760.0
(9222, 9223, 9224) 21683.0
(5127, 5128, 5129) 18570.0
(3961, 3962, 3963) 17004.0
(7001, 7002, 7003) 16252.0
(7043, 7044, 7045) 19748.0
(495, 496, 497) 19001.0
(1276, 1277, 1278) 18607.0
(9227, 9228, 9229) 18429.0
(3126, 3127, 3128) 16221.0
(9026, 9027, 9028) 17544.0
(1052, 1053, 1054) 22001.0
