(1880, 1881, 1882) 19353.0
(9581, 9582, 9583) 18606.0
(8249, 8250, 8251) 18815.0
(3416, 3417, 3418) 17207.0
(1225, 1226, 1227) 22362.0
(8478, 8479, 8480) 16615.0
(6993, 6994, 6995) 16958.0
(2994, 2995, 2996) 16743.0
(8886, 8887, 8888) 21322.0
(4347, 4348, 4349) 19198.0
(8241, 8242, 8243) 16573.0
(8033, 8034, 8035) 17837.0
(7876, 7877, 7878) 18706.0
(5764, 5765, 5766) 17790.0
(2373, 2374, 2375) 21739.0
(3834, 3835, 3836) 16989.0
(860, 861, 862) 17391.0
(6662, 6663, 6664) 17762.0
(3844, 3845, 3846) 18547.0
(3769, 3770, 3771) 17704.0
(6262, 6263, 6264) 19042.0
(1960, 1961, 1962) 19277.0
(4784, 4785, 4786) 19020.0
(6039, 6040, 6041) 18602.0
(8954, 8955, 8956) 19200.0
(4005, 4006, 4007) 15413.0
(8432, 8433, 8434) 20167.0
(3902, 3903, 3904) 21101.0
(9094, 9095, 9096) 24416.0
(1836, 1837, 1838) 17158.0
(9517, 9518, 9519) 19399.0
(1320, 1321, 1322) 21995.0
(4955, 4956, 4957) 24277.0
(2574, 2575, 2576) 18502.0
(5359, 5360, 5361) 16767.0
(8775, 8776, 8777) 19154.0
(1567, 1568, 1569) 17309.0
(1601, 1602, 1603) 18310.0
(6843, 6844, 6845) 21315.0
(4572, 4573, 4574) 18563.0
(8143, 8144, 8145) 18376.0
(5767, 5768, 5769) 17527.0
(2957, 2958, 2959) 17446.0
(6456, 6457, 6458) 17211.0
(5927, 5928, 5929) 18258.0
(3465, 3466, 3467) 17936.0
(8408, 8409, 8410) 15553.0
(1739, 1740, 1741) 19175.0
(9001, 9002, 9003) 21912.0
(752, 753, 754) 18224.0
(2767, 2768, 2769) 18417.0
(458, 459, 460) 16342.0
(1674, 1675, 1676) 17381.0
(9016, 9017, 9018) 21852.0
(8671, 8672, 8673) 20977.0
(9452, 9453, 9454) 20928.0
(8315, 8316, 8317) 22721.0
(8527, 8528, 8529) 17885.0
(949, 950, 951) 19912.0
(6941, 6942, 6943) 21780.0
(1120, 1121, 1122) 20606.0
(3403, 3404, 3405) 18573.0
(2890, 2891, 2892) 18204.0
(9961, 9962, 9963) 19005.0
(6926, 6927, 6928) 17355.0
(8498, 8499, 8500) 21517.0
(8867, 8868, 8869) 18313.0
(6562, 6563, 6564) 16801.0
(9247, 9248, 9249) 18770.0
(2091, 2092, 2093) 19083.0
(76, 77, 78) 17553.0
(9414, 9415, 9416) 19291.0
(8280, 8281, 8282) 15006.0
(1304, 1305, 1306) 18391.0
(688, 689, 690) 16999.0
(9582, 9583, 9584) 16638.0
(8234, 8235, 8236) 18994.0
(1771, 1772, 1773) 17122.0
(1688, 1689, 1690) 17178.0
(1935, 1936, 1937) 17922.0
(2981, 2982, 2983) 17760.0
(7850, 7851, 7852) 16584.0
(4292, 4293, 4294) 17843.0
(6746, 6747, 6748) 18338.0
(7467, 7468, 7469) 17980.0
(7619, 7620, 7621) 20330.0
(9105, 9106, 9107) 24104.0
(7204, 7205, 7206) 17785.0
(9527, 9528, 9529) 26117.0
(5177, 5178, 5179) 19401.0
(5174, 5175, 5176) 15720.0
(2569, 2570, 2571) 24193.0
(9043, 9044, 9045) 21500.0
(7310, 7311, 7312) 17644.0
(570, 571, 572) 18322.0
(2805, 2806, 2807) 19066.0
(5495, 5496, 5497) 19139.0
(9320, 9321, 9322) 19164.0
(4787, 4788, 4789) 16738.0
(2453, 2454, 2455) 25577.0
(7391, 7392, 7393) 16955.0
