(4414, 4415, 4416) 18591.0
(1791, 1792, 1793) 19528.0
(2704, 2705, 2706) 20584.0
(9116, 9117, 9118) 21208.0
(712, 713, 714) 21541.0
(3511, 3512, 3513) 18348.0
(9640, 9641, 9642) 29627.0
(6617, 6618, 6619) 19747.0
(4683, 4684, 4685) 17967.0
(9321, 9322, 9323) 18926.0
(1028, 1029, 1030) 18453.0
(2425, 2426, 2427) 17941.0
(9066, 9067, 9068) 17836.0
(9816, 9817, 9818) 18349.0
(2467, 2468, 2469) 18060.0
(5540, 5541, 5542) 16009.0
(8921, 8922, 8923) 17406.0
(5725, 5726, 5727) 16826.0
(8200, 8201, 8202) 19593.0
(2515, 2516, 2517) 20340.0
(1412, 1413, 1414) 17021.0
(5514, 5515, 5516) 28080.0
(8250, 8251, 8252) 19406.0
(7281, 7282, 7283) 17318.0
(2769, 2770, 2771) 20768.0
(1510, 1511, 1512) 17390.0
(8208, 8209, 8210) 21257.0
(9100, 9101, 9102) 19694.0
(8726, 8727, 8728) 17016.0
(2630, 2631, 2632) 20218.0
(7983, 7984, 7985) 17781.0
(3254, 3255, 3256) 17525.0
(7277, 7278, 7279) 20671.0
(4501, 4502, 4503) 16249.0
(5506, 5507, 5508) 20711.0
(7436, 7437, 7438) 18799.0
(6750, 6751, 6752) 18800.0
(5995, 5996, 5997) 19576.0
(543, 544, 545) 18837.0
(4344, 4345, 4346) 17961.0
(9794, 9795, 9796) 19954.0
(4334, 4335, 4336) 17330.0
(7132, 7133, 7134) 17848.0
(5498, 5499, 5500) 18140.0
(9951, 9952, 9953) 21132.0
(591, 592, 593) 18136.0
(8873, 8874, 8875) 17208.0
(1300, 1301, 1302) 20136.0
(1549, 1550, 1551) 17700.0
(7856, 7857, 7858) 20619.0
(5332, 5333, 5334) 19970.0
(8533, 8534, 8535) 17898.0
(8275, 8276, 8277) 21686.0
(8193, 8194, 8195) 17922.0
(8819, 8820, 8821) 20126.0
(8114, 8115, 8116) 18756.0
(487, 488, 489) 17164.0
(7427, 7428, 7429) 18016.0
(5047, 5048, 5049) 19476.0
(543, 544, 545) 18837.0
(4411, 4412, 4413) 19768.0
(3583, 3584, 3585) 18305.0
(3604, 3605, 3606) 21094.0
(8154, 8155, 8156) 21213.0
(3013, 3014, 3015) 19056.0
(7928, 7929, 7930) 18727.0
(3886, 3887, 3888) 16650.0
(6892, 6893, 6894) 17835.0
(1763, 1764, 1765) 17836.0
(9885, 9886, 9887) 19673.0
(467, 468, 469) 16551.0
(3182, 3183, 3184) 21695.0
(2630, 2631, 2632) 20218.0
(5848, 5849, 5850) 15557.0
(7051, 7052, 7053) 20487.0
(7894, 7895, 7896) 17182.0
(853, 854, 855) 19655.0
(6985, 6986, 6987) 16566.0
(9820, 9821, 9822) 19713.0
(1653, 1654, 1655) 18733.0
(2778, 2779, 2780) 20349.0
(8195, 8196, 8197) 16589.0
(3256, 3257, 3258) 18894.0
(9913, 9914, 9915) 19681.0
(9568, 9569, 9570) 17355.0
(7668, 7669, 7670) 20257.0
(7185, 7186, 7187) 19323.0
(4619, 4620, 4621) 16743.0
(3174, 3175, 3176) 16172.0
(4448, 4449, 4450) 18548.0
(6399, 6400, 6401) 15992.0
(9897, 9898, 9899) 19818.0
(6753, 6754, 6755) 16197.0
(2796, 2797, 2798) 16997.0
(781, 782, 783) 18717.0
(3725, 3726, 3727) 16898.0
(6350, 6351, 6352) 20496.0
(8090, 8091, 8092) 17382.0
(9447, 9448, 9449) 18782.0
(9586, 9587, 9588) 19310.0
(2400, 2401, 2402) 19298.0
