(8129, 8130, 8131) 17387.0
(6393, 6394, 6395) 21045.0
(7897, 7898, 7899) 17461.0
(7392, 7393, 7394) 20489.0
(8137, 8138, 8139) 17409.0
(1544, 1545, 1546) 23188.0
(6600, 6601, 6602) 19510.0
(9709, 9710, 9711) 22674.0
(1588, 1589, 1590) 18003.0
(2893, 2894, 2895) 17448.0
(5974, 5975, 5976) 19621.0
(4698, 4699, 4700) 22557.0
(6394, 6395, 6396) 21140.0
(8762, 8763, 8764) 18503.0
(2922, 2923, 2924) 24849.0
(8151, 8152, 8153) 24886.0
(3091, 3092, 3093) 15899.0
(7319, 7320, 7321) 21091.0
(2711, 2712, 2713) 19432.0
(9985, 9986, 9987) 16825.0
(9544, 9545, 9546) 17611.0
(8966, 8967, 8968) 20776.0
(6698, 6699, 6700) 17360.0
(8202, 8203, 8204) 20756.0
(41, 42, 43) 17495.0
(7635, 7636, 7637) 18065.0
(7292, 7293, 7294) 18399.0
(8696, 8697, 8698) 20496.0
(1829, 1830, 1831) 20131.0
(4817, 4818, 4819) 20289.0
(9568, 9569, 9570) 17793.0
(5300, 5301, 5302) 18404.0
(3138, 3139, 3140) 17383.0
(6951, 6952, 6953) 18546.0
(2221, 2222, 2223) 17316.0
(3778, 3779, 3780) 18584.0
(2679, 2680, 2681) 19421.0
(3677, 3678, 3679) 18687.0
(4159, 4160, 4161) 18916.0
(9644, 9645, 9646) 18198.0
(8430, 8431, 8432) 18279.0
(8498, 8499, 8500) 22448.0
(5929, 5930, 5931) 19539.0
(5599, 5600, 5601) 22823.0
(2182, 2183, 2184) 18510.0
(1192, 1193, 1194) 18808.0
(9571, 9572, 9573) 18610.0
(7708, 7709, 7710) 20232.0
(9285, 9286, 9287) 17480.0
(2390, 2391, 2392) 19507.0
(4481, 4482, 4483) 19691.0
(1529, 1530, 1531) 16746.0
(4998, 4999, 5000) 18871.0
(9986, 9987, 9988) 17309.0
(5859, 5860, 5861) 17376.0
(1086, 1087, 1088) 17966.0
(3570, 3571, 3572) 18628.0
(9835, 9836, 9837) 20659.0
(2566, 2567, 2568) 19549.0
(6556, 6557, 6558) 19148.0
(365, 366, 367) 18074.0
(1209, 1210, 1211) 17688.0
(9237, 9238, 9239) 20549.0
(6800, 6801, 6802) 17800.0
(9625, 9626, 9627) 20137.0
(3305, 3306, 3307) 20830.0
(9718, 9719, 9720) 20273.0
(3828, 3829, 3830) 16808.0
(9089, 9090, 9091) 19418.0
(1625, 1626, 1627) 20363.0
(3503, 3504, 3505) 18001.0
(9974, 9975, 9976) 20033.0
(9667, 9668, 9669) 19520.0
(535, 536, 537) 19532.0
(5334, 5335, 5336) 19799.0
(8250, 8251, 8252) 19682.0
(9175, 9176, 9177) 19481.0
(9597, 9598, 9599) 22318.0
(7543, 7544, 7545) 20482.0
(7481, 7482, 7483) 19793.0
(809, 810, 811) 18813.0
(9553, 9554, 9555) 16831.0
(5343, 5344, 5345) 20358.0
(9097, 9098, 9099) 19320.0
(588, 589, 590) 20020.0
(5965, 5966, 5967) 20410.0
(9806, 9807, 9808) 18935.0
(2211, 2212, 2213) 22730.0
(8430, 8431, 8432) 18279.0
(9113, 9114, 9115) 20111.0
(6934, 6935, 6936) 17944.0
(5846, 5847, 5848) 19153.0
(1935, 1936, 1937) 18485.0
(2708, 2709, 2710) 19981.0
(2857, 2858, 2859) 19978.0
(9282, 9283, 9284) 24530.0
(2441, 2442, 2443) 18145.0
(3074, 3075, 3076) 18566.0
(6880, 6881, 6882) 21050.0
(50, 51, 52) 19612.0
(362, 363, 364) 22653.0
