(3311, 3312, 3313) 20337.0
(7498, 7499, 7500) 17804.0
(1946, 1947, 1948) 18634.0
(7981, 7982, 7983) 22499.0
(8266, 8267, 8268) 18310.0
(1189, 1190, 1191) 18172.0
(9201, 9202, 9203) 20128.0
(2353, 2354, 2355) 17927.0
(1061, 1062, 1063) 20818.0
(3727, 3728, 3729) 17144.0
(6110, 6111, 6112) 20653.0
(4771, 4772, 4773) 20904.0
(147, 148, 149) 17696.0
(6197, 6198, 6199) 17728.0
(3173, 3174, 3175) 17995.0
(2267, 2268, 2269) 24757.0
(9065, 9066, 9067) 20702.0
(348, 349, 350) 22899.0
(9128, 9129, 9130) 19577.0
(9517, 9518, 9519) 19995.0
(384, 385, 386) 17947.0
(6351, 6352, 6353) 19548.0
(2043, 2044, 2045) 22030.0
(1748, 1749, 1750) 22236.0
(2961, 2962, 2963) 19210.0
(6632, 6633, 6634) 19679.0
(3989, 3990, 3991) 20023.0
(4719, 4720, 4721) 17032.0
(5865, 5866, 5867) 17275.0
(9297, 9298, 9299) 18435.0
(2189, 2190, 2191) 18777.0
(653, 654, 655) 18565.0
(3891, 3892, 3893) 17749.0
(5919, 5920, 5921) 20148.0
(66, 67, 68) 19084.0
(2515, 2516, 2517) 20758.0
(1374, 1375, 1376) 20175.0
(793, 794, 795) 17936.0
(9151, 9152, 9153) 20313.0
(7963, 7964, 7965) 19319.0
(355, 356, 357) 17262.0
(1795, 1796, 1797) 21216.0
(8321, 8322, 8323) 16459.0
(5958, 5959, 5960) 21267.0
(1784, 1785, 1786) 20340.0
(6764, 6765, 6766) 17202.0
(7673, 7674, 7675) 20430.0
(2024, 2025, 2026) 18823.0
(1268, 1269, 1270) 22027.0
(2451, 2452, 2453) 17193.0
(3440, 3441, 3442) 19008.0
(6031, 6032, 6033) 19959.0
(3510, 3511, 3512) 21046.0
(4800, 4801, 4802) 18155.0
(9127, 9128, 9129) 16512.0
(8762, 8763, 8764) 19080.0
(6957, 6958, 6959) 17802.0
(9923, 9924, 9925) 18840.0
(9511, 9512, 9513) 18932.0
(3400, 3401, 3402) 17699.0
(6519, 6520, 6521) 16492.0
(7664, 7665, 7666) 19591.0
(1030, 1031, 1032) 16788.0
(6334, 6335, 6336) 20688.0
(4886, 4887, 4888) 23056.0
(9774, 9775, 9776) 17961.0
(777, 778, 779) 23669.0
(288, 289, 290) 20564.0
(436, 437, 438) 20493.0
(8332, 8333, 8334) 18354.0
(8115, 8116, 8117) 23111.0
(618, 619, 620) 17989.0
(6210, 6211, 6212) 18968.0
(3026, 3027, 3028) 17248.0
(9249, 9250, 9251) 18502.0
(313, 314, 315) 18727.0
(2602, 2603, 2604) 16772.0
(3551, 3552, 3553) 19789.0
(3778, 3779, 3780) 18645.0
(8250, 8251, 8252) 20210.0
(2652, 2653, 2654) 21011.0
(8619, 8620, 8621) 20228.0
(792, 793, 794) 17421.0
(3924, 3925, 3926) 18791.0
(5512, 5513, 5514) 17885.0
(7668, 7669, 7670) 20662.0
(2440, 2441, 2442) 18759.0
(458, 459, 460) 17570.0
(9210, 9211, 9212) 21716.0
(4844, 4845, 4846) 18125.0
(167, 168, 169) 21379.0
(6424, 6425, 6426) 20315.0
(521, 522, 523) 19342.0
(924, 925, 926) 20504.0
(6442, 6443, 6444) 20768.0
(6417, 6418, 6419) 20104.0
(7389, 7390, 7391) 17783.0
(4377, 4378, 4379) 19176.0
(7095, 7096, 7097) 18916.0
(8513, 8514, 8515) 18802.0
(1546, 1547, 1548) 17091.0
