(1452, 1453, 1454) 1570.0
(5539, 5540, 5541) 2018.0
(9670, 9671, 9672) 1769.0
(2029, 2030, 2031) 1894.0
(1339, 1340, 1341) 2083.0
(3711, 3712, 3713) 1625.0
(5626, 5627, 5628) 2840.0
(979, 980, 981) 2107.0
(3467, 3468, 3469) 1649.0
(4913, 4914, 4915) 1633.0
(3224, 3225, 3226) 1519.0
(9323, 9324, 9325) 2545.0
(6271, 6272, 6273) 1642.0
(742, 743, 744) 1764.0
(4963, 4964, 4965) 1500.0
(6570, 6571, 6572) 1997.0
(8695, 8696, 8697) 2336.0
(9163, 9164, 9165) 1714.0
(5785, 5786, 5787) 1632.0
(5969, 5970, 5971) 1930.0
(2422, 2423, 2424) 1740.0
(4585, 4586, 4587) 1529.0
(3232, 3233, 3234) 1803.0
(1064, 1065, 1066) 1828.0
(4557, 4558, 4559) 1760.0
(3997, 3998, 3999) 1928.0
(5740, 5741, 5742) 2128.0
(5827, 5828, 5829) 1929.0
(5926, 5927, 5928) 1337.0
(3555, 3556, 3557) 1915.0
(2548, 2549, 2550) 1960.0
(6034, 6035, 6036) 2249.0
(3006, 3007, 3008) 1512.0
(4224, 4225, 4226) 1692.0
(7091, 7092, 7093) 1329.0
(8415, 8416, 8417) 2946.0
(2797, 2798, 2799) 1992.0
(8526, 8527, 8528) 1564.0
(5001, 5002, 5003) 2307.0
(4083, 4084, 4085) 1998.0
(3464, 3465, 3466) 1740.0
(8175, 8176, 8177) 1635.0
(4141, 4142, 4143) 2307.0
(9022, 9023, 9024) 1705.0
(5550, 5551, 5552) 1668.0
(7151, 7152, 7153) 1608.0
(2546, 2547, 2548) 1808.0
(2063, 2064, 2065) 2023.0
(427, 428, 429) 1467.0
(480, 481, 482) 2565.0
(8629, 8630, 8631) 1987.0
(2368, 2369, 2370) 1643.0
(7061, 7062, 7063) 2273.0
(2682, 2683, 2684) 1743.0
(5866, 5867, 5868) 1173.0
(3232, 3233, 3234) 1803.0
(5629, 5630, 5631) 1699.0
(9785, 9786, 9787) 2674.0
(5616, 5617, 5618) 2156.0
(5956, 5957, 5958) 2285.0
(908, 909, 910) 1539.0
(1406, 1407, 1408) 1906.0
(4414, 4415, 4416) 1635.0
(5442, 5443, 5444) 1831.0
(9751, 9752, 9753) 1952.0
(7573, 7574, 7575) 1359.0
(1671, 1672, 1673) 1712.0
(4890, 4891, 4892) 2467.0
(9512, 9513, 9514) 1755.0
(8902, 8903, 8904) 1917.0
(6263, 6264, 6265) 1646.0
(3658, 3659, 3660) 2053.0
(1457, 1458, 1459) 2335.0
(9261, 9262, 9263) 1589.0
(9127, 9128, 9129) 2233.0
(1878, 1879, 1880) 2097.0
(9316, 9317, 9318) 1656.0
(4498, 4499, 4500) 2193.0
(451, 452, 453) 1795.0
(4708, 4709, 4710) 2057.0
(3941, 3942, 3943) 2130.0
(7495, 7496, 7497) 2197.0
(5918, 5919, 5920) 1516.0
(9949, 9950, 9951) 2435.0
(2987, 2988, 2989) 1729.0
(9498, 9499, 9500) 2007.0
(5624, 5625, 5626) 1935.0
(1269, 1270, 1271) 1695.0
(3977, 3978, 3979) 1784.0
(2688, 2689, 2690) 1597.0
(3328, 3329, 3330) 2420.0
(1478, 1479, 1480) 1718.0
(6746, 6747, 6748) 1985.0
(5145, 5146, 5147) 1563.0
(9649, 9650, 9651) 1948.0
(7917, 7918, 7919) 1784.0
(6970, 6971, 6972) 1922.0
(1, 2, 3) 1741.0
(4224, 4225, 4226) 1692.0
(8821, 8822, 8823) 1391.0
(9002, 9003, 9004) 1431.0
