(1638, 1639, 1640) 18794.0
(5637, 5638, 5639) 16553.0
(1464, 1465, 1466) 17614.0
(1588, 1589, 1590) 18556.0
(6803, 6804, 6805) 18030.0
(605, 606, 607) 18491.0
(9569, 9570, 9571) 17058.0
(5629, 5630, 5631) 20402.0
(6227, 6228, 6229) 21434.0
(2970, 2971, 2972) 20353.0
(7197, 7198, 7199) 21174.0
(745, 746, 747) 21380.0
(1396, 1397, 1398) 18963.0
(6073, 6074, 6075) 17666.0
(5320, 5321, 5322) 18240.0
(4625, 4626, 4627) 21506.0
(9858, 9859, 9860) 22114.0
(3781, 3782, 3783) 21607.0
(7555, 7556, 7557) 20609.0
(1572, 1573, 1574) 15859.0
(1284, 1285, 1286) 18536.0
(1297, 1298, 1299) 18387.0
(3394, 3395, 3396) 17787.0
(3974, 3975, 3976) 18199.0
(3351, 3352, 3353) 21492.0
(3118, 3119, 3120) 20497.0
(2146, 2147, 2148) 21646.0
(8108, 8109, 8110) 22084.0
(4264, 4265, 4266) 16946.0
(2142, 2143, 2144) 17640.0
(3992, 3993, 3994) 17515.0
(1437, 1438, 1439) 20548.0
(8144, 8145, 8146) 21410.0
(4648, 4649, 4650) 19780.0
(4936, 4937, 4938) 17699.0
(371, 372, 373) 17677.0
(1292, 1293, 1294) 19353.0
(5693, 5694, 5695) 20130.0
(8568, 8569, 8570) 18149.0
(823, 824, 825) 19005.0
(6005, 6006, 6007) 21942.0
(7355, 7356, 7357) 19787.0
(4869, 4870, 4871) 22867.0
(167, 168, 169) 21559.0
(3732, 3733, 3734) 25864.0
(4368, 4369, 4370) 18234.0
(5132, 5133, 5134) 16798.0
(8050, 8051, 8052) 22416.0
(5070, 5071, 5072) 18211.0
(4264, 4265, 4266) 16946.0
(9206, 9207, 9208) 20865.0
(7786, 7787, 7788) 20848.0
(2609, 2610, 2611) 21079.0
(4253, 4254, 4255) 18381.0
(1412, 1413, 1414) 17956.0
(7887, 7888, 7889) 19007.0
(7420, 7421, 7422) 18823.0
(3834, 3835, 3836) 18427.0
(914, 915, 916) 18971.0
(864, 865, 866) 17350.0
(3790, 3791, 3792) 18654.0
(4885, 4886, 4887) 16478.0
(1023, 1024, 1025) 18291.0
(2505, 2506, 2507) 20012.0
(3817, 3818, 3819) 20892.0
(5037, 5038, 5039) 18503.0
(6939, 6940, 6941) 19760.0
(5421, 5422, 5423) 20020.0
(8151, 8152, 8153) 25073.0
(7951, 7952, 7953) 16169.0
(4579, 4580, 4581) 18818.0
(1417, 1418, 1419) 16666.0
(4169, 4170, 4171) 18547.0
(15, 16, 17) 19193.0
(3289, 3290, 3291) 19917.0
(4947, 4948, 4949) 22424.0
(6778, 6779, 6780) 21304.0
(4203, 4204, 4205) 17756.0
(9676, 9677, 9678) 18666.0
(9516, 9517, 9518) 18135.0
(5421, 5422, 5423) 20020.0
(1664, 1665, 1666) 15765.0
(5769, 5770, 5771) 21517.0
(121, 122, 123) 18016.0
(4554, 4555, 4556) 20659.0
(677, 678, 679) 20286.0
(7294, 7295, 7296) 20389.0
(4245, 4246, 4247) 22161.0
(7371, 7372, 7373) 19819.0
(1135, 1136, 1137) 18917.0
(5259, 5260, 5261) 21888.0
(7179, 7180, 7181) 19276.0
(6025, 6026, 6027) 17973.0
(5705, 5706, 5707) 20057.0
(9155, 9156, 9157) 18345.0
(6653, 6654, 6655) 19038.0
(5727, 5728, 5729) 17526.0
(1382, 1383, 1384) 19966.0
(7287, 7288, 7289) 23193.0
(9861, 9862, 9863) 22254.0
(9690, 9691, 9692) 19563.0
