(1359, 1360, 1361) 18811.0
(5724, 5725, 5726) 18125.0
(7462, 7463, 7464) 15688.0
(1116, 1117, 1118) 19705.0
(12, 13, 14) 16635.0
(7980, 7981, 7982) 19025.0
(3508, 3509, 3510) 21127.0
(1035, 1036, 1037) 21979.0
(980, 981, 982) 23356.0
(1700, 1701, 1702) 17961.0
(6743, 6744, 6745) 19010.0
(4379, 4380, 4381) 18779.0
(8758, 8759, 8760) 21077.0
(1245, 1246, 1247) 20500.0
(5256, 5257, 5258) 20414.0
(6914, 6915, 6916) 23324.0
(377, 378, 379) 18844.0
(2267, 2268, 2269) 25857.0
(7258, 7259, 7260) 22867.0
(190, 191, 192) 16994.0
(5443, 5444, 5445) 19712.0
(3622, 3623, 3624) 19698.0
(2768, 2769, 2770) 22450.0
(8594, 8595, 8596) 18535.0
(2321, 2322, 2323) 19427.0
(3818, 3819, 3820) 20936.0
(4001, 4002, 4003) 22156.0
(9196, 9197, 9198) 19133.0
(4290, 4291, 4292) 17465.0
(6258, 6259, 6260) 18720.0
(8311, 8312, 8313) 17856.0
(3013, 3014, 3015) 19190.0
(8881, 8882, 8883) 16417.0
(7828, 7829, 7830) 22625.0
(3495, 3496, 3497) 18072.0
(1499, 1500, 1501) 18860.0
(8534, 8535, 8536) 17637.0
(921, 922, 923) 24694.0
(9297, 9298, 9299) 19031.0
(4880, 4881, 4882) 24463.0
(977, 978, 979) 17497.0
(9439, 9440, 9441) 22268.0
(4500, 4501, 4502) 18040.0
(4466, 4467, 4468) 19612.0
(8541, 8542, 8543) 19202.0
(9676, 9677, 9678) 18936.0
(2354, 2355, 2356) 16513.0
(5537, 5538, 5539) 18565.0
(5719, 5720, 5721) 23326.0
(9924, 9925, 9926) 22354.0
(3354, 3355, 3356) 20729.0
(564, 565, 566) 19252.0
(381, 382, 383) 19547.0
(5102, 5103, 5104) 17953.0
(517, 518, 519) 17806.0
(2423, 2424, 2425) 17390.0
(7155, 7156, 7157) 18371.0
(7827, 7828, 7829) 20708.0
(9691, 9692, 9693) 19797.0
(1009, 1010, 1011) 18862.0
(8182, 8183, 8184) 18291.0
(6673, 6674, 6675) 18748.0
(7701, 7702, 7703) 17787.0
(3160, 3161, 3162) 19598.0
(3821, 3822, 3823) 19860.0
(5598, 5599, 5600) 22040.0
(6422, 6423, 6424) 17196.0
(5267, 5268, 5269) 19849.0
(418, 419, 420) 25583.0
(7593, 7594, 7595) 19970.0
(1170, 1171, 1172) 20960.0
(8593, 8594, 8595) 19102.0
(4346, 4347, 4348) 19477.0
(1366, 1367, 1368) 21437.0
(7201, 7202, 7203) 18601.0
(2137, 2138, 2139) 18786.0
(6031, 6032, 6033) 20559.0
(3129, 3130, 3131) 17151.0
(4182, 4183, 4184) 18177.0
(9152, 9153, 9154) 20157.0
(3293, 3294, 3295) 20965.0
(4265, 4266, 4267) 22680.0
(29, 30, 31) 21697.0
(2153, 2154, 2155) 21244.0
(6855, 6856, 6857) 21002.0
(8700, 8701, 8702) 19926.0
(9101, 9102, 9103) 23499.0
(3522, 3523, 3524) 18312.0
(1449, 1450, 1451) 21623.0
(7817, 7818, 7819) 18911.0
(9811, 9812, 9813) 19526.0
(6756, 6757, 6758) 20152.0
(7756, 7757, 7758) 17676.0
(8329, 8330, 8331) 23707.0
(6846, 6847, 6848) 19975.0
(8105, 8106, 8107) 18241.0
(7157, 7158, 7159) 17519.0
(5076, 5077, 5078) 19719.0
(9520, 9521, 9522) 17313.0
(3382, 3383, 3384) 21267.0
(2267, 2268, 2269) 25857.0
