(9417, 9418, 9419) 17570.0
(8929, 8930, 8931) 21923.0
(62, 63, 64) 17461.0
(1335, 1336, 1337) 23165.0
(9437, 9438, 9439) 22262.0
(3769, 3770, 3771) 19164.0
(6492, 6493, 6494) 21587.0
(3779, 3780, 3781) 18937.0
(2988, 2989, 2990) 19477.0
(8636, 8637, 8638) 16725.0
(2171, 2172, 2173) 21249.0
(4661, 4662, 4663) 20112.0
(8389, 8390, 8391) 16563.0
(5909, 5910, 5911) 20111.0
(5460, 5461, 5462) 17639.0
(943, 944, 945) 19925.0
(2449, 2450, 2451) 21985.0
(5638, 5639, 5640) 21764.0
(3348, 3349, 3350) 17139.0
(522, 523, 524) 20357.0
(6980, 6981, 6982) 22458.0
(9789, 9790, 9791) 17898.0
(2695, 2696, 2697) 20242.0
(3373, 3374, 3375) 16286.0
(9933, 9934, 9935) 18682.0
(7131, 7132, 7133) 18269.0
(8746, 8747, 8748) 19487.0
(6034, 6035, 6036) 19581.0
(1252, 1253, 1254) 21319.0
(2158, 2159, 2160) 21688.0
(2137, 2138, 2139) 18756.0
(4669, 4670, 4671) 19273.0
(1061, 1062, 1063) 21632.0
(5026, 5027, 5028) 19353.0
(3176, 3177, 3178) 22986.0
(8844, 8845, 8846) 21924.0
(5603, 5604, 5605) 16653.0
(4969, 4970, 4971) 19447.0
(9255, 9256, 9257) 16898.0
(3176, 3177, 3178) 22986.0
(9274, 9275, 9276) 19447.0
(6046, 6047, 6048) 17469.0
(3533, 3534, 3535) 20123.0
(7872, 7873, 7874) 18602.0
(7809, 7810, 7811) 27609.0
(5641, 5642, 5643) 17644.0
(6298, 6299, 6300) 20642.0
(9464, 9465, 9466) 18581.0
(5361, 5362, 5363) 19676.0
(2982, 2983, 2984) 20728.0
(4490, 4491, 4492) 20995.0
(3389, 3390, 3391) 19715.0
(6449, 6450, 6451) 20843.0
(4271, 4272, 4273) 17432.0
(7139, 7140, 7141) 17743.0
(3219, 3220, 3221) 19516.0
(3767, 3768, 3769) 18815.0
(172, 173, 174) 18890.0
(1166, 1167, 1168) 20003.0
(1747, 1748, 1749) 18706.0
(9618, 9619, 9620) 21595.0
(9109, 9110, 9111) 19500.0
(2382, 2383, 2384) 19825.0
(470, 471, 472) 23345.0
(7575, 7576, 7577) 17098.0
(4851, 4852, 4853) 18235.0
(4052, 4053, 4054) 18164.0
(2243, 2244, 2245) 18026.0
(8042, 8043, 8044) 19139.0
(8401, 8402, 8403) 20929.0
(8026, 8027, 8028) 20106.0
(7968, 7969, 7970) 18568.0
(8530, 8531, 8532) 21468.0
(6277, 6278, 6279) 21167.0
(4064, 4065, 4066) 19539.0
(7418, 7419, 7420) 19635.0
(5884, 5885, 5886) 22579.0
(2230, 2231, 2232) 18278.0
(1987, 1988, 1989) 19533.0
(2497, 2498, 2499) 17866.0
(427, 428, 429) 20016.0
(8497, 8498, 8499) 22399.0
(3431, 3432, 3433) 18398.0
(912, 913, 914) 19765.0
(3932, 3933, 3934) 17539.0
(4052, 4053, 4054) 18164.0
(30, 31, 32) 18360.0
(3013, 3014, 3015) 19488.0
(5730, 5731, 5732) 23178.0
(4520, 4521, 4522) 21286.0
(6504, 6505, 6506) 19452.0
(6683, 6684, 6685) 18372.0
(1037, 1038, 1039) 16914.0
(5089, 5090, 5091) 18754.0
(3205, 3206, 3207) 19305.0
(3518, 3519, 3520) 19258.0
(4635, 4636, 4637) 22681.0
(5230, 5231, 5232) 17633.0
(1707, 1708, 1709) 17105.0
(8888, 8889, 8890) 18246.0
(5298, 5299, 5300) 18906.0
