(4565, 4566, 4567) 19467.0
(8517, 8518, 8519) 19455.0
(5789, 5790, 5791) 18188.0
(1344, 1345, 1346) 16671.0
(7055, 7056, 7057) 24937.0
(4627, 4628, 4629) 21435.0
(3593, 3594, 3595) 17151.0
(161, 162, 163) 22077.0
(2699, 2700, 2701) 17114.0
(4560, 4561, 4562) 25866.0
(9920, 9921, 9922) 18049.0
(3663, 3664, 3665) 18533.0
(9591, 9592, 9593) 20540.0
(3202, 3203, 3204) 21746.0
(7228, 7229, 7230) 21237.0
(4407, 4408, 4409) 20441.0
(1194, 1195, 1196) 21291.0
(8418, 8419, 8420) 19948.0
(7113, 7114, 7115) 21663.0
(6682, 6683, 6684) 19561.0
(6104, 6105, 6106) 17169.0
(7363, 7364, 7365) 21982.0
(6628, 6629, 6630) 20598.0
(3232, 3233, 3234) 22036.0
(4236, 4237, 4238) 22229.0
(6608, 6609, 6610) 20880.0
(2841, 2842, 2843) 24553.0
(6559, 6560, 6561) 24097.0
(8471, 8472, 8473) 19277.0
(4866, 4867, 4868) 19578.0
(9361, 9362, 9363) 19865.0
(9680, 9681, 9682) 21123.0
(5299, 5300, 5301) 19771.0
(2587, 2588, 2589) 21729.0
(8494, 8495, 8496) 19385.0
(2222, 2223, 2224) 27436.0
(8197, 8198, 8199) 19107.0
(5719, 5720, 5721) 24433.0
(7410, 7411, 7412) 21435.0
(1527, 1528, 1529) 18406.0
(3597, 3598, 3599) 18456.0
(8846, 8847, 8848) 21297.0
(81, 82, 83) 18757.0
(3767, 3768, 3769) 19316.0
(8761, 8762, 8763) 21444.0
(3226, 3227, 3228) 23643.0
(3329, 3330, 3331) 20367.0
(8916, 8917, 8918) 18671.0
(1877, 1878, 1879) 18918.0
(5895, 5896, 5897) 19972.0
(3523, 3524, 3525) 20442.0
(2641, 2642, 2643) 22963.0
(7412, 7413, 7414) 19694.0
(4947, 4948, 4949) 23600.0
(4969, 4970, 4971) 19333.0
(3960, 3961, 3962) 19094.0
(4472, 4473, 4474) 20045.0
(3046, 3047, 3048) 22913.0
(4927, 4928, 4929) 20745.0
(4039, 4040, 4041) 17690.0
(3076, 3077, 3078) 19919.0
(7035, 7036, 7037) 17861.0
(3293, 3294, 3295) 21150.0
(4497, 4498, 4499) 19249.0
(1477, 1478, 1479) 18665.0
(3910, 3911, 3912) 18371.0
(909, 910, 911) 20044.0
(9165, 9166, 9167) 18481.0
(1299, 1300, 1301) 18197.0
(6082, 6083, 6084) 20466.0
(837, 838, 839) 22910.0
(335, 336, 337) 18086.0
(8336, 8337, 8338) 18628.0
(5597, 5598, 5599) 18165.0
(6484, 6485, 6486) 22829.0
(3904, 3905, 3906) 20236.0
(7305, 7306, 7307) 20787.0
(4688, 4689, 4690) 21105.0
(7949, 7950, 7951) 19774.0
(218, 219, 220) 18544.0
(2513, 2514, 2515) 22258.0
(1370, 1371, 1372) 19475.0
(5887, 5888, 5889) 19671.0
(6689, 6690, 6691) 18999.0
(2576, 2577, 2578) 20204.0
(3815, 3816, 3817) 19702.0
(3495, 3496, 3497) 18602.0
(7592, 7593, 7594) 26537.0
(8051, 8052, 8053) 25593.0
(9649, 9650, 9651) 19018.0
(3147, 3148, 3149) 19065.0
(2438, 2439, 2440) 18814.0
(5333, 5334, 5335) 18806.0
(2656, 2657, 2658) 19404.0
(6654, 6655, 6656) 19193.0
(3812, 3813, 3814) 20609.0
(2080, 2081, 2082) 19967.0
(34, 35, 36) 20476.0
(3559, 3560, 3561) 21000.0
(2377, 2378, 2379) 21755.0
(8288, 8289, 8290) 21593.0
