(795, 796, 797) 17418.0
(2185, 2186, 2187) 19701.0
(1585, 1586, 1587) 19882.0
(6383, 6384, 6385) 19334.0
(8959, 8960, 8961) 22065.0
(4820, 4821, 4822) 21626.0
(301, 302, 303) 18846.0
(3536, 3537, 3538) 21039.0
(357, 358, 359) 19295.0
(646, 647, 648) 22548.0
(3053, 3054, 3055) 18768.0
(4196, 4197, 4198) 18438.0
(2112, 2113, 2114) 21715.0
(6133, 6134, 6135) 20499.0
(2392, 2393, 2394) 19618.0
(2515, 2516, 2517) 21784.0
(6582, 6583, 6584) 22831.0
(4872, 4873, 4874) 20393.0
(2212, 2213, 2214) 20793.0
(9877, 9878, 9879) 19466.0
(8285, 8286, 8287) 21759.0
(9652, 9653, 9654) 18546.0
(8015, 8016, 8017) 19906.0
(2216, 2217, 2218) 22106.0
(3456, 3457, 3458) 21087.0
(5766, 5767, 5768) 19886.0
(5613, 5614, 5615) 19481.0
(4807, 4808, 4809) 17152.0
(9299, 9300, 9301) 19212.0
(3944, 3945, 3946) 21617.0
(1413, 1414, 1415) 19331.0
(7310, 7311, 7312) 18429.0
(6511, 6512, 6513) 21161.0
(580, 581, 582) 20258.0
(9549, 9550, 9551) 19271.0
(2998, 2999, 3000) 20135.0
(3040, 3041, 3042) 19714.0
(1318, 1319, 1320) 20788.0
(9324, 9325, 9326) 20235.0
(6163, 6164, 6165) 20521.0
(1521, 1522, 1523) 17769.0
(9447, 9448, 9449) 20490.0
(4898, 4899, 4900) 19814.0
(7150, 7151, 7152) 18880.0
(6594, 6595, 6596) 25911.0
(9002, 9003, 9004) 21255.0
(7539, 7540, 7541) 18724.0
(9481, 9482, 9483) 19520.0
(3092, 3093, 3094) 19012.0
(54, 55, 56) 17509.0
(7708, 7709, 7710) 22245.0
(5182, 5183, 5184) 22605.0
(9245, 9246, 9247) 23356.0
(3101, 3102, 3103) 17994.0
(5306, 5307, 5308) 20555.0
(5418, 5419, 5420) 20592.0
(4850, 4851, 4852) 24161.0
(1376, 1377, 1378) 21641.0
(9097, 9098, 9099) 20666.0
(6041, 6042, 6043) 19755.0
(1486, 1487, 1488) 21376.0
(1741, 1742, 1743) 17391.0
(767, 768, 769) 21645.0
(7109, 7110, 7111) 19061.0
(1366, 1367, 1368) 21960.0
(2565, 2566, 2567) 21823.0
(9518, 9519, 9520) 18623.0
(6899, 6900, 6901) 18126.0
(2336, 2337, 2338) 18378.0
(8296, 8297, 8298) 19426.0
(2386, 2387, 2388) 17474.0
(7935, 7936, 7937) 20139.0
(675, 676, 677) 20844.0
(7325, 7326, 7327) 19826.0
(2556, 2557, 2558) 21182.0
(2132, 2133, 2134) 17938.0
(710, 711, 712) 21070.0
(4853, 4854, 4855) 18085.0
(507, 508, 509) 20260.0
(8153, 8154, 8155) 18795.0
(2232, 2233, 2234) 20247.0
(2137, 2138, 2139) 19654.0
(4545, 4546, 4547) 23096.0
(4391, 4392, 4393) 19321.0
(643, 644, 645) 21457.0
(6903, 6904, 6905) 20969.0
(3900, 3901, 3902) 18149.0
(5454, 5455, 5456) 22099.0
(2373, 2374, 2375) 23143.0
(6103, 6104, 6105) 19935.0
(3223, 3224, 3225) 18889.0
(4216, 4217, 4218) 18431.0
(5743, 5744, 5745) 18352.0
(2645, 2646, 2647) 19877.0
(8146, 8147, 8148) 21355.0
(2507, 2508, 2509) 20225.0
(3010, 3011, 3012) 17445.0
(5123, 5124, 5125) 23238.0
(4090, 4091, 4092) 19268.0
(3607, 3608, 3609) 23935.0
(5071, 5072, 5073) 20508.0
