(2693, 2694, 2695) 25032.0
(7024, 7025, 7026) 22614.0
(7264, 7265, 7266) 19972.0
(5414, 5415, 5416) 20154.0
(8163, 8164, 8165) 23415.0
(7116, 7117, 7118) 19985.0
(6583, 6584, 6585) 19085.0
(4327, 4328, 4329) 19503.0
(2882, 2883, 2884) 18722.0
(1025, 1026, 1027) 19502.0
(8926, 8927, 8928) 18757.0
(2863, 2864, 2865) 20089.0
(7871, 7872, 7873) 20399.0
(9322, 9323, 9324) 28427.0
(8782, 8783, 8784) 23008.0
(742, 743, 744) 21902.0
(3679, 3680, 3681) 18601.0
(610, 611, 612) 21992.0
(724, 725, 726) 18858.0
(6862, 6863, 6864) 24477.0
(8141, 8142, 8143) 22114.0
(6200, 6201, 6202) 19344.0
(1000, 1001, 1002) 19875.0
(9680, 9681, 9682) 22108.0
(9717, 9718, 9719) 19406.0
(9466, 9467, 9468) 21985.0
(3752, 3753, 3754) 21567.0
(8952, 8953, 8954) 20944.0
(9582, 9583, 9584) 18690.0
(5765, 5766, 5767) 23929.0
(6680, 6681, 6682) 17120.0
(269, 270, 271) 18818.0
(4991, 4992, 4993) 17936.0
(6852, 6853, 6854) 20132.0
(4771, 4772, 4773) 22087.0
(1769, 1770, 1771) 20391.0
(7526, 7527, 7528) 20122.0
(8214, 8215, 8216) 24303.0
(3628, 3629, 3630) 19954.0
(890, 891, 892) 20602.0
(9880, 9881, 9882) 16205.0
(8678, 8679, 8680) 22949.0
(4018, 4019, 4020) 19960.0
(1378, 1379, 1380) 17525.0
(7271, 7272, 7273) 22956.0
(7169, 7170, 7171) 24962.0
(6733, 6734, 6735) 19695.0
(1555, 1556, 1557) 19634.0
(4062, 4063, 4064) 19312.0
(8127, 8128, 8129) 20198.0
(7301, 7302, 7303) 21009.0
(3438, 3439, 3440) 20422.0
(6141, 6142, 6143) 20137.0
(1254, 1255, 1256) 20017.0
(8717, 8718, 8719) 22304.0
(4618, 4619, 4620) 19193.0
(8292, 8293, 8294) 21979.0
(6102, 6103, 6104) 22146.0
(4812, 4813, 4814) 19746.0
(3675, 3676, 3677) 19291.0
(598, 599, 600) 20834.0
(6287, 6288, 6289) 21970.0
(8119, 8120, 8121) 20155.0
(3657, 3658, 3659) 23549.0
(1060, 1061, 1062) 22367.0
(42, 43, 44) 18596.0
(160, 161, 162) 17749.0
(4657, 4658, 4659) 17940.0
(4190, 4191, 4192) 24672.0
(3296, 3297, 3298) 21018.0
(526, 527, 528) 19990.0
(6808, 6809, 6810) 25233.0
(9014, 9015, 9016) 18691.0
(7535, 7536, 7537) 20858.0
(2941, 2942, 2943) 19306.0
(4800, 4801, 4802) 18969.0
(9886, 9887, 9888) 22601.0
(3522, 3523, 3524) 19378.0
(6739, 6740, 6741) 18850.0
(9956, 9957, 9958) 22968.0
(1196, 1197, 1198) 19922.0
(5502, 5503, 5504) 20143.0
(5836, 5837, 5838) 23979.0
(1201, 1202, 1203) 19723.0
(8899, 8900, 8901) 19744.0
(2825, 2826, 2827) 19659.0
(7117, 7118, 7119) 21120.0
(4685, 4686, 4687) 18762.0
(3177, 3178, 3179) 22405.0
(4828, 4829, 4830) 20966.0
(7763, 7764, 7765) 21895.0
(3813, 3814, 3815) 19041.0
(1364, 1365, 1366) 23847.0
(8470, 8471, 8472) 20841.0
(1731, 1732, 1733) 20600.0
(518, 519, 520) 20306.0
(7732, 7733, 7734) 21956.0
(7061, 7062, 7063) 25432.0
(3822, 3823, 3824) 21984.0
(632, 633, 634) 21868.0
(3417, 3418, 3419) 19251.0
