(9674, 9675, 9676) 19797.0
(2286, 2287, 2288) 20458.0
(9875, 9876, 9877) 22185.0
(6512, 6513, 6514) 21982.0
(9139, 9140, 9141) 21098.0
(4068, 4069, 4070) 22472.0
(7593, 7594, 7595) 21062.0
(3007, 3008, 3009) 21775.0
(8317, 8318, 8319) 23069.0
(4569, 4570, 4571) 18957.0
(9983, 9984, 9985) 21619.0
(5229, 5230, 5231) 21406.0
(9608, 9609, 9610) 21379.0
(1119, 1120, 1121) 20186.0
(3413, 3414, 3415) 23510.0
(8302, 8303, 8304) 22225.0
(3802, 3803, 3804) 22122.0
(3696, 3697, 3698) 23445.0
(9678, 9679, 9680) 22573.0
(7832, 7833, 7834) 21108.0
(7832, 7833, 7834) 21108.0
(8389, 8390, 8391) 17352.0
(2054, 2055, 2056) 21859.0
(6015, 6016, 6017) 17393.0
(6875, 6876, 6877) 24834.0
(1434, 1435, 1436) 21290.0
(3564, 3565, 3566) 19177.0
(7663, 7664, 7665) 21320.0
(7963, 7964, 7965) 20750.0
(6350, 6351, 6352) 22914.0
(7046, 7047, 7048) 19334.0
(1616, 1617, 1618) 20635.0
(433, 434, 435) 24499.0
(5928, 5929, 5930) 20735.0
(8058, 8059, 8060) 21221.0
(3580, 3581, 3582) 19304.0
(2702, 2703, 2704) 21986.0
(2603, 2604, 2605) 22041.0
(2430, 2431, 2432) 20519.0
(6112, 6113, 6114) 21108.0
(4524, 4525, 4526) 23452.0
(8272, 8273, 8274) 17780.0
(9002, 9003, 9004) 21670.0
(6715, 6716, 6717) 21818.0
(6547, 6548, 6549) 19840.0
(5362, 5363, 5364) 20455.0
(5366, 5367, 5368) 21002.0
(1259, 1260, 1261) 20388.0
(6934, 6935, 6936) 19957.0
(8632, 8633, 8634) 22381.0
(2345, 2346, 2347) 23729.0
(9333, 9334, 9335) 20265.0
(4827, 4828, 4829) 21122.0
(1365, 1366, 1367) 21030.0
(5706, 5707, 5708) 27985.0
(6764, 6765, 6766) 18704.0
(4064, 4065, 4066) 20481.0
(9620, 9621, 9622) 19231.0
(7492, 7493, 7494) 19853.0
(4139, 4140, 4141) 20111.0
(5480, 5481, 5482) 20161.0
(5812, 5813, 5814) 18973.0
(2147, 2148, 2149) 19826.0
(6720, 6721, 6722) 19705.0
(45, 46, 47) 28353.0
(5863, 5864, 5865) 23616.0
(3471, 3472, 3473) 23869.0
(8468, 8469, 8470) 20884.0
(432, 433, 434) 19988.0
(8259, 8260, 8261) 21171.0
(5867, 5868, 5869) 18337.0
(1987, 1988, 1989) 20959.0
(1982, 1983, 1984) 19457.0
(7782, 7783, 7784) 19851.0
(5251, 5252, 5253) 23070.0
(9185, 9186, 9187) 22752.0
(2058, 2059, 2060) 20483.0
(1480, 1481, 1482) 17354.0
(7177, 7178, 7179) 21446.0
(3142, 3143, 3144) 19408.0
(7048, 7049, 7050) 21984.0
(3125, 3126, 3127) 20864.0
(1424, 1425, 1426) 21871.0
(6542, 6543, 6544) 20333.0
(3680, 3681, 3682) 19854.0
(9353, 9354, 9355) 22334.0
(907, 908, 909) 20495.0
(8146, 8147, 8148) 21891.0
(3516, 3517, 3518) 29883.0
(3430, 3431, 3432) 18394.0
(9083, 9084, 9085) 22390.0
(1170, 1171, 1172) 21892.0
(2893, 2894, 2895) 19039.0
(6101, 6102, 6103) 21005.0
(8848, 8849, 8850) 19545.0
(6634, 6635, 6636) 22537.0
(3809, 3810, 3811) 20652.0
(4556, 4557, 4558) 22805.0
(166, 167, 168) 21148.0
(3342, 3343, 3344) 19808.0
(8265, 8266, 8267) 23951.0
