(3820, 3821, 3822) 19134.0
(1255, 1256, 1257) 18557.0
(2256, 2257, 2258) 22331.0
(3488, 3489, 3490) 18673.0
(2393, 2394, 2395) 22520.0
(7565, 7566, 7567) 23188.0
(2197, 2198, 2199) 19968.0
(5742, 5743, 5744) 19769.0
(6473, 6474, 6475) 22405.0
(7992, 7993, 7994) 22048.0
(9113, 9114, 9115) 21569.0
(5491, 5492, 5493) 20859.0
(7764, 7765, 7766) 17486.0
(3182, 3183, 3184) 22944.0
(5576, 5577, 5578) 21212.0
(7963, 7964, 7965) 20778.0
(4088, 4089, 4090) 24216.0
(4152, 4153, 4154) 22141.0
(378, 379, 380) 18782.0
(1446, 1447, 1448) 18486.0
(2599, 2600, 2601) 23129.0
(352, 353, 354) 21269.0
(998, 999, 1000) 23827.0
(7073, 7074, 7075) 20661.0
(2334, 2335, 2336) 22879.0
(1008, 1009, 1010) 22992.0
(6943, 6944, 6945) 20298.0
(8106, 8107, 8108) 23084.0
(9964, 9965, 9966) 19131.0
(8860, 8861, 8862) 22131.0
(9743, 9744, 9745) 19324.0
(7838, 7839, 7840) 21325.0
(8100, 8101, 8102) 19866.0
(9336, 9337, 9338) 22100.0
(130, 131, 132) 22494.0
(9167, 9168, 9169) 22364.0
(9544, 9545, 9546) 20007.0
(3022, 3023, 3024) 18317.0
(2923, 2924, 2925) 18669.0
(8686, 8687, 8688) 20153.0
(247, 248, 249) 21478.0
(7429, 7430, 7431) 24717.0
(8663, 8664, 8665) 19315.0
(695, 696, 697) 24065.0
(9965, 9966, 9967) 22075.0
(988, 989, 990) 20537.0
(8512, 8513, 8514) 20042.0
(347, 348, 349) 19480.0
(5956, 5957, 5958) 18141.0
(4083, 4084, 4085) 22626.0
(4591, 4592, 4593) 21677.0
(1286, 1287, 1288) 19978.0
(1996, 1997, 1998) 20477.0
(3532, 3533, 3534) 20870.0
(941, 942, 943) 18552.0
(3433, 3434, 3435) 19946.0
(493, 494, 495) 18875.0
(4004, 4005, 4006) 21424.0
(4841, 4842, 4843) 21750.0
(1718, 1719, 1720) 22735.0
(6014, 6015, 6016) 22582.0
(3398, 3399, 3400) 21400.0
(3654, 3655, 3656) 17754.0
(2241, 2242, 2243) 22101.0
(8029, 8030, 8031) 20573.0
(6248, 6249, 6250) 21726.0
(816, 817, 818) 21119.0
(2828, 2829, 2830) 19863.0
(7519, 7520, 7521) 22254.0
(9074, 9075, 9076) 21294.0
(9080, 9081, 9082) 20931.0
(5511, 5512, 5513) 19992.0
(909, 910, 911) 19942.0
(7603, 7604, 7605) 20567.0
(4682, 4683, 4684) 21678.0
(2793, 2794, 2795) 18842.0
(4917, 4918, 4919) 24870.0
(4920, 4921, 4922) 25671.0
(3484, 3485, 3486) 20341.0
(2431, 2432, 2433) 22431.0
(8801, 8802, 8803) 21583.0
(8632, 8633, 8634) 22715.0
(2897, 2898, 2899) 19619.0
(6579, 6580, 6581) 18548.0
(7492, 7493, 7494) 20047.0
(6238, 6239, 6240) 20756.0
(1732, 1733, 1734) 20874.0
(6238, 6239, 6240) 20756.0
(9261, 9262, 9263) 20917.0
(7621, 7622, 7623) 21422.0
(9039, 9040, 9041) 21885.0
(6767, 6768, 6769) 20691.0
(163, 164, 165) 20000.0
(9828, 9829, 9830) 21953.0
(358, 359, 360) 28738.0
(6286, 6287, 6288) 21941.0
(847, 848, 849) 21743.0
(6678, 6679, 6680) 22430.0
(7173, 7174, 7175) 17643.0
(3235, 3236, 3237) 19395.0
(6242, 6243, 6244) 24663.0
