(5839, 5840, 5841) 21788.0
(7151, 7152, 7153) 19343.0
(1298, 1299, 1300) 21209.0
(2508, 2509, 2510) 22213.0
(6887, 6888, 6889) 19163.0
(1582, 1583, 1584) 23852.0
(3730, 3731, 3732) 20600.0
(6253, 6254, 6255) 21431.0
(4820, 4821, 4822) 22543.0
(4188, 4189, 4190) 23592.0
(8708, 8709, 8710) 21470.0
(3185, 3186, 3187) 21534.0
(9784, 9785, 9786) 20579.0
(8028, 8029, 8030) 20049.0
(6833, 6834, 6835) 17748.0
(5792, 5793, 5794) 22593.0
(7502, 7503, 7504) 20033.0
(6226, 6227, 6228) 19017.0
(7039, 7040, 7041) 19800.0
(2000, 2001, 2002) 21509.0
(1457, 1458, 1459) 20577.0
(698, 699, 700) 21255.0
(5398, 5399, 5400) 25685.0
(8644, 8645, 8646) 18034.0
(1696, 1697, 1698) 20204.0
(8905, 8906, 8907) 20556.0
(5680, 5681, 5682) 20003.0
(9036, 9037, 9038) 19396.0
(5831, 5832, 5833) 19749.0
(9673, 9674, 9675) 22429.0
(2824, 2825, 2826) 24199.0
(9755, 9756, 9757) 19944.0
(7728, 7729, 7730) 20786.0
(1231, 1232, 1233) 21617.0
(1469, 1470, 1471) 20492.0
(5711, 5712, 5713) 23770.0
(5396, 5397, 5398) 18809.0
(1087, 1088, 1089) 21005.0
(4887, 4888, 4889) 20610.0
(4565, 4566, 4567) 20640.0
(6896, 6897, 6898) 24517.0
(1569, 1570, 1571) 21837.0
(1133, 1134, 1135) 18776.0
(3568, 3569, 3570) 20591.0
(5410, 5411, 5412) 23169.0
(5050, 5051, 5052) 20614.0
(3972, 3973, 3974) 24006.0
(6853, 6854, 6855) 22691.0
(9723, 9724, 9725) 23836.0
(7441, 7442, 7443) 20239.0
(2739, 2740, 2741) 22175.0
(1894, 1895, 1896) 20472.0
(9449, 9450, 9451) 20130.0
(6968, 6969, 6970) 21507.0
(1858, 1859, 1860) 21689.0
(558, 559, 560) 26439.0
(6122, 6123, 6124) 17472.0
(7886, 7887, 7888) 24754.0
(2146, 2147, 2148) 22279.0
(4110, 4111, 4112) 22060.0
(255, 256, 257) 20735.0
(827, 828, 829) 21764.0
(2065, 2066, 2067) 19111.0
(3354, 3355, 3356) 23297.0
(3607, 3608, 3609) 24727.0
(606, 607, 608) 20104.0
(6058, 6059, 6060) 22002.0
(2289, 2290, 2291) 23310.0
(780, 781, 782) 19951.0
(9425, 9426, 9427) 21529.0
(1596, 1597, 1598) 21808.0
(21, 22, 23) 18620.0
(6512, 6513, 6514) 22648.0
(6252, 6253, 6254) 19810.0
(3886, 3887, 3888) 19602.0
(9160, 9161, 9162) 21750.0
(9079, 9080, 9081) 24346.0
(8646, 8647, 8648) 19828.0
(9358, 9359, 9360) 19342.0
(449, 450, 451) 20674.0
(9755, 9756, 9757) 19944.0
(2800, 2801, 2802) 21620.0
(9112, 9113, 9114) 20330.0
(8248, 8249, 8250) 23138.0
(9243, 9244, 9245) 20458.0
(2210, 2211, 2212) 19106.0
(2685, 2686, 2687) 21551.0
(6237, 6238, 6239) 22471.0
(1586, 1587, 1588) 20295.0
(3188, 3189, 3190) 18853.0
(9804, 9805, 9806) 21548.0
(5697, 5698, 5699) 21746.0
(2786, 2787, 2788) 20904.0
(6574, 6575, 6576) 19877.0
(5307, 5308, 5309) 23053.0
(6461, 6462, 6463) 19555.0
(3987, 3988, 3989) 19371.0
(20, 21, 22) 18134.0
(1258, 1259, 1260) 20286.0
(5750, 5751, 5752) 20896.0
(8121, 8122, 8123) 20683.0
