(5947, 5948, 5949) 22356.0
(8615, 8616, 8617) 19160.0
(2233, 2234, 2235) 23982.0
(1420, 1421, 1422) 20891.0
(9188, 9189, 9190) 19868.0
(3554, 3555, 3556) 20699.0
(6896, 6897, 6898) 24875.0
(6589, 6590, 6591) 20589.0
(8814, 8815, 8816) 26976.0
(1161, 1162, 1163) 20856.0
(5526, 5527, 5528) 23452.0
(4762, 4763, 4764) 21135.0
(8477, 8478, 8479) 18612.0
(7927, 7928, 7929) 19290.0
(2486, 2487, 2488) 22450.0
(951, 952, 953) 23834.0
(7332, 7333, 7334) 21133.0
(803, 804, 805) 20243.0
(8130, 8131, 8132) 22005.0
(9716, 9717, 9718) 25743.0
(7337, 7338, 7339) 23384.0
(1729, 1730, 1731) 26063.0
(7095, 7096, 7097) 21854.0
(5399, 5400, 5401) 18121.0
(2469, 2470, 2471) 21796.0
(3252, 3253, 3254) 23372.0
(1120, 1121, 1122) 23526.0
(8177, 8178, 8179) 21381.0
(7507, 7508, 7509) 19491.0
(301, 302, 303) 20595.0
(4763, 4764, 4765) 20397.0
(7908, 7909, 7910) 22138.0
(2780, 2781, 2782) 23389.0
(1143, 1144, 1145) 20809.0
(7648, 7649, 7650) 24300.0
(5075, 5076, 5077) 24961.0
(4577, 4578, 4579) 20146.0
(2397, 2398, 2399) 20490.0
(5208, 5209, 5210) 22335.0
(5175, 5176, 5177) 22265.0
(6006, 6007, 6008) 25235.0
(5457, 5458, 5459) 22736.0
(4752, 4753, 4754) 19006.0
(4371, 4372, 4373) 20058.0
(3950, 3951, 3952) 21384.0
(1185, 1186, 1187) 22884.0
(604, 605, 606) 24560.0
(1573, 1574, 1575) 26865.0
(3818, 3819, 3820) 22162.0
(8775, 8776, 8777) 21782.0
(8427, 8428, 8429) 19452.0
(7839, 7840, 7841) 19987.0
(9166, 9167, 9168) 21463.0
(1315, 1316, 1317) 21833.0
(2855, 2856, 2857) 23496.0
(8427, 8428, 8429) 19452.0
(2107, 2108, 2109) 23688.0
(1427, 1428, 1429) 19932.0
(5989, 5990, 5991) 20894.0
(361, 362, 363) 21445.0
(8282, 8283, 8284) 20398.0
(6939, 6940, 6941) 22291.0
(9128, 9129, 9130) 21939.0
(2315, 2316, 2317) 23469.0
(2491, 2492, 2493) 21618.0
(6041, 6042, 6043) 22036.0
(6821, 6822, 6823) 21331.0
(6324, 6325, 6326) 24211.0
(7929, 7930, 7931) 19721.0
(8366, 8367, 8368) 20458.0
(7125, 7126, 7127) 19710.0
(4044, 4045, 4046) 21291.0
(6751, 6752, 6753) 26033.0
(1967, 1968, 1969) 20383.0
(984, 985, 986) 20692.0
(981, 982, 983) 22961.0
(986, 987, 988) 23517.0
(9441, 9442, 9443) 21716.0
(8994, 8995, 8996) 28120.0
(3540, 3541, 3542) 19682.0
(3712, 3713, 3714) 21624.0
(5204, 5205, 5206) 19822.0
(7988, 7989, 7990) 22627.0
(1600, 1601, 1602) 25656.0
(1379, 1380, 1381) 26075.0
(8406, 8407, 8408) 19296.0
(8750, 8751, 8752) 18949.0
(9204, 9205, 9206) 23788.0
(2052, 2053, 2054) 20493.0
(4193, 4194, 4195) 21868.0
(6393, 6394, 6395) 23239.0
(9457, 9458, 9459) 28140.0
(3264, 3265, 3266) 24537.0
(12, 13, 14) 18152.0
(4362, 4363, 4364) 20943.0
(5518, 5519, 5520) 21847.0
(2910, 2911, 2912) 19939.0
(9636, 9637, 9638) 21329.0
(9232, 9233, 9234) 26309.0
(6037, 6038, 6039) 20965.0
(4226, 4227, 4228) 22785.0
