(6198, 6199, 6200) 141.0
(9635, 9636, 9637) 117.0
(2889, 2890, 2891) 139.0
(4145, 4146, 4147) 92.0
(3356, 3357, 3358) 216.0
(1033, 1034, 1035) 238.0
(3167, 3168, 3169) 299.0
(1554, 1555, 1556) 124.0
(8915, 8916, 8917) 121.0
(9853, 9854, 9855) 94.0
(8935, 8936, 8937) 269.0
(5134, 5135, 5136) 109.0
(3238, 3239, 3240) 62.0
(7801, 7802, 7803) 207.0
(2603, 2604, 2605) 101.0
(8065, 8066, 8067) 238.0
(8820, 8821, 8822) 180.0
(3380, 3381, 3382) 122.0
(7394, 7395, 7396) 181.0
(4053, 4054, 4055) 98.0
(6698, 6699, 6700) 283.0
(4517, 4518, 4519) 105.0
(3588, 3589, 3590) 211.0
(3421, 3422, 3423) 146.0
(7966, 7967, 7968) 194.0
(3938, 3939, 3940) 49.0
(4822, 4823, 4824) 73.0
(1165, 1166, 1167) 132.0
(4292, 4293, 4294) 267.0
(9144, 9145, 9146) 106.0
(6072, 6073, 6074) 214.0
(2134, 2135, 2136) 170.0
(7696, 7697, 7698) 136.0
(3476, 3477, 3478) 134.0
(8100, 8101, 8102) 184.0
(2039, 2040, 2041) 116.0
(3317, 3318, 3319) 95.0
(5170, 5171, 5172) 289.0
(1074, 1075, 1076) 133.0
(3491, 3492, 3493) 97.0
(1655, 1656, 1657) 168.0
(897, 898, 899) 98.0
(4106, 4107, 4108) 196.0
(5658, 5659, 5660) 85.0
(942, 943, 944) 151.0
(7904, 7905, 7906) 64.0
(7274, 7275, 7276) 198.0
(8189, 8190, 8191) 109.0
(3743, 3744, 3745) 71.0
(3678, 3679, 3680) 145.0
(963, 964, 965) 95.0
(3657, 3658, 3659) 152.0
(8606, 8607, 8608) 138.0
(1736, 1737, 1738) 239.0
(1184, 1185, 1186) 128.0
(2312, 2313, 2314) 120.0
(2586, 2587, 2588) 243.0
(8022, 8023, 8024) 72.0
(4864, 4865, 4866) 129.0
(3871, 3872, 3873) 168.0
(9454, 9455, 9456) 252.0
(1226, 1227, 1228) 114.0
(6558, 6559, 6560) 89.0
(9098, 9099, 9100) 118.0
(5962, 5963, 5964) 200.0
(405, 406, 407) 136.0
(8687, 8688, 8689) 158.0
(8425, 8426, 8427) 180.0
(7124, 7125, 7126) 88.0
(6852, 6853, 6854) 202.0
(9202, 9203, 9204) 231.0
(4339, 4340, 4341) 144.0
(8110, 8111, 8112) 105.0
(7089, 7090, 7091) 234.0
(2502, 2503, 2504) 117.0
(5770, 5771, 5772) 125.0
(2888, 2889, 2890) 154.0
(3983, 3984, 3985) 71.0
(1006, 1007, 1008) 154.0
(2554, 2555, 2556) 79.0
(9074, 9075, 9076) 144.0
(4231, 4232, 4233) 143.0
(8439, 8440, 8441) 241.0
(5457, 5458, 5459) 68.0
(5324, 5325, 5326) 106.0
(3120, 3121, 3122) 139.0
(7241, 7242, 7243) 135.0
(3537, 3538, 3539) 121.0
(8065, 8066, 8067) 238.0
(1956, 1957, 1958) 300.0
(7140, 7141, 7142) 125.0
(1386, 1387, 1388) 156.0
(5162, 5163, 5164) 99.0
(6131, 6132, 6133) 169.0
(3272, 3273, 3274) 216.0
(7078, 7079, 7080) 132.0
(2013, 2014, 2015) 203.0
(1104, 1105, 1106) 146.0
(6259, 6260, 6261) 179.0
(1605, 1606, 1607) 210.0
(2026, 2027, 2028) 181.0
