(6317, 6318, 6319) 91969.0
(8130, 8131, 8132) 102382.0
(781, 782, 783) 83849.0
(941, 942, 943) 83003.0
(1080, 1081, 1082) 76062.0
(7798, 7799, 7800) 80678.0
(3436, 3437, 3438) 97984.0
(4901, 4902, 4903) 77223.0
(702, 703, 704) 102804.0
(1047, 1048, 1049) 130592.0
(3614, 3615, 3616) 109276.0
(3239, 3240, 3241) 86744.0
(7651, 7652, 7653) 97794.0
(4452, 4453, 4454) 78873.0
(1258, 1259, 1260) 84787.0
(8446, 8447, 8448) 108823.0
(6830, 6831, 6832) 72978.0
(4572, 4573, 4574) 127458.0
(2753, 2754, 2755) 115906.0
(3935, 3936, 3937) 84531.0
(8130, 8131, 8132) 102382.0
(8787, 8788, 8789) 115135.0
(2517, 2518, 2519) 108199.0
(1833, 1834, 1835) 93640.0
(1972, 1973, 1974) 93526.0
(3883, 3884, 3885) 96526.0
(9491, 9492, 9493) 94104.0
(2749, 2750, 2751) 85892.0
(4993, 4994, 4995) 115418.0
(9775, 9776, 9777) 95839.0
(5208, 5209, 5210) 100889.0
(6587, 6588, 6589) 101804.0
(4726, 4727, 4728) 74683.0
(1196, 1197, 1198) 78560.0
(9810, 9811, 9812) 85688.0
(3974, 3975, 3976) 90088.0
(4783, 4784, 4785) 80909.0
(2, 3, 4) 80404.0
(6520, 6521, 6522) 105303.0
(5644, 5645, 5646) 104770.0
(9080, 9081, 9082) 93139.0
(6074, 6075, 6076) 96500.0
(7283, 7284, 7285) 98500.0
(5528, 5529, 5530) 76697.0
(584, 585, 586) 82827.0
(7263, 7264, 7265) 109120.0
(5983, 5984, 5985) 103249.0
(6518, 6519, 6520) 81468.0
(5551, 5552, 5553) 96652.0
(8017, 8018, 8019) 87617.0
(1296, 1297, 1298) 82473.0
(3305, 3306, 3307) 118725.0
(9959, 9960, 9961) 77326.0
(5497, 5498, 5499) 101175.0
(9323, 9324, 9325) 111924.0
(8690, 8691, 8692) 93426.0
(8100, 8101, 8102) 83747.0
(4635, 4636, 4637) 106190.0
(4329, 4330, 4331) 106751.0
(6971, 6972, 6973) 92032.0
(105, 106, 107) 89761.0
(3721, 3722, 3723) 115397.0
(1981, 1982, 1983) 98670.0
(1781, 1782, 1783) 90222.0
(2838, 2839, 2840) 83027.0
(7785, 7786, 7787) 117898.0
(9120, 9121, 9122) 103856.0
(8109, 8110, 8111) 95459.0
(1203, 1204, 1205) 106212.0
(1367, 1368, 1369) 92081.0
(5311, 5312, 5313) 61994.0
(2533, 2534, 2535) 90732.0
(5118, 5119, 5120) 97570.0
(1637, 1638, 1639) 77207.0
(2828, 2829, 2830) 93410.0
(8114, 8115, 8116) 119282.0
(6846, 6847, 6848) 96846.0
(9463, 9464, 9465) 105523.0
(2520, 2521, 2522) 90088.0
(1885, 1886, 1887) 81130.0
(3974, 3975, 3976) 90088.0
(5561, 5562, 5563) 87256.0
(3560, 3561, 3562) 90635.0
(1372, 1373, 1374) 113916.0
(8448, 8449, 8450) 104850.0
(4702, 4703, 4704) 86717.0
(6954, 6955, 6956) 69870.0
(7767, 7768, 7769) 105612.0
(9741, 9742, 9743) 64725.0
(7369, 7370, 7371) 106222.0
(9594, 9595, 9596) 74709.0
(3593, 3594, 3595) 76070.0
(1371, 1372, 1373) 88923.0
(1013, 1014, 1015) 92561.0
(6587, 6588, 6589) 101804.0
(8692, 8693, 8694) 116497.0
(5087, 5088, 5089) 98032.0
(5955, 5956, 5957) 92385.0
(4900, 4901, 4902) 73587.0
(4661, 4662, 4663) 87343.0
(2900, 2901, 2902) 95168.0
