(1676, 1677, 1678) 3930.0
(3515, 3516, 3517) 3325.0
(5404, 5405, 5406) 5292.0
(5538, 5539, 5540) 4190.0
(413, 414, 415) 3333.0
(2908, 2909, 2910) 2840.0
(2529, 2530, 2531) 2441.0
(8844, 8845, 8846) 3360.0
(5828, 5829, 5830) 4111.0
(4015, 4016, 4017) 4101.0
(5988, 5989, 5990) 3271.0
(8221, 8222, 8223) 4339.0
(2118, 2119, 2120) 4463.0
(4262, 4263, 4264) 5612.0
(5468, 5469, 5470) 6501.0
(3073, 3074, 3075) 6966.0
(7731, 7732, 7733) 3450.0
(1401, 1402, 1403) 3979.0
(6709, 6710, 6711) 4064.0
(1551, 1552, 1553) 4850.0
(9470, 9471, 9472) 3347.0
(4607, 4608, 4609) 3659.0
(310, 311, 312) 2771.0
(7028, 7029, 7030) 2891.0
(4992, 4993, 4994) 3631.0
(6990, 6991, 6992) 4174.0
(4433, 4434, 4435) 4491.0
(3770, 3771, 3772) 5645.0
(1855, 1856, 1857) 4580.0
(58, 59, 60) 3886.0
(6683, 6684, 6685) 4256.0
(1015, 1016, 1017) 5138.0
(7847, 7848, 7849) 4416.0
(499, 500, 501) 3504.0
(1793, 1794, 1795) 4301.0
(9926, 9927, 9928) 2639.0
(6542, 6543, 6544) 4066.0
(9276, 9277, 9278) 2972.0
(9960, 9961, 9962) 4442.0
(5622, 5623, 5624) 3881.0
(2980, 2981, 2982) 3885.0
(2474, 2475, 2476) 4161.0
(8732, 8733, 8734) 4432.0
(6462, 6463, 6464) 4104.0
(7631, 7632, 7633) 4533.0
(293, 294, 295) 4038.0
(2149, 2150, 2151) 4383.0
(2642, 2643, 2644) 3837.0
(9526, 9527, 9528) 5164.0
(4596, 4597, 4598) 7419.0
(501, 502, 503) 3436.0
(3718, 3719, 3720) 3036.0
(1198, 1199, 1200) 3975.0
(9910, 9911, 9912) 4513.0
(5205, 5206, 5207) 3485.0
(6866, 6867, 6868) 4606.0
(6576, 6577, 6578) 3277.0
(2968, 2969, 2970) 5349.0
(809, 810, 811) 3911.0
(1335, 1336, 1337) 5326.0
(7230, 7231, 7232) 3322.0
(6033, 6034, 6035) 1924.0
(4968, 4969, 4970) 3188.0
(6072, 6073, 6074) 4970.0
(3816, 3817, 3818) 5204.0
(6643, 6644, 6645) 3987.0
(4922, 4923, 4924) 3338.0
(9792, 9793, 9794) 4229.0
(9875, 9876, 9877) 5656.0
(5738, 5739, 5740) 4838.0
(5960, 5961, 5962) 3335.0
(5163, 5164, 5165) 5017.0
(4025, 4026, 4027) 7373.0
(4381, 4382, 4383) 5350.0
(6543, 6544, 6545) 5330.0
(7263, 7264, 7265) 4355.0
(3824, 3825, 3826) 4275.0
(2189, 2190, 2191) 3209.0
(6801, 6802, 6803) 3233.0
(1441, 1442, 1443) 4010.0
(1388, 1389, 1390) 5056.0
(3156, 3157, 3158) 3360.0
(1507, 1508, 1509) 4569.0
(4446, 4447, 4448) 5182.0
(7969, 7970, 7971) 2930.0
(6370, 6371, 6372) 4205.0
(9944, 9945, 9946) 3432.0
(9893, 9894, 9895) 5121.0
(6568, 6569, 6570) 4133.0
(6096, 6097, 6098) 4645.0
(7434, 7435, 7436) 3394.0
(5520, 5521, 5522) 3325.0
(1841, 1842, 1843) 8193.0
(8484, 8485, 8486) 4354.0
(1765, 1766, 1767) 2626.0
(460, 461, 462) 4182.0
(6780, 6781, 6782) 3105.0
(2120, 2121, 2122) 2954.0
(9284, 9285, 9286) 3514.0
(2175, 2176, 2177) 5664.0
(4817, 4818, 4819) 2739.0
