(1822, 1823, 1824) 4324.0
(2077, 2078, 2079) 6378.0
(2956, 2957, 2958) 4445.0
(4514, 4515, 4516) 5497.0
(2994, 2995, 2996) 4866.0
(6235, 6236, 6237) 6164.0
(8421, 8422, 8423) 4848.0
(6626, 6627, 6628) 6391.0
(8762, 8763, 8764) 5878.0
(5773, 5774, 5775) 4097.0
(1544, 1545, 1546) 4191.0
(7633, 7634, 7635) 4321.0
(2917, 2918, 2919) 3918.0
(1214, 1215, 1216) 3737.0
(7185, 7186, 7187) 5016.0
(6476, 6477, 6478) 4289.0
(5921, 5922, 5923) 5729.0
(2461, 2462, 2463) 6135.0
(756, 757, 758) 5974.0
(1200, 1201, 1202) 4666.0
(5770, 5771, 5772) 5230.0
(7114, 7115, 7116) 4975.0
(4518, 4519, 4520) 3658.0
(2691, 2692, 2693) 7513.0
(1754, 1755, 1756) 5461.0
(8494, 8495, 8496) 5475.0
(8348, 8349, 8350) 3961.0
(6827, 6828, 6829) 4848.0
(3304, 3305, 3306) 3722.0
(84, 85, 86) 6295.0
(9715, 9716, 9717) 5056.0
(3078, 3079, 3080) 3798.0
(7927, 7928, 7929) 3210.0
(6049, 6050, 6051) 4710.0
(950, 951, 952) 4288.0
(6509, 6510, 6511) 4229.0
(9902, 9903, 9904) 5850.0
(4660, 4661, 4662) 6724.0
(3805, 3806, 3807) 5969.0
(7478, 7479, 7480) 4848.0
(5836, 5837, 5838) 5652.0
(2222, 2223, 2224) 6620.0
(6883, 6884, 6885) 6447.0
(5564, 5565, 5566) 4648.0
(1461, 1462, 1463) 5338.0
(5441, 5442, 5443) 6585.0
(409, 410, 411) 4616.0
(1832, 1833, 1834) 4414.0
(5699, 5700, 5701) 4237.0
(9377, 9378, 9379) 7943.0
(6878, 6879, 6880) 3612.0
(106, 107, 108) 3506.0
(1894, 1895, 1896) 4116.0
(7890, 7891, 7892) 5074.0
(8746, 8747, 8748) 5405.0
(1539, 1540, 1541) 3387.0
(1974, 1975, 1976) 5331.0
(75, 76, 77) 4365.0
(7784, 7785, 7786) 3163.0
(6721, 6722, 6723) 4225.0
(3018, 3019, 3020) 5442.0
(3251, 3252, 3253) 6206.0
(6633, 6634, 6635) 3609.0
(8635, 8636, 8637) 3645.0
(9464, 9465, 9466) 4061.0
(9940, 9941, 9942) 3061.0
(9777, 9778, 9779) 4066.0
(1107, 1108, 1109) 3530.0
(5608, 5609, 5610) 4156.0
(9092, 9093, 9094) 4320.0
(6140, 6141, 6142) 4964.0
(8205, 8206, 8207) 6654.0
(8127, 8128, 8129) 6085.0
(8219, 8220, 8221) 4007.0
(6038, 6039, 6040) 3224.0
(1651, 1652, 1653) 5789.0
(102, 103, 104) 9160.0
(2583, 2584, 2585) 3035.0
(7486, 7487, 7488) 5411.0
(9836, 9837, 9838) 3802.0
(4329, 4330, 4331) 6489.0
(341, 342, 343) 4188.0
(3411, 3412, 3413) 4514.0
(7587, 7588, 7589) 5644.0
(7977, 7978, 7979) 5120.0
(4338, 4339, 4340) 4718.0
(5455, 5456, 5457) 5591.0
(7163, 7164, 7165) 5854.0
(6821, 6822, 6823) 4088.0
(1696, 1697, 1698) 5349.0
(6339, 6340, 6341) 4062.0
(7378, 7379, 7380) 3894.0
(531, 532, 533) 4315.0
(7943, 7944, 7945) 5360.0
(6368, 6369, 6370) 5509.0
(6445, 6446, 6447) 6958.0
(6928, 6929, 6930) 6065.0
(2316, 2317, 2318) 6092.0
(2649, 2650, 2651) 4152.0
(3613, 3614, 3615) 3844.0
(9270, 9271, 9272) 3662.0
