(8604, 8605, 8606) 5527.0
(5494, 5495, 5496) 6280.0
(5746, 5747, 5748) 6377.0
(9682, 9683, 9684) 5332.0
(3528, 3529, 3530) 5198.0
(6909, 6910, 6911) 6562.0
(9059, 9060, 9061) 6475.0
(8357, 8358, 8359) 4566.0
(9820, 9821, 9822) 4670.0
(2689, 2690, 2691) 4930.0
(8068, 8069, 8070) 5593.0
(9198, 9199, 9200) 7463.0
(7870, 7871, 7872) 5126.0
(3145, 3146, 3147) 4694.0
(3122, 3123, 3124) 7425.0
(3912, 3913, 3914) 6901.0
(8943, 8944, 8945) 5251.0
(4314, 4315, 4316) 6590.0
(8488, 8489, 8490) 6428.0
(4875, 4876, 4877) 4263.0
(7541, 7542, 7543) 8236.0
(9566, 9567, 9568) 5990.0
(1639, 1640, 1641) 7078.0
(5672, 5673, 5674) 7234.0
(1375, 1376, 1377) 3365.0
(74, 75, 76) 5117.0
(1756, 1757, 1758) 5087.0
(6008, 6009, 6010) 5860.0
(2863, 2864, 2865) 3835.0
(7580, 7581, 7582) 5970.0
(503, 504, 505) 6217.0
(9390, 9391, 9392) 6353.0
(3639, 3640, 3641) 3892.0
(6305, 6306, 6307) 6449.0
(6864, 6865, 6866) 5577.0
(8930, 8931, 8932) 4557.0
(5377, 5378, 5379) 3051.0
(7681, 7682, 7683) 4212.0
(3709, 3710, 3711) 3356.0
(1480, 1481, 1482) 4924.0
(5932, 5933, 5934) 3608.0
(9965, 9966, 9967) 6337.0
(2224, 2225, 2226) 6431.0
(7739, 7740, 7741) 4163.0
(6015, 6016, 6017) 4254.0
(1747, 1748, 1749) 6759.0
(1018, 1019, 1020) 6533.0
(6461, 6462, 6463) 3337.0
(4539, 4540, 4541) 6646.0
(1592, 1593, 1594) 4987.0
(1621, 1622, 1623) 4884.0
(8053, 8054, 8055) 5706.0
(4523, 4524, 4525) 7337.0
(9955, 9956, 9957) 4660.0
(3042, 3043, 3044) 4563.0
(6225, 6226, 6227) 4690.0
(5838, 5839, 5840) 7646.0
(8943, 8944, 8945) 5251.0
(742, 743, 744) 6000.0
(4891, 4892, 4893) 5083.0
(7196, 7197, 7198) 3618.0
(6527, 6528, 6529) 4368.0
(9384, 9385, 9386) 4556.0
(2657, 2658, 2659) 5102.0
(2481, 2482, 2483) 5322.0
(5892, 5893, 5894) 4013.0
(8481, 8482, 8483) 5755.0
(2933, 2934, 2935) 4934.0
(7149, 7150, 7151) 5888.0
(7851, 7852, 7853) 4410.0
(4667, 4668, 4669) 4472.0
(6674, 6675, 6676) 3809.0
(3428, 3429, 3430) 3852.0
(9677, 9678, 9679) 7366.0
(6599, 6600, 6601) 4588.0
(7755, 7756, 7757) 4302.0
(6332, 6333, 6334) 4653.0
(8149, 8150, 8151) 6258.0
(4005, 4006, 4007) 4976.0
(7853, 7854, 7855) 5007.0
(1962, 1963, 1964) 5488.0
(4406, 4407, 4408) 7798.0
(9229, 9230, 9231) 4025.0
(4397, 4398, 4399) 7779.0
(7963, 7964, 7965) 4702.0
(6883, 6884, 6885) 6913.0
(4791, 4792, 4793) 4048.0
(3326, 3327, 3328) 3877.0
(8610, 8611, 8612) 7205.0
(2488, 2489, 2490) 6289.0
(5388, 5389, 5390) 4925.0
(4390, 4391, 4392) 6100.0
(4276, 4277, 4278) 6296.0
(6146, 6147, 6148) 5600.0
(9455, 9456, 9457) 3875.0
(9267, 9268, 9269) 5932.0
(4354, 4355, 4356) 3985.0
(5883, 5884, 5885) 3461.0
(8872, 8873, 8874) 4337.0
(7966, 7967, 7968) 5572.0
(1542, 1543, 1544) 4809.0
