(2106, 2107, 2108) 6176.0
(7467, 7468, 7469) 6051.0
(17, 18, 19) 9436.0
(708, 709, 710) 4284.0
(8808, 8809, 8810) 4513.0
(9433, 9434, 9435) 5032.0
(6928, 6929, 6930) 7857.0
(7610, 7611, 7612) 5242.0
(5107, 5108, 5109) 6376.0
(3222, 3223, 3224) 7327.0
(7292, 7293, 7294) 6569.0
(4526, 4527, 4528) 7917.0
(7070, 7071, 7072) 9435.0
(8617, 8618, 8619) 11784.0
(1224, 1225, 1226) 5911.0
(2467, 2468, 2469) 5911.0
(2043, 2044, 2045) 4852.0
(2894, 2895, 2896) 7428.0
(6914, 6915, 6916) 5075.0
(1110, 1111, 1112) 5669.0
(2701, 2702, 2703) 4529.0
(639, 640, 641) 7183.0
(8557, 8558, 8559) 6777.0
(2106, 2107, 2108) 6176.0
(744, 745, 746) 8418.0
(3786, 3787, 3788) 5434.0
(4357, 4358, 4359) 8466.0
(3479, 3480, 3481) 6359.0
(2166, 2167, 2168) 6646.0
(2275, 2276, 2277) 6092.0
(8472, 8473, 8474) 4544.0
(5522, 5523, 5524) 5723.0
(3410, 3411, 3412) 6182.0
(8393, 8394, 8395) 7565.0
(6562, 6563, 6564) 6078.0
(6096, 6097, 6098) 6693.0
(768, 769, 770) 7752.0
(4648, 4649, 4650) 7172.0
(9734, 9735, 9736) 5359.0
(870, 871, 872) 7046.0
(6975, 6976, 6977) 4001.0
(8040, 8041, 8042) 7765.0
(9496, 9497, 9498) 4946.0
(7019, 7020, 7021) 8169.0
(2761, 2762, 2763) 6243.0
(3564, 3565, 3566) 4743.0
(874, 875, 876) 4250.0
(4989, 4990, 4991) 9413.0
(2327, 2328, 2329) 6537.0
(9697, 9698, 9699) 4796.0
(4737, 4738, 4739) 6548.0
(2474, 2475, 2476) 6429.0
(1114, 1115, 1116) 8662.0
(6694, 6695, 6696) 6396.0
(7719, 7720, 7721) 5248.0
(7242, 7243, 7244) 4304.0
(4179, 4180, 4181) 7824.0
(7454, 7455, 7456) 7342.0
(8733, 8734, 8735) 5774.0
(7593, 7594, 7595) 6452.0
(5187, 5188, 5189) 6949.0
(2774, 2775, 2776) 7199.0
(2911, 2912, 2913) 6143.0
(8972, 8973, 8974) 4375.0
(2140, 2141, 2142) 5240.0
(1866, 1867, 1868) 6685.0
(992, 993, 994) 5392.0
(4531, 4532, 4533) 5279.0
(2757, 2758, 2759) 4701.0
(2336, 2337, 2338) 5251.0
(364, 365, 366) 7740.0
(560, 561, 562) 5395.0
(4208, 4209, 4210) 5595.0
(8228, 8229, 8230) 5709.0
(4571, 4572, 4573) 7904.0
(9791, 9792, 9793) 6810.0
(5748, 5749, 5750) 7354.0
(2711, 2712, 2713) 5643.0
(1147, 1148, 1149) 7898.0
(7865, 7866, 7867) 7180.0
(1510, 1511, 1512) 4410.0
(2086, 2087, 2088) 8346.0
(248, 249, 250) 5248.0
(8871, 8872, 8873) 5391.0
(858, 859, 860) 5283.0
(4633, 4634, 4635) 7053.0
(8072, 8073, 8074) 6594.0
(4692, 4693, 4694) 5531.0
(9134, 9135, 9136) 4968.0
(5753, 5754, 5755) 5605.0
(354, 355, 356) 4878.0
(1136, 1137, 1138) 5295.0
(5252, 5253, 5254) 6452.0
(3774, 3775, 3776) 7374.0
(4400, 4401, 4402) 5562.0
(9336, 9337, 9338) 3820.0
(8259, 8260, 8261) 5566.0
(7748, 7749, 7750) 9531.0
(3596, 3597, 3598) 6105.0
(9391, 9392, 9393) 4628.0
(6897, 6898, 6899) 7741.0
