(8045, 8046, 8047) 5521.0
(8152, 8153, 8154) 6879.0
(1136, 1137, 1138) 5613.0
(7652, 7653, 7654) 6911.0
(9790, 9791, 9792) 7081.0
(8821, 8822, 8823) 5471.0
(9276, 9277, 9278) 4525.0
(521, 522, 523) 7706.0
(1035, 1036, 1037) 7791.0
(6120, 6121, 6122) 6639.0
(7613, 7614, 7615) 8530.0
(4428, 4429, 4430) 5817.0
(8384, 8385, 8386) 8035.0
(9305, 9306, 9307) 5300.0
(4185, 4186, 4187) 7784.0
(5659, 5660, 5661) 4901.0
(7848, 7849, 7850) 5342.0
(5129, 5130, 5131) 5965.0
(6842, 6843, 6844) 5926.0
(7289, 7290, 7291) 6291.0
(1188, 1189, 1190) 5640.0
(2542, 2543, 2544) 4983.0
(6067, 6068, 6069) 7880.0
(3713, 3714, 3715) 7013.0
(9756, 9757, 9758) 4963.0
(3388, 3389, 3390) 5889.0
(5390, 5391, 5392) 7892.0
(3629, 3630, 3631) 7049.0
(9795, 9796, 9797) 9097.0
(4064, 4065, 4066) 5917.0
(5780, 5781, 5782) 5451.0
(101, 102, 103) 5124.0
(5370, 5371, 5372) 7412.0
(1106, 1107, 1108) 8029.0
(1728, 1729, 1730) 6269.0
(194, 195, 196) 5835.0
(5214, 5215, 5216) 6225.0
(5093, 5094, 5095) 4856.0
(9268, 9269, 9270) 6087.0
(6191, 6192, 6193) 7276.0
(9262, 9263, 9264) 6181.0
(6969, 6970, 6971) 5028.0
(9866, 9867, 9868) 7019.0
(8107, 8108, 8109) 6427.0
(9383, 9384, 9385) 6123.0
(1554, 1555, 1556) 7274.0
(3884, 3885, 3886) 5123.0
(5354, 5355, 5356) 5565.0
(8834, 8835, 8836) 8065.0
(7286, 7287, 7288) 6646.0
(9562, 9563, 9564) 5011.0
(1396, 1397, 1398) 5713.0
(6397, 6398, 6399) 6408.0
(9396, 9397, 9398) 7274.0
(4492, 4493, 4494) 4795.0
(3386, 3387, 3388) 4287.0
(8381, 8382, 8383) 6537.0
(101, 102, 103) 5124.0
(4878, 4879, 4880) 6151.0
(9088, 9089, 9090) 7752.0
(8381, 8382, 8383) 6537.0
(2076, 2077, 2078) 5789.0
(1762, 1763, 1764) 6762.0
(6455, 6456, 6457) 5967.0
(7043, 7044, 7045) 11320.0
(6826, 6827, 6828) 7580.0
(2113, 2114, 2115) 6580.0
(3729, 3730, 3731) 8681.0
(6770, 6771, 6772) 5477.0
(8290, 8291, 8292) 4907.0
(6779, 6780, 6781) 7477.0
(3699, 3700, 3701) 7195.0
(1913, 1914, 1915) 4769.0
(8172, 8173, 8174) 6699.0
(3782, 3783, 3784) 4074.0
(7646, 7647, 7648) 9306.0
(3369, 3370, 3371) 4288.0
(5700, 5701, 5702) 6909.0
(9695, 9696, 9697) 6064.0
(797, 798, 799) 6408.0
(2271, 2272, 2273) 5869.0
(7990, 7991, 7992) 8944.0
(154, 155, 156) 11665.0
(1269, 1270, 1271) 7671.0
(5080, 5081, 5082) 6211.0
(6463, 6464, 6465) 9160.0
(1243, 1244, 1245) 7942.0
(2538, 2539, 2540) 8457.0
(9229, 9230, 9231) 4495.0
(8528, 8529, 8530) 5847.0
(8609, 8610, 8611) 8949.0
(9958, 9959, 9960) 6728.0
(4473, 4474, 4475) 3695.0
(6180, 6181, 6182) 9081.0
(5472, 5473, 5474) 4770.0
(1253, 1254, 1255) 6092.0
(4460, 4461, 4462) 5138.0
(876, 877, 878) 6557.0
(6213, 6214, 6215) 5762.0
(9835, 9836, 9837) 6308.0
(2207, 2208, 2209) 5731.0
