(7386, 7387, 7388) 6605.0
(2073, 2074, 2075) 5274.0
(9039, 9040, 9041) 15029.0
(9420, 9421, 9422) 7241.0
(5810, 5811, 5812) 6502.0
(9260, 9261, 9262) 7855.0
(7705, 7706, 7707) 4430.0
(5562, 5563, 5564) 8837.0
(46, 47, 48) 6943.0
(8232, 8233, 8234) 7467.0
(3284, 3285, 3286) 7522.0
(6686, 6687, 6688) 7479.0
(9818, 9819, 9820) 11168.0
(698, 699, 700) 6566.0
(2961, 2962, 2963) 8833.0
(8974, 8975, 8976) 7617.0
(6786, 6787, 6788) 10380.0
(6673, 6674, 6675) 6407.0
(6399, 6400, 6401) 4556.0
(1066, 1067, 1068) 8056.0
(9798, 9799, 9800) 7188.0
(9737, 9738, 9739) 6561.0
(3557, 3558, 3559) 4961.0
(3287, 3288, 3289) 7432.0
(8717, 8718, 8719) 8338.0
(3141, 3142, 3143) 8213.0
(3195, 3196, 3197) 8564.0
(8887, 8888, 8889) 6974.0
(6769, 6770, 6771) 6962.0
(9065, 9066, 9067) 8809.0
(7473, 7474, 7475) 6154.0
(1931, 1932, 1933) 7934.0
(6847, 6848, 6849) 8156.0
(677, 678, 679) 5498.0
(4712, 4713, 4714) 6966.0
(8014, 8015, 8016) 6309.0
(9970, 9971, 9972) 7967.0
(2478, 2479, 2480) 6661.0
(7425, 7426, 7427) 6362.0
(962, 963, 964) 7112.0
(248, 249, 250) 6446.0
(2560, 2561, 2562) 5964.0
(1756, 1757, 1758) 7214.0
(6307, 6308, 6309) 7929.0
(8504, 8505, 8506) 7026.0
(2666, 2667, 2668) 8572.0
(8393, 8394, 8395) 10080.0
(116, 117, 118) 9345.0
(3492, 3493, 3494) 6709.0
(4341, 4342, 4343) 10621.0
(373, 374, 375) 5294.0
(3130, 3131, 3132) 6523.0
(2955, 2956, 2957) 6140.0
(1673, 1674, 1675) 7651.0
(7925, 7926, 7927) 7567.0
(7700, 7701, 7702) 7390.0
(6621, 6622, 6623) 7072.0
(1427, 1428, 1429) 6588.0
(1228, 1229, 1230) 9757.0
(2684, 2685, 2686) 7518.0
(2685, 2686, 2687) 6820.0
(5958, 5959, 5960) 9879.0
(5252, 5253, 5254) 7686.0
(3204, 3205, 3206) 6957.0
(882, 883, 884) 6775.0
(2796, 2797, 2798) 6838.0
(8629, 8630, 8631) 8166.0
(3782, 3783, 3784) 4614.0
(4534, 4535, 4536) 7211.0
(821, 822, 823) 5970.0
(3783, 3784, 3785) 6586.0
(8684, 8685, 8686) 5372.0
(5631, 5632, 5633) 8822.0
(9578, 9579, 9580) 9783.0
(5648, 5649, 5650) 8638.0
(7382, 7383, 7384) 4590.0
(3623, 3624, 3625) 7560.0
(2713, 2714, 2715) 7282.0
(7305, 7306, 7307) 7399.0
(4372, 4373, 4374) 2898.0
(8741, 8742, 8743) 7084.0
(2586, 2587, 2588) 6859.0
(5310, 5311, 5312) 8750.0
(6762, 6763, 6764) 8251.0
(9885, 9886, 9887) 11128.0
(4181, 4182, 4183) 6710.0
(3809, 3810, 3811) 7501.0
(596, 597, 598) 8183.0
(8348, 8349, 8350) 5456.0
(2177, 2178, 2179) 6631.0
(2062, 2063, 2064) 9923.0
(7757, 7758, 7759) 6709.0
(512, 513, 514) 8506.0
(8228, 8229, 8230) 6745.0
(4616, 4617, 4618) 6470.0
(5949, 5950, 5951) 6464.0
(9727, 9728, 9729) 8544.0
(5366, 5367, 5368) 5845.0
(2174, 2175, 2176) 7038.0
(6180, 6181, 6182) 10551.0
(9356, 9357, 9358) 6945.0
