(4363, 4364, 4365) 5761.0
(4653, 4654, 4655) 8568.0
(6656, 6657, 6658) 9162.0
(4995, 4996, 4997) 9879.0
(8173, 8174, 8175) 7166.0
(6334, 6335, 6336) 7248.0
(4416, 4417, 4418) 7002.0
(6420, 6421, 6422) 11893.0
(1863, 1864, 1865) 9713.0
(2386, 2387, 2388) 6299.0
(9911, 9912, 9913) 8220.0
(1255, 1256, 1257) 7965.0
(398, 399, 400) 8375.0
(7219, 7220, 7221) 9899.0
(9403, 9404, 9405) 8468.0
(8263, 8264, 8265) 10299.0
(8845, 8846, 8847) 7662.0
(1924, 1925, 1926) 6717.0
(9389, 9390, 9391) 10080.0
(5165, 5166, 5167) 5423.0
(9372, 9373, 9374) 7620.0
(9613, 9614, 9615) 8879.0
(9279, 9280, 9281) 10667.0
(8733, 8734, 8735) 7758.0
(7929, 7930, 7931) 9168.0
(7095, 7096, 7097) 9617.0
(438, 439, 440) 4671.0
(5578, 5579, 5580) 6081.0
(6884, 6885, 6886) 7567.0
(9900, 9901, 9902) 9559.0
(5442, 5443, 5444) 7262.0
(6729, 6730, 6731) 6828.0
(5029, 5030, 5031) 8339.0
(8551, 8552, 8553) 12584.0
(5024, 5025, 5026) 10769.0
(8268, 8269, 8270) 5631.0
(5210, 5211, 5212) 8779.0
(2734, 2735, 2736) 8121.0
(5158, 5159, 5160) 5666.0
(5482, 5483, 5484) 5316.0
(1422, 1423, 1424) 7105.0
(5544, 5545, 5546) 7705.0
(468, 469, 470) 6417.0
(4787, 4788, 4789) 7406.0
(2007, 2008, 2009) 9202.0
(5112, 5113, 5114) 10485.0
(8748, 8749, 8750) 6119.0
(7360, 7361, 7362) 6166.0
(563, 564, 565) 7110.0
(8796, 8797, 8798) 6307.0
(127, 128, 129) 6357.0
(7052, 7053, 7054) 6247.0
(4705, 4706, 4707) 8338.0
(3684, 3685, 3686) 7767.0
(3247, 3248, 3249) 6662.0
(1706, 1707, 1708) 6873.0
(8060, 8061, 8062) 8128.0
(9705, 9706, 9707) 8711.0
(3863, 3864, 3865) 8409.0
(8651, 8652, 8653) 8407.0
(7047, 7048, 7049) 7874.0
(1703, 1704, 1705) 7720.0
(1859, 1860, 1861) 5879.0
(2641, 2642, 2643) 6258.0
(3105, 3106, 3107) 7333.0
(3368, 3369, 3370) 6199.0
(6380, 6381, 6382) 10270.0
(2463, 2464, 2465) 11795.0
(8706, 8707, 8708) 7214.0
(3271, 3272, 3273) 6232.0
(5712, 5713, 5714) 8600.0
(3082, 3083, 3084) 7654.0
(6181, 6182, 6183) 7095.0
(6663, 6664, 6665) 7838.0
(8143, 8144, 8145) 8672.0
(665, 666, 667) 9055.0
(2291, 2292, 2293) 7215.0
(4923, 4924, 4925) 8148.0
(5626, 5627, 5628) 10472.0
(9344, 9345, 9346) 5679.0
(1157, 1158, 1159) 7344.0
(9915, 9916, 9917) 10534.0
(5675, 5676, 5677) 10394.0
(6308, 6309, 6310) 10140.0
(8654, 8655, 8656) 8207.0
(6792, 6793, 6794) 9329.0
(2308, 2309, 2310) 7772.0
(9318, 9319, 9320) 6449.0
(462, 463, 464) 8680.0
(7858, 7859, 7860) 6731.0
(855, 856, 857) 7273.0
(5533, 5534, 5535) 7593.0
(8171, 8172, 8173) 6011.0
(3991, 3992, 3993) 7819.0
(9122, 9123, 9124) 7706.0
(5009, 5010, 5011) 8891.0
(4944, 4945, 4946) 8184.0
(5273, 5274, 5275) 8592.0
(5608, 5609, 5610) 5761.0
(2983, 2984, 2985) 8319.0
(41, 42, 43) 7040.0
