(2893, 2894, 2895) 10272.0
(4820, 4821, 4822) 8181.0
(5355, 5356, 5357) 11150.0
(4739, 4740, 4741) 11015.0
(5411, 5412, 5413) 6790.0
(8149, 8150, 8151) 8935.0
(6312, 6313, 6314) 5829.0
(2268, 2269, 2270) 9922.0
(6172, 6173, 6174) 9993.0
(8116, 8117, 8118) 8294.0
(6600, 6601, 6602) 12471.0
(101, 102, 103) 6585.0
(4402, 4403, 4404) 6598.0
(4799, 4800, 4801) 9213.0
(8979, 8980, 8981) 9652.0
(9665, 9666, 9667) 8870.0
(2602, 2603, 2604) 8898.0
(7391, 7392, 7393) 6598.0
(665, 666, 667) 9411.0
(9042, 9043, 9044) 5540.0
(89, 90, 91) 7650.0
(5651, 5652, 5653) 8707.0
(5831, 5832, 5833) 9675.0
(2734, 2735, 2736) 8859.0
(523, 524, 525) 11837.0
(3121, 3122, 3123) 8770.0
(2135, 2136, 2137) 7062.0
(8381, 8382, 8383) 8921.0
(4254, 4255, 4256) 5711.0
(7141, 7142, 7143) 11672.0
(1856, 1857, 1858) 7927.0
(4395, 4396, 4397) 13910.0
(1385, 1386, 1387) 11126.0
(1671, 1672, 1673) 8434.0
(7437, 7438, 7439) 10145.0
(3568, 3569, 3570) 8674.0
(54, 55, 56) 7600.0
(2348, 2349, 2350) 11334.0
(2132, 2133, 2134) 6487.0
(2044, 2045, 2046) 8963.0
(9392, 9393, 9394) 8490.0
(3093, 3094, 3095) 9648.0
(9660, 9661, 9662) 9358.0
(9090, 9091, 9092) 9411.0
(4392, 4393, 4394) 8489.0
(9100, 9101, 9102) 9230.0
(3404, 3405, 3406) 9583.0
(7937, 7938, 7939) 8699.0
(5609, 5610, 5611) 8109.0
(1106, 1107, 1108) 10235.0
(3026, 3027, 3028) 11138.0
(3211, 3212, 3213) 7306.0
(9409, 9410, 9411) 5556.0
(457, 458, 459) 6631.0
(2495, 2496, 2497) 10126.0
(1729, 1730, 1731) 9469.0
(1078, 1079, 1080) 9297.0
(7921, 7922, 7923) 9936.0
(2101, 2102, 2103) 9349.0
(85, 86, 87) 7137.0
(4019, 4020, 4021) 6395.0
(3925, 3926, 3927) 13941.0
(5987, 5988, 5989) 6572.0
(7592, 7593, 7594) 5632.0
(9572, 9573, 9574) 6642.0
(7882, 7883, 7884) 10656.0
(4955, 4956, 4957) 8487.0
(5737, 5738, 5739) 9837.0
(5337, 5338, 5339) 8373.0
(3986, 3987, 3988) 7948.0
(7273, 7274, 7275) 7885.0
(1277, 1278, 1279) 9222.0
(1878, 1879, 1880) 11789.0
(1929, 1930, 1931) 9696.0
(1826, 1827, 1828) 8426.0
(1883, 1884, 1885) 7733.0
(2967, 2968, 2969) 10410.0
(3415, 3416, 3417) 12198.0
(427, 428, 429) 6995.0
(1406, 1407, 1408) 9528.0
(3604, 3605, 3606) 7858.0
(5114, 5115, 5116) 6401.0
(2320, 2321, 2322) 9078.0
(766, 767, 768) 6544.0
(1704, 1705, 1706) 9650.0
(4709, 4710, 4711) 7591.0
(7016, 7017, 7018) 10412.0
(9675, 9676, 9677) 9874.0
(7093, 7094, 7095) 7951.0
(2285, 2286, 2287) 8870.0
(9385, 9386, 9387) 10328.0
(482, 483, 484) 8152.0
(2509, 2510, 2511) 7165.0
(7736, 7737, 7738) 11636.0
(9175, 9176, 9177) 7641.0
(8226, 8227, 8228) 6825.0
(311, 312, 313) 8624.0
(8702, 8703, 8704) 5384.0
(8123, 8124, 8125) 9294.0
(8319, 8320, 8321) 9270.0
(4646, 4647, 4648) 7499.0
