(9289, 9290, 9291) 8791.0
(5651, 5652, 5653) 9633.0
(6413, 6414, 6415) 7389.0
(2073, 2074, 2075) 6110.0
(2769, 2770, 2771) 10248.0
(8284, 8285, 8286) 5938.0
(4698, 4699, 4700) 8223.0
(6188, 6189, 6190) 7693.0
(9472, 9473, 9474) 7151.0
(3097, 3098, 3099) 12074.0
(3907, 3908, 3909) 8247.0
(259, 260, 261) 11910.0
(4550, 4551, 4552) 6485.0
(5306, 5307, 5308) 6968.0
(4050, 4051, 4052) 9643.0
(9966, 9967, 9968) 14412.0
(6052, 6053, 6054) 9906.0
(7194, 7195, 7196) 9700.0
(4843, 4844, 4845) 12177.0
(6691, 6692, 6693) 10343.0
(6994, 6995, 6996) 7970.0
(9319, 9320, 9321) 14302.0
(3166, 3167, 3168) 9716.0
(506, 507, 508) 8714.0
(6113, 6114, 6115) 6633.0
(3417, 3418, 3419) 14543.0
(6156, 6157, 6158) 6786.0
(8444, 8445, 8446) 8888.0
(5068, 5069, 5070) 10333.0
(5793, 5794, 5795) 11706.0
(2872, 2873, 2874) 8830.0
(5043, 5044, 5045) 10429.0
(3643, 3644, 3645) 9443.0
(6502, 6503, 6504) 13214.0
(1459, 1460, 1461) 7925.0
(9635, 9636, 9637) 9007.0
(2718, 2719, 2720) 8256.0
(8832, 8833, 8834) 8139.0
(8930, 8931, 8932) 7850.0
(9922, 9923, 9924) 7938.0
(5745, 5746, 5747) 4584.0
(3284, 3285, 3286) 8618.0
(7915, 7916, 7917) 7145.0
(7865, 7866, 7867) 12205.0
(9424, 9425, 9426) 7546.0
(4980, 4981, 4982) 8695.0
(7186, 7187, 7188) 9497.0
(1806, 1807, 1808) 9628.0
(8741, 8742, 8743) 8688.0
(5695, 5696, 5697) 7237.0
(2415, 2416, 2417) 8221.0
(3728, 3729, 3730) 9044.0
(6430, 6431, 6432) 6590.0
(9534, 9535, 9536) 10549.0
(7166, 7167, 7168) 11573.0
(5619, 5620, 5621) 4075.0
(8442, 8443, 8444) 10796.0
(6807, 6808, 6809) 9068.0
(7617, 7618, 7619) 8155.0
(4699, 4700, 4701) 8051.0
(435, 436, 437) 7282.0
(1968, 1969, 1970) 10694.0
(2814, 2815, 2816) 9731.0
(9113, 9114, 9115) 11382.0
(2000, 2001, 2002) 12626.0
(2263, 2264, 2265) 11921.0
(2646, 2647, 2648) 8889.0
(5843, 5844, 5845) 8263.0
(7242, 7243, 7244) 5808.0
(4335, 4336, 4337) 11448.0
(2322, 2323, 2324) 7482.0
(1135, 1136, 1137) 9195.0
(2140, 2141, 2142) 8113.0
(1479, 1480, 1481) 9405.0
(9896, 9897, 9898) 6365.0
(5908, 5909, 5910) 8930.0
(9713, 9714, 9715) 9101.0
(9626, 9627, 9628) 11798.0
(2874, 2875, 2876) 9042.0
(1110, 1111, 1112) 9208.0
(8255, 8256, 8257) 8464.0
(1439, 1440, 1441) 6955.0
(3417, 3418, 3419) 14543.0
(9643, 9644, 9645) 8906.0
(427, 428, 429) 7202.0
(6053, 6054, 6055) 12960.0
(944, 945, 946) 9712.0
(4163, 4164, 4165) 12588.0
(9435, 9436, 9437) 9639.0
(7088, 7089, 7090) 12564.0
(3729, 3730, 3731) 11744.0
(1478, 1479, 1480) 5607.0
(9230, 9231, 9232) 10816.0
(7359, 7360, 7361) 11459.0
(5839, 5840, 5841) 9491.0
(7906, 7907, 7908) 9662.0
(6964, 6965, 6966) 4828.0
(9482, 9483, 9484) 9894.0
(2968, 2969, 2970) 10036.0
(4122, 4123, 4124) 6540.0
(593, 594, 595) 7315.0
