(6426, 6427, 6428) 8772.0
(9355, 9356, 9357) 10578.0
(6287, 6288, 6289) 12551.0
(4587, 4588, 4589) 11182.0
(8053, 8054, 8055) 11141.0
(2413, 2414, 2415) 9749.0
(3189, 3190, 3191) 7640.0
(4206, 4207, 4208) 9385.0
(2369, 2370, 2371) 10822.0
(5491, 5492, 5493) 9986.0
(3977, 3978, 3979) 9060.0
(4615, 4616, 4617) 7562.0
(332, 333, 334) 9230.0
(598, 599, 600) 10355.0
(5100, 5101, 5102) 9503.0
(5398, 5399, 5400) 10876.0
(4990, 4991, 4992) 10283.0
(8493, 8494, 8495) 9170.0
(7377, 7378, 7379) 13964.0
(7648, 7649, 7650) 10684.0
(9742, 9743, 9744) 10079.0
(5906, 5907, 5908) 13567.0
(1742, 1743, 1744) 12332.0
(2800, 2801, 2802) 9500.0
(1118, 1119, 1120) 13024.0
(55, 56, 57) 8488.0
(1610, 1611, 1612) 8545.0
(8334, 8335, 8336) 9451.0
(8618, 8619, 8620) 11805.0
(2651, 2652, 2653) 10819.0
(8407, 8408, 8409) 5656.0
(9866, 9867, 9868) 9457.0
(6077, 6078, 6079) 9245.0
(6550, 6551, 6552) 10730.0
(4373, 4374, 4375) 12898.0
(4012, 4013, 4014) 9184.0
(9942, 9943, 9944) 9096.0
(4745, 4746, 4747) 9024.0
(3486, 3487, 3488) 8589.0
(8211, 8212, 8213) 10101.0
(3096, 3097, 3098) 6570.0
(474, 475, 476) 9930.0
(5088, 5089, 5090) 6787.0
(8650, 8651, 8652) 9006.0
(8962, 8963, 8964) 10689.0
(4987, 4988, 4989) 6740.0
(6181, 6182, 6183) 8514.0
(3873, 3874, 3875) 12308.0
(35, 36, 37) 12359.0
(9779, 9780, 9781) 10242.0
(7634, 7635, 7636) 8903.0
(4773, 4774, 4775) 9010.0
(7947, 7948, 7949) 10644.0
(949, 950, 951) 9556.0
(2760, 2761, 2762) 14591.0
(617, 618, 619) 8539.0
(6601, 6602, 6603) 8200.0
(2868, 2869, 2870) 10993.0
(8154, 8155, 8156) 11245.0
(3683, 3684, 3685) 8297.0
(3022, 3023, 3024) 7444.0
(2721, 2722, 2723) 12075.0
(8992, 8993, 8994) 9967.0
(8546, 8547, 8548) 10682.0
(4765, 4766, 4767) 16601.0
(5312, 5313, 5314) 10243.0
(7583, 7584, 7585) 9404.0
(1930, 1931, 1932) 11485.0
(6932, 6933, 6934) 8367.0
(7569, 7570, 7571) 8618.0
(1490, 1491, 1492) 10979.0
(3411, 3412, 3413) 11409.0
(4999, 5000, 5001) 8900.0
(3844, 3845, 3846) 8014.0
(5993, 5994, 5995) 7542.0
(1905, 1906, 1907) 7995.0
(1856, 1857, 1858) 8920.0
(7667, 7668, 7669) 8937.0
(7722, 7723, 7724) 9448.0
(3440, 3441, 3442) 15466.0
(9017, 9018, 9019) 9181.0
(2325, 2326, 2327) 8607.0
(7975, 7976, 7977) 10088.0
(4268, 4269, 4270) 12011.0
(2789, 2790, 2791) 6273.0
(2650, 2651, 2652) 9739.0
(833, 834, 835) 10494.0
(7143, 7144, 7145) 12008.0
(6046, 6047, 6048) 7829.0
(4804, 4805, 4806) 13229.0
(7214, 7215, 7216) 9508.0
(5561, 5562, 5563) 7036.0
(3859, 3860, 3861) 7901.0
(3270, 3271, 3272) 9199.0
(730, 731, 732) 12574.0
(5361, 5362, 5363) 8388.0
(1232, 1233, 1234) 11831.0
(5126, 5127, 5128) 11957.0
(4662, 4663, 4664) 10841.0
(954, 955, 956) 10560.0
(747, 748, 749) 10899.0
