(7339, 7340, 7341) 330.0
(9769, 9770, 9771) 477.0
(3122, 3123, 3124) 468.0
(5465, 5466, 5467) 233.0
(2058, 2059, 2060) 276.0
(8706, 8707, 8708) 282.0
(4936, 4937, 4938) 702.0
(9885, 9886, 9887) 433.0
(8120, 8121, 8122) 540.0
(9484, 9485, 9486) 531.0
(7221, 7222, 7223) 312.0
(9979, 9980, 9981) 271.0
(5477, 5478, 5479) 398.0
(9943, 9944, 9945) 421.0
(6392, 6393, 6394) 547.0
(2765, 2766, 2767) 369.0
(6787, 6788, 6789) 457.0
(6589, 6590, 6591) 605.0
(5034, 5035, 5036) 231.0
(1228, 1229, 1230) 607.0
(4976, 4977, 4978) 331.0
(7243, 7244, 7245) 545.0
(9339, 9340, 9341) 365.0
(7574, 7575, 7576) 362.0
(2805, 2806, 2807) 244.0
(5941, 5942, 5943) 455.0
(1618, 1619, 1620) 436.0
(1759, 1760, 1761) 449.0
(8153, 8154, 8155) 347.0
(8381, 8382, 8383) 283.0
(2982, 2983, 2984) 931.0
(9224, 9225, 9226) 407.0
(4019, 4020, 4021) 292.0
(8965, 8966, 8967) 356.0
(3913, 3914, 3915) 194.0
(8032, 8033, 8034) 470.0
(8608, 8609, 8610) 464.0
(2679, 2680, 2681) 205.0
(2190, 2191, 2192) 384.0
(9936, 9937, 9938) 234.0
(3691, 3692, 3693) 437.0
(5593, 5594, 5595) 651.0
(6566, 6567, 6568) 599.0
(830, 831, 832) 238.0
(7992, 7993, 7994) 253.0
(833, 834, 835) 380.0
(5398, 5399, 5400) 786.0
(3247, 3248, 3249) 320.0
(9171, 9172, 9173) 399.0
(9017, 9018, 9019) 292.0
(5488, 5489, 5490) 715.0
(3864, 3865, 3866) 463.0
(2339, 2340, 2341) 833.0
(5314, 5315, 5316) 303.0
(409, 410, 411) 395.0
(4911, 4912, 4913) 344.0
(4466, 4467, 4468) 362.0
(2626, 2627, 2628) 540.0
(2171, 2172, 2173) 575.0
(1827, 1828, 1829) 288.0
(3295, 3296, 3297) 462.0
(907, 908, 909) 427.0
(1437, 1438, 1439) 327.0
(3981, 3982, 3983) 204.0
(2864, 2865, 2866) 363.0
(8785, 8786, 8787) 453.0
(5728, 5729, 5730) 316.0
(3827, 3828, 3829) 442.0
(1514, 1515, 1516) 216.0
(9823, 9824, 9825) 469.0
(6419, 6420, 6421) 423.0
(2034, 2035, 2036) 623.0
(5137, 5138, 5139) 511.0
(169, 170, 171) 237.0
(5365, 5366, 5367) 207.0
(2468, 2469, 2470) 438.0
(6397, 6398, 6399) 747.0
(410, 411, 412) 347.0
(9340, 9341, 9342) 638.0
(3328, 3329, 3330) 561.0
(8495, 8496, 8497) 352.0
(4945, 4946, 4947) 557.0
(2866, 2867, 2868) 292.0
(8665, 8666, 8667) 355.0
(2413, 2414, 2415) 451.0
(2736, 2737, 2738) 387.0
(7892, 7893, 7894) 450.0
(2514, 2515, 2516) 536.0
(1178, 1179, 1180) 300.0
(7442, 7443, 7444) 417.0
(6779, 6780, 6781) 662.0
(797, 798, 799) 538.0
(2591, 2592, 2593) 606.0
(3950, 3951, 3952) 466.0
(8567, 8568, 8569) 221.0
(6820, 6821, 6822) 677.0
(5244, 5245, 5246) 384.0
(8665, 8666, 8667) 355.0
(7968, 7969, 7970) 315.0
(3113, 3114, 3115) 421.0
(130, 131, 132) 261.0
