(1222, 1223, 1224) 13498.0
(7764, 7765, 7766) 9084.0
(500, 501, 502) 11265.0
(182, 183, 184) 11599.0
(4280, 4281, 4282) 9001.0
(7806, 7807, 7808) 13151.0
(288, 289, 290) 12252.0
(3120, 3121, 3122) 12994.0
(2747, 2748, 2749) 9370.0
(9563, 9564, 9565) 11602.0
(2830, 2831, 2832) 8603.0
(2724, 2725, 2726) 13087.0
(5818, 5819, 5820) 9913.0
(5022, 5023, 5024) 14690.0
(7336, 7337, 7338) 10634.0
(214, 215, 216) 11807.0
(8324, 8325, 8326) 8543.0
(8341, 8342, 8343) 9334.0
(4789, 4790, 4791) 9223.0
(1631, 1632, 1633) 8563.0
(8551, 8552, 8553) 16427.0
(8684, 8685, 8686) 8478.0
(9191, 9192, 9193) 14533.0
(391, 392, 393) 10598.0
(711, 712, 713) 9421.0
(9544, 9545, 9546) 9334.0
(7128, 7129, 7130) 9649.0
(7632, 7633, 7634) 9002.0
(1090, 1091, 1092) 12703.0
(2015, 2016, 2017) 12305.0
(3734, 3735, 3736) 12527.0
(9826, 9827, 9828) 9479.0
(3453, 3454, 3455) 15439.0
(8008, 8009, 8010) 16069.0
(1166, 1167, 1168) 8437.0
(5288, 5289, 5290) 7574.0
(7021, 7022, 7023) 7982.0
(8036, 8037, 8038) 9255.0
(5557, 5558, 5559) 11038.0
(1456, 1457, 1458) 12379.0
(8639, 8640, 8641) 8872.0
(7357, 7358, 7359) 14989.0
(2091, 2092, 2093) 7925.0
(1848, 1849, 1850) 13668.0
(9360, 9361, 9362) 13713.0
(5041, 5042, 5043) 9127.0
(4830, 4831, 4832) 10608.0
(9765, 9766, 9767) 9249.0
(6113, 6114, 6115) 8296.0
(494, 495, 496) 14941.0
(727, 728, 729) 9073.0
(6987, 6988, 6989) 12371.0
(8541, 8542, 8543) 9349.0
(76, 77, 78) 9893.0
(2721, 2722, 2723) 12663.0
(4216, 4217, 4218) 8932.0
(305, 306, 307) 10037.0
(9873, 9874, 9875) 10277.0
(5695, 5696, 5697) 7956.0
(685, 686, 687) 7938.0
(3454, 3455, 3456) 12356.0
(1139, 1140, 1141) 9219.0
(6063, 6064, 6065) 9233.0
(5001, 5002, 5003) 13743.0
(7349, 7350, 7351) 8935.0
(973, 974, 975) 10903.0
(7753, 7754, 7755) 9552.0
(7388, 7389, 7390) 13486.0
(7068, 7069, 7070) 8223.0
(998, 999, 1000) 11200.0
(9020, 9021, 9022) 10886.0
(8878, 8879, 8880) 11166.0
(7504, 7505, 7506) 6838.0
(7326, 7327, 7328) 12326.0
(5667, 5668, 5669) 14644.0
(5585, 5586, 5587) 14289.0
(8253, 8254, 8255) 11784.0
(66, 67, 68) 7222.0
(7349, 7350, 7351) 8935.0
(2579, 2580, 2581) 9727.0
(3017, 3018, 3019) 7118.0
(3512, 3513, 3514) 9269.0
(877, 878, 879) 10783.0
(5038, 5039, 5040) 9085.0
(3885, 3886, 3887) 10187.0
(9203, 9204, 9205) 7377.0
(8569, 8570, 8571) 7794.0
(3614, 3615, 3616) 13220.0
(2170, 2171, 2172) 8377.0
(3644, 3645, 3646) 10009.0
(8741, 8742, 8743) 9519.0
(346, 347, 348) 11569.0
(2499, 2500, 2501) 8696.0
(4908, 4909, 4910) 12299.0
(3071, 3072, 3073) 9296.0
(1390, 1391, 1392) 12120.0
(4646, 4647, 4648) 9566.0
(9063, 9064, 9065) 13531.0
(8093, 8094, 8095) 8573.0
(494, 495, 496) 14941.0
(3623, 3624, 3625) 11600.0
