(9238, 9239, 9240) 11467.0
(8931, 8932, 8933) 12542.0
(4149, 4150, 4151) 9719.0
(4460, 4461, 4462) 9576.0
(5520, 5521, 5522) 11514.0
(3692, 3693, 3694) 13391.0
(4870, 4871, 4872) 8787.0
(545, 546, 547) 15335.0
(4286, 4287, 4288) 15926.0
(1120, 1121, 1122) 10451.0
(8742, 8743, 8744) 7901.0
(9354, 9355, 9356) 12875.0
(9679, 9680, 9681) 9213.0
(3533, 3534, 3535) 9729.0
(9548, 9549, 9550) 7459.0
(9173, 9174, 9175) 9708.0
(9581, 9582, 9583) 11731.0
(4852, 4853, 4854) 10739.0
(7469, 7470, 7471) 11358.0
(3351, 3352, 3353) 17210.0
(9220, 9221, 9222) 10435.0
(3362, 3363, 3364) 11731.0
(4461, 4462, 4463) 15319.0
(5726, 5727, 5728) 9775.0
(8259, 8260, 8261) 11535.0
(7672, 7673, 7674) 13312.0
(1687, 1688, 1689) 9176.0
(6526, 6527, 6528) 6210.0
(9947, 9948, 9949) 9395.0
(2436, 2437, 2438) 14308.0
(4626, 4627, 4628) 12851.0
(8542, 8543, 8544) 11503.0
(7851, 7852, 7853) 10852.0
(4203, 4204, 4205) 6893.0
(111, 112, 113) 14908.0
(3172, 3173, 3174) 12665.0
(6785, 6786, 6787) 10501.0
(2193, 2194, 2195) 7042.0
(5493, 5494, 5495) 12841.0
(5241, 5242, 5243) 9003.0
(2869, 2870, 2871) 13616.0
(1327, 1328, 1329) 6314.0
(4909, 4910, 4911) 10802.0
(5996, 5997, 5998) 8501.0
(8962, 8963, 8964) 12295.0
(6844, 6845, 6846) 13839.0
(9208, 9209, 9210) 11240.0
(8138, 8139, 8140) 9492.0
(6382, 6383, 6384) 12043.0
(1274, 1275, 1276) 14574.0
(7582, 7583, 7584) 14164.0
(1757, 1758, 1759) 7910.0
(5287, 5288, 5289) 10094.0
(9171, 9172, 9173) 14417.0
(7194, 7195, 7196) 12752.0
(1138, 1139, 1140) 10627.0
(9042, 9043, 9044) 9740.0
(2373, 2374, 2375) 17301.0
(383, 384, 385) 11376.0
(9911, 9912, 9913) 13012.0
(5655, 5656, 5657) 8211.0
(3987, 3988, 3989) 10535.0
(9678, 9679, 9680) 14271.0
(295, 296, 297) 11548.0
(2201, 2202, 2203) 13606.0
(7796, 7797, 7798) 10848.0
(6674, 6675, 6676) 10255.0
(8776, 8777, 8778) 14440.0
(7429, 7430, 7431) 12587.0
(142, 143, 144) 14774.0
(2659, 2660, 2661) 9547.0
(2716, 2717, 2718) 11018.0
(5386, 5387, 5388) 10133.0
(8749, 8750, 8751) 9140.0
(6987, 6988, 6989) 13256.0
(2384, 2385, 2386) 11669.0
(9239, 9240, 9241) 12732.0
(2749, 2750, 2751) 9374.0
(8600, 8601, 8602) 12902.0
(9089, 9090, 9091) 11615.0
(1451, 1452, 1453) 10592.0
(3672, 3673, 3674) 13007.0
(4262, 4263, 4264) 12764.0
(7806, 7807, 7808) 14292.0
(97, 98, 99) 9104.0
(7075, 7076, 7077) 15064.0
(3424, 3425, 3426) 12884.0
(4116, 4117, 4118) 15684.0
(9068, 9069, 9070) 13741.0
(4576, 4577, 4578) 10671.0
(5681, 5682, 5683) 9831.0
(1812, 1813, 1814) 6660.0
(5112, 5113, 5114) 13243.0
(9363, 9364, 9365) 8073.0
(872, 873, 874) 11571.0
(9563, 9564, 9565) 12494.0
(5896, 5897, 5898) 13360.0
(7301, 7302, 7303) 15617.0
(3224, 3225, 3226) 13927.0
(6416, 6417, 6418) 10561.0
(4403, 4404, 4405) 10197.0
