(1790, 1791, 1792) 15999.0
(8749, 8750, 8751) 9348.0
(5469, 5470, 5471) 11145.0
(3738, 3739, 3740) 14391.0
(2782, 2783, 2784) 12810.0
(4828, 4829, 4830) 12213.0
(7766, 7767, 7768) 13239.0
(9727, 9728, 9729) 13868.0
(5375, 5376, 5377) 15358.0
(832, 833, 834) 19513.0
(3173, 3174, 3175) 10283.0
(1756, 1757, 1758) 12510.0
(3084, 3085, 3086) 12480.0
(7262, 7263, 7264) 10009.0
(9389, 9390, 9391) 15494.0
(4749, 4750, 4751) 12105.0
(6973, 6974, 6975) 12533.0
(9835, 9836, 9837) 12383.0
(3302, 3303, 3304) 15183.0
(3960, 3961, 3962) 9277.0
(7718, 7719, 7720) 11034.0
(1000, 1001, 1002) 15248.0
(5202, 5203, 5204) 9124.0
(5992, 5993, 5994) 10341.0
(8108, 8109, 8110) 11567.0
(3308, 3309, 3310) 13316.0
(7259, 7260, 7261) 15873.0
(4128, 4129, 4130) 13088.0
(8461, 8462, 8463) 9487.0
(1057, 1058, 1059) 13997.0
(8800, 8801, 8802) 11138.0
(487, 488, 489) 10505.0
(2837, 2838, 2839) 11082.0
(2548, 2549, 2550) 12544.0
(3580, 3581, 3582) 9285.0
(5601, 5602, 5603) 12871.0
(3001, 3002, 3003) 13703.0
(8526, 8527, 8528) 10291.0
(1535, 1536, 1537) 14625.0
(1445, 1446, 1447) 10772.0
(1604, 1605, 1606) 17062.0
(3573, 3574, 3575) 13126.0
(4866, 4867, 4868) 11112.0
(3658, 3659, 3660) 11616.0
(4904, 4905, 4906) 16317.0
(3102, 3103, 3104) 8849.0
(82, 83, 84) 14023.0
(5255, 5256, 5257) 13720.0
(1805, 1806, 1807) 10627.0
(8392, 8393, 8394) 8858.0
(2810, 2811, 2812) 10274.0
(7637, 7638, 7639) 13362.0
(987, 988, 989) 15956.0
(341, 342, 343) 10505.0
(5812, 5813, 5814) 13219.0
(5331, 5332, 5333) 10595.0
(2721, 2722, 2723) 14592.0
(9388, 9389, 9390) 13396.0
(4686, 4687, 4688) 12509.0
(4034, 4035, 4036) 15982.0
(927, 928, 929) 15768.0
(2840, 2841, 2842) 10649.0
(4758, 4759, 4760) 11758.0
(1904, 1905, 1906) 12588.0
(6473, 6474, 6475) 13980.0
(662, 663, 664) 11607.0
(7367, 7368, 7369) 10458.0
(4415, 4416, 4417) 10258.0
(7252, 7253, 7254) 15254.0
(6791, 6792, 6793) 12728.0
(4107, 4108, 4109) 11322.0
(6449, 6450, 6451) 15033.0
(4434, 4435, 4436) 15905.0
(9289, 9290, 9291) 11184.0
(4788, 4789, 4790) 12372.0
(3913, 3914, 3915) 12187.0
(7106, 7107, 7108) 17544.0
(9401, 9402, 9403) 11858.0
(1046, 1047, 1048) 7393.0
(3625, 3626, 3627) 18269.0
(2900, 2901, 2902) 10061.0
(1846, 1847, 1848) 12992.0
(3657, 3658, 3659) 11068.0
(445, 446, 447) 11276.0
(4977, 4978, 4979) 9506.0
(9724, 9725, 9726) 11412.0
(3277, 3278, 3279) 11389.0
(7607, 7608, 7609) 11220.0
(8743, 8744, 8745) 10151.0
(4206, 4207, 4208) 10190.0
(7409, 7410, 7411) 11385.0
(7280, 7281, 7282) 11312.0
(8441, 8442, 8443) 10007.0
(9166, 9167, 9168) 11815.0
(2723, 2724, 2725) 11425.0
(3017, 3018, 3019) 8804.0
(8939, 8940, 8941) 9537.0
(2001, 2002, 2003) 15152.0
(8323, 8324, 8325) 12386.0
(3045, 3046, 3047) 18390.0
(5486, 5487, 5488) 14985.0
