(6294, 6295, 6296) 10788.0
(8952, 8953, 8954) 12082.0
(1031, 1032, 1033) 13330.0
(6652, 6653, 6654) 13411.0
(93, 94, 95) 11266.0
(3796, 3797, 3798) 15641.0
(8068, 8069, 8070) 15568.0
(4693, 4694, 4695) 12348.0
(8168, 8169, 8170) 16294.0
(6775, 6776, 6777) 13877.0
(9080, 9081, 9082) 7605.0
(7299, 7300, 7301) 12376.0
(7184, 7185, 7186) 11691.0
(8629, 8630, 8631) 16290.0
(2297, 2298, 2299) 13134.0
(6794, 6795, 6796) 17682.0
(6820, 6821, 6822) 14605.0
(2647, 2648, 2649) 18323.0
(3368, 3369, 3370) 10695.0
(1345, 1346, 1347) 8935.0
(3121, 3122, 3123) 11707.0
(7535, 7536, 7537) 9079.0
(3222, 3223, 3224) 10074.0
(744, 745, 746) 15368.0
(4460, 4461, 4462) 10298.0
(136, 137, 138) 10721.0
(619, 620, 621) 12128.0
(4835, 4836, 4837) 12611.0
(2243, 2244, 2245) 14993.0
(2045, 2046, 2047) 15165.0
(8392, 8393, 8394) 9413.0
(3495, 3496, 3497) 11691.0
(2919, 2920, 2921) 12886.0
(2141, 2142, 2143) 14396.0
(2855, 2856, 2857) 18353.0
(7844, 7845, 7846) 14591.0
(6564, 6565, 6566) 12881.0
(7528, 7529, 7530) 11523.0
(652, 653, 654) 11189.0
(2196, 2197, 2198) 15205.0
(6463, 6464, 6465) 12388.0
(8881, 8882, 8883) 8727.0
(8374, 8375, 8376) 10102.0
(8538, 8539, 8540) 8778.0
(5603, 5604, 5605) 11924.0
(3731, 3732, 3733) 9421.0
(4690, 4691, 4692) 9460.0
(2415, 2416, 2417) 11141.0
(3384, 3385, 3386) 8889.0
(8872, 8873, 8874) 8617.0
(8733, 8734, 8735) 13783.0
(6655, 6656, 6657) 11705.0
(1640, 1641, 1642) 16853.0
(1203, 1204, 1205) 22021.0
(9912, 9913, 9914) 10750.0
(3793, 3794, 3795) 14691.0
(3955, 3956, 3957) 13487.0
(2783, 2784, 2785) 10856.0
(375, 376, 377) 11900.0
(3279, 3280, 3281) 13442.0
(1452, 1453, 1454) 12953.0
(5746, 5747, 5748) 15601.0
(7148, 7149, 7150) 11048.0
(73, 74, 75) 9154.0
(5231, 5232, 5233) 14868.0
(3225, 3226, 3227) 12176.0
(8257, 8258, 8259) 13770.0
(9643, 9644, 9645) 13386.0
(8888, 8889, 8890) 12446.0
(9660, 9661, 9662) 14988.0
(8258, 8259, 8260) 12988.0
(1112, 1113, 1114) 14903.0
(9788, 9789, 9790) 13137.0
(617, 618, 619) 11219.0
(6862, 6863, 6864) 12096.0
(9688, 9689, 9690) 10015.0
(64, 65, 66) 11264.0
(8341, 8342, 8343) 10502.0
(2983, 2984, 2985) 15238.0
(690, 691, 692) 10983.0
(3620, 3621, 3622) 12809.0
(2655, 2656, 2657) 11591.0
(8134, 8135, 8136) 12880.0
(5392, 5393, 5394) 16488.0
(5385, 5386, 5387) 18774.0
(3006, 3007, 3008) 8173.0
(4360, 4361, 4362) 13817.0
(512, 513, 514) 11476.0
(9860, 9861, 9862) 12563.0
(3577, 3578, 3579) 14020.0
(5905, 5906, 5907) 10498.0
(5100, 5101, 5102) 11725.0
(8001, 8002, 8003) 15707.0
(5428, 5429, 5430) 9158.0
(7805, 7806, 7807) 13937.0
(1529, 1530, 1531) 10378.0
(5980, 5981, 5982) 9667.0
(978, 979, 980) 11622.0
(595, 596, 597) 9360.0
(7540, 7541, 7542) 6365.0
(6828, 6829, 6830) 15916.0
