(9602, 9603, 9604) 12041.0
(7380, 7381, 7382) 14228.0
(7352, 7353, 7354) 12815.0
(2016, 2017, 2018) 14174.0
(1439, 1440, 1441) 13503.0
(7061, 7062, 7063) 17567.0
(4734, 4735, 4736) 8550.0
(9367, 9368, 9369) 13519.0
(4154, 4155, 4156) 11833.0
(3429, 3430, 3431) 15663.0
(2859, 2860, 2861) 11177.0
(4598, 4599, 4600) 13192.0
(2283, 2284, 2285) 13088.0
(4672, 4673, 4674) 17417.0
(5848, 5849, 5850) 10385.0
(2896, 2897, 2898) 14592.0
(8950, 8951, 8952) 14427.0
(343, 344, 345) 13988.0
(2336, 2337, 2338) 12716.0
(7743, 7744, 7745) 11799.0
(2776, 2777, 2778) 14854.0
(1918, 1919, 1920) 12429.0
(1197, 1198, 1199) 12665.0
(6418, 6419, 6420) 16851.0
(7889, 7890, 7891) 10947.0
(4988, 4989, 4990) 10987.0
(8171, 8172, 8173) 10112.0
(421, 422, 423) 14873.0
(7712, 7713, 7714) 11888.0
(4030, 4031, 4032) 14507.0
(1236, 1237, 1238) 11222.0
(2769, 2770, 2771) 16202.0
(2898, 2899, 2900) 16072.0
(7498, 7499, 7500) 11052.0
(242, 243, 244) 10528.0
(1918, 1919, 1920) 12429.0
(4066, 4067, 4068) 11165.0
(9654, 9655, 9656) 14428.0
(7927, 7928, 7929) 12651.0
(9649, 9650, 9651) 11676.0
(4736, 4737, 4738) 16236.0
(7821, 7822, 7823) 10667.0
(483, 484, 485) 14993.0
(7224, 7225, 7226) 11390.0
(4801, 4802, 4803) 15207.0
(6613, 6614, 6615) 9020.0
(8707, 8708, 8709) 14691.0
(7991, 7992, 7993) 17520.0
(4750, 4751, 4752) 13723.0
(1601, 1602, 1603) 14788.0
(4453, 4454, 4455) 13816.0
(6372, 6373, 6374) 16412.0
(9449, 9450, 9451) 10738.0
(6981, 6982, 6983) 11500.0
(228, 229, 230) 12930.0
(7524, 7525, 7526) 14835.0
(866, 867, 868) 19641.0
(8226, 8227, 8228) 10739.0
(8845, 8846, 8847) 12825.0
(1927, 1928, 1929) 12574.0
(512, 513, 514) 11844.0
(1945, 1946, 1947) 13016.0
(5340, 5341, 5342) 16979.0
(9212, 9213, 9214) 12738.0
(5952, 5953, 5954) 13763.0
(612, 613, 614) 14658.0
(2885, 2886, 2887) 15979.0
(669, 670, 671) 14232.0
(8892, 8893, 8894) 16327.0
(8263, 8264, 8265) 16100.0
(2196, 2197, 2198) 15275.0
(1641, 1642, 1643) 12693.0
(5999, 6000, 6001) 15405.0
(3907, 3908, 3909) 13028.0
(6545, 6546, 6547) 15607.0
(5179, 5180, 5181) 12993.0
(7097, 7098, 7099) 19479.0
(6386, 6387, 6388) 12562.0
(4533, 4534, 4535) 17693.0
(4424, 4425, 4426) 10680.0
(538, 539, 540) 12164.0
(4856, 4857, 4858) 10144.0
(3276, 3277, 3278) 21300.0
(5757, 5758, 5759) 13177.0
(12, 13, 14) 16701.0
(4887, 4888, 4889) 14940.0
(3771, 3772, 3773) 12843.0
(9252, 9253, 9254) 12371.0
(1685, 1686, 1687) 13883.0
(793, 794, 795) 11169.0
(3910, 3911, 3912) 10829.0
(1007, 1008, 1009) 10706.0
(3692, 3693, 3694) 14853.0
(7625, 7626, 7627) 14359.0
(8248, 8249, 8250) 13907.0
(9520, 9521, 9522) 10364.0
(8370, 8371, 8372) 13230.0
(6581, 6582, 6583) 18846.0
(7629, 7630, 7631) 14094.0
(3465, 3466, 3467) 14822.0
(7507, 7508, 7509) 11553.0
