(7261, 7262, 7263) 16183.0
(9297, 9298, 9299) 15809.0
(5770, 5771, 5772) 15656.0
(6365, 6366, 6367) 22225.0
(666, 667, 668) 13170.0
(5433, 5434, 5435) 16634.0
(2812, 2813, 2814) 14618.0
(6435, 6436, 6437) 9432.0
(5699, 5700, 5701) 13337.0
(584, 585, 586) 12072.0
(7870, 7871, 7872) 15047.0
(6206, 6207, 6208) 15357.0
(3840, 3841, 3842) 14471.0
(9881, 9882, 9883) 13743.0
(8902, 8903, 8904) 11966.0
(9265, 9266, 9267) 16362.0
(1612, 1613, 1614) 21245.0
(7361, 7362, 7363) 14009.0
(5686, 5687, 5688) 18746.0
(4015, 4016, 4017) 12572.0
(2493, 2494, 2495) 15883.0
(1151, 1152, 1153) 14536.0
(1907, 1908, 1909) 9032.0
(8461, 8462, 8463) 11025.0
(4105, 4106, 4107) 16899.0
(372, 373, 374) 14999.0
(84, 85, 86) 20079.0
(3418, 3419, 3420) 16200.0
(2340, 2341, 2342) 11978.0
(8985, 8986, 8987) 13963.0
(9244, 9245, 9246) 9515.0
(5376, 5377, 5378) 15735.0
(9278, 9279, 9280) 13620.0
(7343, 7344, 7345) 17122.0
(6459, 6460, 6461) 18973.0
(9858, 9859, 9860) 13526.0
(9290, 9291, 9292) 19950.0
(4254, 4255, 4256) 9425.0
(3410, 3411, 3412) 13984.0
(3597, 3598, 3599) 11718.0
(7769, 7770, 7771) 14590.0
(7808, 7809, 7810) 11283.0
(8987, 8988, 8989) 16253.0
(1696, 1697, 1698) 17266.0
(2818, 2819, 2820) 12773.0
(6752, 6753, 6754) 16357.0
(6520, 6521, 6522) 12534.0
(3427, 3428, 3429) 14649.0
(6927, 6928, 6929) 18070.0
(5321, 5322, 5323) 13398.0
(683, 684, 685) 17489.0
(8711, 8712, 8713) 8310.0
(7133, 7134, 7135) 12185.0
(4088, 4089, 4090) 17070.0
(8923, 8924, 8925) 19202.0
(6552, 6553, 6554) 19042.0
(9392, 9393, 9394) 12866.0
(4225, 4226, 4227) 16710.0
(8353, 8354, 8355) 17055.0
(4474, 4475, 4476) 16995.0
(5372, 5373, 5374) 15057.0
(423, 424, 425) 21323.0
(1760, 1761, 1762) 16054.0
(9687, 9688, 9689) 16599.0
(3460, 3461, 3462) 11139.0
(1709, 1710, 1711) 13277.0
(8916, 8917, 8918) 21382.0
(4227, 4228, 4229) 10745.0
(9340, 9341, 9342) 13669.0
(5499, 5500, 5501) 15637.0
(5097, 5098, 5099) 12473.0
(8965, 8966, 8967) 14291.0
(6424, 6425, 6426) 18061.0
(4666, 4667, 4668) 13062.0
(9173, 9174, 9175) 13342.0
(6100, 6101, 6102) 21075.0
(5363, 5364, 5365) 9657.0
(1857, 1858, 1859) 14170.0
(4662, 4663, 4664) 14497.0
(9947, 9948, 9949) 12359.0
(9229, 9230, 9231) 13147.0
(6400, 6401, 6402) 12053.0
(1581, 1582, 1583) 16730.0
(8194, 8195, 8196) 13622.0
(9351, 9352, 9353) 10341.0
(6536, 6537, 6538) 16105.0
(7157, 7158, 7159) 13444.0
(1832, 1833, 1834) 14599.0
(2117, 2118, 2119) 14286.0
(263, 264, 265) 15611.0
(8414, 8415, 8416) 14951.0
(1416, 1417, 1418) 15175.0
(2441, 2442, 2443) 13423.0
(7160, 7161, 7162) 12262.0
(7127, 7128, 7129) 12266.0
(1041, 1042, 1043) 13226.0
(7047, 7048, 7049) 15183.0
(7271, 7272, 7273) 14008.0
(7556, 7557, 7558) 23603.0
(23, 24, 25) 10403.0
(7246, 7247, 7248) 12775.0
