(5211, 5212, 5213) 15534.0
(4501, 4502, 4503) 17428.0
(7631, 7632, 7633) 17755.0
(3558, 3559, 3560) 13472.0
(2826, 2827, 2828) 14677.0
(8386, 8387, 8388) 19140.0
(9103, 9104, 9105) 17834.0
(2519, 2520, 2521) 16527.0
(2096, 2097, 2098) 28960.0
(1896, 1897, 1898) 19726.0
(1328, 1329, 1330) 14566.0
(2906, 2907, 2908) 14201.0
(5682, 5683, 5684) 16810.0
(893, 894, 895) 13705.0
(7081, 7082, 7083) 25042.0
(2607, 2608, 2609) 19870.0
(6519, 6520, 6521) 14388.0
(5709, 5710, 5711) 15990.0
(8846, 8847, 8848) 19198.0
(233, 234, 235) 19124.0
(2115, 2116, 2117) 20144.0
(2159, 2160, 2161) 17100.0
(647, 648, 649) 14560.0
(5253, 5254, 5255) 13973.0
(7639, 7640, 7641) 20397.0
(9390, 9391, 9392) 17020.0
(801, 802, 803) 8936.0
(3798, 3799, 3800) 15157.0
(7683, 7684, 7685) 15271.0
(4678, 4679, 4680) 16823.0
(663, 664, 665) 12329.0
(6650, 6651, 6652) 11550.0
(8905, 8906, 8907) 20240.0
(2915, 2916, 2917) 15451.0
(3605, 3606, 3607) 12011.0
(4834, 4835, 4836) 19546.0
(6888, 6889, 6890) 12228.0
(1141, 1142, 1143) 15497.0
(4481, 4482, 4483) 16448.0
(9280, 9281, 9282) 18380.0
(4381, 4382, 4383) 16003.0
(6557, 6558, 6559) 13803.0
(3669, 3670, 3671) 16723.0
(3760, 3761, 3762) 16980.0
(1400, 1401, 1402) 22839.0
(9703, 9704, 9705) 15640.0
(1602, 1603, 1604) 14305.0
(4725, 4726, 4727) 9803.0
(7223, 7224, 7225) 21391.0
(5862, 5863, 5864) 15242.0
(4919, 4920, 4921) 14339.0
(1687, 1688, 1689) 13909.0
(72, 73, 74) 15120.0
(9668, 9669, 9670) 13977.0
(5726, 5727, 5728) 12289.0
(6026, 6027, 6028) 18411.0
(6196, 6197, 6198) 15844.0
(3149, 3150, 3151) 12193.0
(4211, 4212, 4213) 12331.0
(7656, 7657, 7658) 12011.0
(9655, 9656, 9657) 11472.0
(3264, 3265, 3266) 16761.0
(8040, 8041, 8042) 19895.0
(2013, 2014, 2015) 14637.0
(8416, 8417, 8418) 17840.0
(2972, 2973, 2974) 13598.0
(9840, 9841, 9842) 15682.0
(5765, 5766, 5767) 17432.0
(2966, 2967, 2968) 15084.0
(2671, 2672, 2673) 13053.0
(6630, 6631, 6632) 12728.0
(7888, 7889, 7890) 13801.0
(2678, 2679, 2680) 15208.0
(1440, 1441, 1442) 18792.0
(9832, 9833, 9834) 17573.0
(3589, 3590, 3591) 16195.0
(7864, 7865, 7866) 13411.0
(7409, 7410, 7411) 14458.0
(3511, 3512, 3513) 13067.0
(48, 49, 50) 12876.0
(9699, 9700, 9701) 10724.0
(1890, 1891, 1892) 13844.0
(4024, 4025, 4026) 15449.0
(3492, 3493, 3494) 13448.0
(2381, 2382, 2383) 20925.0
(1332, 1333, 1334) 19956.0
(6585, 6586, 6587) 16239.0
(8373, 8374, 8375) 18539.0
(6717, 6718, 6719) 21220.0
(5929, 5930, 5931) 21488.0
(7669, 7670, 7671) 18155.0
(1953, 1954, 1955) 14268.0
(3427, 3428, 3429) 15594.0
(2081, 2082, 2083) 11034.0
(458, 459, 460) 12528.0
(5141, 5142, 5143) 17427.0
(2281, 2282, 2283) 15461.0
(1206, 1207, 1208) 14744.0
(5726, 5727, 5728) 12289.0
(4073, 4074, 4075) 14643.0
(4705, 4706, 4707) 14879.0
