(2712, 2713, 2714) 18666.0
(2079, 2080, 2081) 14474.0
(2893, 2894, 2895) 15608.0
(9229, 9230, 9231) 13933.0
(4572, 4573, 4574) 21285.0
(1913, 1914, 1915) 16324.0
(8267, 8268, 8269) 13228.0
(8174, 8175, 8176) 19401.0
(1756, 1757, 1758) 14367.0
(9535, 9536, 9537) 15224.0
(3196, 3197, 3198) 18017.0
(6245, 6246, 6247) 14940.0
(5064, 5065, 5066) 23830.0
(9764, 9765, 9766) 23881.0
(959, 960, 961) 8639.0
(1962, 1963, 1964) 15316.0
(8552, 8553, 8554) 13564.0
(7370, 7371, 7372) 12774.0
(3382, 3383, 3384) 25343.0
(2457, 2458, 2459) 9374.0
(9847, 9848, 9849) 19211.0
(192, 193, 194) 17052.0
(5896, 5897, 5898) 19299.0
(1399, 1400, 1401) 16117.0
(7065, 7066, 7067) 14607.0
(9782, 9783, 9784) 18009.0
(4669, 4670, 4671) 18911.0
(6583, 6584, 6585) 13908.0
(6912, 6913, 6914) 23483.0
(9393, 9394, 9395) 17440.0
(8499, 8500, 8501) 17881.0
(2005, 2006, 2007) 15518.0
(5863, 5864, 5865) 14512.0
(4562, 4563, 4564) 17002.0
(9712, 9713, 9714) 19295.0
(2099, 2100, 2101) 18572.0
(3949, 3950, 3951) 15215.0
(2343, 2344, 2345) 18868.0
(396, 397, 398) 21200.0
(4419, 4420, 4421) 12356.0
(8925, 8926, 8927) 13383.0
(7164, 7165, 7166) 13760.0
(1691, 1692, 1693) 11350.0
(1592, 1593, 1594) 16365.0
(8649, 8650, 8651) 15185.0
(6222, 6223, 6224) 11543.0
(3168, 3169, 3170) 19154.0
(7055, 7056, 7057) 17090.0
(2653, 2654, 2655) 15984.0
(6761, 6762, 6763) 12089.0
(1010, 1011, 1012) 13198.0
(1612, 1613, 1614) 24301.0
(4509, 4510, 4511) 15635.0
(6541, 6542, 6543) 17210.0
(793, 794, 795) 11357.0
(5356, 5357, 5358) 16145.0
(3457, 3458, 3459) 15488.0
(9630, 9631, 9632) 18430.0
(6787, 6788, 6789) 14178.0
(8329, 8330, 8331) 16593.0
(9331, 9332, 9333) 14532.0
(1804, 1805, 1806) 12761.0
(5385, 5386, 5387) 22740.0
(8072, 8073, 8074) 16942.0
(9732, 9733, 9734) 10859.0
(6757, 6758, 6759) 11569.0
(4919, 4920, 4921) 16106.0
(7292, 7293, 7294) 17236.0
(729, 730, 731) 18730.0
(31, 32, 33) 15500.0
(1351, 1352, 1353) 19502.0
(9414, 9415, 9416) 17234.0
(6281, 6282, 6283) 7877.0
(6030, 6031, 6032) 16267.0
(8947, 8948, 8949) 15917.0
(5306, 5307, 5308) 13806.0
(7360, 7361, 7362) 13894.0
(893, 894, 895) 14172.0
(2110, 2111, 2112) 15307.0
(51, 52, 53) 28106.0
(6471, 6472, 6473) 17156.0
(6705, 6706, 6707) 19654.0
(1182, 1183, 1184) 25168.0
(9422, 9423, 9424) 20992.0
(4227, 4228, 4229) 11411.0
(6364, 6365, 6366) 13222.0
(3981, 3982, 3983) 15825.0
(2998, 2999, 3000) 16430.0
(9911, 9912, 9913) 16952.0
(8869, 8870, 8871) 13708.0
(221, 222, 223) 15699.0
(1947, 1948, 1949) 16224.0
(7501, 7502, 7503) 11315.0
(6827, 6828, 6829) 17613.0
(8279, 8280, 8281) 20107.0
(1276, 1277, 1278) 17118.0
(3298, 3299, 3300) 12304.0
(9582, 9583, 9584) 13322.0
(9566, 9567, 9568) 17623.0
(3613, 3614, 3615) 13972.0
(1368, 1369, 1370) 12666.0
