(4707, 4708, 4709) 24907.0
(3958, 3959, 3960) 14532.0
(2466, 2467, 2468) 15660.0
(8943, 8944, 8945) 14512.0
(5178, 5179, 5180) 19251.0
(2263, 2264, 2265) 21587.0
(9106, 9107, 9108) 11444.0
(814, 815, 816) 19129.0
(7518, 7519, 7520) 22173.0
(18, 19, 20) 14224.0
(5257, 5258, 5259) 17259.0
(412, 413, 414) 18011.0
(6152, 6153, 6154) 16646.0
(1403, 1404, 1405) 18081.0
(7078, 7079, 7080) 16316.0
(5147, 5148, 5149) 18669.0
(212, 213, 214) 12235.0
(3035, 3036, 3037) 29874.0
(9829, 9830, 9831) 15999.0
(341, 342, 343) 12976.0
(4525, 4526, 4527) 15408.0
(9505, 9506, 9507) 15923.0
(5849, 5850, 5851) 13825.0
(5257, 5258, 5259) 17259.0
(1369, 1370, 1371) 14274.0
(7316, 7317, 7318) 11182.0
(2536, 2537, 2538) 19400.0
(7550, 7551, 7552) 13587.0
(2967, 2968, 2969) 23099.0
(9923, 9924, 9925) 12065.0
(6032, 6033, 6034) 18531.0
(1128, 1129, 1130) 16489.0
(1925, 1926, 1927) 19963.0
(1286, 1287, 1288) 13457.0
(7380, 7381, 7382) 19319.0
(3517, 3518, 3519) 15134.0
(9928, 9929, 9930) 14591.0
(4026, 4027, 4028) 19843.0
(6458, 6459, 6460) 14974.0
(335, 336, 337) 15536.0
(8993, 8994, 8995) 12523.0
(9307, 9308, 9309) 20597.0
(4581, 4582, 4583) 17341.0
(4697, 4698, 4699) 15739.0
(3991, 3992, 3993) 14212.0
(4209, 4210, 4211) 13366.0
(9162, 9163, 9164) 16922.0
(1143, 1144, 1145) 18389.0
(6876, 6877, 6878) 20259.0
(4573, 4574, 4575) 17693.0
(8523, 8524, 8525) 19229.0
(6585, 6586, 6587) 17701.0
(7608, 7609, 7610) 21802.0
(3023, 3024, 3025) 20443.0
(7546, 7547, 7548) 18612.0
(4581, 4582, 4583) 17341.0
(2296, 2297, 2298) 13571.0
(6861, 6862, 6863) 13454.0
(1277, 1278, 1279) 15600.0
(3935, 3936, 3937) 15839.0
(7193, 7194, 7195) 14138.0
(241, 242, 243) 18396.0
(4895, 4896, 4897) 13362.0
(4558, 4559, 4560) 18636.0
(4762, 4763, 4764) 15638.0
(391, 392, 393) 13521.0
(6799, 6800, 6801) 17092.0
(8187, 8188, 8189) 11084.0
(8635, 8636, 8637) 15922.0
(975, 976, 977) 21331.0
(350, 351, 352) 13922.0
(2758, 2759, 2760) 16390.0
(9344, 9345, 9346) 12866.0
(7820, 7821, 7822) 19654.0
(9519, 9520, 9521) 13031.0
(9909, 9910, 9911) 14671.0
(3816, 3817, 3818) 20105.0
(755, 756, 757) 12128.0
(2302, 2303, 2304) 18462.0
(3329, 3330, 3331) 16688.0
(6469, 6470, 6471) 16610.0
(361, 362, 363) 21690.0
(5041, 5042, 5043) 14242.0
(4264, 4265, 4266) 16687.0
(4629, 4630, 4631) 18297.0
(1778, 1779, 1780) 16470.0
(583, 584, 585) 19879.0
(5651, 5652, 5653) 18705.0
(2682, 2683, 2684) 14215.0
(8906, 8907, 8908) 14333.0
(42, 43, 44) 16778.0
(2145, 2146, 2147) 15214.0
(6913, 6914, 6915) 15981.0
(7902, 7903, 7904) 12899.0
(4371, 4372, 4373) 14311.0
(7194, 7195, 7196) 16726.0
(5489, 5490, 5491) 16934.0
(5194, 5195, 5196) 17609.0
(9362, 9363, 9364) 16142.0
(8181, 8182, 8183) 19762.0
(4794, 4795, 4796) 12112.0
