(2631, 2632, 2633) 22636.0
(4136, 4137, 4138) 11354.0
(7860, 7861, 7862) 22110.0
(6454, 6455, 6456) 15152.0
(6198, 6199, 6200) 14483.0
(5340, 5341, 5342) 21626.0
(648, 649, 650) 21138.0
(7202, 7203, 7204) 15076.0
(8582, 8583, 8584) 19774.0
(1446, 1447, 1448) 18800.0
(8271, 8272, 8273) 12442.0
(3367, 3368, 3369) 17176.0
(1372, 1373, 1374) 20851.0
(8952, 8953, 8954) 16565.0
(6549, 6550, 6551) 17965.0
(6544, 6545, 6546) 15541.0
(4028, 4029, 4030) 18871.0
(1704, 1705, 1706) 17457.0
(4597, 4598, 4599) 19185.0
(2777, 2778, 2779) 14575.0
(4728, 4729, 4730) 18442.0
(7171, 7172, 7173) 16506.0
(2067, 2068, 2069) 24197.0
(1035, 1036, 1037) 18308.0
(6504, 6505, 6506) 16486.0
(6868, 6869, 6870) 14247.0
(524, 525, 526) 22622.0
(4353, 4354, 4355) 19091.0
(9196, 9197, 9198) 18538.0
(2667, 2668, 2669) 18017.0
(5031, 5032, 5033) 18136.0
(3994, 3995, 3996) 27815.0
(5797, 5798, 5799) 14426.0
(7913, 7914, 7915) 16668.0
(438, 439, 440) 11728.0
(8504, 8505, 8506) 17269.0
(1182, 1183, 1184) 25263.0
(1270, 1271, 1272) 16345.0
(9703, 9704, 9705) 17867.0
(260, 261, 262) 13528.0
(7109, 7110, 7111) 16989.0
(3218, 3219, 3220) 13281.0
(5222, 5223, 5224) 15227.0
(875, 876, 877) 12657.0
(5947, 5948, 5949) 17101.0
(334, 335, 336) 19452.0
(6279, 6280, 6281) 16684.0
(2300, 2301, 2302) 15578.0
(3986, 3987, 3988) 15495.0
(9293, 9294, 9295) 15915.0
(6969, 6970, 6971) 16396.0
(6033, 6034, 6035) 11806.0
(1576, 1577, 1578) 12276.0
(2034, 2035, 2036) 24322.0
(9922, 9923, 9924) 15693.0
(3705, 3706, 3707) 18614.0
(202, 203, 204) 15099.0
(8982, 8983, 8984) 25062.0
(708, 709, 710) 12327.0
(4928, 4929, 4930) 15788.0
(9137, 9138, 9139) 13724.0
(5462, 5463, 5464) 14125.0
(6200, 6201, 6202) 21643.0
(227, 228, 229) 23165.0
(8290, 8291, 8292) 14087.0
(236, 237, 238) 18349.0
(4776, 4777, 4778) 26450.0
(7008, 7009, 7010) 15034.0
(3832, 3833, 3834) 15457.0
(2604, 2605, 2606) 17434.0
(1092, 1093, 1094) 11780.0
(2683, 2684, 2685) 14296.0
(1921, 1922, 1923) 16304.0
(2368, 2369, 2370) 17615.0
(4077, 4078, 4079) 19455.0
(4674, 4675, 4676) 18597.0
(221, 222, 223) 17886.0
(7815, 7816, 7817) 14519.0
(3729, 3730, 3731) 19116.0
(6947, 6948, 6949) 16227.0
(8536, 8537, 8538) 21708.0
(4747, 4748, 4749) 16899.0
(136, 137, 138) 15276.0
(9384, 9385, 9386) 13363.0
(9571, 9572, 9573) 18760.0
(820, 821, 822) 19960.0
(2383, 2384, 2385) 20131.0
(6452, 6453, 6454) 23443.0
(4885, 4886, 4887) 16286.0
(1007, 1008, 1009) 13004.0
(4612, 4613, 4614) 16704.0
(3467, 3468, 3469) 14936.0
(6150, 6151, 6152) 22198.0
(9511, 9512, 9513) 13795.0
(7126, 7127, 7128) 18725.0
(414, 415, 416) 18960.0
(8011, 8012, 8013) 15707.0
(4417, 4418, 4419) 22093.0
(4342, 4343, 4344) 16384.0
(859, 860, 861) 16657.0
(641, 642, 643) 20265.0
