(9733, 9734, 9735) 27342.0
(6739, 6740, 6741) 14748.0
(155, 156, 157) 20631.0
(8575, 8576, 8577) 21706.0
(7679, 7680, 7681) 15092.0
(9530, 9531, 9532) 23161.0
(9602, 9603, 9604) 14753.0
(1240, 1241, 1242) 17250.0
(7012, 7013, 7014) 21451.0
(8826, 8827, 8828) 24229.0
(3434, 3435, 3436) 20508.0
(2955, 2956, 2957) 12900.0
(1621, 1622, 1623) 17983.0
(188, 189, 190) 18355.0
(6044, 6045, 6046) 16654.0
(9303, 9304, 9305) 14150.0
(2280, 2281, 2282) 11140.0
(5479, 5480, 5481) 17010.0
(9540, 9541, 9542) 32623.0
(1023, 1024, 1025) 20618.0
(9319, 9320, 9321) 26978.0
(3004, 3005, 3006) 17477.0
(2995, 2996, 2997) 19489.0
(8969, 8970, 8971) 12386.0
(8094, 8095, 8096) 18541.0
(9827, 9828, 9829) 22074.0
(1856, 1857, 1858) 21304.0
(211, 212, 213) 13960.0
(2643, 2644, 2645) 20345.0
(6051, 6052, 6053) 19875.0
(4900, 4901, 4902) 15990.0
(4277, 4278, 4279) 21773.0
(3758, 3759, 3760) 19707.0
(6377, 6378, 6379) 18264.0
(1252, 1253, 1254) 17374.0
(6371, 6372, 6373) 16138.0
(503, 504, 505) 15207.0
(2010, 2011, 2012) 20148.0
(6560, 6561, 6562) 14101.0
(6471, 6472, 6473) 19604.0
(9841, 9842, 9843) 19434.0
(5606, 5607, 5608) 17683.0
(6726, 6727, 6728) 24220.0
(4836, 4837, 4838) 20284.0
(604, 605, 606) 20303.0
(1429, 1430, 1431) 14510.0
(9288, 9289, 9290) 17845.0
(8474, 8475, 8476) 16751.0
(1233, 1234, 1235) 12722.0
(3746, 3747, 3748) 18748.0
(635, 636, 637) 19489.0
(3349, 3350, 3351) 23274.0
(2210, 2211, 2212) 11478.0
(8309, 8310, 8311) 12444.0
(4326, 4327, 4328) 18461.0
(450, 451, 452) 16012.0
(6676, 6677, 6678) 23607.0
(1455, 1456, 1457) 17285.0
(3146, 3147, 3148) 21890.0
(7940, 7941, 7942) 15250.0
(4449, 4450, 4451) 17795.0
(379, 380, 381) 24255.0
(7693, 7694, 7695) 19539.0
(3399, 3400, 3401) 18626.0
(7964, 7965, 7966) 14674.0
(8676, 8677, 8678) 18413.0
(4592, 4593, 4594) 13264.0
(254, 255, 256) 14403.0
(431, 432, 433) 17030.0
(6619, 6620, 6621) 19792.0
(7673, 7674, 7675) 19005.0
(4032, 4033, 4034) 19201.0
(4426, 4427, 4428) 18435.0
(1085, 1086, 1087) 17641.0
(3665, 3666, 3667) 18677.0
(3438, 3439, 3440) 18955.0
(7296, 7297, 7298) 18497.0
(2703, 2704, 2705) 19126.0
(8879, 8880, 8881) 15063.0
(6369, 6370, 6371) 17880.0
(4945, 4946, 4947) 14793.0
(8460, 8461, 8462) 23325.0
(4662, 4663, 4664) 18105.0
(160, 161, 162) 14121.0
(6637, 6638, 6639) 16164.0
(7765, 7766, 7767) 28112.0
(1623, 1624, 1625) 19541.0
(742, 743, 744) 18554.0
(7390, 7391, 7392) 24100.0
(2055, 2056, 2057) 14171.0
(9729, 9730, 9731) 10047.0
(3771, 3772, 3773) 15275.0
(8934, 8935, 8936) 20607.0
(670, 671, 672) 21180.0
(8205, 8206, 8207) 18625.0
(2303, 2304, 2305) 13441.0
(566, 567, 568) 15317.0
(3243, 3244, 3245) 18708.0
(4893, 4894, 4895) 22126.0
(664, 665, 666) 16046.0
(357, 358, 359) 20413.0
