(103, 104, 105) 610.0
(4019, 4020, 4021) 510.0
(4946, 4947, 4948) 654.0
(809, 810, 811) 846.0
(139, 140, 141) 1067.0
(8482, 8483, 8484) 814.0
(7736, 7737, 7738) 579.0
(6067, 6068, 6069) 865.0
(3938, 3939, 3940) 644.0
(2647, 2648, 2649) 767.0
(3443, 3444, 3445) 1142.0
(3053, 3054, 3055) 846.0
(1622, 1623, 1624) 361.0
(1102, 1103, 1104) 743.0
(926, 927, 928) 535.0
(2821, 2822, 2823) 421.0
(6831, 6832, 6833) 1130.0
(9700, 9701, 9702) 561.0
(1127, 1128, 1129) 572.0
(7427, 7428, 7429) 650.0
(3003, 3004, 3005) 505.0
(6422, 6423, 6424) 836.0
(9776, 9777, 9778) 476.0
(162, 163, 164) 686.0
(2839, 2840, 2841) 1413.0
(7328, 7329, 7330) 873.0
(4879, 4880, 4881) 698.0
(7318, 7319, 7320) 925.0
(8340, 8341, 8342) 505.0
(9742, 9743, 9744) 789.0
(4901, 4902, 4903) 493.0
(5823, 5824, 5825) 643.0
(2455, 2456, 2457) 782.0
(835, 836, 837) 852.0
(213, 214, 215) 646.0
(3461, 3462, 3463) 551.0
(2229, 2230, 2231) 1116.0
(2623, 2624, 2625) 1278.0
(1916, 1917, 1918) 619.0
(8642, 8643, 8644) 808.0
(7805, 7806, 7807) 461.0
(8287, 8288, 8289) 744.0
(638, 639, 640) 963.0
(1992, 1993, 1994) 844.0
(3705, 3706, 3707) 510.0
(4883, 4884, 4885) 796.0
(6943, 6944, 6945) 966.0
(1430, 1431, 1432) 905.0
(8960, 8961, 8962) 852.0
(7825, 7826, 7827) 667.0
(5626, 5627, 5628) 1296.0
(9295, 9296, 9297) 754.0
(1939, 1940, 1941) 1465.0
(2096, 2097, 2098) 816.0
(6457, 6458, 6459) 576.0
(9322, 9323, 9324) 700.0
(3202, 3203, 3204) 744.0
(6495, 6496, 6497) 929.0
(518, 519, 520) 667.0
(3638, 3639, 3640) 854.0
(8414, 8415, 8416) 773.0
(7982, 7983, 7984) 535.0
(1718, 1719, 1720) 803.0
(9163, 9164, 9165) 573.0
(9980, 9981, 9982) 464.0
(6737, 6738, 6739) 568.0
(6834, 6835, 6836) 738.0
(6512, 6513, 6514) 450.0
(8279, 8280, 8281) 926.0
(4294, 4295, 4296) 409.0
(4988, 4989, 4990) 845.0
(4609, 4610, 4611) 732.0
(7922, 7923, 7924) 398.0
(2906, 2907, 2908) 586.0
(5329, 5330, 5331) 869.0
(6174, 6175, 6176) 856.0
(1554, 1555, 1556) 692.0
(1453, 1454, 1455) 634.0
(2948, 2949, 2950) 1041.0
(8437, 8438, 8439) 441.0
(5759, 5760, 5761) 974.0
(7226, 7227, 7228) 360.0
(6320, 6321, 6322) 626.0
(8181, 8182, 8183) 771.0
(4460, 4461, 4462) 632.0
(4034, 4035, 4036) 865.0
(992, 993, 994) 829.0
(8799, 8800, 8801) 753.0
(7614, 7615, 7616) 534.0
(2272, 2273, 2274) 727.0
(7687, 7688, 7689) 481.0
(1460, 1461, 1462) 301.0
(4411, 4412, 4413) 441.0
(9354, 9355, 9356) 568.0
(8583, 8584, 8585) 625.0
(8939, 8940, 8941) 782.0
(4588, 4589, 4590) 722.0
(5739, 5740, 5741) 846.0
(4978, 4979, 4980) 843.0
(6220, 6221, 6222) 683.0
(8764, 8765, 8766) 1080.0
