(8042, 8043, 8044) 16376.0
(8952, 8953, 8954) 17723.0
(1761, 1762, 1763) 15712.0
(6445, 6446, 6447) 24449.0
(2558, 2559, 2560) 14786.0
(2022, 2023, 2024) 15803.0
(5028, 5029, 5030) 17962.0
(6625, 6626, 6627) 20864.0
(6119, 6120, 6121) 21959.0
(3715, 3716, 3717) 14341.0
(5337, 5338, 5339) 15930.0
(6162, 6163, 6164) 21607.0
(6301, 6302, 6303) 21206.0
(7667, 7668, 7669) 20308.0
(1662, 1663, 1664) 22157.0
(6561, 6562, 6563) 20608.0
(9104, 9105, 9106) 25423.0
(3030, 3031, 3032) 25603.0
(1169, 1170, 1171) 18945.0
(7072, 7073, 7074) 19575.0
(740, 741, 742) 21072.0
(3758, 3759, 3760) 21511.0
(571, 572, 573) 19665.0
(9725, 9726, 9727) 21553.0
(9473, 9474, 9475) 17468.0
(8739, 8740, 8741) 21634.0
(1455, 1456, 1457) 17909.0
(99, 100, 101) 20579.0
(1922, 1923, 1924) 14730.0
(1038, 1039, 1040) 18499.0
(4159, 4160, 4161) 18671.0
(6132, 6133, 6134) 23126.0
(7147, 7148, 7149) 15596.0
(8174, 8175, 8176) 23047.0
(8437, 8438, 8439) 24724.0
(7821, 7822, 7823) 15845.0
(8656, 8657, 8658) 18984.0
(2215, 2216, 2217) 23976.0
(9359, 9360, 9361) 21353.0
(4045, 4046, 4047) 21284.0
(7371, 7372, 7373) 19692.0
(7737, 7738, 7739) 26860.0
(6634, 6635, 6636) 20364.0
(653, 654, 655) 18668.0
(4593, 4594, 4595) 24042.0
(6445, 6446, 6447) 24449.0
(8128, 8129, 8130) 19383.0
(139, 140, 141) 22054.0
(8922, 8923, 8924) 23232.0
(6600, 6601, 6602) 24472.0
(9363, 9364, 9365) 17596.0
(8019, 8020, 8021) 18407.0
(7581, 7582, 7583) 17965.0
(1253, 1254, 1255) 21154.0
(165, 166, 167) 20390.0
(1708, 1709, 1710) 16105.0
(3614, 3615, 3616) 23211.0
(2752, 2753, 2754) 14107.0
(8126, 8127, 8128) 20593.0
(2453, 2454, 2455) 19748.0
(4004, 4005, 4006) 17746.0
(7035, 7036, 7037) 21111.0
(9855, 9856, 9857) 18939.0
(2598, 2599, 2600) 26751.0
(5581, 5582, 5583) 15716.0
(7203, 7204, 7205) 19586.0
(1334, 1335, 1336) 16494.0
(7859, 7860, 7861) 17686.0
(3114, 3115, 3116) 22005.0
(7925, 7926, 7927) 22777.0
(864, 865, 866) 16678.0
(9456, 9457, 9458) 22442.0
(2282, 2283, 2284) 20966.0
(9462, 9463, 9464) 16431.0
(6426, 6427, 6428) 15688.0
(5974, 5975, 5976) 22341.0
(9788, 9789, 9790) 18170.0
(9845, 9846, 9847) 20100.0
(3986, 3987, 3988) 17940.0
(5704, 5705, 5706) 23852.0
(9591, 9592, 9593) 21658.0
(8755, 8756, 8757) 14353.0
(7665, 7666, 7667) 21136.0
(9769, 9770, 9771) 20210.0
(7537, 7538, 7539) 20782.0
(9575, 9576, 9577) 19931.0
(674, 675, 676) 15672.0
(2289, 2290, 2291) 18179.0
(1810, 1811, 1812) 21989.0
(6114, 6115, 6116) 17718.0
(7375, 7376, 7377) 16485.0
(1218, 1219, 1220) 21799.0
(7745, 7746, 7747) 19674.0
(3443, 3444, 3445) 24225.0
(2983, 2984, 2985) 23507.0
(3591, 3592, 3593) 24864.0
(3934, 3935, 3936) 20589.0
(8072, 8073, 8074) 20472.0
(8244, 8245, 8246) 26048.0
(7407, 7408, 7409) 16745.0
(3231, 3232, 3233) 21368.0
