(3470, 3471, 3472) 26227.0
(2065, 2066, 2067) 27914.0
(648, 649, 650) 23599.0
(1903, 1904, 1905) 20801.0
(2074, 2075, 2076) 21354.0
(5528, 5529, 5530) 17615.0
(7269, 7270, 7271) 18828.0
(402, 403, 404) 16491.0
(887, 888, 889) 25382.0
(9182, 9183, 9184) 25329.0
(8220, 8221, 8222) 26148.0
(7261, 7262, 7263) 21945.0
(4904, 4905, 4906) 27712.0
(2222, 2223, 2224) 20348.0
(2939, 2940, 2941) 19646.0
(3813, 3814, 3815) 20063.0
(2802, 2803, 2804) 24698.0
(2041, 2042, 2043) 21219.0
(4386, 4387, 4388) 21649.0
(6896, 6897, 6898) 27388.0
(8068, 8069, 8070) 24086.0
(4988, 4989, 4990) 18824.0
(352, 353, 354) 18422.0
(6616, 6617, 6618) 22352.0
(1286, 1287, 1288) 14624.0
(1177, 1178, 1179) 21435.0
(8702, 8703, 8704) 11669.0
(7022, 7023, 7024) 13660.0
(1090, 1091, 1092) 22201.0
(1321, 1322, 1323) 21600.0
(1865, 1866, 1867) 23230.0
(2543, 2544, 2545) 19242.0
(2694, 2695, 2696) 25904.0
(4707, 4708, 4709) 28936.0
(6971, 6972, 6973) 20092.0
(3569, 3570, 3571) 23515.0
(8899, 8900, 8901) 19562.0
(3823, 3824, 3825) 29692.0
(6393, 6394, 6395) 23349.0
(8516, 8517, 8518) 29760.0
(9598, 9599, 9600) 18694.0
(8339, 8340, 8341) 26255.0
(2505, 2506, 2507) 17525.0
(9218, 9219, 9220) 17075.0
(736, 737, 738) 13320.0
(4023, 4024, 4025) 26263.0
(5588, 5589, 5590) 26824.0
(5311, 5312, 5313) 11046.0
(3020, 3021, 3022) 19745.0
(4050, 4051, 4052) 23798.0
(1469, 1470, 1471) 24517.0
(6309, 6310, 6311) 18441.0
(9012, 9013, 9014) 18635.0
(80, 81, 82) 22815.0
(724, 725, 726) 15979.0
(5014, 5015, 5016) 18226.0
(7056, 7057, 7058) 24907.0
(3289, 3290, 3291) 17769.0
(5265, 5266, 5267) 21186.0
(4964, 4965, 4966) 18059.0
(6978, 6979, 6980) 29072.0
(7771, 7772, 7773) 19569.0
(3387, 3388, 3389) 19353.0
(5826, 5827, 5828) 23418.0
(5656, 5657, 5658) 24359.0
(5816, 5817, 5818) 19764.0
(3251, 3252, 3253) 22441.0
(7796, 7797, 7798) 17758.0
(138, 139, 140) 24282.0
(5040, 5041, 5042) 24002.0
(5609, 5610, 5611) 26154.0
(6533, 6534, 6535) 28554.0
(5875, 5876, 5877) 18770.0
(5268, 5269, 5270) 19346.0
(1905, 1906, 1907) 15887.0
(3428, 3429, 3430) 15765.0
(5450, 5451, 5452) 16806.0
(4913, 4914, 4915) 13632.0
(4674, 4675, 4676) 20094.0
(1663, 1664, 1665) 22868.0
(745, 746, 747) 26801.0
(5859, 5860, 5861) 25000.0
(1121, 1122, 1123) 27933.0
(8273, 8274, 8275) 18942.0
(7848, 7849, 7850) 17531.0
(9405, 9406, 9407) 22595.0
(274, 275, 276) 14847.0
(9117, 9118, 9119) 15676.0
(5316, 5317, 5318) 20159.0
(3434, 3435, 3436) 21238.0
(1024, 1025, 1026) 18653.0
(6904, 6905, 6906) 19768.0
(6270, 6271, 6272) 20079.0
(8929, 8930, 8931) 29520.0
(8934, 8935, 8936) 22043.0
(9260, 9261, 9262) 18958.0
(7612, 7613, 7614) 17505.0
(6101, 6102, 6103) 20961.0
(7109, 7110, 7111) 18609.0
(271, 272, 273) 23022.0
(9365, 9366, 9367) 22252.0
