(6337, 6338, 6339) 18253.0
(84, 85, 86) 27448.0
(9704, 9705, 9706) 24219.0
(1848, 1849, 1850) 27554.0
(8422, 8423, 8424) 29929.0
(121, 122, 123) 22784.0
(2839, 2840, 2841) 21957.0
(3584, 3585, 3586) 21117.0
(1010, 1011, 1012) 17818.0
(6279, 6280, 6281) 19044.0
(2775, 2776, 2777) 20576.0
(2815, 2816, 2817) 25273.0
(3975, 3976, 3977) 22907.0
(8444, 8445, 8446) 20380.0
(8117, 8118, 8119) 18477.0
(8217, 8218, 8219) 17412.0
(3819, 3820, 3821) 21036.0
(1963, 1964, 1965) 22491.0
(6555, 6556, 6557) 18928.0
(6778, 6779, 6780) 28673.0
(8683, 8684, 8685) 15688.0
(833, 834, 835) 20367.0
(1295, 1296, 1297) 18101.0
(2188, 2189, 2190) 23811.0
(2539, 2540, 2541) 20835.0
(6147, 6148, 6149) 10926.0
(4838, 4839, 4840) 13397.0
(229, 230, 231) 32293.0
(1049, 1050, 1051) 20892.0
(9814, 9815, 9816) 24100.0
(9976, 9977, 9978) 23421.0
(5091, 5092, 5093) 22762.0
(1344, 1345, 1346) 16448.0
(8098, 8099, 8100) 16776.0
(7371, 7372, 7373) 20796.0
(8438, 8439, 8440) 23719.0
(1110, 1111, 1112) 29550.0
(6463, 6464, 6465) 19477.0
(782, 783, 784) 20383.0
(1042, 1043, 1044) 21358.0
(598, 599, 600) 22088.0
(3806, 3807, 3808) 17045.0
(7986, 7987, 7988) 16300.0
(7058, 7059, 7060) 16446.0
(6636, 6637, 6638) 24021.0
(3245, 3246, 3247) 24766.0
(7468, 7469, 7470) 19472.0
(6344, 6345, 6346) 14264.0
(4726, 4727, 4728) 21681.0
(1532, 1533, 1534) 20762.0
(5324, 5325, 5326) 22146.0
(8336, 8337, 8338) 15646.0
(87, 88, 89) 18096.0
(2246, 2247, 2248) 18669.0
(1188, 1189, 1190) 24364.0
(6275, 6276, 6277) 23661.0
(3753, 3754, 3755) 28298.0
(2462, 2463, 2464) 16684.0
(6528, 6529, 6530) 22462.0
(1714, 1715, 1716) 16195.0
(6963, 6964, 6965) 20616.0
(7233, 7234, 7235) 20432.0
(7278, 7279, 7280) 21558.0
(1828, 1829, 1830) 16174.0
(8752, 8753, 8754) 14247.0
(3135, 3136, 3137) 19327.0
(3062, 3063, 3064) 28023.0
(2647, 2648, 2649) 32509.0
(137, 138, 139) 19319.0
(4364, 4365, 4366) 18154.0
(1565, 1566, 1567) 20152.0
(7367, 7368, 7369) 20244.0
(1176, 1177, 1178) 28499.0
(2354, 2355, 2356) 14131.0
(1462, 1463, 1464) 14399.0
(6197, 6198, 6199) 21508.0
(4525, 4526, 4527) 21277.0
(3293, 3294, 3295) 23853.0
(9464, 9465, 9466) 20560.0
(3850, 3851, 3852) 22224.0
(4561, 4562, 4563) 23190.0
(3428, 3429, 3430) 15906.0
(5325, 5326, 5327) 17221.0
(12, 13, 14) 20153.0
(1860, 1861, 1862) 27703.0
(5014, 5015, 5016) 18835.0
(5599, 5600, 5601) 21034.0
(296, 297, 298) 32994.0
(1664, 1665, 1666) 17717.0
(5532, 5533, 5534) 18830.0
(1089, 1090, 1091) 24817.0
(772, 773, 774) 17582.0
(1833, 1834, 1835) 18869.0
(4856, 4857, 4858) 20179.0
(9537, 9538, 9539) 16293.0
(7484, 7485, 7486) 16703.0
(327, 328, 329) 19341.0
(7215, 7216, 7217) 23697.0
(1251, 1252, 1253) 27981.0
(7383, 7384, 7385) 18809.0
(3608, 3609, 3610) 21791.0
