(8658, 8659, 8660) 18983.0
(734, 735, 736) 25226.0
(264, 265, 266) 20499.0
(109, 110, 111) 23555.0
(6816, 6817, 6818) 23757.0
(1893, 1894, 1895) 22384.0
(3392, 3393, 3394) 20598.0
(4873, 4874, 4875) 21593.0
(4996, 4997, 4998) 26182.0
(412, 413, 414) 25428.0
(1343, 1344, 1345) 20581.0
(6706, 6707, 6708) 14729.0
(761, 762, 763) 26399.0
(6162, 6163, 6164) 24339.0
(5546, 5547, 5548) 19401.0
(7349, 7350, 7351) 17725.0
(6077, 6078, 6079) 20687.0
(2821, 2822, 2823) 24210.0
(8460, 8461, 8462) 27655.0
(1527, 1528, 1529) 21765.0
(8247, 8248, 8249) 20458.0
(3890, 3891, 3892) 23591.0
(3305, 3306, 3307) 25614.0
(8645, 8646, 8647) 19138.0
(1097, 1098, 1099) 26714.0
(9366, 9367, 9368) 23196.0
(9313, 9314, 9315) 29137.0
(7396, 7397, 7398) 26920.0
(552, 553, 554) 22613.0
(8074, 8075, 8076) 20429.0
(3633, 3634, 3635) 18885.0
(4184, 4185, 4186) 18223.0
(2031, 2032, 2033) 20230.0
(5358, 5359, 5360) 21623.0
(6417, 6418, 6419) 26809.0
(6700, 6701, 6702) 20952.0
(3455, 3456, 3457) 24312.0
(9596, 9597, 9598) 25016.0
(1839, 1840, 1841) 22070.0
(8536, 8537, 8538) 24787.0
(2792, 2793, 2794) 20951.0
(2902, 2903, 2904) 20204.0
(1558, 1559, 1560) 17579.0
(6507, 6508, 6509) 21894.0
(1392, 1393, 1394) 26242.0
(3848, 3849, 3850) 21103.0
(3210, 3211, 3212) 18886.0
(8279, 8280, 8281) 26534.0
(4104, 4105, 4106) 26012.0
(7657, 7658, 7659) 22317.0
(4871, 4872, 4873) 21594.0
(1887, 1888, 1889) 24995.0
(5893, 5894, 5895) 13656.0
(1731, 1732, 1733) 27779.0
(5602, 5603, 5604) 19790.0
(7049, 7050, 7051) 20385.0
(6693, 6694, 6695) 16238.0
(606, 607, 608) 19155.0
(3659, 3660, 3661) 22524.0
(526, 527, 528) 25689.0
(8248, 8249, 8250) 24661.0
(1553, 1554, 1555) 19863.0
(3244, 3245, 3246) 21691.0
(5522, 5523, 5524) 29050.0
(96, 97, 98) 17958.0
(1905, 1906, 1907) 18485.0
(9178, 9179, 9180) 25132.0
(4911, 4912, 4913) 17950.0
(3947, 3948, 3949) 15597.0
(4218, 4219, 4220) 16396.0
(5023, 5024, 5025) 27314.0
(4174, 4175, 4176) 24790.0
(7402, 7403, 7404) 22552.0
(8769, 8770, 8771) 22563.0
(1204, 1205, 1206) 24026.0
(6920, 6921, 6922) 21040.0
(9920, 9921, 9922) 19191.0
(8283, 8284, 8285) 16280.0
(2551, 2552, 2553) 18806.0
(1404, 1405, 1406) 18398.0
(1770, 1771, 1772) 23579.0
(5028, 5029, 5030) 19454.0
(6794, 6795, 6796) 28875.0
(6240, 6241, 6242) 25333.0
(611, 612, 613) 25164.0
(1911, 1912, 1913) 25804.0
(3489, 3490, 3491) 20659.0
(3637, 3638, 3639) 20796.0
(3319, 3320, 3321) 29121.0
(6642, 6643, 6644) 22458.0
(3021, 3022, 3023) 21670.0
(2063, 2064, 2065) 28503.0
(4914, 4915, 4916) 18557.0
(3147, 3148, 3149) 20034.0
(1124, 1125, 1126) 17706.0
(2198, 2199, 2200) 21061.0
(4367, 4368, 4369) 26192.0
(5855, 5856, 5857) 12734.0
(8085, 8086, 8087) 21762.0
(3165, 3166, 3167) 18947.0
(6820, 6821, 6822) 25329.0
