(2919, 2920, 2921) 22208.0
(4268, 4269, 4270) 25902.0
(4929, 4930, 4931) 23751.0
(855, 856, 857) 18628.0
(2175, 2176, 2177) 26176.0
(5740, 5741, 5742) 26143.0
(4442, 4443, 4444) 23182.0
(3072, 3073, 3074) 29261.0
(8163, 8164, 8165) 22858.0
(1443, 1444, 1445) 23685.0
(3820, 3821, 3822) 21183.0
(7083, 7084, 7085) 22986.0
(838, 839, 840) 19023.0
(4625, 4626, 4627) 21576.0
(6570, 6571, 6572) 19145.0
(8237, 8238, 8239) 20553.0
(9088, 9089, 9090) 15200.0
(2710, 2711, 2712) 23991.0
(3459, 3460, 3461) 20803.0
(959, 960, 961) 15286.0
(2305, 2306, 2307) 24158.0
(7077, 7078, 7079) 20063.0
(353, 354, 355) 20910.0
(1452, 1453, 1454) 21362.0
(5458, 5459, 5460) 27270.0
(2308, 2309, 2310) 25843.0
(2066, 2067, 2068) 31041.0
(1773, 1774, 1775) 21639.0
(6507, 6508, 6509) 23184.0
(9441, 9442, 9443) 24837.0
(631, 632, 633) 27678.0
(656, 657, 658) 22856.0
(3116, 3117, 3118) 21395.0
(4789, 4790, 4791) 25641.0
(4643, 4644, 4645) 15769.0
(4307, 4308, 4309) 25594.0
(8314, 8315, 8316) 25039.0
(5590, 5591, 5592) 29405.0
(3414, 3415, 3416) 22489.0
(9380, 9381, 9382) 17222.0
(8743, 8744, 8745) 19877.0
(8138, 8139, 8140) 18498.0
(3183, 3184, 3185) 27445.0
(6857, 6858, 6859) 23663.0
(3612, 3613, 3614) 27029.0
(4653, 4654, 4655) 20476.0
(3559, 3560, 3561) 19895.0
(338, 339, 340) 20538.0
(2166, 2167, 2168) 21884.0
(7488, 7489, 7490) 22627.0
(2234, 2235, 2236) 26306.0
(9508, 9509, 9510) 13916.0
(444, 445, 446) 26527.0
(4335, 4336, 4337) 22343.0
(3920, 3921, 3922) 19011.0
(3841, 3842, 3843) 18784.0
(1178, 1179, 1180) 18686.0
(1237, 1238, 1239) 18067.0
(3199, 3200, 3201) 21985.0
(604, 605, 606) 24653.0
(216, 217, 218) 17745.0
(4738, 4739, 4740) 20472.0
(9894, 9895, 9896) 14477.0
(357, 358, 359) 23716.0
(7217, 7218, 7219) 27268.0
(3539, 3540, 3541) 23855.0
(6357, 6358, 6359) 24764.0
(7423, 7424, 7425) 20582.0
(4444, 4445, 4446) 17203.0
(391, 392, 393) 20244.0
(3408, 3409, 3410) 30115.0
(5646, 5647, 5648) 26867.0
(9700, 9701, 9702) 18192.0
(1288, 1289, 1290) 20881.0
(2506, 2507, 2508) 23693.0
(7118, 7119, 7120) 27248.0
(2550, 2551, 2552) 28912.0
(8943, 8944, 8945) 17961.0
(6281, 6282, 6283) 15019.0
(1364, 1365, 1366) 26637.0
(6884, 6885, 6886) 21399.0
(3265, 3266, 3267) 24341.0
(2419, 2420, 2421) 22596.0
(1235, 1236, 1237) 18564.0
(3254, 3255, 3256) 15452.0
(6881, 6882, 6883) 26930.0
(9502, 9503, 9504) 23521.0
(1501, 1502, 1503) 24378.0
(3235, 3236, 3237) 24923.0
(2388, 2389, 2390) 21965.0
(4485, 4486, 4487) 25841.0
(754, 755, 756) 25133.0
(6783, 6784, 6785) 25149.0
(2083, 2084, 2085) 18208.0
(9249, 9250, 9251) 18485.0
(4055, 4056, 4057) 21465.0
(7274, 7275, 7276) 24806.0
(8482, 8483, 8484) 21398.0
(359, 360, 361) 25081.0
(7773, 7774, 7775) 22018.0
(2120, 2121, 2122) 18635.0
