(5301, 5302, 5303) 24239.0
(9110, 9111, 9112) 21936.0
(7877, 7878, 7879) 16458.0
(4721, 4722, 4723) 21884.0
(6706, 6707, 6708) 16245.0
(1746, 1747, 1748) 21320.0
(2769, 2770, 2771) 30500.0
(8009, 8010, 8011) 24287.0
(3773, 3774, 3775) 23087.0
(231, 232, 233) 22723.0
(4842, 4843, 4844) 25773.0
(208, 209, 210) 23857.0
(5520, 5521, 5522) 23809.0
(5629, 5630, 5631) 24142.0
(4829, 4830, 4831) 20238.0
(7024, 7025, 7026) 30322.0
(715, 716, 717) 18107.0
(935, 936, 937) 29042.0
(6600, 6601, 6602) 26875.0
(5157, 5158, 5159) 29421.0
(3899, 3900, 3901) 22789.0
(5278, 5279, 5280) 20552.0
(8651, 8652, 8653) 24097.0
(7406, 7407, 7408) 23205.0
(3255, 3256, 3257) 26681.0
(4505, 4506, 4507) 20391.0
(2855, 2856, 2857) 27948.0
(5125, 5126, 5127) 26021.0
(5468, 5469, 5470) 35200.0
(3579, 3580, 3581) 29997.0
(1257, 1258, 1259) 29820.0
(2186, 2187, 2188) 33717.0
(4317, 4318, 4319) 19998.0
(4048, 4049, 4050) 15888.0
(9428, 9429, 9430) 20711.0
(540, 541, 542) 24741.0
(4772, 4773, 4774) 20817.0
(4223, 4224, 4225) 18820.0
(5243, 5244, 5245) 18636.0
(9554, 9555, 9556) 31261.0
(9391, 9392, 9393) 17821.0
(1790, 1791, 1792) 26686.0
(2044, 2045, 2046) 23341.0
(6562, 6563, 6564) 26170.0
(2309, 2310, 2311) 20420.0
(8738, 8739, 8740) 18537.0
(828, 829, 830) 24392.0
(1283, 1284, 1285) 30511.0
(9279, 9280, 9281) 28767.0
(3609, 3610, 3611) 23124.0
(9129, 9130, 9131) 19717.0
(2134, 2135, 2136) 20567.0
(3049, 3050, 3051) 15721.0
(7452, 7453, 7454) 28714.0
(459, 460, 461) 25875.0
(7198, 7199, 7200) 26669.0
(7777, 7778, 7779) 24294.0
(6326, 6327, 6328) 27546.0
(2182, 2183, 2184) 27175.0
(8938, 8939, 8940) 20602.0
(7142, 7143, 7144) 25535.0
(486, 487, 488) 25926.0
(9176, 9177, 9178) 23026.0
(6099, 6100, 6101) 23900.0
(1729, 1730, 1731) 28275.0
(2717, 2718, 2719) 21241.0
(5565, 5566, 5567) 29003.0
(4564, 4565, 4566) 17727.0
(4420, 4421, 4422) 25554.0
(4887, 4888, 4889) 23233.0
(193, 194, 195) 21655.0
(906, 907, 908) 26063.0
(7299, 7300, 7301) 21071.0
(5964, 5965, 5966) 23565.0
(5358, 5359, 5360) 22236.0
(703, 704, 705) 23579.0
(9594, 9595, 9596) 28367.0
(5663, 5664, 5665) 18481.0
(4165, 4166, 4167) 17507.0
(9272, 9273, 9274) 20500.0
(5789, 5790, 5791) 25039.0
(7030, 7031, 7032) 22026.0
(656, 657, 658) 23297.0
(158, 159, 160) 21996.0
(3863, 3864, 3865) 25951.0
(6198, 6199, 6200) 22713.0
(1833, 1834, 1835) 22956.0
(1652, 1653, 1654) 22082.0
(6525, 6526, 6527) 17434.0
(9739, 9740, 9741) 18772.0
(4073, 4074, 4075) 21022.0
(969, 970, 971) 27441.0
(6463, 6464, 6465) 23189.0
(7815, 7816, 7817) 21942.0
(7493, 7494, 7495) 27398.0
(5644, 5645, 5646) 26212.0
(4058, 4059, 4060) 25607.0
(2768, 2769, 2770) 20414.0
(8212, 8213, 8214) 24514.0
(4120, 4121, 4122) 20406.0
(9322, 9323, 9324) 37754.0
