(9243, 9244, 9245) 23598.0
(4144, 4145, 4146) 26162.0
(8802, 8803, 8804) 23799.0
(9542, 9543, 9544) 21691.0
(9278, 9279, 9280) 22045.0
(2327, 2328, 2329) 27708.0
(4644, 4645, 4646) 23013.0
(7867, 7868, 7869) 20080.0
(8624, 8625, 8626) 17615.0
(5766, 5767, 5768) 22483.0
(8253, 8254, 8255) 30838.0
(4357, 4358, 4359) 32721.0
(3403, 3404, 3405) 16226.0
(1929, 1930, 1931) 27773.0
(9625, 9626, 9627) 30336.0
(4756, 4757, 4758) 28310.0
(1269, 1270, 1271) 25118.0
(2897, 2898, 2899) 21084.0
(818, 819, 820) 28873.0
(8280, 8281, 8282) 24318.0
(2053, 2054, 2055) 26778.0
(1057, 1058, 1059) 27520.0
(7717, 7718, 7719) 21667.0
(290, 291, 292) 22498.0
(8966, 8967, 8968) 28190.0
(7538, 7539, 7540) 20554.0
(5271, 5272, 5273) 21066.0
(7112, 7113, 7114) 20905.0
(7424, 7425, 7426) 25020.0
(3575, 3576, 3577) 21225.0
(7356, 7357, 7358) 24577.0
(7590, 7591, 7592) 33305.0
(4170, 4171, 4172) 21833.0
(2086, 2087, 2088) 28172.0
(513, 514, 515) 28498.0
(122, 123, 124) 29113.0
(3539, 3540, 3541) 25063.0
(4255, 4256, 4257) 22473.0
(6440, 6441, 6442) 27761.0
(1855, 1856, 1857) 29203.0
(4700, 4701, 4702) 24650.0
(8016, 8017, 8018) 25252.0
(4123, 4124, 4125) 23277.0
(1496, 1497, 1498) 23886.0
(7447, 7448, 7449) 22973.0
(1644, 1645, 1646) 21339.0
(7453, 7454, 7455) 21839.0
(4416, 4417, 4418) 25108.0
(6442, 6443, 6444) 19463.0
(7058, 7059, 7060) 19612.0
(1677, 1678, 1679) 26026.0
(6073, 6074, 6075) 24848.0
(9359, 9360, 9361) 30847.0
(9484, 9485, 9486) 27643.0
(2164, 2165, 2166) 26913.0
(7595, 7596, 7597) 20539.0
(2035, 2036, 2037) 18927.0
(4827, 4828, 4829) 27163.0
(6811, 6812, 6813) 18468.0
(714, 715, 716) 35191.0
(4382, 4383, 4384) 23546.0
(1151, 1152, 1153) 29633.0
(2264, 2265, 2266) 25504.0
(5064, 5065, 5066) 34543.0
(9582, 9583, 9584) 18503.0
(5859, 5860, 5861) 31107.0
(4088, 4089, 4090) 28414.0
(9451, 9452, 9453) 24715.0
(6460, 6461, 6462) 24104.0
(5279, 5280, 5281) 23707.0
(8073, 8074, 8075) 30924.0
(7274, 7275, 7276) 25467.0
(5586, 5587, 5588) 21150.0
(8141, 8142, 8143) 24203.0
(2758, 2759, 2760) 26901.0
(919, 920, 921) 20456.0
(2764, 2765, 2766) 22049.0
(5303, 5304, 5305) 25365.0
(7757, 7758, 7759) 25185.0
(6810, 6811, 6812) 21364.0
(8108, 8109, 8110) 22107.0
(1829, 1830, 1831) 31572.0
(6683, 6684, 6685) 27305.0
(7490, 7491, 7492) 34504.0
(4234, 4235, 4236) 22955.0
(9808, 9809, 9810) 29945.0
(3723, 3724, 3725) 29456.0
(1770, 1771, 1772) 25576.0
(7619, 7620, 7621) 19326.0
(3043, 3044, 3045) 25509.0
(2023, 2024, 2025) 29807.0
(3974, 3975, 3976) 26213.0
(2416, 2417, 2418) 28366.0
(2769, 2770, 2771) 30615.0
(3896, 3897, 3898) 24769.0
(7720, 7721, 7722) 26823.0
(1967, 1968, 1969) 37442.0
(7760, 7761, 7762) 26162.0
(1256, 1257, 1258) 29026.0
(5908, 5909, 5910) 20370.0
(7090, 7091, 7092) 27480.0
