(6621, 6622, 6623) 25003.0
(2142, 2143, 2144) 28471.0
(9155, 9156, 9157) 22447.0
(7056, 7057, 7058) 30573.0
(5987, 5988, 5989) 17913.0
(8326, 8327, 8328) 25267.0
(9542, 9543, 9544) 22379.0
(754, 755, 756) 26920.0
(6560, 6561, 6562) 21275.0
(1715, 1716, 1717) 17428.0
(7586, 7587, 7588) 29188.0
(8364, 8365, 8366) 26990.0
(3989, 3990, 3991) 32641.0
(250, 251, 252) 21220.0
(2845, 2846, 2847) 21367.0
(5286, 5287, 5288) 23042.0
(8941, 8942, 8943) 24132.0
(6540, 6541, 6542) 30352.0
(1178, 1179, 1180) 19455.0
(1745, 1746, 1747) 35697.0
(7636, 7637, 7638) 31990.0
(4720, 4721, 4722) 20783.0
(4120, 4121, 4122) 22713.0
(3051, 3052, 3053) 21839.0
(483, 484, 485) 30294.0
(3656, 3657, 3658) 29778.0
(7899, 7900, 7901) 22394.0
(3413, 3414, 3415) 27634.0
(4108, 4109, 4110) 25694.0
(9523, 9524, 9525) 28850.0
(4490, 4491, 4492) 28323.0
(4447, 4448, 4449) 22684.0
(1199, 1200, 1201) 24965.0
(7417, 7418, 7419) 24862.0
(4648, 4649, 4650) 29069.0
(812, 813, 814) 23297.0
(6841, 6842, 6843) 20955.0
(6717, 6718, 6719) 33583.0
(8442, 8443, 8444) 27654.0
(2941, 2942, 2943) 27056.0
(1474, 1475, 1476) 28137.0
(1117, 1118, 1119) 24677.0
(7015, 7016, 7017) 24957.0
(6457, 6458, 6459) 29156.0
(5552, 5553, 5554) 23997.0
(6080, 6081, 6082) 34918.0
(1267, 1268, 1269) 28890.0
(3519, 3520, 3521) 22122.0
(8443, 8444, 8445) 28258.0
(5588, 5589, 5590) 31865.0
(7863, 7864, 7865) 25076.0
(4187, 4188, 4189) 25138.0
(9222, 9223, 9224) 41560.0
(8227, 8228, 8229) 28433.0
(1268, 1269, 1270) 30730.0
(5098, 5099, 5100) 24728.0
(4174, 4175, 4176) 28863.0
(3759, 3760, 3761) 27292.0
(7750, 7751, 7752) 24181.0
(4867, 4868, 4869) 26634.0
(1501, 1502, 1503) 26726.0
(8728, 8729, 8730) 21570.0
(4026, 4027, 4028) 31901.0
(3617, 3618, 3619) 20859.0
(9075, 9076, 9077) 29244.0
(6861, 6862, 6863) 20331.0
(8035, 8036, 8037) 21404.0
(9563, 9564, 9565) 29823.0
(3304, 3305, 3306) 20603.0
(782, 783, 784) 23445.0
(7707, 7708, 7709) 24032.0
(5175, 5176, 5177) 32580.0
(4096, 4097, 4098) 29837.0
(343, 344, 345) 30339.0
(8012, 8013, 8014) 30517.0
(8911, 8912, 8913) 26962.0
(5337, 5338, 5339) 23103.0
(5982, 5983, 5984) 29480.0
(9110, 9111, 9112) 23331.0
(656, 657, 658) 26853.0
(1905, 1906, 1907) 20592.0
(1412, 1413, 1414) 26196.0
(829, 830, 831) 23338.0
(4592, 4593, 4594) 19695.0
(876, 877, 878) 27244.0
(6966, 6967, 6968) 33087.0
(5359, 5360, 5361) 26928.0
(9966, 9967, 9968) 37114.0
(1890, 1891, 1892) 25123.0
(4242, 4243, 4244) 21410.0
(5287, 5288, 5289) 26427.0
(6646, 6647, 6648) 20540.0
(5298, 5299, 5300) 26360.0
(717, 718, 719) 27335.0
(6993, 6994, 6995) 21628.0
(2333, 2334, 2335) 25248.0
(5179, 5180, 5181) 26897.0
(3555, 3556, 3557) 30991.0
(6230, 6231, 6232) 16885.0
(4403, 4404, 4405) 28176.0
(361, 362, 363) 32563.0
