(9921, 9922, 9923) 18689.0
(51, 52, 53) 36201.0
(446, 447, 448) 27067.0
(8870, 8871, 8872) 26965.0
(1671, 1672, 1673) 25082.0
(6980, 6981, 6982) 36093.0
(2602, 2603, 2604) 18594.0
(2291, 2292, 2293) 25619.0
(4522, 4523, 4524) 36822.0
(4997, 4998, 4999) 24117.0
(8025, 8026, 8027) 28890.0
(6602, 6603, 6604) 34910.0
(1816, 1817, 1818) 28391.0
(8403, 8404, 8405) 20077.0
(1306, 1307, 1308) 25943.0
(311, 312, 313) 23757.0
(9478, 9479, 9480) 33660.0
(6528, 6529, 6530) 28926.0
(2206, 2207, 2208) 21737.0
(9742, 9743, 9744) 21626.0
(626, 627, 628) 36373.0
(9989, 9990, 9991) 22927.0
(4333, 4334, 4335) 26249.0
(5455, 5456, 5457) 30177.0
(7936, 7937, 7938) 32224.0
(2804, 2805, 2806) 24879.0
(9736, 9737, 9738) 18936.0
(7016, 7017, 7018) 30584.0
(6357, 6358, 6359) 30453.0
(7430, 7431, 7432) 27754.0
(1497, 1498, 1499) 28071.0
(2179, 2180, 2181) 28729.0
(9125, 9126, 9127) 21740.0
(412, 413, 414) 27102.0
(8555, 8556, 8557) 18697.0
(8473, 8474, 8475) 22362.0
(8386, 8387, 8388) 27310.0
(5494, 5495, 5496) 27475.0
(5209, 5210, 5211) 24407.0
(7163, 7164, 7165) 24140.0
(91, 92, 93) 21476.0
(3989, 3990, 3991) 35704.0
(8874, 8875, 8876) 26592.0
(3128, 3129, 3130) 25343.0
(3737, 3738, 3739) 32462.0
(143, 144, 145) 31724.0
(2335, 2336, 2337) 39777.0
(3010, 3011, 3012) 26950.0
(5651, 5652, 5653) 26671.0
(7490, 7491, 7492) 37557.0
(2103, 2104, 2105) 23763.0
(1981, 1982, 1983) 30963.0
(7156, 7157, 7158) 33549.0
(2400, 2401, 2402) 29981.0
(1229, 1230, 1231) 22109.0
(7803, 7804, 7805) 27652.0
(1728, 1729, 1730) 30821.0
(1780, 1781, 1782) 21734.0
(5994, 5995, 5996) 31264.0
(1952, 1953, 1954) 22634.0
(5674, 5675, 5676) 20536.0
(7637, 7638, 7639) 31588.0
(3830, 3831, 3832) 31231.0
(9865, 9866, 9867) 19293.0
(2755, 2756, 2757) 27442.0
(8846, 8847, 8848) 30688.0
(6191, 6192, 6193) 32033.0
(3511, 3512, 3513) 26429.0
(1610, 1611, 1612) 21966.0
(9556, 9557, 9558) 32320.0
(1794, 1795, 1796) 31221.0
(2020, 2021, 2022) 25749.0
(6172, 6173, 6174) 24974.0
(9293, 9294, 9295) 26595.0
(9132, 9133, 9134) 22298.0
(7523, 7524, 7525) 28997.0
(124, 125, 126) 22573.0
(3133, 3134, 3135) 23007.0
(6059, 6060, 6061) 19846.0
(4987, 4988, 4989) 21858.0
(8471, 8472, 8473) 25789.0
(6495, 6496, 6497) 23007.0
(5344, 5345, 5346) 28353.0
(8999, 9000, 9001) 23997.0
(4588, 4589, 4590) 21653.0
(9235, 9236, 9237) 26059.0
(308, 309, 310) 23361.0
(5694, 5695, 5696) 25397.0
(4067, 4068, 4069) 31847.0
(567, 568, 569) 34665.0
(2851, 2852, 2853) 27377.0
(9667, 9668, 9669) 25384.0
(6646, 6647, 6648) 21113.0
(3240, 3241, 3242) 23544.0
(5213, 5214, 5215) 17956.0
(5601, 5602, 5603) 25812.0
(5561, 5562, 5563) 19465.0
(3211, 3212, 3213) 27994.0
(7178, 7179, 7180) 37415.0
(4198, 4199, 4200) 38839.0
(4711, 4712, 4713) 26435.0
