(5093, 5094, 5095) 19746.0
(7725, 7726, 7727) 26204.0
(9702, 9703, 9704) 20814.0
(2610, 2611, 2612) 24236.0
(8007, 8008, 8009) 28453.0
(1324, 1325, 1326) 29339.0
(605, 606, 607) 24487.0
(4728, 4729, 4730) 31860.0
(4804, 4805, 4806) 34847.0
(3062, 3063, 3064) 34805.0
(5120, 5121, 5122) 22419.0
(2305, 2306, 2307) 31043.0
(4230, 4231, 4232) 25021.0
(8050, 8051, 8052) 29825.0
(6269, 6270, 6271) 27522.0
(38, 39, 40) 31339.0
(1041, 1042, 1043) 28003.0
(2390, 2391, 2392) 25403.0
(6814, 6815, 6816) 39859.0
(9520, 9521, 9522) 22358.0
(6670, 6671, 6672) 21479.0
(8388, 8389, 8390) 23477.0
(8652, 8653, 8654) 25857.0
(847, 848, 849) 24888.0
(7166, 7167, 7168) 32985.0
(2621, 2622, 2623) 21833.0
(200, 201, 202) 35693.0
(1333, 1334, 1335) 36347.0
(1536, 1537, 1538) 20178.0
(8471, 8472, 8473) 27960.0
(1039, 1040, 1041) 44262.0
(5376, 5377, 5378) 26538.0
(6084, 6085, 6086) 33289.0
(9751, 9752, 9753) 28790.0
(4435, 4436, 4437) 23987.0
(4645, 4646, 4647) 23391.0
(829, 830, 831) 24362.0
(2965, 2966, 2967) 21762.0
(5374, 5375, 5376) 36040.0
(4066, 4067, 4068) 18765.0
(5333, 5334, 5335) 25688.0
(1414, 1415, 1416) 30840.0
(4728, 4729, 4730) 31860.0
(6574, 6575, 6576) 20268.0
(7951, 7952, 7953) 29014.0
(8938, 8939, 8940) 26706.0
(5030, 5031, 5032) 20420.0
(5948, 5949, 5950) 25450.0
(7748, 7749, 7750) 36832.0
(2032, 2033, 2034) 20849.0
(1109, 1110, 1111) 22534.0
(7397, 7398, 7399) 29487.0
(6116, 6117, 6118) 16072.0
(4244, 4245, 4246) 26849.0
(7461, 7462, 7463) 20545.0
(3035, 3036, 3037) 40511.0
(1761, 1762, 1763) 23001.0
(6533, 6534, 6535) 34702.0
(9533, 9534, 9535) 23432.0
(3729, 3730, 3731) 27947.0
(2122, 2123, 2124) 29849.0
(8401, 8402, 8403) 24508.0
(6147, 6148, 6149) 14471.0
(2935, 2936, 2937) 29237.0
(3952, 3953, 3954) 29851.0
(3187, 3188, 3189) 23213.0
(1694, 1695, 1696) 20550.0
(7646, 7647, 7648) 35896.0
(1921, 1922, 1923) 28704.0
(3017, 3018, 3019) 18441.0
(5482, 5483, 5484) 18649.0
(6800, 6801, 6802) 22138.0
(3195, 3196, 3197) 26137.0
(7039, 7040, 7041) 22419.0
(2581, 2582, 2583) 21992.0
(8316, 8317, 8318) 36834.0
(7735, 7736, 7737) 29062.0
(4528, 4529, 4530) 27391.0
(4384, 4385, 4386) 28935.0
(1971, 1972, 1973) 37455.0
(3625, 3626, 3627) 32968.0
(6046, 6047, 6048) 24910.0
(153, 154, 155) 32899.0
(1570, 1571, 1572) 28547.0
(3088, 3089, 3090) 30827.0
(7461, 7462, 7463) 20545.0
(9257, 9258, 9259) 24391.0
(8862, 8863, 8864) 28844.0
(7085, 7086, 7087) 37379.0
(3108, 3109, 3110) 21510.0
(9621, 9622, 9623) 30993.0
(7801, 7802, 7803) 28427.0
(4452, 4453, 4454) 23283.0
(7493, 7494, 7495) 34189.0
(6354, 6355, 6356) 30480.0
(5607, 5608, 5609) 31847.0
(7370, 7371, 7372) 20275.0
(5033, 5034, 5035) 29813.0
(7093, 7094, 7095) 20244.0
(1278, 1279, 1280) 28049.0
(9255, 9256, 9257) 20365.0
