(7258, 7259, 7260) 863.0
(4087, 4088, 4089) 1054.0
(4765, 4766, 4767) 1459.0
(4065, 4066, 4067) 1308.0
(7893, 7894, 7895) 996.0
(2198, 2199, 2200) 1727.0
(9190, 9191, 9192) 708.0
(772, 773, 774) 1028.0
(8977, 8978, 8979) 1579.0
(7711, 7712, 7713) 414.0
(7476, 7477, 7478) 890.0
(8644, 8645, 8646) 995.0
(8224, 8225, 8226) 1342.0
(7972, 7973, 7974) 1879.0
(4790, 4791, 4792) 966.0
(1719, 1720, 1721) 734.0
(3941, 3942, 3943) 1015.0
(1413, 1414, 1415) 553.0
(7000, 7001, 7002) 838.0
(7132, 7133, 7134) 952.0
(5049, 5050, 5051) 950.0
(630, 631, 632) 851.0
(1218, 1219, 1220) 1539.0
(9319, 9320, 9321) 1562.0
(4522, 4523, 4524) 919.0
(1698, 1699, 1700) 786.0
(2150, 2151, 2152) 978.0
(9190, 9191, 9192) 708.0
(1340, 1341, 1342) 736.0
(7427, 7428, 7429) 1147.0
(4951, 4952, 4953) 579.0
(4158, 4159, 4160) 952.0
(4323, 4324, 4325) 1280.0
(3065, 3066, 3067) 702.0
(2814, 2815, 2816) 1478.0
(8458, 8459, 8460) 942.0
(1930, 1931, 1932) 993.0
(3064, 3065, 3066) 588.0
(7545, 7546, 7547) 844.0
(9996, 9997, 9998) 1397.0
(4050, 4051, 4052) 557.0
(7098, 7099, 7100) 1479.0
(9187, 9188, 9189) 969.0
(3231, 3232, 3233) 1492.0
(500, 501, 502) 1472.0
(7969, 7970, 7971) 602.0
(3504, 3505, 3506) 725.0
(1292, 1293, 1294) 1011.0
(5479, 5480, 5481) 990.0
(9185, 9186, 9187) 1166.0
(3346, 3347, 3348) 852.0
(8595, 8596, 8597) 1164.0
(8833, 8834, 8835) 1553.0
(5906, 5907, 5908) 2206.0
(9745, 9746, 9747) 603.0
(5400, 5401, 5402) 780.0
(1951, 1952, 1953) 1416.0
(5705, 5706, 5707) 1260.0
(7676, 7677, 7678) 1344.0
(4493, 4494, 4495) 769.0
(788, 789, 790) 763.0
(4475, 4476, 4477) 900.0
(5011, 5012, 5013) 975.0
(4044, 4045, 4046) 1605.0
(8410, 8411, 8412) 1093.0
(9659, 9660, 9661) 1196.0
(178, 179, 180) 1365.0
(7503, 7504, 7505) 881.0
(1815, 1816, 1817) 993.0
(7389, 7390, 7391) 734.0
(8992, 8993, 8994) 1105.0
(2453, 2454, 2455) 719.0
(9632, 9633, 9634) 1049.0
(3344, 3345, 3346) 1278.0
(7325, 7326, 7327) 693.0
(5471, 5472, 5473) 1599.0
(6658, 6659, 6660) 1465.0
(589, 590, 591) 1489.0
(2404, 2405, 2406) 1244.0
(583, 584, 585) 1098.0
(9946, 9947, 9948) 996.0
(9414, 9415, 9416) 1612.0
(1222, 1223, 1224) 1095.0
(6679, 6680, 6681) 1233.0
(5773, 5774, 5775) 1036.0
(2411, 2412, 2413) 942.0
(9408, 9409, 9410) 1711.0
(2655, 2656, 2657) 991.0
(705, 706, 707) 973.0
(1776, 1777, 1778) 2163.0
(8998, 8999, 9000) 1843.0
(5634, 5635, 5636) 1062.0
(8476, 8477, 8478) 1083.0
(5114, 5115, 5116) 925.0
(7419, 7420, 7421) 1187.0
(4491, 4492, 4493) 877.0
(9515, 9516, 9517) 907.0
(7523, 7524, 7525) 988.0
(9660, 9661, 9662) 964.0
(1718, 1719, 1720) 1064.0
(4873, 4874, 4875) 1375.0
