(3502, 3503, 3504) 26611.0
(13, 14, 15) 28867.0
(232, 233, 234) 30743.0
(3082, 3083, 3084) 25845.0
(5088, 5089, 5090) 22524.0
(8232, 8233, 8234) 30542.0
(9439, 9440, 9441) 31212.0
(1287, 1288, 1289) 34577.0
(1777, 1778, 1779) 27198.0
(7061, 7062, 7063) 32888.0
(154, 155, 156) 49656.0
(472, 473, 474) 20480.0
(5875, 5876, 5877) 27727.0
(9983, 9984, 9985) 32284.0
(7291, 7292, 7293) 32513.0
(8479, 8480, 8481) 34612.0
(383, 384, 385) 33491.0
(286, 287, 288) 23039.0
(7545, 7546, 7547) 33582.0
(5933, 5934, 5935) 30647.0
(6274, 6275, 6276) 28795.0
(4699, 4700, 4701) 31279.0
(3865, 3866, 3867) 27340.0
(3828, 3829, 3830) 28529.0
(5848, 5849, 5850) 25862.0
(4587, 4588, 4589) 41013.0
(6395, 6396, 6397) 23433.0
(2968, 2969, 2970) 32847.0
(2866, 2867, 2868) 21752.0
(4943, 4944, 4945) 40763.0
(4559, 4560, 4561) 24164.0
(7595, 7596, 7597) 21782.0
(2683, 2684, 2685) 23339.0
(4741, 4742, 4743) 27064.0
(6241, 6242, 6243) 31382.0
(7294, 7295, 7296) 31497.0
(1250, 1251, 1252) 31464.0
(3307, 3308, 3309) 32159.0
(4038, 4039, 4040) 23236.0
(9659, 9660, 9661) 24050.0
(2455, 2456, 2457) 27549.0
(5870, 5871, 5872) 29279.0
(3639, 3640, 3641) 24345.0
(4328, 4329, 4330) 20995.0
(9336, 9337, 9338) 26785.0
(6669, 6670, 6671) 24867.0
(2423, 2424, 2425) 23162.0
(4671, 4672, 4673) 21565.0
(939, 940, 941) 25962.0
(822, 823, 824) 33964.0
(4121, 4122, 4123) 25658.0
(241, 242, 243) 34007.0
(9729, 9730, 9731) 19943.0
(852, 853, 854) 25384.0
(8057, 8058, 8059) 19645.0
(3785, 3786, 3787) 35622.0
(7958, 7959, 7960) 34220.0
(1943, 1944, 1945) 19150.0
(6034, 6035, 6036) 27517.0
(4931, 4932, 4933) 23646.0
(1213, 1214, 1215) 31299.0
(7910, 7911, 7912) 36107.0
(6465, 6466, 6467) 30955.0
(507, 508, 509) 25680.0
(3989, 3990, 3991) 37100.0
(98, 99, 100) 24217.0
(4345, 4346, 4347) 19818.0
(4418, 4419, 4420) 36571.0
(327, 328, 329) 30571.0
(6167, 6168, 6169) 28753.0
(8510, 8511, 8512) 29016.0
(6738, 6739, 6740) 31202.0
(4714, 4715, 4716) 25184.0
(9757, 9758, 9759) 23453.0
(9641, 9642, 9643) 32351.0
(8222, 8223, 8224) 28260.0
(9674, 9675, 9676) 26760.0
(532, 533, 534) 30906.0
(859, 860, 861) 28820.0
(2657, 2658, 2659) 28495.0
(7071, 7072, 7073) 23945.0
(7592, 7593, 7594) 32468.0
(4163, 4164, 4165) 31396.0
(9345, 9346, 9347) 23607.0
(207, 208, 209) 33994.0
(6793, 6794, 6795) 28237.0
(5413, 5414, 5415) 21387.0
(1970, 1971, 1972) 23050.0
(5639, 5640, 5641) 24009.0
(4109, 4110, 4111) 28730.0
(4090, 4091, 4092) 33760.0
(7383, 7384, 7385) 23101.0
(3285, 3286, 3287) 29626.0
(363, 364, 365) 21441.0
(8846, 8847, 8848) 31407.0
(3355, 3356, 3357) 32445.0
(6483, 6484, 6485) 29459.0
(1590, 1591, 1592) 30558.0
(5113, 5114, 5115) 30440.0
(6594, 6595, 6596) 30892.0
(5874, 5875, 5876) 30295.0
