(2921, 2922, 2923) 33867.0
(3598, 3599, 3600) 33632.0
(3279, 3280, 3281) 31688.0
(2191, 2192, 2193) 26906.0
(899, 900, 901) 19632.0
(6732, 6733, 6734) 23177.0
(2050, 2051, 2052) 33241.0
(413, 414, 415) 32007.0
(1828, 1829, 1830) 27768.0
(7592, 7593, 7594) 32293.0
(7505, 7506, 7507) 33514.0
(8008, 8009, 8010) 46635.0
(7683, 7684, 7685) 23918.0
(9904, 9905, 9906) 27359.0
(423, 424, 425) 37866.0
(8967, 8968, 8969) 33752.0
(9736, 9737, 9738) 20248.0
(5366, 5367, 5368) 27469.0
(9124, 9125, 9126) 32704.0
(2603, 2604, 2605) 30546.0
(1243, 1244, 1245) 29377.0
(2555, 2556, 2557) 32454.0
(3614, 3615, 3616) 31826.0
(5720, 5721, 5722) 28413.0
(169, 170, 171) 26576.0
(7319, 7320, 7321) 35116.0
(5541, 5542, 5543) 30948.0
(2868, 2869, 2870) 29904.0
(2111, 2112, 2113) 31456.0
(8552, 8553, 8554) 22945.0
(6714, 6715, 6716) 25410.0
(767, 768, 769) 32236.0
(6654, 6655, 6656) 32876.0
(2726, 2727, 2728) 22783.0
(5891, 5892, 5893) 29259.0
(2721, 2722, 2723) 29720.0
(1917, 1918, 1919) 31239.0
(3451, 3452, 3453) 27925.0
(841, 842, 843) 16660.0
(8692, 8693, 8694) 31099.0
(5944, 5945, 5946) 38927.0
(9549, 9550, 9551) 31615.0
(3903, 3904, 3905) 27791.0
(7513, 7514, 7515) 23524.0
(3327, 3328, 3329) 35463.0
(161, 162, 163) 33318.0
(7845, 7846, 7847) 28936.0
(6290, 6291, 6292) 28955.0
(9838, 9839, 9840) 32399.0
(9852, 9853, 9854) 26602.0
(5804, 5805, 5806) 29356.0
(51, 52, 53) 38926.0
(2133, 2134, 2135) 35830.0
(2262, 2263, 2264) 27046.0
(1817, 1818, 1819) 23016.0
(30, 31, 32) 21601.0
(4062, 4063, 4064) 28144.0
(8668, 8669, 8670) 28453.0
(3105, 3106, 3107) 26988.0
(8312, 8313, 8314) 27022.0
(6757, 6758, 6759) 24401.0
(2405, 2406, 2407) 19143.0
(3817, 3818, 3819) 34883.0
(482, 483, 484) 26367.0
(5679, 5680, 5681) 33527.0
(4620, 4621, 4622) 24274.0
(281, 282, 283) 24716.0
(3960, 3961, 3962) 27791.0
(5942, 5943, 5944) 40630.0
(1164, 1165, 1166) 41801.0
(4724, 4725, 4726) 26167.0
(9404, 9405, 9406) 25960.0
(9813, 9814, 9815) 34289.0
(9072, 9073, 9074) 34205.0
(5970, 5971, 5972) 34405.0
(2936, 2937, 2938) 35278.0
(9431, 9432, 9433) 23632.0
(9108, 9109, 9110) 27671.0
(216, 217, 218) 21391.0
(4661, 4662, 4663) 36705.0
(9123, 9124, 9125) 28048.0
(3010, 3011, 3012) 28625.0
(1895, 1896, 1897) 26538.0
(5408, 5409, 5410) 27991.0
(292, 293, 294) 26466.0
(6672, 6673, 6674) 32105.0
(4714, 4715, 4716) 25616.0
(1040, 1041, 1042) 23694.0
(2999, 3000, 3001) 29131.0
(6265, 6266, 6267) 26633.0
(4427, 4428, 4429) 30307.0
(2198, 2199, 2200) 27081.0
(3323, 3324, 3325) 34127.0
(8224, 8225, 8226) 33477.0
(397, 398, 399) 36069.0
(1891, 1892, 1893) 27199.0
(784, 785, 786) 17496.0
(1123, 1124, 1125) 27487.0
(6792, 6793, 6794) 29000.0
(8696, 8697, 8698) 32651.0
(7060, 7061, 7062) 47690.0
