(7560, 7561, 7562) 31037.0
(6810, 6811, 6812) 24779.0
(3640, 3641, 3642) 37818.0
(4207, 4208, 4209) 20737.0
(5304, 5305, 5306) 31286.0
(1634, 1635, 1636) 30137.0
(3280, 3281, 3282) 26184.0
(5429, 5430, 5431) 32869.0
(178, 179, 180) 32906.0
(6519, 6520, 6521) 23386.0
(1847, 1848, 1849) 26864.0
(9786, 9787, 9788) 33694.0
(4806, 4807, 4808) 38469.0
(8156, 8157, 8158) 32412.0
(5045, 5046, 5047) 40548.0
(2318, 2319, 2320) 27385.0
(3690, 3691, 3692) 33166.0
(5461, 5462, 5463) 28389.0
(1100, 1101, 1102) 32992.0
(5635, 5636, 5637) 26282.0
(6303, 6304, 6305) 27877.0
(3556, 3557, 3558) 36045.0
(7154, 7155, 7156) 35329.0
(3383, 3384, 3385) 38041.0
(2476, 2477, 2478) 28293.0
(9384, 9385, 9386) 21411.0
(6974, 6975, 6976) 25548.0
(5236, 5237, 5238) 18263.0
(7667, 7668, 7669) 28217.0
(5567, 5568, 5569) 25743.0
(7752, 7753, 7754) 23399.0
(746, 747, 748) 31450.0
(4269, 4270, 4271) 33364.0
(695, 696, 697) 47755.0
(5622, 5623, 5624) 29045.0
(2342, 2343, 2344) 30770.0
(5801, 5802, 5803) 26991.0
(1266, 1267, 1268) 26410.0
(3855, 3856, 3857) 20601.0
(9362, 9363, 9364) 24508.0
(9980, 9981, 9982) 25842.0
(9028, 9029, 9030) 20551.0
(7431, 7432, 7433) 26058.0
(9045, 9046, 9047) 29928.0
(8473, 8474, 8475) 25082.0
(6679, 6680, 6681) 29331.0
(9632, 9633, 9634) 40134.0
(7118, 7119, 7120) 33410.0
(5039, 5040, 5041) 32449.0
(4820, 4821, 4822) 35882.0
(3421, 3422, 3423) 19474.0
(5153, 5154, 5155) 30953.0
(1977, 1978, 1979) 33940.0
(4276, 4277, 4278) 31539.0
(79, 80, 81) 31629.0
(9727, 9728, 9729) 31340.0
(3276, 3277, 3278) 42669.0
(3208, 3209, 3210) 34114.0
(9542, 9543, 9544) 26697.0
(647, 648, 649) 28071.0
(6754, 6755, 6756) 30106.0
(1159, 1160, 1161) 32399.0
(597, 598, 599) 26698.0
(5212, 5213, 5214) 25791.0
(2241, 2242, 2243) 26446.0
(5949, 5950, 5951) 32039.0
(8325, 8326, 8327) 34378.0
(9196, 9197, 9198) 31299.0
(6490, 6491, 6492) 29970.0
(8770, 8771, 8772) 28539.0
(3954, 3955, 3956) 38654.0
(228, 229, 230) 29950.0
(1376, 1377, 1378) 45825.0
(8973, 8974, 8975) 26612.0
(4599, 4600, 4601) 21839.0
(6094, 6095, 6096) 34058.0
(5280, 5281, 5282) 23961.0
(6070, 6071, 6072) 31454.0
(1172, 1173, 1174) 30617.0
(6878, 6879, 6880) 18408.0
(5351, 5352, 5353) 37994.0
(1722, 1723, 1724) 25679.0
(9218, 9219, 9220) 29432.0
(5820, 5821, 5822) 27117.0
(2626, 2627, 2628) 33729.0
(4487, 4488, 4489) 33987.0
(5000, 5001, 5002) 31119.0
(7304, 7305, 7306) 31272.0
(89, 90, 91) 28679.0
(2980, 2981, 2982) 27486.0
(308, 309, 310) 26146.0
(600, 601, 602) 26936.0
(8001, 8002, 8003) 31239.0
(4824, 4825, 4826) 32238.0
(888, 889, 890) 35684.0
(8106, 8107, 8108) 29476.0
(3123, 3124, 3125) 28854.0
(9474, 9475, 9476) 30671.0
(6199, 6200, 6201) 39231.0
(7574, 7575, 7576) 26220.0
(5217, 5218, 5219) 33944.0
