(5850, 5851, 5852) 34636.0
(547, 548, 549) 32478.0
(3487, 3488, 3489) 32657.0
(6062, 6063, 6064) 20359.0
(6503, 6504, 6505) 31808.0
(9589, 9590, 9591) 38678.0
(4956, 4957, 4958) 38343.0
(7749, 7750, 7751) 34530.0
(4728, 4729, 4730) 35443.0
(4926, 4927, 4928) 26388.0
(3534, 3535, 3536) 24604.0
(3143, 3144, 3145) 29769.0
(3905, 3906, 3907) 29861.0
(9486, 9487, 9488) 30877.0
(5576, 5577, 5578) 31883.0
(5426, 5427, 5428) 26799.0
(8503, 8504, 8505) 40428.0
(9165, 9166, 9167) 26340.0
(2852, 2853, 2854) 34572.0
(9822, 9823, 9824) 28232.0
(1416, 1417, 1418) 33594.0
(6243, 6244, 6245) 35597.0
(25, 26, 27) 33201.0
(7039, 7040, 7041) 25416.0
(4686, 4687, 4688) 27666.0
(4111, 4112, 4113) 34703.0
(2601, 2602, 2603) 35624.0
(6922, 6923, 6924) 39967.0
(7956, 7957, 7958) 39434.0
(206, 207, 208) 38312.0
(5131, 5132, 5133) 29388.0
(386, 387, 388) 40055.0
(805, 806, 807) 25062.0
(3819, 3820, 3821) 31418.0
(3585, 3586, 3587) 38859.0
(4168, 4169, 4170) 41465.0
(2923, 2924, 2925) 27259.0
(3299, 3300, 3301) 22263.0
(6284, 6285, 6286) 41153.0
(8393, 8394, 8395) 36119.0
(828, 829, 830) 38090.0
(6728, 6729, 6730) 24771.0
(6159, 6160, 6161) 28175.0
(3499, 3500, 3501) 34827.0
(9983, 9984, 9985) 34008.0
(8806, 8807, 8808) 23228.0
(6484, 6485, 6486) 38620.0
(9336, 9337, 9338) 28453.0
(5689, 5690, 5691) 26300.0
(6885, 6886, 6887) 31690.0
(2540, 2541, 2542) 40691.0
(282, 283, 284) 39035.0
(6719, 6720, 6721) 38175.0
(4736, 4737, 4738) 36014.0
(343, 344, 345) 40520.0
(6651, 6652, 6653) 35396.0
(6107, 6108, 6109) 27569.0
(9133, 9134, 9135) 21641.0
(4307, 4308, 4309) 32700.0
(4074, 4075, 4076) 40884.0
(3315, 3316, 3317) 36609.0
(1281, 1282, 1283) 29648.0
(2678, 2679, 2680) 31164.0
(8237, 8238, 8239) 28262.0
(7136, 7137, 7138) 23840.0
(7539, 7540, 7541) 29234.0
(8017, 8018, 8019) 27059.0
(9735, 9736, 9737) 29534.0
(5312, 5313, 5314) 35404.0
(9074, 9075, 9076) 29910.0
(5248, 5249, 5250) 25160.0
(1152, 1153, 1154) 31694.0
(362, 363, 364) 33267.0
(8906, 8907, 8908) 24035.0
(4587, 4588, 4589) 43646.0
(4894, 4895, 4896) 33145.0
(7372, 7373, 7374) 29386.0
(3904, 3905, 3906) 30795.0
(8105, 8106, 8107) 22977.0
(4616, 4617, 4618) 24029.0
(646, 647, 648) 35364.0
(3136, 3137, 3138) 28026.0
(6861, 6862, 6863) 26634.0
(8309, 8310, 8311) 23845.0
(6500, 6501, 6502) 30334.0
(3670, 3671, 3672) 28043.0
(8226, 8227, 8228) 21987.0
(5949, 5950, 5951) 32018.0
(6279, 6280, 6281) 30600.0
(5039, 5040, 5041) 32247.0
(4061, 4062, 4063) 31717.0
(3031, 3032, 3033) 28882.0
(1871, 1872, 1873) 32518.0
(9669, 9670, 9671) 33176.0
(4130, 4131, 4132) 26086.0
(3132, 3133, 3134) 32599.0
(6256, 6257, 6258) 33860.0
(474, 475, 476) 28132.0
(272, 273, 274) 27731.0
(4823, 4824, 4825) 25792.0
(4910, 4911, 4912) 35183.0
