(1940, 1941, 1942) 29388.0
(3424, 3425, 3426) 38473.0
(636, 637, 638) 38208.0
(7883, 7884, 7885) 37423.0
(8306, 8307, 8308) 34034.0
(661, 662, 663) 28414.0
(4812, 4813, 4814) 37383.0
(6698, 6699, 6700) 24453.0
(5884, 5885, 5886) 39663.0
(2764, 2765, 2766) 30416.0
(2103, 2104, 2105) 27603.0
(8986, 8987, 8988) 33198.0
(7222, 7223, 7224) 23000.0
(9695, 9696, 9697) 24983.0
(9665, 9666, 9667) 38119.0
(1537, 1538, 1539) 27507.0
(9429, 9430, 9431) 36098.0
(1143, 1144, 1145) 30881.0
(6312, 6313, 6314) 27936.0
(7172, 7173, 7174) 32552.0
(5151, 5152, 5153) 38745.0
(7398, 7399, 7400) 23686.0
(825, 826, 827) 35336.0
(6775, 6776, 6777) 38033.0
(7051, 7052, 7053) 35443.0
(9929, 9930, 9931) 28934.0
(778, 779, 780) 32136.0
(9955, 9956, 9957) 34572.0
(8796, 8797, 8798) 31240.0
(4253, 4254, 4255) 30794.0
(81, 82, 83) 29507.0
(4143, 4144, 4145) 32175.0
(9154, 9155, 9156) 22138.0
(5949, 5950, 5951) 32662.0
(3920, 3921, 3922) 32298.0
(5672, 5673, 5674) 25912.0
(3047, 3048, 3049) 19956.0
(6210, 6211, 6212) 34761.0
(9576, 9577, 9578) 35322.0
(3018, 3019, 3020) 40390.0
(2266, 2267, 2268) 37512.0
(1279, 1280, 1281) 33176.0
(9509, 9510, 9511) 30128.0
(7874, 7875, 7876) 33563.0
(4819, 4820, 4821) 27993.0
(6581, 6582, 6583) 39044.0
(6671, 6672, 6673) 32629.0
(7584, 7585, 7586) 31102.0
(5632, 5633, 5634) 32209.0
(5271, 5272, 5273) 28644.0
(8920, 8921, 8922) 21126.0
(7812, 7813, 7814) 25795.0
(4823, 4824, 4825) 27596.0
(439, 440, 441) 27789.0
(4154, 4155, 4156) 36410.0
(600, 601, 602) 28662.0
(962, 963, 964) 34660.0
(6052, 6053, 6054) 34400.0
(9772, 9773, 9774) 33039.0
(9477, 9478, 9479) 35897.0
(6449, 6450, 6451) 33370.0
(6679, 6680, 6681) 31961.0
(6790, 6791, 6792) 34277.0
(3183, 3184, 3185) 40368.0
(939, 940, 941) 28591.0
(1721, 1722, 1723) 44345.0
(470, 471, 472) 39021.0
(8309, 8310, 8311) 24816.0
(6884, 6885, 6886) 26991.0
(707, 708, 709) 30800.0
(837, 838, 839) 33135.0
(4170, 4171, 4172) 27458.0
(5096, 5097, 5098) 26959.0
(2710, 2711, 2712) 32993.0
(6192, 6193, 6194) 32719.0
(5102, 5103, 5104) 25874.0
(1503, 1504, 1505) 23958.0
(562, 563, 564) 27708.0
(5660, 5661, 5662) 37911.0
(6505, 6506, 6507) 29596.0
(6598, 6599, 6600) 30083.0
(3295, 3296, 3297) 22883.0
(8858, 8859, 8860) 24515.0
(4196, 4197, 4198) 35610.0
(4589, 4590, 4591) 39110.0
(1893, 1894, 1895) 34402.0
(8797, 8798, 8799) 38874.0
(9768, 9769, 9770) 33804.0
(1706, 1707, 1708) 25825.0
(4686, 4687, 4688) 28294.0
(7542, 7543, 7544) 23195.0
(733, 734, 735) 29581.0
(8877, 8878, 8879) 32704.0
(4347, 4348, 4349) 32954.0
(8227, 8228, 8229) 33972.0
(6131, 6132, 6133) 34391.0
(1306, 1307, 1308) 29973.0
(6431, 6432, 6433) 27262.0
(7273, 7274, 7275) 29765.0
(9078, 9079, 9080) 27935.0
(8129, 8130, 8131) 26375.0
