(8099, 8100, 8101) 29661.0
(2317, 2318, 2319) 32334.0
(6707, 6708, 6709) 34027.0
(2486, 2487, 2488) 26483.0
(8819, 8820, 8821) 42487.0
(7142, 7143, 7144) 32813.0
(6445, 6446, 6447) 40873.0
(9988, 9989, 9990) 36213.0
(257, 258, 259) 34467.0
(5049, 5050, 5051) 27703.0
(4, 5, 6) 29765.0
(4499, 4500, 4501) 39345.0
(8202, 8203, 8204) 33231.0
(9164, 9165, 9166) 28626.0
(1166, 1167, 1168) 24957.0
(19, 20, 21) 26553.0
(448, 449, 450) 37902.0
(6371, 6372, 6373) 28863.0
(4274, 4275, 4276) 31847.0
(2477, 2478, 2479) 32221.0
(8943, 8944, 8945) 29397.0
(7580, 7581, 7582) 41946.0
(9273, 9274, 9275) 40226.0
(6637, 6638, 6639) 31620.0
(9121, 9122, 9123) 36941.0
(5434, 5435, 5436) 46303.0
(2854, 2855, 2856) 27468.0
(6754, 6755, 6756) 30940.0
(7618, 7619, 7620) 27348.0
(2489, 2490, 2491) 33868.0
(8693, 8694, 8695) 33892.0
(8236, 8237, 8238) 29542.0
(1550, 1551, 1552) 25365.0
(7508, 7509, 7510) 43438.0
(7100, 7101, 7102) 29814.0
(837, 838, 839) 33956.0
(3561, 3562, 3563) 36650.0
(4425, 4426, 4427) 28993.0
(4254, 4255, 4256) 25945.0
(4281, 4282, 4283) 27791.0
(2275, 2276, 2277) 26292.0
(4369, 4370, 4371) 24978.0
(5246, 5247, 5248) 23454.0
(166, 167, 168) 44019.0
(234, 235, 236) 36730.0
(800, 801, 802) 30987.0
(9593, 9594, 9595) 40593.0
(5815, 5816, 5817) 25628.0
(6319, 6320, 6321) 30826.0
(1535, 1536, 1537) 37936.0
(2492, 2493, 2494) 27486.0
(1081, 1082, 1083) 30331.0
(2790, 2791, 2792) 48276.0
(8238, 8239, 8240) 32838.0
(438, 439, 440) 20733.0
(9572, 9573, 9574) 30417.0
(7257, 7258, 7259) 39697.0
(8175, 8176, 8177) 22315.0
(6634, 6635, 6636) 33395.0
(9203, 9204, 9205) 26255.0
(5776, 5777, 5778) 37803.0
(8032, 8033, 8034) 35240.0
(5640, 5641, 5642) 40509.0
(4781, 4782, 4783) 38726.0
(818, 819, 820) 34691.0
(5432, 5433, 5434) 29693.0
(2332, 2333, 2334) 48044.0
(6181, 6182, 6183) 33039.0
(3790, 3791, 3792) 29430.0
(7229, 7230, 7231) 34100.0
(1209, 1210, 1211) 25408.0
(1984, 1985, 1986) 24957.0
(8365, 8366, 8367) 29942.0
(3701, 3702, 3703) 27050.0
(9234, 9235, 9236) 24776.0
(2147, 2148, 2149) 33941.0
(3157, 3158, 3159) 33534.0
(5229, 5230, 5231) 32232.0
(2545, 2546, 2547) 34773.0
(5092, 5093, 5094) 26428.0
(1206, 1207, 1208) 37158.0
(1000, 1001, 1002) 38327.0
(5792, 5793, 5794) 46522.0
(8603, 8604, 8605) 28563.0
(359, 360, 361) 34342.0
(6184, 6185, 6186) 32541.0
(8772, 8773, 8774) 42317.0
(8757, 8758, 8759) 24365.0
(2730, 2731, 2732) 30623.0
(9897, 9898, 9899) 33692.0
(435, 436, 437) 28121.0
(8641, 8642, 8643) 32657.0
(7518, 7519, 7520) 40233.0
(8489, 8490, 8491) 41345.0
(2052, 2053, 2054) 27101.0
(1765, 1766, 1767) 27300.0
(3100, 3101, 3102) 49083.0
(4444, 4445, 4446) 24715.0
(5969, 5970, 5971) 32971.0
(1581, 1582, 1583) 42505.0
(8032, 8033, 8034) 35240.0
