(8809, 8810, 8811) 38505.0
(3258, 3259, 3260) 26745.0
(643, 644, 645) 38407.0
(1891, 1892, 1893) 31498.0
(2066, 2067, 2068) 44362.0
(2433, 2434, 2435) 28891.0
(5444, 5445, 5446) 36546.0
(567, 568, 569) 47115.0
(623, 624, 625) 25695.0
(283, 284, 285) 33858.0
(344, 345, 346) 27748.0
(7854, 7855, 7856) 25733.0
(7860, 7861, 7862) 43677.0
(7997, 7998, 7999) 28115.0
(8785, 8786, 8787) 52960.0
(9296, 9297, 9298) 29493.0
(1809, 1810, 1811) 40387.0
(1407, 1408, 1409) 40175.0
(6994, 6995, 6996) 44468.0
(4635, 4636, 4637) 45108.0
(921, 922, 923) 34323.0
(809, 810, 811) 31780.0
(12, 13, 14) 29966.0
(8917, 8918, 8919) 30787.0
(4029, 4030, 4031) 31267.0
(3778, 3779, 3780) 30914.0
(9907, 9908, 9909) 29897.0
(1738, 1739, 1740) 29088.0
(8696, 8697, 8698) 37450.0
(8367, 8368, 8369) 39806.0
(8095, 8096, 8097) 27729.0
(3521, 3522, 3523) 35589.0
(2409, 2410, 2411) 34413.0
(4714, 4715, 4716) 32244.0
(6535, 6536, 6537) 31622.0
(4774, 4775, 4776) 41393.0
(4242, 4243, 4244) 27419.0
(3531, 3532, 3533) 39660.0
(4067, 4068, 4069) 41731.0
(499, 500, 501) 47949.0
(2546, 2547, 2548) 36440.0
(5314, 5315, 5316) 36009.0
(6923, 6924, 6925) 33947.0
(6038, 6039, 6040) 37182.0
(967, 968, 969) 27312.0
(6688, 6689, 6690) 27488.0
(1679, 1680, 1681) 39293.0
(6472, 6473, 6474) 32681.0
(291, 292, 293) 34391.0
(9837, 9838, 9839) 33968.0
(5070, 5071, 5072) 40948.0
(5225, 5226, 5227) 25201.0
(1777, 1778, 1779) 30733.0
(7226, 7227, 7228) 32763.0
(275, 276, 277) 39428.0
(9494, 9495, 9496) 32391.0
(4465, 4466, 4467) 45482.0
(2432, 2433, 2434) 29003.0
(7704, 7705, 7706) 30263.0
(2741, 2742, 2743) 29887.0
(9223, 9224, 9225) 39469.0
(6480, 6481, 6482) 37313.0
(5924, 5925, 5926) 31492.0
(8747, 8748, 8749) 29754.0
(5219, 5220, 5221) 30589.0
(8257, 8258, 8259) 36986.0
(1334, 1335, 1336) 32080.0
(6363, 6364, 6365) 37969.0
(5899, 5900, 5901) 38321.0
(9290, 9291, 9292) 40767.0
(2617, 2618, 2619) 36195.0
(4658, 4659, 4660) 32882.0
(1572, 1573, 1574) 20321.0
(3588, 3589, 3590) 41122.0
(6646, 6647, 6648) 29363.0
(1940, 1941, 1942) 31882.0
(7662, 7663, 7664) 37149.0
(7054, 7055, 7056) 25898.0
(9785, 9786, 9787) 37124.0
(5811, 5812, 5813) 34564.0
(7316, 7317, 7318) 28236.0
(7870, 7871, 7872) 37749.0
(1841, 1842, 1843) 39703.0
(8688, 8689, 8690) 36952.0
(5209, 5210, 5211) 29209.0
(5917, 5918, 5919) 36387.0
(2131, 2132, 2133) 37029.0
(1715, 1716, 1717) 26031.0
(7479, 7480, 7481) 36208.0
(4695, 4696, 4697) 37289.0
(9148, 9149, 9150) 45629.0
(7905, 7906, 7907) 38410.0
(4172, 4173, 4174) 27077.0
(1656, 1657, 1658) 37255.0
(1498, 1499, 1500) 30996.0
(7652, 7653, 7654) 37330.0
(5661, 5662, 5663) 32832.0
(1992, 1993, 1994) 34891.0
(2916, 2917, 2918) 33862.0
(6533, 6534, 6535) 45941.0
(5226, 5227, 5228) 27772.0
