(4765, 4766, 4767) 39870.0
(6806, 6807, 6808) 33530.0
(9614, 9615, 9616) 36640.0
(338, 339, 340) 29440.0
(4382, 4383, 4384) 36617.0
(7719, 7720, 7721) 29497.0
(6161, 6162, 6163) 30077.0
(3257, 3258, 3259) 20095.0
(7075, 7076, 7077) 42510.0
(6287, 6288, 6289) 36250.0
(1693, 1694, 1695) 27878.0
(1058, 1059, 1060) 27424.0
(8310, 8311, 8312) 26273.0
(9128, 9129, 9130) 45608.0
(9772, 9773, 9774) 36982.0
(2599, 2600, 2601) 29248.0
(2020, 2021, 2022) 31565.0
(9472, 9473, 9474) 29979.0
(9518, 9519, 9520) 23163.0
(3073, 3074, 3075) 42984.0
(4931, 4932, 4933) 25147.0
(2556, 2557, 2558) 31865.0
(1689, 1690, 1691) 26261.0
(8043, 8044, 8045) 34419.0
(6479, 6480, 6481) 32691.0
(4961, 4962, 4963) 35752.0
(4781, 4782, 4783) 40558.0
(6193, 6194, 6195) 22633.0
(993, 994, 995) 38672.0
(282, 283, 284) 43926.0
(2232, 2233, 2234) 37046.0
(7449, 7450, 7451) 30495.0
(5624, 5625, 5626) 28677.0
(3036, 3037, 3038) 46450.0
(9468, 9469, 9470) 40224.0
(7169, 7170, 7171) 29392.0
(185, 186, 187) 39590.0
(1991, 1992, 1993) 29569.0
(6856, 6857, 6858) 28712.0
(2970, 2971, 2972) 34609.0
(837, 838, 839) 35158.0
(3314, 3315, 3316) 35347.0
(8840, 8841, 8842) 28906.0
(5550, 5551, 5552) 34333.0
(1685, 1686, 1687) 38089.0
(4292, 4293, 4294) 29104.0
(2278, 2279, 2280) 34049.0
(7892, 7893, 7894) 38898.0
(3944, 3945, 3946) 34746.0
(5657, 5658, 5659) 35502.0
(7835, 7836, 7837) 20650.0
(9800, 9801, 9802) 34153.0
(7742, 7743, 7744) 26496.0
(9889, 9890, 9891) 33877.0
(4860, 4861, 4862) 35766.0
(7441, 7442, 7443) 31445.0
(1554, 1555, 1556) 35066.0
(4177, 4178, 4179) 33403.0
(3675, 3676, 3677) 32842.0
(6949, 6950, 6951) 24772.0
(5722, 5723, 5724) 35862.0
(822, 823, 824) 40814.0
(450, 451, 452) 32394.0
(2471, 2472, 2473) 37945.0
(646, 647, 648) 38089.0
(5808, 5809, 5810) 28155.0
(7825, 7826, 7827) 29748.0
(499, 500, 501) 48584.0
(4152, 4153, 4154) 36700.0
(5868, 5869, 5870) 30618.0
(3042, 3043, 3044) 35176.0
(1400, 1401, 1402) 51362.0
(3007, 3008, 3009) 38649.0
(5742, 5743, 5744) 34842.0
(3459, 3460, 3461) 31537.0
(9891, 9892, 9893) 40286.0
(4723, 4724, 4725) 41811.0
(8174, 8175, 8176) 45227.0
(8815, 8816, 8817) 41621.0
(1814, 1815, 1816) 33437.0
(7742, 7743, 7744) 26496.0
(8286, 8287, 8288) 41082.0
(5872, 5873, 5874) 39180.0
(364, 365, 366) 37142.0
(849, 850, 851) 32076.0
(3097, 3098, 3099) 38124.0
(6632, 6633, 6634) 37726.0
(4268, 4269, 4270) 38284.0
(7040, 7041, 7042) 38709.0
(1767, 1768, 1769) 42404.0
(683, 684, 685) 36990.0
(6477, 6478, 6479) 34816.0
(1517, 1518, 1519) 48769.0
(4403, 4404, 4405) 37414.0
(5421, 5422, 5423) 40041.0
(4923, 4924, 4925) 36867.0
(1221, 1222, 1223) 30046.0
(2557, 2558, 2559) 39890.0
(6533, 6534, 6535) 46134.0
(116, 117, 118) 37048.0
(151, 152, 153) 31680.0
