(6953, 6954, 6955) 29334.0
(7670, 7671, 7672) 38179.0
(2623, 2624, 2625) 34810.0
(7727, 7728, 7729) 27734.0
(2537, 2538, 2539) 36567.0
(3854, 3855, 3856) 34243.0
(8741, 8742, 8743) 37025.0
(6852, 6853, 6854) 35881.0
(1549, 1550, 1551) 38157.0
(1482, 1483, 1484) 51237.0
(6084, 6085, 6086) 44827.0
(202, 203, 204) 26735.0
(8773, 8774, 8775) 31204.0
(9616, 9617, 9618) 35971.0
(3906, 3907, 3908) 38835.0
(4127, 4128, 4129) 33622.0
(1377, 1378, 1379) 43491.0
(9354, 9355, 9356) 29653.0
(7848, 7849, 7850) 37528.0
(6741, 6742, 6743) 29801.0
(8097, 8098, 8099) 24798.0
(5152, 5153, 5154) 40380.0
(6453, 6454, 6455) 26942.0
(3436, 3437, 3438) 36008.0
(4272, 4273, 4274) 45056.0
(7542, 7543, 7544) 26882.0
(5557, 5558, 5559) 38907.0
(6570, 6571, 6572) 27184.0
(1455, 1456, 1457) 43793.0
(6445, 6446, 6447) 41291.0
(3284, 3285, 3286) 31238.0
(7283, 7284, 7285) 30084.0
(8394, 8395, 8396) 30587.0
(6332, 6333, 6334) 31572.0
(9805, 9806, 9807) 27717.0
(8923, 8924, 8925) 44213.0
(6707, 6708, 6709) 37926.0
(8557, 8558, 8559) 35219.0
(7512, 7513, 7514) 36075.0
(6330, 6331, 6332) 40393.0
(5975, 5976, 5977) 35550.0
(9452, 9453, 9454) 40709.0
(5071, 5072, 5073) 38779.0
(9068, 9069, 9070) 51145.0
(3271, 3272, 3273) 25180.0
(6857, 6858, 6859) 37869.0
(5354, 5355, 5356) 26025.0
(1990, 1991, 1992) 31144.0
(6442, 6443, 6444) 35243.0
(4773, 4774, 4775) 27921.0
(1879, 1880, 1881) 23334.0
(8794, 8795, 8796) 41222.0
(8073, 8074, 8075) 38988.0
(4775, 4776, 4777) 45918.0
(1170, 1171, 1172) 44659.0
(2313, 2314, 2315) 41007.0
(303, 304, 305) 36239.0
(601, 602, 603) 43325.0
(3130, 3131, 3132) 30515.0
(4660, 4661, 4662) 43539.0
(1360, 1361, 1362) 33887.0
(8791, 8792, 8793) 27169.0
(8389, 8390, 8391) 30343.0
(4198, 4199, 4200) 48026.0
(75, 76, 77) 38974.0
(5003, 5004, 5005) 44147.0
(4974, 4975, 4976) 26418.0
(902, 903, 904) 28716.0
(8210, 8211, 8212) 50550.0
(1289, 1290, 1291) 32199.0
(8338, 8339, 8340) 38428.0
(387, 388, 389) 32436.0
(952, 953, 954) 33518.0
(6462, 6463, 6464) 43867.0
(9679, 9680, 9681) 36900.0
(4284, 4285, 4286) 36434.0
(9831, 9832, 9833) 37846.0
(7263, 7264, 7265) 41091.0
(7488, 7489, 7490) 37792.0
(3804, 3805, 3806) 36979.0
(8687, 8688, 8689) 34701.0
(9682, 9683, 9684) 41966.0
(487, 488, 489) 25002.0
(9657, 9658, 9659) 27821.0
(5334, 5335, 5336) 31774.0
(3102, 3103, 3104) 26413.0
(2312, 2313, 2314) 40239.0
(2267, 2268, 2269) 44178.0
(855, 856, 857) 30625.0
(2955, 2956, 2957) 27713.0
(6316, 6317, 6318) 35815.0
(797, 798, 799) 34391.0
(49, 50, 51) 37888.0
(8605, 8606, 8607) 30376.0
(5361, 5362, 5363) 31839.0
(7097, 7098, 7099) 48270.0
(8743, 8744, 8745) 34308.0
(1173, 1174, 1175) 32564.0
(1479, 1480, 1481) 36734.0
(8436, 8437, 8438) 36729.0
(3725, 3726, 3727) 29161.0
