(5672, 5673, 5674) 29187.0
(1181, 1182, 1183) 36780.0
(7960, 7961, 7962) 40383.0
(4803, 4804, 4805) 36762.0
(6010, 6011, 6012) 32432.0
(6769, 6770, 6771) 31584.0
(5073, 5074, 5075) 28851.0
(9290, 9291, 9292) 40820.0
(2581, 2582, 2583) 31419.0
(3854, 3855, 3856) 34828.0
(8750, 8751, 8752) 31699.0
(5782, 5783, 5784) 35657.0
(1731, 1732, 1733) 40048.0
(4554, 4555, 4556) 41673.0
(1008, 1009, 1010) 41882.0
(3960, 3961, 3962) 36513.0
(5489, 5490, 5491) 43611.0
(7339, 7340, 7341) 27449.0
(6713, 6714, 6715) 48742.0
(2139, 2140, 2141) 39197.0
(4685, 4686, 4687) 42164.0
(8743, 8744, 8745) 35794.0
(6674, 6675, 6676) 39471.0
(7186, 7187, 7188) 39076.0
(650, 651, 652) 30051.0
(1359, 1360, 1361) 38635.0
(9137, 9138, 9139) 35720.0
(3211, 3212, 3213) 43289.0
(4921, 4922, 4923) 48665.0
(1154, 1155, 1156) 53818.0
(7064, 7065, 7066) 33707.0
(7030, 7031, 7032) 30996.0
(2217, 2218, 2219) 26498.0
(5018, 5019, 5020) 37889.0
(2854, 2855, 2856) 30817.0
(7276, 7277, 7278) 39941.0
(2261, 2262, 2263) 32662.0
(1186, 1187, 1188) 40086.0
(9435, 9436, 9437) 44797.0
(4343, 4344, 4345) 34682.0
(202, 203, 204) 28183.0
(4751, 4752, 4753) 40651.0
(1866, 1867, 1868) 36841.0
(7350, 7351, 7352) 51571.0
(7455, 7456, 7457) 42061.0
(8127, 8128, 8129) 49771.0
(2311, 2312, 2313) 30896.0
(5374, 5375, 5376) 47730.0
(1799, 1800, 1801) 32323.0
(5817, 5818, 5819) 37886.0
(565, 566, 567) 42357.0
(6274, 6275, 6276) 36310.0
(2978, 2979, 2980) 25411.0
(5064, 5065, 5066) 43440.0
(1045, 1046, 1047) 40696.0
(7189, 7190, 7191) 42915.0
(3827, 3828, 3829) 42214.0
(277, 278, 279) 29573.0
(9061, 9062, 9063) 33489.0
(6024, 6025, 6026) 49588.0
(1035, 1036, 1037) 40087.0
(9332, 9333, 9334) 30435.0
(1455, 1456, 1457) 44834.0
(3170, 3171, 3172) 33546.0
(1255, 1256, 1257) 24506.0
(5087, 5088, 5089) 39185.0
(6687, 6688, 6689) 35676.0
(4512, 4513, 4514) 38990.0
(8959, 8960, 8961) 47428.0
(8036, 8037, 8038) 33273.0
(4304, 4305, 4306) 39491.0
(9775, 9776, 9777) 30873.0
(6744, 6745, 6746) 44064.0
(8820, 8821, 8822) 37646.0
(3451, 3452, 3453) 37973.0
(8508, 8509, 8510) 47434.0
(2386, 2387, 2388) 26330.0
(6856, 6857, 6858) 34551.0
(6859, 6860, 6861) 32851.0
(4284, 4285, 4286) 39372.0
(8112, 8113, 8114) 38725.0
(2574, 2575, 2576) 35554.0
(6530, 6531, 6532) 39080.0
(6137, 6138, 6139) 35215.0
(437, 438, 439) 50435.0
(5269, 5270, 5271) 39314.0
(971, 972, 973) 24363.0
(394, 395, 396) 51714.0
(145, 146, 147) 32097.0
(2771, 2772, 2773) 27011.0
(5526, 5527, 5528) 29043.0
(1953, 1954, 1955) 38755.0
(9316, 9317, 9318) 42847.0
(6342, 6343, 6344) 44192.0
(2432, 2433, 2434) 31722.0
(3021, 3022, 3023) 38017.0
(108, 109, 110) 34470.0
(8337, 8338, 8339) 30009.0
(7025, 7026, 7027) 38600.0
(7107, 7108, 7109) 37436.0
(766, 767, 768) 30234.0
