(7806, 7807, 7808) 1504.0
(2321, 2322, 2323) 886.0
(272, 273, 274) 1187.0
(7881, 7882, 7883) 1222.0
(9276, 9277, 9278) 1054.0
(3073, 3074, 3075) 1170.0
(9608, 9609, 9610) 2294.0
(1593, 1594, 1595) 1344.0
(9019, 9020, 9021) 1418.0
(2151, 2152, 2153) 1150.0
(3867, 3868, 3869) 1279.0
(782, 783, 784) 1115.0
(900, 901, 902) 2660.0
(7987, 7988, 7989) 1868.0
(5358, 5359, 5360) 1357.0
(6253, 6254, 6255) 1784.0
(8975, 8976, 8977) 2386.0
(8709, 8710, 8711) 1239.0
(2986, 2987, 2988) 1124.0
(2649, 2650, 2651) 1826.0
(9464, 9465, 9466) 1249.0
(340, 341, 342) 1588.0
(1562, 1563, 1564) 1789.0
(9398, 9399, 9400) 1783.0
(6261, 6262, 6263) 1297.0
(1984, 1985, 1986) 1311.0
(9551, 9552, 9553) 1193.0
(3383, 3384, 3385) 1715.0
(996, 997, 998) 1296.0
(8979, 8980, 8981) 2129.0
(5875, 5876, 5877) 806.0
(6588, 6589, 6590) 1866.0
(4715, 4716, 4717) 2136.0
(2273, 2274, 2275) 1583.0
(7841, 7842, 7843) 897.0
(5860, 5861, 5862) 2966.0
(7784, 7785, 7786) 1180.0
(4741, 4742, 4743) 988.0
(8444, 8445, 8446) 1071.0
(3362, 3363, 3364) 2342.0
(346, 347, 348) 2411.0
(1368, 1369, 1370) 1487.0
(8621, 8622, 8623) 1059.0
(8387, 8388, 8389) 1652.0
(1744, 1745, 1746) 903.0
(595, 596, 597) 1210.0
(6435, 6436, 6437) 999.0
(5492, 5493, 5494) 1918.0
(4177, 4178, 4179) 1437.0
(2067, 2068, 2069) 1825.0
(8012, 8013, 8014) 1764.0
(9134, 9135, 9136) 1121.0
(8064, 8065, 8066) 2628.0
(9199, 9200, 9201) 1110.0
(4810, 4811, 4812) 2077.0
(9532, 9533, 9534) 1494.0
(7259, 7260, 7261) 2433.0
(260, 261, 262) 1597.0
(2516, 2517, 2518) 3105.0
(2262, 2263, 2264) 1406.0
(8173, 8174, 8175) 885.0
(9934, 9935, 9936) 2028.0
(380, 381, 382) 2580.0
(897, 898, 899) 1204.0
(923, 924, 925) 1020.0
(1061, 1062, 1063) 2231.0
(6339, 6340, 6341) 806.0
(3944, 3945, 3946) 1621.0
(2740, 2741, 2742) 985.0
(6915, 6916, 6917) 1567.0
(3629, 3630, 3631) 1220.0
(6899, 6900, 6901) 942.0
(7626, 7627, 7628) 1418.0
(1075, 1076, 1077) 1247.0
(1669, 1670, 1671) 1540.0
(8392, 8393, 8394) 1323.0
(8296, 8297, 8298) 1102.0
(7770, 7771, 7772) 2176.0
(7667, 7668, 7669) 1858.0
(8075, 8076, 8077) 1328.0
(4760, 4761, 4762) 1981.0
(8913, 8914, 8915) 2883.0
(5833, 5834, 5835) 1698.0
(3242, 3243, 3244) 1840.0
(9297, 9298, 9299) 1930.0
(7340, 7341, 7342) 798.0
(3340, 3341, 3342) 824.0
(4500, 4501, 4502) 1183.0
(948, 949, 950) 1234.0
(2291, 2292, 2293) 1948.0
(4755, 4756, 4757) 1241.0
(5499, 5500, 5501) 1673.0
(7639, 7640, 7641) 1446.0
(8012, 8013, 8014) 1764.0
(7223, 7224, 7225) 2275.0
(2519, 2520, 2521) 1541.0
(7664, 7665, 7666) 1443.0
(3422, 3423, 3424) 1380.0
(6096, 6097, 6098) 2019.0
(1133, 1134, 1135) 2010.0
(9495, 9496, 9497) 1585.0
