(9009, 9010, 9011) 29061.0
(8770, 8771, 8772) 36328.0
(5506, 5507, 5508) 44886.0
(7232, 7233, 7234) 35321.0
(3881, 3882, 3883) 26903.0
(8723, 8724, 8725) 36433.0
(513, 514, 515) 41289.0
(3186, 3187, 3188) 45536.0
(7332, 7333, 7334) 27580.0
(1713, 1714, 1715) 25051.0
(2024, 2025, 2026) 32268.0
(8257, 8258, 8259) 39043.0
(1994, 1995, 1996) 36417.0
(8279, 8280, 8281) 45827.0
(1128, 1129, 1130) 44755.0
(2820, 2821, 2822) 42480.0
(4326, 4327, 4328) 37080.0
(9214, 9215, 9216) 40638.0
(1912, 1913, 1914) 26980.0
(647, 648, 649) 31286.0
(3128, 3129, 3130) 34351.0
(8205, 8206, 8207) 35377.0
(6546, 6547, 6548) 48389.0
(9913, 9914, 9915) 42899.0
(9767, 9768, 9769) 44172.0
(6871, 6872, 6873) 44910.0
(4774, 4775, 4776) 45441.0
(8782, 8783, 8784) 38153.0
(1398, 1399, 1400) 37260.0
(7801, 7802, 7803) 41903.0
(4314, 4315, 4316) 36515.0
(5396, 5397, 5398) 31700.0
(1999, 2000, 2001) 45235.0
(7350, 7351, 7352) 52523.0
(5006, 5007, 5008) 37277.0
(2501, 2502, 2503) 36153.0
(6506, 6507, 6508) 33104.0
(8350, 8351, 8352) 46654.0
(9692, 9693, 9694) 47519.0
(3778, 3779, 3780) 38501.0
(6483, 6484, 6485) 40077.0
(9935, 9936, 9937) 44358.0
(2458, 2459, 2460) 35493.0
(2348, 2349, 2350) 45510.0
(4471, 4472, 4473) 35033.0
(8204, 8205, 8206) 34396.0
(7245, 7246, 7247) 36600.0
(4868, 4869, 4870) 31155.0
(7860, 7861, 7862) 44641.0
(7682, 7683, 7684) 27454.0
(3023, 3024, 3025) 49847.0
(6137, 6138, 6139) 36667.0
(591, 592, 593) 43068.0
(5875, 5876, 5877) 36967.0
(3116, 3117, 3118) 35880.0
(3484, 3485, 3486) 41008.0
(9530, 9531, 9532) 40072.0
(6808, 6809, 6810) 46712.0
(9730, 9731, 9732) 47115.0
(5205, 5206, 5207) 29459.0
(9926, 9927, 9928) 38939.0
(5963, 5964, 5965) 34708.0
(4820, 4821, 4822) 43492.0
(4436, 4437, 4438) 42817.0
(1573, 1574, 1575) 48282.0
(1409, 1410, 1411) 40652.0
(3158, 3159, 3160) 36755.0
(2097, 2098, 2099) 36910.0
(851, 852, 853) 37142.0
(3382, 3383, 3384) 52663.0
(3520, 3521, 3522) 33036.0
(1984, 1985, 1986) 31218.0
(2674, 2675, 2676) 38528.0
(45, 46, 47) 48952.0
(3174, 3175, 3176) 25733.0
(9593, 9594, 9595) 51025.0
(6705, 6706, 6707) 36878.0
(9742, 9743, 9744) 29670.0
(2845, 2846, 2847) 29674.0
(3020, 3021, 3022) 31499.0
(3652, 3653, 3654) 42178.0
(3653, 3654, 3655) 33346.0
(2345, 2346, 2347) 54060.0
(6558, 6559, 6560) 53161.0
(8812, 8813, 8814) 43224.0
(5669, 5670, 5671) 34658.0
(573, 574, 575) 25115.0
(177, 178, 179) 33613.0
(4464, 4465, 4466) 31904.0
(8526, 8527, 8528) 36342.0
(6946, 6947, 6948) 52290.0
(512, 513, 514) 32891.0
(4152, 4153, 4154) 38891.0
(2389, 2390, 2391) 40653.0
(3740, 3741, 3742) 28291.0
(7164, 7165, 7166) 36321.0
(9183, 9184, 9185) 38982.0
(7696, 7697, 7698) 31409.0
(1489, 1490, 1491) 35179.0
(9690, 9691, 9692) 40646.0
(2627, 2628, 2629) 45490.0
