(7555, 7556, 7557) 47688.0
(2305, 2306, 2307) 44670.0
(2282, 2283, 2284) 44999.0
(4747, 4748, 4749) 37798.0
(9759, 9760, 9761) 35251.0
(2178, 2179, 2180) 43458.0
(5400, 5401, 5402) 38158.0
(3873, 3874, 3875) 49579.0
(2070, 2071, 2072) 52701.0
(6829, 6830, 6831) 53025.0
(6673, 6674, 6675) 38520.0
(1406, 1407, 1408) 33992.0
(4390, 4391, 4392) 39003.0
(501, 502, 503) 31422.0
(2160, 2161, 2162) 39997.0
(1178, 1179, 1180) 32256.0
(2794, 2795, 2796) 34218.0
(9872, 9873, 9874) 37739.0
(5830, 5831, 5832) 41365.0
(6427, 6428, 6429) 31399.0
(1448, 1449, 1450) 40933.0
(9528, 9529, 9530) 42771.0
(8888, 8889, 8890) 38270.0
(3438, 3439, 3440) 43056.0
(2072, 2073, 2074) 33322.0
(4597, 4598, 4599) 37892.0
(154, 155, 156) 63856.0
(1475, 1476, 1477) 40282.0
(2095, 2096, 2097) 42653.0
(6133, 6134, 6135) 36501.0
(1831, 1832, 1833) 29968.0
(2892, 2893, 2894) 39311.0
(834, 835, 836) 40103.0
(6891, 6892, 6893) 26925.0
(5311, 5312, 5313) 26493.0
(2944, 2945, 2946) 45135.0
(7118, 7119, 7120) 40807.0
(6709, 6710, 6711) 34153.0
(3474, 3475, 3476) 35412.0
(3152, 3153, 3154) 39749.0
(1230, 1231, 1232) 38168.0
(3006, 3007, 3008) 33183.0
(2190, 2191, 2192) 34202.0
(9994, 9995, 9996) 33791.0
(1366, 1367, 1368) 45312.0
(7846, 7847, 7848) 40866.0
(3740, 3741, 3742) 29099.0
(5681, 5682, 5683) 37472.0
(4838, 4839, 4840) 26350.0
(474, 475, 476) 34833.0
(3742, 3743, 3744) 34517.0
(2010, 2011, 2012) 39627.0
(2579, 2580, 2581) 36357.0
(3891, 3892, 3893) 34552.0
(698, 699, 700) 37417.0
(6324, 6325, 6326) 49335.0
(8016, 8017, 8018) 36223.0
(2671, 2672, 2673) 41143.0
(8858, 8859, 8860) 26937.0
(9807, 9808, 9809) 43608.0
(9514, 9515, 9516) 43563.0
(912, 913, 914) 41251.0
(5753, 5754, 5755) 41731.0
(1598, 1599, 1600) 40189.0
(86, 87, 88) 35819.0
(8442, 8443, 8444) 46886.0
(3522, 3523, 3524) 31126.0
(1995, 1996, 1997) 34321.0
(317, 318, 319) 47784.0
(9596, 9597, 9598) 40682.0
(4901, 4902, 4903) 35764.0
(5807, 5808, 5809) 36324.0
(332, 333, 334) 32157.0
(7845, 7846, 7847) 33028.0
(6608, 6609, 6610) 33733.0
(7744, 7745, 7746) 44956.0
(1358, 1359, 1360) 46470.0
(7640, 7641, 7642) 58203.0
(6169, 6170, 6171) 39456.0
(1114, 1115, 1116) 39415.0
(1917, 1918, 1919) 39776.0
(4954, 4955, 4956) 39855.0
(2498, 2499, 2500) 28584.0
(3114, 3115, 3116) 41420.0
(8477, 8478, 8479) 35368.0
(2720, 2721, 2722) 38878.0
(3621, 3622, 3623) 40909.0
(3438, 3439, 3440) 43056.0
(2249, 2250, 2251) 53509.0
(4502, 4503, 4504) 38235.0
(7345, 7346, 7347) 51544.0
(8564, 8565, 8566) 50239.0
(5453, 5454, 5455) 47183.0
(5859, 5860, 5861) 43127.0
(6071, 6072, 6073) 30479.0
(9931, 9932, 9933) 43344.0
(8141, 8142, 8143) 40582.0
(2692, 2693, 2694) 38902.0
(8392, 8393, 8394) 31512.0
(2236, 2237, 2238) 34319.0
(3421, 3422, 3423) 26096.0
