(461, 462, 463) 40455.0
(9179, 9180, 9181) 65486.0
(3174, 3175, 3176) 28728.0
(6817, 6818, 6819) 34186.0
(6976, 6977, 6978) 49751.0
(7624, 7625, 7626) 45199.0
(8634, 8635, 8636) 38408.0
(4786, 4787, 4788) 42033.0
(8989, 8990, 8991) 42238.0
(8779, 8780, 8781) 52996.0
(1698, 1699, 1700) 37677.0
(9765, 9766, 9767) 41264.0
(8656, 8657, 8658) 39067.0
(9065, 9066, 9067) 35225.0
(7910, 7911, 7912) 53803.0
(2047, 2048, 2049) 34908.0
(844, 845, 846) 44770.0
(5187, 5188, 5189) 35656.0
(4581, 4582, 4583) 36416.0
(3752, 3753, 3754) 35457.0
(410, 411, 412) 39814.0
(5782, 5783, 5784) 38716.0
(4828, 4829, 4830) 44538.0
(3552, 3553, 3554) 36025.0
(6839, 6840, 6841) 44359.0
(247, 248, 249) 46408.0
(2472, 2473, 2474) 52253.0
(6637, 6638, 6639) 39529.0
(4332, 4333, 4334) 33732.0
(1391, 1392, 1393) 44012.0
(9874, 9875, 9876) 34149.0
(1267, 1268, 1269) 42870.0
(4569, 4570, 4571) 31565.0
(1533, 1534, 1535) 34783.0
(3688, 3689, 3690) 44621.0
(3236, 3237, 3238) 29216.0
(283, 284, 285) 36366.0
(4715, 4716, 4717) 35471.0
(8172, 8173, 8174) 37247.0
(9462, 9463, 9464) 31609.0
(1924, 1925, 1926) 23992.0
(7624, 7625, 7626) 45199.0
(485, 486, 487) 37120.0
(118, 119, 120) 33852.0
(4726, 4727, 4728) 35629.0
(1026, 1027, 1028) 34560.0
(5931, 5932, 5933) 39966.0
(8704, 8705, 8706) 42584.0
(8949, 8950, 8951) 38366.0
(2362, 2363, 2364) 25836.0
(5135, 5136, 5137) 40341.0
(1767, 1768, 1769) 52823.0
(4734, 4735, 4736) 29274.0
(761, 762, 763) 41485.0
(755, 756, 757) 28466.0
(6657, 6658, 6659) 42544.0
(7767, 7768, 7769) 43016.0
(4212, 4213, 4214) 31193.0
(2366, 2367, 2368) 33066.0
(1967, 1968, 1969) 52511.0
(7841, 7842, 7843) 51690.0
(9269, 9270, 9271) 45490.0
(2156, 2157, 2158) 32645.0
(3079, 3080, 3081) 32302.0
(9841, 9842, 9843) 39889.0
(1314, 1315, 1316) 24850.0
(1150, 1151, 1152) 45742.0
(9068, 9069, 9070) 53345.0
(5150, 5151, 5152) 39090.0
(1855, 1856, 1857) 44912.0
(6449, 6450, 6451) 49485.0
(8150, 8151, 8152) 34454.0
(6402, 6403, 6404) 30594.0
(6797, 6798, 6799) 27849.0
(8192, 8193, 8194) 52856.0
(489, 490, 491) 45275.0
(5247, 5248, 5249) 34072.0
(6778, 6779, 6780) 57005.0
(9418, 9419, 9420) 40856.0
(9558, 9559, 9560) 40666.0
(5741, 5742, 5743) 45203.0
(1153, 1154, 1155) 31962.0
(5543, 5544, 5545) 31718.0
(1464, 1465, 1466) 23740.0
(3832, 3833, 3834) 35701.0
(5775, 5776, 5777) 32518.0
(9422, 9423, 9424) 43735.0
(6877, 6878, 6879) 38858.0
(1088, 1089, 1090) 39910.0
(9545, 9546, 9547) 39841.0
(3110, 3111, 3112) 50467.0
(7792, 7793, 7794) 36698.0
(2215, 2216, 2217) 41487.0
(3247, 3248, 3249) 44224.0
(1937, 1938, 1939) 44772.0
(8981, 8982, 8983) 29656.0
(1294, 1295, 1296) 39059.0
(6527, 6528, 6529) 31363.0
(4700, 4701, 4702) 39120.0
(8112, 8113, 8114) 40260.0
(6067, 6068, 6069) 46028.0
