(726, 727, 728) 42072.0
(496, 497, 498) 44953.0
(4493, 4494, 4495) 34877.0
(2857, 2858, 2859) 46189.0
(122, 123, 124) 43915.0
(96, 97, 98) 36476.0
(3545, 3546, 3547) 45374.0
(5985, 5986, 5987) 44381.0
(2466, 2467, 2468) 41979.0
(272, 273, 274) 33423.0
(6381, 6382, 6383) 38220.0
(3785, 3786, 3787) 53624.0
(2650, 2651, 2652) 35847.0
(8706, 8707, 8708) 47410.0
(6138, 6139, 6140) 28460.0
(5558, 5559, 5560) 51402.0
(2577, 2578, 2579) 39856.0
(1664, 1665, 1666) 33524.0
(552, 553, 554) 38070.0
(5602, 5603, 5604) 43558.0
(5485, 5486, 5487) 68357.0
(6912, 6913, 6914) 58523.0
(6337, 6338, 6339) 34195.0
(5971, 5972, 5973) 45703.0
(6710, 6711, 6712) 38881.0
(9189, 9190, 9191) 40178.0
(8187, 8188, 8189) 34066.0
(7660, 7661, 7662) 52606.0
(106, 107, 108) 40350.0
(2254, 2255, 2256) 33635.0
(8468, 8469, 8470) 47680.0
(3090, 3091, 3092) 62848.0
(8883, 8884, 8885) 42297.0
(6820, 6821, 6822) 40325.0
(596, 597, 598) 51429.0
(3158, 3159, 3160) 40507.0
(2543, 2544, 2545) 44870.0
(8800, 8801, 8802) 39054.0
(1634, 1635, 1636) 41337.0
(7000, 7001, 7002) 44723.0
(8168, 8169, 8170) 37518.0
(4268, 4269, 4270) 47513.0
(3300, 3301, 3302) 39267.0
(3623, 3624, 3625) 53228.0
(6521, 6522, 6523) 41178.0
(4890, 4891, 4892) 43230.0
(288, 289, 290) 49150.0
(6512, 6513, 6514) 53608.0
(427, 428, 429) 32974.0
(9677, 9678, 9679) 48835.0
(4692, 4693, 4694) 51280.0
(6645, 6646, 6647) 37845.0
(2343, 2344, 2345) 49928.0
(3758, 3759, 3760) 41786.0
(5776, 5777, 5778) 43337.0
(8137, 8138, 8139) 38622.0
(2136, 2137, 2138) 30393.0
(1604, 1605, 1606) 59623.0
(109, 110, 111) 44396.0
(4978, 4979, 4980) 39510.0
(873, 874, 875) 51034.0
(4315, 4316, 4317) 43783.0
(4740, 4741, 4742) 49167.0
(409, 410, 411) 51790.0
(6937, 6938, 6939) 27607.0
(634, 635, 636) 38413.0
(8300, 8301, 8302) 57189.0
(3467, 3468, 3469) 34627.0
(3860, 3861, 3862) 53992.0
(1015, 1016, 1017) 53077.0
(7343, 7344, 7345) 48760.0
(7599, 7600, 7601) 40470.0
(8449, 8450, 8451) 40894.0
(2767, 2768, 2769) 48797.0
(4659, 4660, 4661) 39845.0
(8495, 8496, 8497) 49831.0
(3387, 3388, 3389) 38551.0
(4274, 4275, 4276) 35708.0
(5030, 5031, 5032) 32302.0
(842, 843, 844) 43429.0
(152, 153, 154) 36400.0
(1293, 1294, 1295) 37344.0
(1014, 1015, 1016) 47134.0
(1589, 1590, 1591) 29440.0
(2942, 2943, 2944) 37115.0
(9519, 9520, 9521) 41365.0
(8658, 8659, 8660) 34492.0
(8130, 8131, 8132) 42604.0
(7071, 7072, 7073) 37458.0
(8705, 8706, 8707) 42812.0
(7043, 7044, 7045) 61198.0
(5858, 5859, 5860) 26524.0
(5037, 5038, 5039) 39851.0
(4891, 4892, 4893) 52031.0
(9386, 9387, 9388) 46193.0
(8988, 8989, 8990) 46220.0
(4407, 4408, 4409) 49849.0
(5175, 5176, 5177) 47828.0
(3180, 3181, 3182) 31430.0
(9539, 9540, 9541) 36158.0
(2588, 2589, 2590) 33574.0
