(47, 48, 49) 34451.0
(3355, 3356, 3357) 51043.0
(3678, 3679, 3680) 42739.0
(2045, 2046, 2047) 50601.0
(1593, 1594, 1595) 42973.0
(366, 367, 368) 34343.0
(854, 855, 856) 37969.0
(6223, 6224, 6225) 54936.0
(6338, 6339, 6340) 50782.0
(7526, 7527, 7528) 38061.0
(5503, 5504, 5505) 48010.0
(9046, 9047, 9048) 45471.0
(4131, 4132, 4133) 39960.0
(4402, 4403, 4404) 36531.0
(4877, 4878, 4879) 40792.0
(5695, 5696, 5697) 36932.0
(6253, 6254, 6255) 48077.0
(6425, 6426, 6427) 40983.0
(327, 328, 329) 38725.0
(6299, 6300, 6301) 49002.0
(1524, 1525, 1526) 30852.0
(4529, 4530, 4531) 43312.0
(199, 200, 201) 35004.0
(4840, 4841, 4842) 28299.0
(6491, 6492, 6493) 42659.0
(6164, 6165, 6166) 48805.0
(9947, 9948, 9949) 41069.0
(5317, 5318, 5319) 36383.0
(872, 873, 874) 35215.0
(1543, 1544, 1545) 43658.0
(4165, 4166, 4167) 35228.0
(8092, 8093, 8094) 49321.0
(4084, 4085, 4086) 51609.0
(8162, 8163, 8164) 27997.0
(9601, 9602, 9603) 46193.0
(7323, 7324, 7325) 37737.0
(9631, 9632, 9633) 47042.0
(2064, 2065, 2066) 45257.0
(3417, 3418, 3419) 40422.0
(8523, 8524, 8525) 40636.0
(2029, 2030, 2031) 49226.0
(913, 914, 915) 47980.0
(1989, 1990, 1991) 48272.0
(5767, 5768, 5769) 37239.0
(8293, 8294, 8295) 46231.0
(7728, 7729, 7730) 40849.0
(4458, 4459, 4460) 37302.0
(6180, 6181, 6182) 49760.0
(9881, 9882, 9883) 33546.0
(6989, 6990, 6991) 48042.0
(7636, 7637, 7638) 46472.0
(2647, 2648, 2649) 56499.0
(5461, 5462, 5463) 35746.0
(5707, 5708, 5709) 45034.0
(1772, 1773, 1774) 43459.0
(2750, 2751, 2752) 40261.0
(5337, 5338, 5339) 42620.0
(3860, 3861, 3862) 54093.0
(1216, 1217, 1218) 32318.0
(786, 787, 788) 41472.0
(6638, 6639, 6640) 55404.0
(4085, 4086, 4087) 55775.0
(2469, 2470, 2471) 50588.0
(4763, 4764, 4765) 43344.0
(8449, 8450, 8451) 45582.0
(1461, 1462, 1463) 49906.0
(9432, 9433, 9434) 34265.0
(1957, 1958, 1959) 51454.0
(191, 192, 193) 44810.0
(1168, 1169, 1170) 42578.0
(1944, 1945, 1946) 35045.0
(6437, 6438, 6439) 43591.0
(3690, 3691, 3692) 47028.0
(4466, 4467, 4468) 34640.0
(2053, 2054, 2055) 51210.0
(8849, 8850, 8851) 32267.0
(7343, 7344, 7345) 49275.0
(6112, 6113, 6114) 37207.0
(4189, 4190, 4191) 39290.0
(9933, 9934, 9935) 36189.0
(3425, 3426, 3427) 40277.0
(5464, 5465, 5466) 31508.0
(9366, 9367, 9368) 41120.0
(7255, 7256, 7257) 49040.0
(2915, 2916, 2917) 48204.0
(5224, 5225, 5226) 49357.0
(8544, 8545, 8546) 39697.0
(6244, 6245, 6246) 45211.0
(5610, 5611, 5612) 33122.0
(5922, 5923, 5924) 44986.0
(6603, 6604, 6605) 39855.0
(9270, 9271, 9272) 53767.0
(6707, 6708, 6709) 47337.0
(3660, 3661, 3662) 49435.0
(6964, 6965, 6966) 36196.0
(1226, 1227, 1228) 55579.0
(6485, 6486, 6487) 33762.0
(2774, 2775, 2776) 45406.0
(7431, 7432, 7433) 38340.0
(4780, 4781, 4782) 37291.0
(169, 170, 171) 43126.0
