(7228, 7229, 7230) 44490.0
(9608, 9609, 9610) 38494.0
(7911, 7912, 7913) 37076.0
(583, 584, 585) 50573.0
(6820, 6821, 6822) 40404.0
(84, 85, 86) 63932.0
(6841, 6842, 6843) 34785.0
(9759, 9760, 9761) 41350.0
(294, 295, 296) 49734.0
(7595, 7596, 7597) 39816.0
(5107, 5108, 5109) 47210.0
(9049, 9050, 9051) 40670.0
(323, 324, 325) 54785.0
(4522, 4523, 4524) 57026.0
(447, 448, 449) 37925.0
(7829, 7830, 7831) 44028.0
(9782, 9783, 9784) 46301.0
(851, 852, 853) 42421.0
(2262, 2263, 2264) 39789.0
(1142, 1143, 1144) 40869.0
(4194, 4195, 4196) 46884.0
(2267, 2268, 2269) 53829.0
(4291, 4292, 4293) 44473.0
(2567, 2568, 2569) 60026.0
(9603, 9604, 9605) 52729.0
(7686, 7687, 7688) 57295.0
(7981, 7982, 7983) 38046.0
(7607, 7608, 7609) 52549.0
(3713, 3714, 3715) 48851.0
(8777, 8778, 8779) 50198.0
(4471, 4472, 4473) 37740.0
(1817, 1818, 1819) 40760.0
(9332, 9333, 9334) 33584.0
(5138, 5139, 5140) 52634.0
(9983, 9984, 9985) 51461.0
(2160, 2161, 2162) 43133.0
(5745, 5746, 5747) 34127.0
(5994, 5995, 5996) 51299.0
(1632, 1633, 1634) 32992.0
(6947, 6948, 6949) 33476.0
(1739, 1740, 1741) 43326.0
(6784, 6785, 6786) 42565.0
(9848, 9849, 9850) 41594.0
(5921, 5922, 5923) 41618.0
(3388, 3389, 3390) 46266.0
(2631, 2632, 2633) 46941.0
(3193, 3194, 3195) 46875.0
(2166, 2167, 2168) 32058.0
(6475, 6476, 6477) 51958.0
(5220, 5221, 5222) 40256.0
(4239, 4240, 4241) 33108.0
(2724, 2725, 2726) 45094.0
(5911, 5912, 5913) 35056.0
(4081, 4082, 4083) 45299.0
(3966, 3967, 3968) 28909.0
(3634, 3635, 3636) 58225.0
(9043, 9044, 9045) 48628.0
(6041, 6042, 6043) 41204.0
(6469, 6470, 6471) 45399.0
(8829, 8830, 8831) 51063.0
(2219, 2220, 2221) 43436.0
(1641, 1642, 1643) 32075.0
(6707, 6708, 6709) 46541.0
(4466, 4467, 4468) 35159.0
(9066, 9067, 9068) 36815.0
(7527, 7528, 7529) 33888.0
(3645, 3646, 3647) 54097.0
(8910, 8911, 8912) 55938.0
(6906, 6907, 6908) 38379.0
(1809, 1810, 1811) 49256.0
(7588, 7589, 7590) 38794.0
(4732, 4733, 4734) 37989.0
(9914, 9915, 9916) 47884.0
(1631, 1632, 1633) 44788.0
(7486, 7487, 7488) 40943.0
(8122, 8123, 8124) 53955.0
(5437, 5438, 5439) 35862.0
(459, 460, 461) 41875.0
(9700, 9701, 9702) 31780.0
(345, 346, 347) 44301.0
(4057, 4058, 4059) 52878.0
(9053, 9054, 9055) 40203.0
(3346, 3347, 3348) 37278.0
(6221, 6222, 6223) 34279.0
(6988, 6989, 6990) 41993.0
(9385, 9386, 9387) 47779.0
(9388, 9389, 9390) 39047.0
(7473, 7474, 7475) 34513.0
(2753, 2754, 2755) 55544.0
(6172, 6173, 6174) 43252.0
(2654, 2655, 2656) 36840.0
(8761, 8762, 8763) 47274.0
(7208, 7209, 7210) 44896.0
(313, 314, 315) 40986.0
(7335, 7336, 7337) 46593.0
(9935, 9936, 9937) 52046.0
(9831, 9832, 9833) 44569.0
(5503, 5504, 5505) 49869.0
(5172, 5173, 5174) 45340.0
(3296, 3297, 3298) 53041.0
(8118, 8119, 8120) 41548.0
