(6726, 6727, 6728) 49060.0
(2535, 2536, 2537) 38299.0
(5898, 5899, 5900) 37545.0
(2151, 2152, 2153) 36905.0
(2038, 2039, 2040) 38787.0
(2008, 2009, 2010) 49809.0
(2511, 2512, 2513) 47130.0
(8131, 8132, 8133) 50740.0
(3309, 3310, 3311) 39489.0
(1419, 1420, 1421) 33514.0
(8632, 8633, 8634) 44637.0
(7903, 7904, 7905) 46217.0
(9478, 9479, 9480) 58871.0
(2214, 2215, 2216) 37444.0
(4793, 4794, 4795) 34897.0
(9161, 9162, 9163) 39606.0
(266, 267, 268) 52217.0
(5563, 5564, 5565) 41927.0
(801, 802, 803) 32287.0
(4514, 4515, 4516) 43047.0
(7558, 7559, 7560) 40137.0
(7866, 7867, 7868) 44736.0
(688, 689, 690) 27179.0
(7277, 7278, 7279) 51227.0
(8596, 8597, 8598) 54596.0
(4868, 4869, 4870) 37298.0
(2638, 2639, 2640) 49769.0
(1683, 1684, 1685) 48466.0
(8217, 8218, 8219) 40887.0
(8, 9, 10) 38915.0
(4128, 4129, 4130) 52683.0
(1163, 1164, 1165) 43208.0
(4161, 4162, 4163) 49280.0
(7815, 7816, 7817) 38533.0
(6176, 6177, 6178) 48423.0
(5637, 5638, 5639) 34454.0
(1490, 1491, 1492) 36516.0
(8609, 8610, 8611) 54394.0
(8524, 8525, 8526) 54006.0
(4111, 4112, 4113) 47535.0
(2652, 2653, 2654) 40483.0
(6040, 6041, 6042) 30665.0
(5846, 5847, 5848) 43514.0
(277, 278, 279) 33465.0
(1056, 1057, 1058) 53690.0
(7443, 7444, 7445) 43394.0
(7752, 7753, 7754) 46157.0
(8032, 8033, 8034) 44015.0
(5002, 5003, 5004) 28197.0
(8838, 8839, 8840) 31163.0
(7051, 7052, 7053) 49857.0
(1502, 1503, 1504) 47641.0
(7112, 7113, 7114) 35909.0
(465, 466, 467) 42463.0
(4434, 4435, 4436) 50047.0
(7030, 7031, 7032) 46889.0
(4909, 4910, 4911) 31895.0
(4099, 4100, 4101) 54777.0
(8386, 8387, 8388) 47686.0
(152, 153, 154) 40380.0
(5609, 5610, 5611) 54395.0
(1688, 1689, 1690) 37309.0
(1188, 1189, 1190) 47389.0
(2268, 2269, 2270) 41180.0
(5790, 5791, 5792) 43374.0
(9963, 9964, 9965) 35104.0
(4038, 4039, 4040) 41957.0
(4812, 4813, 4814) 48719.0
(2740, 2741, 2742) 29343.0
(7096, 7097, 7098) 41367.0
(7568, 7569, 7570) 32132.0
(4350, 4351, 4352) 40344.0
(5908, 5909, 5910) 37630.0
(2721, 2722, 2723) 42428.0
(23, 24, 25) 44106.0
(8721, 8722, 8723) 43838.0
(454, 455, 456) 40169.0
(3135, 3136, 3137) 38588.0
(7202, 7203, 7204) 36463.0
(5039, 5040, 5041) 40083.0
(6145, 6146, 6147) 39089.0
(405, 406, 407) 51862.0
(8225, 8226, 8227) 38818.0
(5882, 5883, 5884) 39397.0
(6189, 6190, 6191) 44101.0
(8859, 8860, 8861) 53170.0
(4724, 4725, 4726) 38685.0
(421, 422, 423) 53065.0
(4715, 4716, 4717) 38602.0
(5734, 5735, 5736) 37026.0
(2049, 2050, 2051) 39539.0
(660, 661, 662) 51873.0
(5311, 5312, 5313) 30353.0
(9906, 9907, 9908) 41375.0
(4449, 4450, 4451) 38184.0
(3307, 3308, 3309) 47825.0
(3798, 3799, 3800) 46618.0
(9490, 9491, 9492) 47916.0
(402, 403, 404) 38225.0
(6715, 6716, 6717) 54002.0
(5793, 5794, 5795) 50260.0
