(6810, 6811, 6812) 39477.0
(6871, 6872, 6873) 47618.0
(3991, 3992, 3993) 46759.0
(4797, 4798, 4799) 38251.0
(7568, 7569, 7570) 34097.0
(1603, 1604, 1605) 42140.0
(9005, 9006, 9007) 63065.0
(8775, 8776, 8777) 41372.0
(2318, 2319, 2320) 41393.0
(6633, 6634, 6635) 38556.0
(3694, 3695, 3696) 42317.0
(986, 987, 988) 52444.0
(4916, 4917, 4918) 50903.0
(9633, 9634, 9635) 38808.0
(5169, 5170, 5171) 42059.0
(1941, 1942, 1943) 46543.0
(4018, 4019, 4020) 30130.0
(4208, 4209, 4210) 35832.0
(1146, 1147, 1148) 57696.0
(3745, 3746, 3747) 50694.0
(262, 263, 264) 54336.0
(7415, 7416, 7417) 56795.0
(3665, 3666, 3667) 46073.0
(57, 58, 59) 56276.0
(2784, 2785, 2786) 44017.0
(5619, 5620, 5621) 33830.0
(2107, 2108, 2109) 37591.0
(7651, 7652, 7653) 49855.0
(1587, 1588, 1589) 44903.0
(7356, 7357, 7358) 42097.0
(6841, 6842, 6843) 36209.0
(5033, 5034, 5035) 44789.0
(6686, 6687, 6688) 43197.0
(1239, 1240, 1241) 31757.0
(392, 393, 394) 46871.0
(5988, 5989, 5990) 32053.0
(2131, 2132, 2133) 52301.0
(594, 595, 596) 56950.0
(6073, 6074, 6075) 51467.0
(5209, 5210, 5211) 34718.0
(3019, 3020, 3021) 59808.0
(5307, 5308, 5309) 46048.0
(5948, 5949, 5950) 41378.0
(7764, 7765, 7766) 38901.0
(3804, 3805, 3806) 43181.0
(7024, 7025, 7026) 61745.0
(635, 636, 637) 40054.0
(7419, 7420, 7421) 42817.0
(3188, 3189, 3190) 52233.0
(5808, 5809, 5810) 40540.0
(9225, 9226, 9227) 35368.0
(4094, 4095, 4096) 39839.0
(9558, 9559, 9560) 45133.0
(1278, 1279, 1280) 44244.0
(9218, 9219, 9220) 39254.0
(3876, 3877, 3878) 45930.0
(5170, 5171, 5172) 47494.0
(3397, 3398, 3399) 33580.0
(8970, 8971, 8972) 49779.0
(8801, 8802, 8803) 43657.0
(8115, 8116, 8117) 43074.0
(8720, 8721, 8722) 45195.0
(278, 279, 280) 45172.0
(9839, 9840, 9841) 44028.0
(4297, 4298, 4299) 43100.0
(9038, 9039, 9040) 58440.0
(7148, 7149, 7150) 39584.0
(7516, 7517, 7518) 56295.0
(3572, 3573, 3574) 44454.0
(8566, 8567, 8568) 51743.0
(8334, 8335, 8336) 36995.0
(4626, 4627, 4628) 44835.0
(3523, 3524, 3525) 50154.0
(6247, 6248, 6249) 63202.0
(7583, 7584, 7585) 43171.0
(1343, 1344, 1345) 38407.0
(3428, 3429, 3430) 35286.0
(1195, 1196, 1197) 49515.0
(7655, 7656, 7657) 37138.0
(3630, 3631, 3632) 46325.0
(7936, 7937, 7938) 49750.0
(669, 670, 671) 54001.0
(3356, 3357, 3358) 36337.0
(6899, 6900, 6901) 33903.0
(8065, 8066, 8067) 42651.0
(7141, 7142, 7143) 49810.0
(2373, 2374, 2375) 51267.0
(5259, 5260, 5261) 53440.0
(9207, 9208, 9209) 46758.0
(3108, 3109, 3110) 39885.0
(7376, 7377, 7378) 37536.0
(1295, 1296, 1297) 36639.0
(7466, 7467, 7468) 52740.0
(9076, 9077, 9078) 41909.0
(5204, 5205, 5206) 35678.0
(5002, 5003, 5004) 31333.0
(6300, 6301, 6302) 56528.0
(9758, 9759, 9760) 44501.0
(9954, 9955, 9956) 49389.0
(9119, 9120, 9121) 55081.0
(3466, 3467, 3468) 40721.0
