(1565, 1566, 1567) 44917.0
(7021, 7022, 7023) 32361.0
(6240, 6241, 6242) 58751.0
(1616, 1617, 1618) 49553.0
(1313, 1314, 1315) 38889.0
(8042, 8043, 8044) 45740.0
(9149, 9150, 9151) 46409.0
(5053, 5054, 5055) 53680.0
(6200, 6201, 6202) 39237.0
(9041, 9042, 9043) 39770.0
(5921, 5922, 5923) 46536.0
(4058, 4059, 4060) 45430.0
(1948, 1949, 1950) 48515.0
(3485, 3486, 3487) 38995.0
(9865, 9866, 9867) 37197.0
(1270, 1271, 1272) 52978.0
(2154, 2155, 2156) 44400.0
(2100, 2101, 2102) 44268.0
(2390, 2391, 2392) 48813.0
(3477, 3478, 3479) 33094.0
(4390, 4391, 4392) 45448.0
(4805, 4806, 4807) 43849.0
(9577, 9578, 9579) 48660.0
(8616, 8617, 8618) 42224.0
(492, 493, 494) 41403.0
(7050, 7051, 7052) 46180.0
(5159, 5160, 5161) 49344.0
(2782, 2783, 2784) 45692.0
(8610, 8611, 8612) 51378.0
(3123, 3124, 3125) 36105.0
(9185, 9186, 9187) 59218.0
(7125, 7126, 7127) 42211.0
(9057, 9058, 9059) 43200.0
(402, 403, 404) 41222.0
(9134, 9135, 9136) 58205.0
(6263, 6264, 6265) 51304.0
(5514, 5515, 5516) 56133.0
(1856, 1857, 1858) 47481.0
(9675, 9676, 9677) 47550.0
(8590, 8591, 8592) 35888.0
(3067, 3068, 3069) 55934.0
(3044, 3045, 3046) 37714.0
(7571, 7572, 7573) 41915.0
(7913, 7914, 7915) 40934.0
(4010, 4011, 4012) 54298.0
(2659, 2660, 2661) 59054.0
(1272, 1273, 1274) 46417.0
(8678, 8679, 8680) 61006.0
(301, 302, 303) 43894.0
(4289, 4290, 4291) 50126.0
(7780, 7781, 7782) 36796.0
(562, 563, 564) 41172.0
(6347, 6348, 6349) 32223.0
(790, 791, 792) 36956.0
(9427, 9428, 9429) 48881.0
(4866, 4867, 4868) 41678.0
(8347, 8348, 8349) 51783.0
(6650, 6651, 6652) 39587.0
(8777, 8778, 8779) 51355.0
(6344, 6345, 6346) 38803.0
(9911, 9912, 9913) 53448.0
(1024, 1025, 1026) 39075.0
(6350, 6351, 6352) 65273.0
(6677, 6678, 6679) 40397.0
(7107, 7108, 7109) 44215.0
(1033, 1034, 1035) 43351.0
(8041, 8042, 8043) 58624.0
(1755, 1756, 1757) 55640.0
(8375, 8376, 8377) 64938.0
(9285, 9286, 9287) 35790.0
(9519, 9520, 9521) 48508.0
(7243, 7244, 7245) 47253.0
(2968, 2969, 2970) 56321.0
(7820, 7821, 7822) 51423.0
(2794, 2795, 2796) 37354.0
(3471, 3472, 3473) 60258.0
(9112, 9113, 9114) 43611.0
(8820, 8821, 8822) 44912.0
(7137, 7138, 7139) 35707.0
(1734, 1735, 1736) 69575.0
(2044, 2045, 2046) 52155.0
(321, 322, 323) 51350.0
(3809, 3810, 3811) 57094.0
(8174, 8175, 8176) 51680.0
(7574, 7575, 7576) 40837.0
(5535, 5536, 5537) 34032.0
(8314, 8315, 8316) 52446.0
(1741, 1742, 1743) 36226.0
(4364, 4365, 4366) 39603.0
(2260, 2261, 2262) 45695.0
(3444, 3445, 3446) 52381.0
(9874, 9875, 9876) 45481.0
(6460, 6461, 6462) 45468.0
(2059, 2060, 2061) 56853.0
(6121, 6122, 6123) 56844.0
(6837, 6838, 6839) 44343.0
(9773, 9774, 9775) 38623.0
(20, 21, 22) 35806.0
(40, 41, 42) 47629.0
(9808, 9809, 9810) 54038.0
(278, 279, 280) 44924.0
