(7534, 7535, 7536) 1510.0
(3290, 3291, 3292) 2428.0
(7199, 7200, 7201) 1493.0
(6666, 6667, 6668) 2524.0
(9309, 9310, 9311) 2174.0
(209, 210, 211) 2255.0
(4239, 4240, 4241) 1756.0
(7940, 7941, 7942) 1921.0
(4722, 4723, 4724) 1841.0
(5916, 5917, 5918) 3882.0
(1352, 1353, 1354) 2607.0
(2856, 2857, 2858) 2016.0
(3552, 3553, 3554) 2163.0
(7525, 7526, 7527) 1699.0
(6174, 6175, 6176) 2242.0
(3357, 3358, 3359) 2011.0
(6825, 6826, 6827) 1900.0
(9489, 9490, 9491) 2092.0
(6362, 6363, 6364) 2239.0
(2139, 2140, 2141) 2133.0
(9643, 9644, 9645) 2186.0
(8795, 8796, 8797) 2119.0
(8760, 8761, 8762) 2516.0
(7809, 7810, 7811) 2426.0
(6122, 6123, 6124) 1630.0
(8971, 8972, 8973) 1804.0
(3827, 3828, 3829) 1454.0
(68, 69, 70) 1711.0
(1704, 1705, 1706) 2683.0
(1408, 1409, 1410) 1828.0
(7333, 7334, 7335) 1742.0
(1223, 1224, 1225) 2364.0
(9957, 9958, 9959) 2033.0
(3583, 3584, 3585) 2453.0
(3240, 3241, 3242) 2240.0
(1075, 1076, 1077) 1641.0
(4123, 4124, 4125) 2141.0
(7478, 7479, 7480) 1926.0
(6348, 6349, 6350) 2571.0
(1135, 1136, 1137) 2441.0
(7780, 7781, 7782) 2356.0
(5607, 5608, 5609) 2586.0
(223, 224, 225) 2942.0
(674, 675, 676) 1289.0
(698, 699, 700) 3629.0
(17, 18, 19) 3595.0
(8408, 8409, 8410) 1822.0
(2684, 2685, 2686) 2917.0
(3773, 3774, 3775) 1661.0
(7155, 7156, 7157) 2769.0
(7091, 7092, 7093) 2246.0
(582, 583, 584) 2333.0
(4213, 4214, 4215) 2464.0
(6663, 6664, 6665) 1348.0
(3793, 3794, 3795) 1823.0
(9733, 9734, 9735) 2017.0
(1871, 1872, 1873) 1899.0
(9292, 9293, 9294) 1309.0
(8629, 8630, 8631) 3386.0
(8841, 8842, 8843) 1746.0
(450, 451, 452) 1648.0
(2227, 2228, 2229) 1678.0
(1806, 1807, 1808) 1971.0
(7744, 7745, 7746) 1650.0
(6042, 6043, 6044) 2369.0
(5676, 5677, 5678) 1403.0
(9060, 9061, 9062) 2848.0
(3550, 3551, 3552) 1690.0
(5918, 5919, 5920) 1808.0
(2566, 2567, 2568) 2216.0
(3826, 3827, 3828) 2213.0
(1596, 1597, 1598) 806.0
(5490, 5491, 5492) 1524.0
(4336, 4337, 4338) 1998.0
(1611, 1612, 1613) 1594.0
(7618, 7619, 7620) 1417.0
(9381, 9382, 9383) 1870.0
(8142, 8143, 8144) 1806.0
(7784, 7785, 7786) 1366.0
(9983, 9984, 9985) 1782.0
(2348, 2349, 2350) 3160.0
(2816, 2817, 2818) 2111.0
(2792, 2793, 2794) 2343.0
(1204, 1205, 1206) 2215.0
(7816, 7817, 7818) 2102.0
(9013, 9014, 9015) 1849.0
(3277, 3278, 3279) 3143.0
(5332, 5333, 5334) 1423.0
(6807, 6808, 6809) 1507.0
(4898, 4899, 4900) 1113.0
(7725, 7726, 7727) 1252.0
(5787, 5788, 5789) 2482.0
(8540, 8541, 8542) 1894.0
(3252, 3253, 3254) 2191.0
(4193, 4194, 4195) 2260.0
(5796, 5797, 5798) 3258.0
(647, 648, 649) 1990.0
(945, 946, 947) 1921.0
(6520, 6521, 6522) 1556.0
(4724, 4725, 4726) 1984.0
(620, 621, 622) 1336.0
