(8566, 8567, 8568) 53372.0
(2394, 2395, 2396) 50801.0
(6152, 6153, 6154) 50372.0
(149, 150, 151) 61608.0
(8073, 8074, 8075) 53857.0
(9428, 9429, 9430) 44813.0
(8546, 8547, 8548) 51830.0
(7963, 7964, 7965) 52046.0
(9823, 9824, 9825) 54155.0
(4486, 4487, 4488) 49445.0
(9716, 9717, 9718) 60240.0
(5764, 5765, 5766) 43413.0
(6097, 6098, 6099) 54369.0
(8321, 8322, 8323) 36044.0
(185, 186, 187) 49967.0
(1999, 2000, 2001) 51546.0
(5390, 5391, 5392) 47222.0
(2778, 2779, 2780) 49907.0
(7930, 7931, 7932) 53879.0
(5708, 5709, 5710) 47397.0
(2987, 2988, 2989) 52050.0
(1429, 1430, 1431) 34470.0
(7653, 7654, 7655) 42528.0
(4936, 4937, 4938) 44509.0
(8209, 8210, 8211) 56020.0
(1848, 1849, 1850) 66704.0
(2379, 2380, 2381) 41179.0
(7267, 7268, 7269) 49092.0
(5592, 5593, 5594) 42121.0
(4959, 4960, 4961) 36335.0
(3314, 3315, 3316) 58761.0
(5309, 5310, 5311) 46468.0
(2166, 2167, 2168) 36630.0
(7927, 7928, 7929) 43002.0
(9717, 9718, 9719) 38512.0
(492, 493, 494) 44521.0
(9637, 9638, 9639) 39961.0
(9472, 9473, 9474) 39543.0
(8611, 8612, 8613) 39888.0
(145, 146, 147) 41227.0
(763, 764, 765) 48531.0
(1904, 1905, 1906) 40454.0
(4799, 4800, 4801) 45001.0
(8702, 8703, 8704) 37320.0
(5313, 5314, 5315) 54496.0
(1021, 1022, 1023) 56288.0
(3894, 3895, 3896) 53640.0
(6339, 6340, 6341) 39509.0
(3669, 3670, 3671) 44879.0
(617, 618, 619) 35436.0
(2991, 2992, 2993) 39873.0
(9587, 9588, 9589) 51208.0
(6648, 6649, 6650) 51434.0
(2253, 2254, 2255) 40583.0
(4176, 4177, 4178) 42770.0
(4332, 4333, 4334) 37523.0
(1662, 1663, 1664) 48294.0
(25, 26, 27) 51496.0
(1522, 1523, 1524) 50673.0
(6779, 6780, 6781) 54827.0
(8211, 8212, 8213) 57253.0
(297, 298, 299) 39859.0
(6548, 6549, 6550) 47528.0
(4524, 4525, 4526) 50080.0
(6087, 6088, 6089) 39494.0
(2572, 2573, 2574) 49275.0
(3308, 3309, 3310) 49445.0
(6070, 6071, 6072) 48788.0
(3374, 3375, 3376) 45073.0
(1697, 1698, 1699) 39524.0
(9954, 9955, 9956) 51959.0
(8047, 8048, 8049) 38060.0
(4507, 4508, 4509) 38583.0
(2748, 2749, 2750) 46159.0
(736, 737, 738) 31433.0
(6529, 6530, 6531) 51309.0
(6945, 6946, 6947) 52417.0
(5530, 5531, 5532) 44910.0
(80, 81, 82) 55889.0
(8473, 8474, 8475) 49938.0
(9545, 9546, 9547) 47414.0
(5016, 5017, 5018) 43322.0
(8594, 8595, 8596) 46110.0
(2783, 2784, 2785) 37135.0
(6211, 6212, 6213) 35536.0
(1568, 1569, 1570) 59017.0
(83, 84, 85) 37535.0
(990, 991, 992) 53760.0
(6194, 6195, 6196) 46732.0
(1241, 1242, 1243) 56569.0
(1657, 1658, 1659) 54654.0
(9741, 9742, 9743) 33817.0
(9670, 9671, 9672) 43424.0
(2251, 2252, 2253) 45826.0
(383, 384, 385) 50972.0
(4670, 4671, 4672) 45077.0
(7026, 7027, 7028) 46334.0
(9692, 9693, 9694) 58500.0
(7448, 7449, 7450) 58295.0
(1661, 1662, 1663) 63537.0
(9906, 9907, 9908) 42889.0
