(886, 887, 888) 47656.0
(1825, 1826, 1827) 55554.0
(7852, 7853, 7854) 46187.0
(2305, 2306, 2307) 51087.0
(3106, 3107, 3108) 33542.0
(6035, 6036, 6037) 43889.0
(497, 498, 499) 49344.0
(649, 650, 651) 45006.0
(3296, 3297, 3298) 61650.0
(7881, 7882, 7883) 51558.0
(6928, 6929, 6930) 66237.0
(8972, 8973, 8974) 37952.0
(6796, 6797, 6798) 36537.0
(4752, 4753, 4754) 34209.0
(9482, 9483, 9484) 47360.0
(6451, 6452, 6453) 49328.0
(5696, 5697, 5698) 55842.0
(5191, 5192, 5193) 54282.0
(3084, 3085, 3086) 42338.0
(402, 403, 404) 42264.0
(1783, 1784, 1785) 38674.0
(8084, 8085, 8086) 36010.0
(7823, 7824, 7825) 45366.0
(6127, 6128, 6129) 51001.0
(7259, 7260, 7261) 58433.0
(1127, 1128, 1129) 51667.0
(1205, 1206, 1207) 45581.0
(7694, 7695, 7696) 46926.0
(9767, 9768, 9769) 50480.0
(9748, 9749, 9750) 58969.0
(146, 147, 148) 47576.0
(8226, 8227, 8228) 37396.0
(8777, 8778, 8779) 54959.0
(9938, 9939, 9940) 52292.0
(9601, 9602, 9603) 55959.0
(4940, 4941, 4942) 53108.0
(5336, 5337, 5338) 66113.0
(6938, 6939, 6940) 56437.0
(563, 564, 565) 47467.0
(9705, 9706, 9707) 58443.0
(265, 266, 267) 49382.0
(4153, 4154, 4155) 45991.0
(3749, 3750, 3751) 48883.0
(5161, 5162, 5163) 59373.0
(344, 345, 346) 41093.0
(3092, 3093, 3094) 46998.0
(5333, 5334, 5335) 41990.0
(293, 294, 295) 52083.0
(5329, 5330, 5331) 44412.0
(6248, 6249, 6250) 50228.0
(5115, 5116, 5117) 40274.0
(8422, 8423, 8424) 56111.0
(5163, 5164, 5165) 37939.0
(7694, 7695, 7696) 46926.0
(5535, 5536, 5537) 33889.0
(3296, 3297, 3298) 61650.0
(694, 695, 696) 41418.0
(1815, 1816, 1817) 74295.0
(4598, 4599, 4600) 41564.0
(913, 914, 915) 55550.0
(3933, 3934, 3935) 39355.0
(9579, 9580, 9581) 59471.0
(650, 651, 652) 41230.0
(3409, 3410, 3411) 39412.0
(8572, 8573, 8574) 45008.0
(9337, 9338, 9339) 39484.0
(4715, 4716, 4717) 41867.0
(7832, 7833, 7834) 47785.0
(5476, 5477, 5478) 42033.0
(1237, 1238, 1239) 35133.0
(346, 347, 348) 57846.0
(3509, 3510, 3511) 55497.0
(7996, 7997, 7998) 68959.0
(722, 723, 724) 43536.0
(3714, 3715, 3716) 66094.0
(7489, 7490, 7491) 51718.0
(1649, 1650, 1651) 42972.0
(8794, 8795, 8796) 54643.0
(4079, 4080, 4081) 50698.0
(4614, 4615, 4616) 32726.0
(9737, 9738, 9739) 45567.0
(7997, 7998, 7999) 46738.0
(1235, 1236, 1237) 43189.0
(2191, 2192, 2193) 46643.0
(6413, 6414, 6415) 53975.0
(7077, 7078, 7079) 43549.0
(1198, 1199, 1200) 46897.0
(3211, 3212, 3213) 61399.0
(2953, 2954, 2955) 37886.0
(9898, 9899, 9900) 48324.0
(5212, 5213, 5214) 36572.0
(4778, 4779, 4780) 55699.0
(9712, 9713, 9714) 50519.0
(1731, 1732, 1733) 50580.0
(4807, 4808, 4809) 31423.0
(7171, 7172, 7173) 44300.0
(8754, 8755, 8756) 50369.0
(6310, 6311, 6312) 53345.0
(3652, 3653, 3654) 52725.0
(9661, 9662, 9663) 44399.0
(2040, 2041, 2042) 53765.0
