(7607, 7608, 7609) 58636.0
(1446, 1447, 1448) 43198.0
(4255, 4256, 4257) 42699.0
(339, 340, 341) 43647.0
(9132, 9133, 9134) 49455.0
(2112, 2113, 2114) 50471.0
(1024, 1025, 1026) 39825.0
(2374, 2375, 2376) 46455.0
(3745, 3746, 3747) 52996.0
(9596, 9597, 9598) 50161.0
(1854, 1855, 1856) 39765.0
(2903, 2904, 2905) 56773.0
(9746, 9747, 9748) 47974.0
(3798, 3799, 3800) 52980.0
(9278, 9279, 9280) 48118.0
(5560, 5561, 5562) 46564.0
(1516, 1517, 1518) 44821.0
(151, 152, 153) 45573.0
(8795, 8796, 8797) 56702.0
(1239, 1240, 1241) 35172.0
(8916, 8917, 8918) 49164.0
(3403, 3404, 3405) 41051.0
(9559, 9560, 9561) 49414.0
(5261, 5262, 5263) 33444.0
(7536, 7537, 7538) 49591.0
(2852, 2853, 2854) 51850.0
(7276, 7277, 7278) 52575.0
(9182, 9183, 9184) 62822.0
(553, 554, 555) 45019.0
(4733, 4734, 4735) 71505.0
(9762, 9763, 9764) 46239.0
(7078, 7079, 7080) 43583.0
(1590, 1591, 1592) 51749.0
(9975, 9976, 9977) 43682.0
(4447, 4448, 4449) 43517.0
(5619, 5620, 5621) 37241.0
(7570, 7571, 7572) 65326.0
(4466, 4467, 4468) 40846.0
(8901, 8902, 8903) 49752.0
(8618, 8619, 8620) 43046.0
(8282, 8283, 8284) 50070.0
(1567, 1568, 1569) 46288.0
(850, 851, 852) 51775.0
(1773, 1774, 1775) 43110.0
(7888, 7889, 7890) 42809.0
(1155, 1156, 1157) 50619.0
(2574, 2575, 2576) 47319.0
(8024, 8025, 8026) 41792.0
(7667, 7668, 7669) 45150.0
(9713, 9714, 9715) 53039.0
(5533, 5534, 5535) 60754.0
(7976, 7977, 7978) 44744.0
(4940, 4941, 4942) 53568.0
(3084, 3085, 3086) 42502.0
(1344, 1345, 1346) 42106.0
(4253, 4254, 4255) 47176.0
(3594, 3595, 3596) 27899.0
(9333, 9334, 9335) 51166.0
(583, 584, 585) 56926.0
(8257, 8258, 8259) 51096.0
(6582, 6583, 6584) 51667.0
(7468, 7469, 7470) 42125.0
(8946, 8947, 8948) 49899.0
(6575, 6576, 6577) 37735.0
(9282, 9283, 9284) 72730.0
(6906, 6907, 6908) 46092.0
(7970, 7971, 7972) 55023.0
(2908, 2909, 2910) 45629.0
(7250, 7251, 7252) 44062.0
(614, 615, 616) 51649.0
(9412, 9413, 9414) 46139.0
(6995, 6996, 6997) 46636.0
(2978, 2979, 2980) 38270.0
(2513, 2514, 2515) 63582.0
(2313, 2314, 2315) 55184.0
(3649, 3650, 3651) 42110.0
(7700, 7701, 7702) 48664.0
(5884, 5885, 5886) 64546.0
(9335, 9336, 9337) 41142.0
(6141, 6142, 6143) 59864.0
(1987, 1988, 1989) 52249.0
(5465, 5466, 5467) 42480.0
(8808, 8809, 8810) 34766.0
(749, 750, 751) 47992.0
(9252, 9253, 9254) 39940.0
(3218, 3219, 3220) 52039.0
(830, 831, 832) 54447.0
(194, 195, 196) 41918.0
(9983, 9984, 9985) 62149.0
(6802, 6803, 6804) 66510.0
(2511, 2512, 2513) 51839.0
(2193, 2194, 2195) 34654.0
(9984, 9985, 9986) 54076.0
(1992, 1993, 1994) 50026.0
(9385, 9386, 9387) 53033.0
(7294, 7295, 7296) 47295.0
(7937, 7938, 7939) 42115.0
(7837, 7838, 7839) 46968.0
(8420, 8421, 8422) 44732.0
(7446, 7447, 7448) 48899.0
(1639, 1640, 1641) 47712.0
