(7176, 7177, 7178) 54545.0
(4583, 4584, 4585) 40176.0
(7558, 7559, 7560) 42963.0
(9153, 9154, 9155) 57261.0
(6132, 6133, 6134) 48274.0
(2946, 2947, 2948) 46642.0
(1095, 1096, 1097) 37654.0
(1729, 1730, 1731) 52847.0
(5042, 5043, 5044) 58158.0
(8058, 8059, 8060) 51771.0
(9718, 9719, 9720) 54093.0
(1023, 1024, 1025) 47619.0
(2233, 2234, 2235) 73085.0
(6878, 6879, 6880) 27128.0
(8732, 8733, 8734) 57243.0
(3478, 3479, 3480) 58116.0
(849, 850, 851) 52109.0
(3753, 3754, 3755) 72224.0
(9184, 9185, 9186) 47771.0
(2491, 2492, 2493) 47748.0
(6337, 6338, 6339) 41014.0
(8904, 8905, 8906) 49305.0
(2580, 2581, 2582) 56865.0
(8794, 8795, 8796) 55284.0
(1079, 1080, 1081) 37924.0
(4320, 4321, 4322) 52843.0
(1446, 1447, 1448) 43849.0
(4041, 4042, 4043) 49785.0
(3408, 3409, 3410) 60559.0
(8455, 8456, 8457) 57439.0
(927, 928, 929) 58617.0
(5476, 5477, 5478) 43977.0
(7813, 7814, 7815) 35879.0
(1537, 1538, 1539) 47636.0
(4571, 4572, 4573) 47524.0
(7514, 7515, 7516) 62904.0
(2075, 2076, 2077) 41333.0
(2609, 2610, 2611) 54677.0
(2779, 2780, 2781) 55557.0
(6453, 6454, 6455) 38632.0
(7238, 7239, 7240) 57634.0
(8885, 8886, 8887) 51496.0
(2407, 2408, 2409) 49802.0
(6142, 6143, 6144) 42290.0
(7312, 7313, 7314) 48056.0
(3810, 3811, 3812) 50699.0
(3918, 3919, 3920) 59181.0
(6795, 6796, 6797) 44292.0
(1668, 1669, 1670) 55325.0
(4471, 4472, 4473) 46635.0
(6190, 6191, 6192) 51654.0
(5286, 5287, 5288) 47736.0
(2982, 2983, 2984) 44194.0
(5398, 5399, 5400) 55407.0
(3148, 3149, 3150) 53686.0
(6651, 6652, 6653) 49955.0
(1737, 1738, 1739) 44471.0
(4812, 4813, 4814) 54263.0
(1271, 1272, 1273) 70842.0
(4530, 4531, 4532) 63500.0
(2299, 2300, 2301) 49761.0
(1804, 1805, 1806) 52327.0
(1785, 1786, 1787) 56244.0
(489, 490, 491) 59283.0
(6782, 6783, 6784) 53234.0
(9631, 9632, 9633) 54680.0
(9935, 9936, 9937) 57480.0
(1670, 1671, 1672) 43261.0
(4444, 4445, 4446) 46520.0
(1471, 1472, 1473) 52169.0
(2897, 2898, 2899) 40937.0
(6403, 6404, 6405) 42885.0
(4186, 4187, 4188) 42280.0
(2219, 2220, 2221) 52209.0
(8459, 8460, 8461) 58222.0
(2388, 2389, 2390) 42388.0
(7327, 7328, 7329) 57381.0
(5127, 5128, 5129) 61683.0
(7728, 7729, 7730) 48783.0
(9196, 9197, 9198) 54714.0
(6417, 6418, 6419) 50644.0
(6226, 6227, 6228) 50437.0
(2708, 2709, 2710) 58983.0
(2722, 2723, 2724) 46956.0
(6329, 6330, 6331) 41273.0
(906, 907, 908) 63191.0
(7064, 7065, 7066) 41910.0
(2407, 2408, 2409) 49802.0
(1749, 1750, 1751) 40088.0
(5317, 5318, 5319) 41787.0
(1342, 1343, 1344) 43597.0
(6357, 6358, 6359) 63162.0
(7280, 7281, 7282) 53713.0
(9597, 9598, 9599) 52249.0
(9511, 9512, 9513) 46004.0
(2195, 2196, 2197) 50753.0
(4150, 4151, 4152) 47011.0
(1637, 1638, 1639) 38778.0
(5587, 5588, 5589) 43511.0
(3220, 3221, 3222) 37033.0
(8958, 8959, 8960) 39007.0
