(392, 393, 394) 54468.0
(4993, 4994, 4995) 49478.0
(6097, 6098, 6099) 56575.0
(4634, 4635, 4636) 50051.0
(6399, 6400, 6401) 30536.0
(4050, 4051, 4052) 49276.0
(5919, 5920, 5921) 60743.0
(2723, 2724, 2725) 48135.0
(5195, 5196, 5197) 46100.0
(2824, 2825, 2826) 63170.0
(3236, 3237, 3238) 39679.0
(7554, 7555, 7556) 75347.0
(1471, 1472, 1473) 52647.0
(5408, 5409, 5410) 43926.0
(614, 615, 616) 56806.0
(1238, 1239, 1240) 58150.0
(6764, 6765, 6766) 42153.0
(4369, 4370, 4371) 35797.0
(2130, 2131, 2132) 52262.0
(4993, 4994, 4995) 49478.0
(9487, 9488, 9489) 59877.0
(2340, 2341, 2342) 53585.0
(2250, 2251, 2252) 56333.0
(1568, 1569, 1570) 64366.0
(3639, 3640, 3641) 44187.0
(257, 258, 259) 56312.0
(7119, 7120, 7121) 48408.0
(1038, 1039, 1040) 49528.0
(8900, 8901, 8902) 55755.0
(5939, 5940, 5941) 53314.0
(4001, 4002, 4003) 48246.0
(1299, 1300, 1301) 41893.0
(9697, 9698, 9699) 54349.0
(2161, 2162, 2163) 38094.0
(8374, 8375, 8376) 42883.0
(5499, 5500, 5501) 54279.0
(9696, 9697, 9698) 42141.0
(9887, 9888, 9889) 68313.0
(3947, 3948, 3949) 46319.0
(3926, 3927, 3928) 47547.0
(5640, 5641, 5642) 61923.0
(1883, 1884, 1885) 60798.0
(5735, 5736, 5737) 41828.0
(8819, 8820, 8821) 65881.0
(7504, 7505, 7506) 34617.0
(9683, 9684, 9685) 65069.0
(9049, 9050, 9051) 45867.0
(6180, 6181, 6182) 54873.0
(5625, 5626, 5627) 48407.0
(3426, 3427, 3428) 63744.0
(6899, 6900, 6901) 41343.0
(3171, 3172, 3173) 59419.0
(2173, 2174, 2175) 44537.0
(8736, 8737, 8738) 37713.0
(24, 25, 26) 52559.0
(1437, 1438, 1439) 50744.0
(7934, 7935, 7936) 54066.0
(6798, 6799, 6800) 48355.0
(3050, 3051, 3052) 63844.0
(5015, 5016, 5017) 48004.0
(4993, 4994, 4995) 49478.0
(6635, 6636, 6637) 52353.0
(5047, 5048, 5049) 48247.0
(2621, 2622, 2623) 46300.0
(9064, 9065, 9066) 57277.0
(2864, 2865, 2866) 47122.0
(5133, 5134, 5135) 47853.0
(518, 519, 520) 47543.0
(1634, 1635, 1636) 53882.0
(5346, 5347, 5348) 45538.0
(3797, 3798, 3799) 47123.0
(6524, 6525, 6526) 58079.0
(4199, 4200, 4201) 47629.0
(3902, 3903, 3904) 52660.0
(5467, 5468, 5469) 57784.0
(4898, 4899, 4900) 54220.0
(4644, 4645, 4646) 48421.0
(2142, 2143, 2144) 43660.0
(4798, 4799, 4800) 52144.0
(3407, 3408, 3409) 50833.0
(5111, 5112, 5113) 50483.0
(7329, 7330, 7331) 49980.0
(4642, 4643, 4644) 59110.0
(8346, 8347, 8348) 56877.0
(9617, 9618, 9619) 48448.0
(4134, 4135, 4136) 48871.0
(120, 121, 122) 60598.0
(7858, 7859, 7860) 42514.0
(7318, 7319, 7320) 58037.0
(5157, 5158, 5159) 54185.0
(1827, 1828, 1829) 43385.0
(1097, 1098, 1099) 48371.0
(6794, 6795, 6796) 56442.0
(1114, 1115, 1116) 49634.0
(6484, 6485, 6486) 62667.0
(3990, 3991, 3992) 51406.0
(2646, 2647, 2648) 46210.0
(3578, 3579, 3580) 43578.0
(2253, 2254, 2255) 44526.0
(6006, 6007, 6008) 61041.0
(8695, 8696, 8697) 59093.0
