(1722, 1723, 1724) 44683.0
(7219, 7220, 7221) 60038.0
(8295, 8296, 8297) 72403.0
(8612, 8613, 8614) 57478.0
(5033, 5034, 5035) 48897.0
(6412, 6413, 6414) 56973.0
(3619, 3620, 3621) 62533.0
(7942, 7943, 7944) 54072.0
(2433, 2434, 2435) 48105.0
(1538, 1539, 1540) 50710.0
(8751, 8752, 8753) 65966.0
(231, 232, 233) 50618.0
(6553, 6554, 6555) 51892.0
(682, 683, 684) 48147.0
(6135, 6136, 6137) 46455.0
(7803, 7804, 7805) 53790.0
(9733, 9734, 9735) 61838.0
(4955, 4956, 4957) 68121.0
(5132, 5133, 5134) 54913.0
(8400, 8401, 8402) 69154.0
(2895, 2896, 2897) 58259.0
(2727, 2728, 2729) 52328.0
(7594, 7595, 7596) 50593.0
(1386, 1387, 1388) 52175.0
(4771, 4772, 4773) 49034.0
(3143, 3144, 3145) 51820.0
(2598, 2599, 2600) 63405.0
(2504, 2505, 2506) 53670.0
(2231, 2232, 2233) 64171.0
(5519, 5520, 5521) 57418.0
(5124, 5125, 5126) 54908.0
(9541, 9542, 9543) 43385.0
(8077, 8078, 8079) 51473.0
(9958, 9959, 9960) 55381.0
(583, 584, 585) 58300.0
(9494, 9495, 9496) 54377.0
(5366, 5367, 5368) 54107.0
(8956, 8957, 8958) 44873.0
(3104, 3105, 3106) 51452.0
(2994, 2995, 2996) 42388.0
(6581, 6582, 6583) 72269.0
(6835, 6836, 6837) 56532.0
(2310, 2311, 2312) 78439.0
(1368, 1369, 1370) 50355.0
(8291, 8292, 8293) 59425.0
(4664, 4665, 4666) 43961.0
(2905, 2906, 2907) 49509.0
(4271, 4272, 4273) 46067.0
(5403, 5404, 5405) 54155.0
(8839, 8840, 8841) 58080.0
(1, 2, 3) 64469.0
(9548, 9549, 9550) 40293.0
(8813, 8814, 8815) 62741.0
(9626, 9627, 9628) 66587.0
(1002, 1003, 1004) 58881.0
(7560, 7561, 7562) 52818.0
(4168, 4169, 4170) 65905.0
(7822, 7823, 7824) 52679.0
(2544, 2545, 2546) 62298.0
(7863, 7864, 7865) 52075.0
(2399, 2400, 2401) 50939.0
(4284, 4285, 4286) 50278.0
(2729, 2730, 2731) 56962.0
(5861, 5862, 5863) 50688.0
(1978, 1979, 1980) 50900.0
(3820, 3821, 3822) 40473.0
(813, 814, 815) 55384.0
(1008, 1009, 1010) 61343.0
(2815, 2816, 2817) 49362.0
(356, 357, 358) 55827.0
(5640, 5641, 5642) 62007.0
(3992, 3993, 3994) 44276.0
(5224, 5225, 5226) 65300.0
(708, 709, 710) 43789.0
(2341, 2342, 2343) 50678.0
(1173, 1174, 1175) 45119.0
(2838, 2839, 2840) 42809.0
(5554, 5555, 5556) 58046.0
(971, 972, 973) 37011.0
(4537, 4538, 4539) 59638.0
(3037, 3038, 3039) 58837.0
(2157, 2158, 2159) 47732.0
(8065, 8066, 8067) 47670.0
(1305, 1306, 1307) 42704.0
(4742, 4743, 4744) 55915.0
(5946, 5947, 5948) 55758.0
(4392, 4393, 4394) 65564.0
(7978, 7979, 7980) 64515.0
(3313, 3314, 3315) 46414.0
(6751, 6752, 6753) 63156.0
(8751, 8752, 8753) 65966.0
(3013, 3014, 3015) 62065.0
(434, 435, 436) 65189.0
(2568, 2569, 2570) 50776.0
(115, 116, 117) 85219.0
(6800, 6801, 6802) 42661.0
(7757, 7758, 7759) 47327.0
(4394, 4395, 4396) 47765.0
(8854, 8855, 8856) 47169.0
(2305, 2306, 2307) 54777.0
(5047, 5048, 5049) 48780.0
