(8707, 8708, 8709) 55614.0
(7442, 7443, 7444) 54285.0
(9710, 9711, 9712) 52123.0
(6030, 6031, 6032) 43112.0
(3443, 3444, 3445) 46916.0
(1723, 1724, 1725) 44981.0
(9986, 9987, 9988) 42403.0
(3596, 3597, 3598) 75836.0
(3606, 3607, 3608) 56808.0
(2552, 2553, 2554) 52849.0
(5245, 5246, 5247) 50176.0
(795, 796, 797) 44645.0
(9648, 9649, 9650) 65344.0
(2181, 2182, 2183) 51448.0
(5339, 5340, 5341) 45590.0
(5898, 5899, 5900) 46630.0
(8734, 8735, 8736) 60358.0
(5923, 5924, 5925) 56731.0
(4247, 4248, 4249) 59050.0
(1409, 1410, 1411) 59119.0
(4522, 4523, 4524) 66878.0
(2323, 2324, 2325) 50510.0
(6024, 6025, 6026) 64381.0
(411, 412, 413) 46692.0
(8016, 8017, 8018) 56337.0
(2508, 2509, 2510) 47650.0
(2651, 2652, 2653) 49867.0
(719, 720, 721) 54712.0
(857, 858, 859) 52129.0
(1981, 1982, 1983) 58312.0
(3926, 3927, 3928) 49560.0
(4276, 4277, 4278) 53637.0
(4218, 4219, 4220) 43638.0
(8502, 8503, 8504) 51163.0
(4694, 4695, 4696) 66650.0
(4226, 4227, 4228) 58970.0
(4786, 4787, 4788) 51325.0
(5529, 5530, 5531) 43094.0
(5130, 5131, 5132) 50566.0
(9253, 9254, 9255) 49880.0
(9116, 9117, 9118) 55716.0
(7146, 7147, 7148) 44895.0
(9365, 9366, 9367) 58904.0
(9787, 9788, 9789) 43634.0
(1382, 1383, 1384) 56393.0
(9447, 9448, 9449) 65574.0
(5662, 5663, 5664) 57538.0
(623, 624, 625) 43053.0
(7324, 7325, 7326) 53043.0
(8609, 8610, 8611) 64536.0
(7412, 7413, 7414) 55124.0
(5961, 5962, 5963) 57382.0
(5887, 5888, 5889) 37086.0
(6399, 6400, 6401) 33241.0
(664, 665, 666) 54014.0
(4759, 4760, 4761) 40535.0
(7886, 7887, 7888) 50038.0
(3124, 3125, 3126) 42211.0
(8160, 8161, 8162) 33791.0
(1115, 1116, 1117) 46093.0
(2402, 2403, 2404) 66580.0
(5818, 5819, 5820) 58617.0
(5233, 5234, 5235) 45897.0
(5800, 5801, 5802) 53884.0
(8913, 8914, 8915) 63934.0
(8645, 8646, 8647) 39682.0
(2794, 2795, 2796) 51134.0
(8217, 8218, 8219) 49368.0
(1909, 1910, 1911) 48173.0
(5890, 5891, 5892) 53017.0
(7715, 7716, 7717) 47889.0
(2035, 2036, 2037) 45252.0
(1304, 1305, 1306) 55626.0
(9757, 9758, 9759) 50701.0
(1654, 1655, 1656) 64335.0
(4905, 4906, 4907) 47015.0
(5493, 5494, 5495) 52166.0
(3820, 3821, 3822) 40907.0
(4774, 4775, 4776) 64053.0
(597, 598, 599) 45693.0
(6404, 6405, 6406) 51817.0
(8512, 8513, 8514) 51017.0
(8847, 8848, 8849) 53520.0
(9655, 9656, 9657) 44335.0
(424, 425, 426) 47451.0
(9020, 9021, 9022) 41309.0
(8377, 8378, 8379) 41253.0
(7150, 7151, 7152) 42883.0
(2069, 2070, 2071) 44804.0
(3292, 3293, 3294) 34660.0
(9378, 9379, 9380) 50048.0
(135, 136, 137) 55408.0
(7107, 7108, 7109) 47418.0
(8683, 8684, 8685) 40862.0
(6738, 6739, 6740) 63182.0
(5088, 5089, 5090) 54379.0
(6605, 6606, 6607) 53813.0
(4708, 4709, 4710) 44959.0
(3942, 3943, 3944) 48223.0
(348, 349, 350) 43842.0
(9789, 9790, 9791) 49666.0
