(39, 40, 41) 72566.0
(9179, 9180, 9181) 87396.0
(6359, 6360, 6361) 48757.0
(2763, 2764, 2765) 58647.0
(7574, 7575, 7576) 44693.0
(3527, 3528, 3529) 40581.0
(428, 429, 430) 46001.0
(8426, 8427, 8428) 66947.0
(2133, 2134, 2135) 64367.0
(8330, 8331, 8332) 49589.0
(7192, 7193, 7194) 57004.0
(1221, 1222, 1223) 51929.0
(3609, 3610, 3611) 53913.0
(9278, 9279, 9280) 54418.0
(5890, 5891, 5892) 54555.0
(8112, 8113, 8114) 58458.0
(9206, 9207, 9208) 54616.0
(5818, 5819, 5820) 58804.0
(2184, 2185, 2186) 59658.0
(5075, 5076, 5077) 69499.0
(4456, 4457, 4458) 50019.0
(6447, 6448, 6449) 49364.0
(420, 421, 422) 65488.0
(5693, 5694, 5695) 46517.0
(8936, 8937, 8938) 50138.0
(2702, 2703, 2704) 66440.0
(6162, 6163, 6164) 48296.0
(215, 216, 217) 58475.0
(2007, 2008, 2009) 50587.0
(5286, 5287, 5288) 51943.0
(9029, 9030, 9031) 70014.0
(1181, 1182, 1183) 55402.0
(7510, 7511, 7512) 57722.0
(3817, 3818, 3819) 57683.0
(5980, 5981, 5982) 58091.0
(3027, 3028, 3029) 65826.0
(7461, 7462, 7463) 45996.0
(1136, 1137, 1138) 52619.0
(7307, 7308, 7309) 47077.0
(8552, 8553, 8554) 41046.0
(7763, 7764, 7765) 49800.0
(976, 977, 978) 50298.0
(3409, 3410, 3411) 42259.0
(3741, 3742, 3743) 64199.0
(1130, 1131, 1132) 54961.0
(24, 25, 26) 55335.0
(4614, 4615, 4616) 35502.0
(8888, 8889, 8890) 53130.0
(3357, 3358, 3359) 52938.0
(2165, 2166, 2167) 50647.0
(6656, 6657, 6658) 56804.0
(5551, 5552, 5553) 59412.0
(366, 367, 368) 46709.0
(3601, 3602, 3603) 67227.0
(6618, 6619, 6620) 74664.0
(5402, 5403, 5404) 67090.0
(282, 283, 284) 57828.0
(6263, 6264, 6265) 60954.0
(5504, 5505, 5506) 44750.0
(2389, 2390, 2391) 51218.0
(6909, 6910, 6911) 51058.0
(7700, 7701, 7702) 51013.0
(9719, 9720, 9721) 59507.0
(492, 493, 494) 54581.0
(1035, 1036, 1037) 59035.0
(1601, 1602, 1603) 61688.0
(6651, 6652, 6653) 51426.0
(5978, 5979, 5980) 54244.0
(3321, 3322, 3323) 50131.0
(4566, 4567, 4568) 52741.0
(7155, 7156, 7157) 42603.0
(8367, 8368, 8369) 52410.0
(1692, 1693, 1694) 55717.0
(1228, 1229, 1230) 60411.0
(3074, 3075, 3076) 58455.0
(7901, 7902, 7903) 50036.0
(1372, 1373, 1374) 66685.0
(7279, 7280, 7281) 52631.0
(7074, 7075, 7076) 51714.0
(7718, 7719, 7720) 58035.0
(4069, 4070, 4071) 68431.0
(6169, 6170, 6171) 57616.0
(8856, 8857, 8858) 40755.0
(5390, 5391, 5392) 57096.0
(4920, 4921, 4922) 64638.0
(5434, 5435, 5436) 62200.0
(2310, 2311, 2312) 81078.0
(4261, 4262, 4263) 65280.0
(1753, 1754, 1755) 70052.0
(326, 327, 328) 50559.0
(3250, 3251, 3252) 42635.0
(1443, 1444, 1445) 68753.0
(949, 950, 951) 55827.0
(7260, 7261, 7262) 39999.0
(2698, 2699, 2700) 49946.0
(4651, 4652, 4653) 47652.0
(5904, 5905, 5906) 61433.0
(3675, 3676, 3677) 47800.0
(4057, 4058, 4059) 68130.0
(4292, 4293, 4294) 50778.0
(6733, 6734, 6735) 54955.0
