(3507, 3508, 3509) 37917.0
(9070, 9071, 9072) 58892.0
(9644, 9645, 9646) 51038.0
(1344, 1345, 1346) 46061.0
(6506, 6507, 6508) 50117.0
(8364, 8365, 8366) 54563.0
(8173, 8174, 8175) 56896.0
(4933, 4934, 4935) 53186.0
(6318, 6319, 6320) 63418.0
(4081, 4082, 4083) 57220.0
(4933, 4934, 4935) 53186.0
(7509, 7510, 7511) 68994.0
(4299, 4300, 4301) 65924.0
(7817, 7818, 7819) 48024.0
(1657, 1658, 1659) 65325.0
(6214, 6215, 6216) 71364.0
(6622, 6623, 6624) 52233.0
(4859, 4860, 4861) 47920.0
(2972, 2973, 2974) 49444.0
(3390, 3391, 3392) 49560.0
(1922, 1923, 1924) 56632.0
(2563, 2564, 2565) 52614.0
(3674, 3675, 3676) 46007.0
(9188, 9189, 9190) 39904.0
(3731, 3732, 3733) 51420.0
(4847, 4848, 4849) 52740.0
(3739, 3740, 3741) 51142.0
(2288, 2289, 2290) 45514.0
(4110, 4111, 4112) 74210.0
(2, 3, 4) 40122.0
(2557, 2558, 2559) 66876.0
(8008, 8009, 8010) 75293.0
(7431, 7432, 7433) 48406.0
(7181, 7182, 7183) 40287.0
(3270, 3271, 3272) 73863.0
(7688, 7689, 7690) 48431.0
(9302, 9303, 9304) 45596.0
(682, 683, 684) 51513.0
(9553, 9554, 9555) 44313.0
(1254, 1255, 1256) 46088.0
(9730, 9731, 9732) 67510.0
(963, 964, 965) 54153.0
(8860, 8861, 8862) 56013.0
(4197, 4198, 4199) 59899.0
(1588, 1589, 1590) 56640.0
(8824, 8825, 8826) 41857.0
(9815, 9816, 9817) 45754.0
(9912, 9913, 9914) 41345.0
(6869, 6870, 6871) 62201.0
(635, 636, 637) 48414.0
(1908, 1909, 1910) 58898.0
(1257, 1258, 1259) 65105.0
(2644, 2645, 2646) 49090.0
(3791, 3792, 3793) 58219.0
(5684, 5685, 5686) 40629.0
(1134, 1135, 1136) 49632.0
(1248, 1249, 1250) 62268.0
(6009, 6010, 6011) 66895.0
(5309, 5310, 5311) 48796.0
(6857, 6858, 6859) 59878.0
(6991, 6992, 6993) 47438.0
(3469, 3470, 3471) 61713.0
(6883, 6884, 6885) 88035.0
(234, 235, 236) 62230.0
(5400, 5401, 5402) 53696.0
(9095, 9096, 9097) 79629.0
(6138, 6139, 6140) 41597.0
(5585, 5586, 5587) 65721.0
(7032, 7033, 7034) 60474.0
(6921, 6922, 6923) 51230.0
(1628, 1629, 1630) 63456.0
(5517, 5518, 5519) 52978.0
(4943, 4944, 4945) 79932.0
(1978, 1979, 1980) 60066.0
(7000, 7001, 7002) 59285.0
(7171, 7172, 7173) 51742.0
(6671, 6672, 6673) 61555.0
(2770, 2771, 2772) 65267.0
(5390, 5391, 5392) 60302.0
(7828, 7829, 7830) 53740.0
(9659, 9660, 9661) 39676.0
(544, 545, 546) 64253.0
(1208, 1209, 1210) 58347.0
(335, 336, 337) 41331.0
(7823, 7824, 7825) 51024.0
(2200, 2201, 2202) 49132.0
(3768, 3769, 3770) 44192.0
(7870, 7871, 7872) 59588.0
(1718, 1719, 1720) 57540.0
(9427, 9428, 9429) 55804.0
(2756, 2757, 2758) 55673.0
(9042, 9043, 9044) 56984.0
(4235, 4236, 4237) 63104.0
(2976, 2977, 2978) 67010.0
(2216, 2217, 2218) 46848.0
(1840, 1841, 1842) 67338.0
(6388, 6389, 6390) 41998.0
(4813, 4814, 4815) 52018.0
(794, 795, 796) 60407.0
(7252, 7253, 7254) 73990.0
(965, 966, 967) 63178.0
