(7093, 7094, 7095) 43692.0
(6163, 6164, 6165) 57569.0
(9213, 9214, 9215) 60139.0
(6814, 6815, 6816) 68252.0
(2417, 2418, 2419) 49990.0
(1281, 1282, 1283) 57132.0
(6446, 6447, 6448) 61730.0
(3880, 3881, 3882) 51442.0
(4923, 4924, 4925) 55078.0
(23, 24, 25) 57740.0
(1088, 1089, 1090) 66541.0
(6938, 6939, 6940) 67673.0
(6702, 6703, 6704) 66509.0
(4822, 4823, 4824) 48775.0
(2384, 2385, 2386) 54478.0
(8795, 8796, 8797) 68290.0
(663, 664, 665) 50235.0
(2648, 2649, 2650) 63136.0
(7684, 7685, 7686) 52609.0
(178, 179, 180) 60203.0
(5466, 5467, 5468) 62184.0
(8440, 8441, 8442) 63069.0
(1421, 1422, 1423) 53841.0
(7668, 7669, 7670) 64941.0
(9437, 9438, 9439) 55387.0
(6054, 6055, 6056) 79246.0
(9290, 9291, 9292) 64832.0
(7881, 7882, 7883) 65547.0
(5014, 5015, 5016) 46609.0
(3540, 3541, 3542) 43458.0
(2308, 2309, 2310) 78882.0
(4981, 4982, 4983) 66663.0
(1861, 1862, 1863) 56034.0
(1362, 1363, 1364) 49439.0
(6063, 6064, 6065) 57805.0
(5898, 5899, 5900) 48889.0
(9047, 9048, 9049) 66980.0
(7770, 7771, 7772) 62128.0
(5109, 5110, 5111) 52390.0
(9673, 9674, 9675) 63529.0
(7396, 7397, 7398) 69098.0
(1102, 1103, 1104) 60446.0
(7563, 7564, 7565) 67118.0
(7189, 7190, 7191) 55233.0
(4444, 4445, 4446) 51587.0
(5404, 5405, 5406) 81568.0
(6330, 6331, 6332) 79174.0
(9121, 9122, 9123) 58398.0
(2174, 2175, 2176) 50484.0
(3768, 3769, 3770) 44286.0
(1751, 1752, 1753) 54868.0
(9403, 9404, 9405) 52480.0
(2446, 2447, 2448) 58179.0
(2997, 2998, 2999) 63628.0
(6284, 6285, 6286) 71027.0
(9529, 9530, 9531) 67713.0
(7593, 7594, 7595) 52829.0
(30, 31, 32) 51749.0
(8567, 8568, 8569) 61880.0
(2994, 2995, 2996) 47403.0
(3304, 3305, 3306) 44035.0
(3868, 3869, 3870) 65879.0
(7124, 7125, 7126) 51310.0
(133, 134, 135) 47244.0
(9343, 9344, 9345) 43450.0
(5928, 5929, 5930) 59485.0
(6487, 6488, 6489) 51189.0
(4657, 4658, 4659) 45023.0
(2069, 2070, 2071) 46272.0
(4521, 4522, 4523) 43047.0
(8863, 8864, 8865) 45560.0
(5195, 5196, 5197) 56148.0
(511, 512, 513) 45206.0
(7057, 7058, 7059) 70594.0
(4428, 4429, 4430) 51392.0
(173, 174, 175) 59169.0
(1272, 1273, 1274) 55760.0
(8038, 8039, 8040) 59756.0
(292, 293, 294) 61271.0
(6004, 6005, 6006) 41138.0
(5616, 5617, 5618) 60847.0
(8599, 8600, 8601) 52667.0
(1942, 1943, 1944) 52871.0
(674, 675, 676) 46905.0
(1256, 1257, 1258) 56577.0
(552, 553, 554) 49461.0
(3420, 3421, 3422) 42405.0
(9161, 9162, 9163) 52239.0
(5411, 5412, 5413) 49124.0
(1736, 1737, 1738) 54339.0
(84, 85, 86) 79606.0
(4181, 4182, 4183) 58125.0
(8299, 8300, 8301) 57382.0
(5595, 5596, 5597) 51739.0
(6209, 6210, 6211) 61638.0
(836, 837, 838) 58747.0
(9914, 9915, 9916) 63153.0
(1986, 1987, 1988) 48309.0
(469, 470, 471) 63062.0
(6903, 6904, 6905) 53051.0
(4127, 4128, 4129) 46427.0
