(6665, 6666, 6667) 60973.0
(4490, 4491, 4492) 59241.0
(4810, 4811, 4812) 67433.0
(4853, 4854, 4855) 41274.0
(6527, 6528, 6529) 51090.0
(9592, 9593, 9594) 62375.0
(1118, 1119, 1120) 63853.0
(5212, 5213, 5214) 42479.0
(3385, 3386, 3387) 47943.0
(9495, 9496, 9497) 61752.0
(1493, 1494, 1495) 56175.0
(6779, 6780, 6781) 65514.0
(1232, 1233, 1234) 51845.0
(113, 114, 115) 51925.0
(8583, 8584, 8585) 54469.0
(6077, 6078, 6079) 53928.0
(889, 890, 891) 66701.0
(2943, 2944, 2945) 37879.0
(4698, 4699, 4700) 94735.0
(8080, 8081, 8082) 59591.0
(2753, 2754, 2755) 77806.0
(8308, 8309, 8310) 63762.0
(9830, 9831, 9832) 54212.0
(5782, 5783, 5784) 52956.0
(6627, 6628, 6629) 63962.0
(1698, 1699, 1700) 61557.0
(3581, 3582, 3583) 60043.0
(2534, 2535, 2536) 44877.0
(5219, 5220, 5221) 58858.0
(6683, 6684, 6685) 66508.0
(1731, 1732, 1733) 67512.0
(3335, 3336, 3337) 67887.0
(5722, 5723, 5724) 55182.0
(596, 597, 598) 76571.0
(5362, 5363, 5364) 50435.0
(4316, 4317, 4318) 64568.0
(4959, 4960, 4961) 42625.0
(5687, 5688, 5689) 57398.0
(1564, 1565, 1566) 65415.0
(6070, 6071, 6072) 60001.0
(3493, 3494, 3495) 47840.0
(2165, 2166, 2167) 53708.0
(2363, 2364, 2365) 57264.0
(6378, 6379, 6380) 54602.0
(5823, 5824, 5825) 71685.0
(3562, 3563, 3564) 78374.0
(867, 868, 869) 59341.0
(5737, 5738, 5739) 59733.0
(6414, 6415, 6416) 60244.0
(8178, 8179, 8180) 58158.0
(15, 16, 17) 52150.0
(2684, 2685, 2686) 61494.0
(2859, 2860, 2861) 50975.0
(1435, 1436, 1437) 54015.0
(5837, 5838, 5839) 62375.0
(1030, 1031, 1032) 46871.0
(9307, 9308, 9309) 60746.0
(8052, 8053, 8054) 48756.0
(7761, 7762, 7763) 43736.0
(1362, 1363, 1364) 50016.0
(7504, 7505, 7506) 39803.0
(5368, 5369, 5370) 65675.0
(1430, 1431, 1432) 68908.0
(2242, 2243, 2244) 59218.0
(2888, 2889, 2890) 51123.0
(572, 573, 574) 50513.0
(8863, 8864, 8865) 45866.0
(6648, 6649, 6650) 62888.0
(9345, 9346, 9347) 50411.0
(8887, 8888, 8889) 54372.0
(1353, 1354, 1355) 70435.0
(3230, 3231, 3232) 58214.0
(175, 176, 177) 72629.0
(5684, 5685, 5686) 44197.0
(7555, 7556, 7557) 65411.0
(7515, 7516, 7517) 46619.0
(2842, 2843, 2844) 50235.0
(9631, 9632, 9633) 70890.0
(6597, 6598, 6599) 58397.0
(2599, 2600, 2601) 60830.0
(5268, 5269, 5270) 56797.0
(4328, 4329, 4330) 48279.0
(3315, 3316, 3317) 62994.0
(9378, 9379, 9380) 51435.0
(9784, 9785, 9786) 49244.0
(5042, 5043, 5044) 68030.0
(3365, 3366, 3367) 39812.0
(2665, 2666, 2667) 51674.0
(8828, 8829, 8830) 36742.0
(7897, 7898, 7899) 50628.0
(4427, 4428, 4429) 65026.0
(4309, 4310, 4311) 48061.0
(3127, 3128, 3129) 68395.0
(4565, 4566, 4567) 55904.0
(1495, 1496, 1497) 70342.0
(8098, 8099, 8100) 50850.0
(102, 103, 104) 71789.0
(164, 165, 166) 47707.0
(1450, 1451, 1452) 68979.0
(5273, 5274, 5275) 67318.0
(9519, 9520, 9521) 61230.0
