(4734, 4735, 4736) 2506.0
(6947, 6948, 6949) 3604.0
(8926, 8927, 8928) 2764.0
(5200, 5201, 5202) 2686.0
(9608, 9609, 9610) 2490.0
(8899, 8900, 8901) 2797.0
(5313, 5314, 5315) 2168.0
(2982, 2983, 2984) 2674.0
(4396, 4397, 4398) 4094.0
(7611, 7612, 7613) 3102.0
(4563, 4564, 4565) 2327.0
(7733, 7734, 7735) 1734.0
(6145, 6146, 6147) 3017.0
(2697, 2698, 2699) 2122.0
(9488, 9489, 9490) 2387.0
(3456, 3457, 3458) 2128.0
(4814, 4815, 4816) 2452.0
(100, 101, 102) 2763.0
(3531, 3532, 3533) 3021.0
(6517, 6518, 6519) 2318.0
(8800, 8801, 8802) 2376.0
(5879, 5880, 5881) 2959.0
(6397, 6398, 6399) 2412.0
(7634, 7635, 7636) 1915.0
(120, 121, 122) 3144.0
(2880, 2881, 2882) 2613.0
(7760, 7761, 7762) 2846.0
(2720, 2721, 2722) 2237.0
(4916, 4917, 4918) 2528.0
(7423, 7424, 7425) 1989.0
(9014, 9015, 9016) 2077.0
(6231, 6232, 6233) 2020.0
(7662, 7663, 7664) 1990.0
(4948, 4949, 4950) 1698.0
(4492, 4493, 4494) 1569.0
(6026, 6027, 6028) 2239.0
(6584, 6585, 6586) 1471.0
(7897, 7898, 7899) 2058.0
(3794, 3795, 3796) 1924.0
(7056, 7057, 7058) 3033.0
(8959, 8960, 8961) 2867.0
(5298, 5299, 5300) 2683.0
(1692, 1693, 1694) 3242.0
(2033, 2034, 2035) 3113.0
(3415, 3416, 3417) 3230.0
(71, 72, 73) 3099.0
(1692, 1693, 1694) 3242.0
(5268, 5269, 5270) 2675.0
(2745, 2746, 2747) 2611.0
(8208, 8209, 8210) 3714.0
(8699, 8700, 8701) 1806.0
(6835, 6836, 6837) 2017.0
(1374, 1375, 1376) 2024.0
(3821, 3822, 3823) 2461.0
(8643, 8644, 8645) 3778.0
(9721, 9722, 9723) 2304.0
(4886, 4887, 4888) 4410.0
(7616, 7617, 7618) 2336.0
(3448, 3449, 3450) 1881.0
(4053, 4054, 4055) 2200.0
(356, 357, 358) 2736.0
(1972, 1973, 1974) 1716.0
(1704, 1705, 1706) 3348.0
(5035, 5036, 5037) 2013.0
(766, 767, 768) 2136.0
(8943, 8944, 8945) 1997.0
(5762, 5763, 5764) 2516.0
(9932, 9933, 9934) 2396.0
(4694, 4695, 4696) 2485.0
(8531, 8532, 8533) 2601.0
(8694, 8695, 8696) 2436.0
(8692, 8693, 8694) 1962.0
(7968, 7969, 7970) 1755.0
(6184, 6185, 6186) 2973.0
(9724, 9725, 9726) 2236.0
(352, 353, 354) 2300.0
(1169, 1170, 1171) 2111.0
(2787, 2788, 2789) 1943.0
(2047, 2048, 2049) 3057.0
(224, 225, 226) 2031.0
(179, 180, 181) 3364.0
(9697, 9698, 9699) 2727.0
(3010, 3011, 3012) 4280.0
(9078, 9079, 9080) 2796.0
(4903, 4904, 4905) 1792.0
(9633, 9634, 9635) 1725.0
(4256, 4257, 4258) 2615.0
(4193, 4194, 4195) 2978.0
(4147, 4148, 4149) 2451.0
(3406, 3407, 3408) 1902.0
(8309, 8310, 8311) 2331.0
(4642, 4643, 4644) 2519.0
(3991, 3992, 3993) 2942.0
(6430, 6431, 6432) 2512.0
(5797, 5798, 5799) 3327.0
(6849, 6850, 6851) 1665.0
(1578, 1579, 1580) 2639.0
(2286, 2287, 2288) 2448.0
(9525, 9526, 9527) 3523.0
(2963, 2964, 2965) 2267.0
(781, 782, 783) 2201.0
