(1423, 1424, 1425) 46875.0
(4291, 4292, 4293) 61959.0
(5578, 5579, 5580) 56228.0
(1773, 1774, 1775) 56268.0
(8291, 8292, 8293) 65801.0
(6205, 6206, 6207) 44263.0
(7940, 7941, 7942) 49647.0
(4907, 4908, 4909) 48187.0
(1522, 1523, 1524) 63766.0
(1360, 1361, 1362) 55211.0
(7077, 7078, 7079) 56086.0
(260, 261, 262) 47807.0
(3237, 3238, 3239) 54001.0
(2023, 2024, 2025) 71882.0
(5702, 5703, 5704) 57662.0
(1730, 1731, 1732) 85143.0
(2348, 2349, 2350) 67405.0
(4898, 4899, 4900) 60013.0
(5381, 5382, 5383) 46187.0
(936, 937, 938) 47160.0
(8268, 8269, 8270) 46852.0
(9852, 9853, 9854) 53621.0
(6985, 6986, 6987) 41449.0
(9763, 9764, 9765) 77414.0
(4404, 4405, 4406) 47786.0
(1110, 1111, 1112) 76771.0
(6438, 6439, 6440) 46976.0
(8770, 8771, 8772) 66110.0
(8619, 8620, 8621) 77033.0
(8234, 8235, 8236) 37465.0
(9789, 9790, 9791) 52103.0
(6304, 6305, 6306) 72346.0
(7461, 7462, 7463) 47380.0
(9363, 9364, 9365) 46977.0
(1449, 1450, 1451) 77216.0
(2346, 2347, 2348) 66576.0
(1829, 1830, 1831) 82362.0
(621, 622, 623) 60618.0
(4045, 4046, 4047) 63689.0
(2372, 2373, 2374) 73896.0
(1371, 1372, 1373) 56870.0
(7093, 7094, 7095) 45310.0
(83, 84, 85) 43335.0
(6763, 6764, 6765) 68151.0
(6745, 6746, 6747) 64025.0
(6287, 6288, 6289) 68320.0
(2189, 2190, 2191) 52351.0
(9234, 9235, 9236) 60518.0
(7804, 7805, 7806) 59828.0
(2944, 2945, 2946) 63616.0
(2943, 2944, 2945) 38532.0
(5715, 5716, 5717) 76799.0
(9718, 9719, 9720) 61621.0
(6943, 6944, 6945) 57872.0
(8976, 8977, 8978) 59842.0
(9933, 9934, 9935) 49107.0
(6627, 6628, 6629) 66136.0
(1274, 1275, 1276) 72135.0
(7556, 7557, 7558) 77870.0
(2379, 2380, 2381) 57250.0
(878, 879, 880) 58841.0
(341, 342, 343) 60450.0
(4407, 4408, 4409) 72298.0
(950, 951, 952) 62967.0
(2181, 2182, 2183) 58904.0
(180, 181, 182) 55849.0
(2867, 2868, 2869) 51008.0
(3189, 3190, 3191) 58395.0
(7196, 7197, 7198) 60179.0
(6035, 6036, 6037) 51754.0
(7366, 7367, 7368) 69696.0
(3033, 3034, 3035) 51460.0
(9393, 9394, 9395) 77376.0
(8517, 8518, 8519) 63518.0
(2853, 2854, 2855) 52161.0
(2040, 2041, 2042) 72811.0
(4756, 4757, 4758) 54439.0
(9332, 9333, 9334) 45174.0
(9458, 9459, 9460) 53384.0
(6527, 6528, 6529) 51492.0
(2319, 2320, 2321) 53658.0
(1535, 1536, 1537) 62370.0
(7029, 7030, 7031) 64089.0
(5788, 5789, 5790) 61135.0
(1221, 1222, 1223) 55147.0
(2812, 2813, 2814) 55154.0
(5174, 5175, 5176) 49463.0
(9778, 9779, 9780) 64454.0
(9537, 9538, 9539) 39963.0
(2463, 2464, 2465) 67055.0
(7746, 7747, 7748) 59433.0
(6415, 6416, 6417) 49970.0
(4702, 4703, 4704) 58112.0
(3929, 3930, 3931) 67068.0
(5023, 5024, 5025) 64702.0
(5128, 5129, 5130) 64996.0
(5508, 5509, 5510) 75898.0
(174, 175, 176) 52993.0
(2252, 2253, 2254) 48476.0
(8633, 8634, 8635) 48610.0
(9959, 9960, 9961) 46256.0
