(9352, 9353, 9354) 56265.0
(3845, 3846, 3847) 58126.0
(6631, 6632, 6633) 61236.0
(3189, 3190, 3191) 62202.0
(7828, 7829, 7830) 56300.0
(4971, 4972, 4973) 51954.0
(8320, 8321, 8322) 58274.0
(9472, 9473, 9474) 53372.0
(8925, 8926, 8927) 62920.0
(738, 739, 740) 50340.0
(9036, 9037, 9038) 53772.0
(8421, 8422, 8423) 56553.0
(8869, 8870, 8871) 48080.0
(4327, 4328, 4329) 58751.0
(7636, 7637, 7638) 64557.0
(441, 442, 443) 62903.0
(2544, 2545, 2546) 69258.0
(4148, 4149, 4150) 59544.0
(5042, 5043, 5044) 71406.0
(6640, 6641, 6642) 51369.0
(3061, 3062, 3063) 68336.0
(8581, 8582, 8583) 67571.0
(8869, 8870, 8871) 48080.0
(298, 299, 300) 46865.0
(5540, 5541, 5542) 45044.0
(2446, 2447, 2448) 59954.0
(2113, 2114, 2115) 60433.0
(2503, 2504, 2505) 59843.0
(5748, 5749, 5750) 68629.0
(7745, 7746, 7747) 59802.0
(8239, 8240, 8241) 49037.0
(6729, 6730, 6731) 58108.0
(5182, 5183, 5184) 66274.0
(971, 972, 973) 44994.0
(7949, 7950, 7951) 62218.0
(287, 288, 289) 60511.0
(8692, 8693, 8694) 72823.0
(5942, 5943, 5944) 71541.0
(9092, 9093, 9094) 53916.0
(392, 393, 394) 69176.0
(7389, 7390, 7391) 63939.0
(3648, 3649, 3650) 41520.0
(7818, 7819, 7820) 55331.0
(1377, 1378, 1379) 71868.0
(7997, 7998, 7999) 49190.0
(5124, 5125, 5126) 61590.0
(5008, 5009, 5010) 51097.0
(5932, 5933, 5934) 46971.0
(6755, 6756, 6757) 62877.0
(6865, 6866, 6867) 59042.0
(520, 521, 522) 74999.0
(6445, 6446, 6447) 59568.0
(5708, 5709, 5710) 64037.0
(2339, 2340, 2341) 62808.0
(6328, 6329, 6330) 67914.0
(8078, 8079, 8080) 71094.0
(2727, 2728, 2729) 56289.0
(7889, 7890, 7891) 53989.0
(6794, 6795, 6796) 61837.0
(7209, 7210, 7211) 51587.0
(9171, 9172, 9173) 81483.0
(4562, 4563, 4564) 49906.0
(8981, 8982, 8983) 50520.0
(32, 33, 34) 64604.0
(7670, 7671, 7672) 59481.0
(796, 797, 798) 67804.0
(3789, 3790, 3791) 49459.0
(36, 37, 38) 67204.0
(4413, 4414, 4415) 74213.0
(9400, 9401, 9402) 76679.0
(8750, 8751, 8752) 50435.0
(9380, 9381, 9382) 56443.0
(8988, 8989, 8990) 66976.0
(4750, 4751, 4752) 60009.0
(6051, 6052, 6053) 72770.0
(1226, 1227, 1228) 73895.0
(2332, 2333, 2334) 84770.0
(8899, 8900, 8901) 54186.0
(5091, 5092, 5093) 61130.0
(2948, 2949, 2950) 62876.0
(6341, 6342, 6343) 51481.0
(9625, 9626, 9627) 74929.0
(7031, 7032, 7033) 49085.0
(4788, 4789, 4790) 61589.0
(5076, 5077, 5078) 54120.0
(9036, 9037, 9038) 53772.0
(496, 497, 498) 67898.0
(1868, 1869, 1870) 75567.0
(1288, 1289, 1290) 56405.0
(560, 561, 562) 50897.0
(5276, 5277, 5278) 59969.0
(6759, 6760, 6761) 81884.0
(9983, 9984, 9985) 76939.0
(3799, 3800, 3801) 50769.0
(9196, 9197, 9198) 63932.0
(2062, 2063, 2064) 65068.0
(1864, 1865, 1866) 78844.0
(3782, 3783, 3784) 49739.0
(1842, 1843, 1844) 43544.0
(8614, 8615, 8616) 59273.0
(7683, 7684, 7685) 66994.0
