(7711, 7712, 7713) 38652.0
(7392, 7393, 7394) 68198.0
(2062, 2063, 2064) 66746.0
(3684, 3685, 3686) 53463.0
(9675, 9676, 9677) 54286.0
(9073, 9074, 9075) 55790.0
(3196, 3197, 3198) 57053.0
(4983, 4984, 4985) 60439.0
(9327, 9328, 9329) 72433.0
(1933, 1934, 1935) 63432.0
(1038, 1039, 1040) 61227.0
(6397, 6398, 6399) 58682.0
(9113, 9114, 9115) 66573.0
(3069, 3070, 3071) 67131.0
(5613, 5614, 5615) 52302.0
(8831, 8832, 8833) 61910.0
(130, 131, 132) 77358.0
(2024, 2025, 2026) 51430.0
(3434, 3435, 3436) 65515.0
(7325, 7326, 7327) 48515.0
(4229, 4230, 4231) 50559.0
(9881, 9882, 9883) 52294.0
(8462, 8463, 8464) 57813.0
(2027, 2028, 2029) 61889.0
(3479, 3480, 3481) 58440.0
(3635, 3636, 3637) 72240.0
(7524, 7525, 7526) 60794.0
(754, 755, 756) 62359.0
(3927, 3928, 3929) 80626.0
(4914, 4915, 4916) 55654.0
(2856, 2857, 2858) 62571.0
(6824, 6825, 6826) 72309.0
(7665, 7666, 7667) 62663.0
(9709, 9710, 9711) 73620.0
(1794, 1795, 1796) 81411.0
(3043, 3044, 3045) 64028.0
(7829, 7830, 7831) 73110.0
(2454, 2455, 2456) 42700.0
(8646, 8647, 8648) 64348.0
(6350, 6351, 6352) 81846.0
(5210, 5211, 5212) 53284.0
(2948, 2949, 2950) 67471.0
(7596, 7597, 7598) 65556.0
(8122, 8123, 8124) 71823.0
(1903, 1904, 1905) 54711.0
(485, 486, 487) 63751.0
(5786, 5787, 5788) 68507.0
(9620, 9621, 9622) 63205.0
(2596, 2597, 2598) 54328.0
(7965, 7966, 7967) 55549.0
(571, 572, 573) 60519.0
(3898, 3899, 3900) 66155.0
(4640, 4641, 4642) 39492.0
(9363, 9364, 9365) 47412.0
(4815, 4816, 4817) 54551.0
(2002, 2003, 2004) 59707.0
(8238, 8239, 8240) 57107.0
(7882, 7883, 7884) 59493.0
(1846, 1847, 1848) 66031.0
(1879, 1880, 1881) 49405.0
(9358, 9359, 9360) 57497.0
(7497, 7498, 7499) 50531.0
(5627, 5628, 5629) 62443.0
(386, 387, 388) 76158.0
(6039, 6040, 6041) 62880.0
(337, 338, 339) 70692.0
(7763, 7764, 7765) 55576.0
(1800, 1801, 1802) 52359.0
(8679, 8680, 8681) 46697.0
(7352, 7353, 7354) 60228.0
(5079, 5080, 5081) 54746.0
(3204, 3205, 3206) 62449.0
(1309, 1310, 1311) 63936.0
(2696, 2697, 2698) 77914.0
(4332, 4333, 4334) 53823.0
(8914, 8915, 8916) 82235.0
(5492, 5493, 5494) 68776.0
(5179, 5180, 5181) 63382.0
(1398, 1399, 1400) 58305.0
(3865, 3866, 3867) 69728.0
(6431, 6432, 6433) 51921.0
(8697, 8698, 8699) 51452.0
(65, 66, 67) 57501.0
(3522, 3523, 3524) 51515.0
(4275, 4276, 4277) 66203.0
(154, 155, 156) 83441.0
(152, 153, 154) 55098.0
(2714, 2715, 2716) 59456.0
(9966, 9967, 9968) 82603.0
(1910, 1911, 1912) 61734.0
(1399, 1400, 1401) 55270.0
(4063, 4064, 4065) 70762.0
(5263, 5264, 5265) 69222.0
(661, 662, 663) 46222.0
(162, 163, 164) 81573.0
(8548, 8549, 8550) 63741.0
(5642, 5643, 5644) 58843.0
(1126, 1127, 1128) 52650.0
(2242, 2243, 2244) 62778.0
(4407, 4408, 4409) 75536.0
(5039, 5040, 5041) 55966.0
