(1460, 1461, 1462) 50867.0
(9132, 9133, 9134) 63831.0
(8524, 8525, 8526) 70564.0
(5780, 5781, 5782) 51756.0
(2391, 2392, 2393) 43768.0
(9795, 9796, 9797) 54973.0
(1115, 1116, 1117) 53308.0
(6148, 6149, 6150) 70694.0
(3341, 3342, 3343) 57629.0
(9562, 9563, 9564) 57473.0
(7154, 7155, 7156) 72269.0
(4571, 4572, 4573) 68391.0
(2956, 2957, 2958) 50163.0
(4652, 4653, 4654) 87189.0
(9554, 9555, 9556) 76068.0
(3962, 3963, 3964) 80568.0
(9095, 9096, 9097) 88235.0
(9897, 9898, 9899) 71277.0
(3255, 3256, 3257) 60368.0
(4761, 4762, 4763) 69642.0
(6017, 6018, 6019) 59238.0
(9128, 9129, 9130) 72464.0
(7628, 7629, 7630) 69391.0
(4313, 4314, 4315) 51808.0
(7722, 7723, 7724) 57194.0
(9734, 9735, 9736) 82216.0
(5614, 5615, 5616) 37059.0
(3103, 3104, 3105) 61238.0
(2611, 2612, 2613) 55619.0
(9018, 9019, 9020) 53309.0
(2037, 2038, 2039) 75492.0
(8802, 8803, 8804) 65747.0
(54, 55, 56) 40622.0
(844, 845, 846) 74552.0
(4730, 4731, 4732) 56557.0
(776, 777, 778) 52966.0
(5770, 5771, 5772) 71542.0
(3568, 3569, 3570) 60606.0
(9524, 9525, 9526) 53719.0
(3255, 3256, 3257) 60368.0
(5396, 5397, 5398) 50514.0
(5738, 5739, 5740) 59973.0
(500, 501, 502) 54745.0
(8050, 8051, 8052) 69871.0
(2959, 2960, 2961) 66548.0
(3705, 3706, 3707) 71595.0
(2951, 2952, 2953) 73440.0
(9317, 9318, 9319) 55851.0
(3691, 3692, 3693) 58865.0
(4089, 4090, 4091) 64913.0
(6561, 6562, 6563) 53644.0
(5135, 5136, 5137) 64165.0
(9502, 9503, 9504) 57600.0
(3908, 3909, 3910) 53715.0
(3519, 3520, 3521) 49123.0
(8862, 8863, 8864) 93881.0
(3636, 3637, 3638) 70856.0
(6795, 6796, 6797) 58054.0
(5773, 5774, 5775) 66821.0
(7029, 7030, 7031) 66745.0
(926, 927, 928) 70748.0
(8033, 8034, 8035) 61365.0
(592, 593, 594) 61528.0
(1073, 1074, 1075) 61641.0
(3692, 3693, 3694) 48146.0
(6822, 6823, 6824) 62789.0
(663, 664, 665) 58569.0
(4493, 4494, 4495) 56657.0
(5120, 5121, 5122) 50807.0
(3003, 3004, 3005) 49897.0
(3814, 3815, 3816) 63042.0
(5422, 5423, 5424) 81266.0
(2398, 2399, 2400) 58551.0
(6843, 6844, 6845) 71483.0
(9359, 9360, 9361) 84556.0
(8778, 8779, 8780) 52300.0
(3296, 3297, 3298) 78892.0
(1477, 1478, 1479) 64220.0
(3542, 3543, 3544) 35866.0
(3569, 3570, 3571) 64910.0
(2695, 2696, 2697) 70758.0
(6354, 6355, 6356) 63883.0
(8840, 8841, 8842) 43816.0
(9362, 9363, 9364) 61861.0
(5999, 6000, 6001) 58102.0
(9954, 9955, 9956) 73839.0
(3851, 3852, 3853) 73896.0
(8496, 8497, 8498) 51959.0
(1285, 1286, 1287) 65263.0
(3784, 3785, 3786) 64353.0
(9694, 9695, 9696) 88312.0
(4931, 4932, 4933) 48936.0
(9109, 9110, 9111) 57859.0
(5197, 5198, 5199) 53099.0
(9703, 9704, 9705) 73122.0
(7677, 7678, 7679) 73677.0
(8677, 8678, 8679) 72254.0
(9038, 9039, 9040) 75518.0
(4851, 4852, 4853) 64490.0
(9960, 9961, 9962) 66306.0
(6450, 6451, 6452) 51566.0
