(332, 333, 334) 50921.0
(9688, 9689, 9690) 65418.0
(8687, 8688, 8689) 50369.0
(33, 34, 35) 54473.0
(8334, 8335, 8336) 53724.0
(6428, 6429, 6430) 45370.0
(2290, 2291, 2292) 71912.0
(9517, 9518, 9519) 70775.0
(5571, 5572, 5573) 55052.0
(418, 419, 420) 62921.0
(4525, 4526, 4527) 58596.0
(2124, 2125, 2126) 75263.0
(1803, 1804, 1805) 72642.0
(2991, 2992, 2993) 68601.0
(6598, 6599, 6600) 55338.0
(4632, 4633, 4634) 50411.0
(7155, 7156, 7157) 48958.0
(9366, 9367, 9368) 54477.0
(4349, 4350, 4351) 63582.0
(9649, 9650, 9651) 44998.0
(6748, 6749, 6750) 78435.0
(1902, 1903, 1904) 59060.0
(904, 905, 906) 60175.0
(4042, 4043, 4044) 53970.0
(5154, 5155, 5156) 60078.0
(8305, 8306, 8307) 51882.0
(7299, 7300, 7301) 58462.0
(2519, 2520, 2521) 63209.0
(9539, 9540, 9541) 60948.0
(227, 228, 229) 67488.0
(7788, 7789, 7790) 69242.0
(8276, 8277, 8278) 62257.0
(6595, 6596, 6597) 59639.0
(581, 582, 583) 63631.0
(9021, 9022, 9023) 53780.0
(6342, 6343, 6344) 62617.0
(1517, 1518, 1519) 79594.0
(6109, 6110, 6111) 66428.0
(6491, 6492, 6493) 68595.0
(4672, 4673, 4674) 82913.0
(23, 24, 25) 61600.0
(9535, 9536, 9537) 66438.0
(6377, 6378, 6379) 77118.0
(3113, 3114, 3115) 57090.0
(7545, 7546, 7547) 70718.0
(6440, 6441, 6442) 70388.0
(9051, 9052, 9053) 67249.0
(6556, 6557, 6558) 62351.0
(7588, 7589, 7590) 70802.0
(6169, 6170, 6171) 72456.0
(6237, 6238, 6239) 64759.0
(9748, 9749, 9750) 73743.0
(439, 440, 441) 59614.0
(524, 525, 526) 92611.0
(6144, 6145, 6146) 56005.0
(8774, 8775, 8776) 65234.0
(8857, 8858, 8859) 59916.0
(2339, 2340, 2341) 65389.0
(2257, 2258, 2259) 57646.0
(650, 651, 652) 59957.0
(4739, 4740, 4741) 79519.0
(5171, 5172, 5173) 67217.0
(8705, 8706, 8707) 60798.0
(5741, 5742, 5743) 68375.0
(3490, 3491, 3492) 61270.0
(6184, 6185, 6186) 58754.0
(9613, 9614, 9615) 76558.0
(2460, 2461, 2462) 75387.0
(3153, 3154, 3155) 68359.0
(316, 317, 318) 52514.0
(3775, 3776, 3777) 55008.0
(6309, 6310, 6311) 57418.0
(1021, 1022, 1023) 68411.0
(9284, 9285, 9286) 74720.0
(2503, 2504, 2505) 61385.0
(7577, 7578, 7579) 46027.0
(4339, 4340, 4341) 54166.0
(6650, 6651, 6652) 55650.0
(2790, 2791, 2792) 79644.0
(2073, 2074, 2075) 53329.0
(8670, 8671, 8672) 69554.0
(1292, 1293, 1294) 59763.0
(4830, 4831, 4832) 43286.0
(4620, 4621, 4622) 59212.0
(9336, 9337, 9338) 62621.0
(6314, 6315, 6316) 71295.0
(298, 299, 300) 47394.0
(2533, 2534, 2535) 56242.0
(548, 549, 550) 63882.0
(1613, 1614, 1615) 64402.0
(6021, 6022, 6023) 68490.0
(722, 723, 724) 58874.0
(9591, 9592, 9593) 88354.0
(7153, 7154, 7155) 57010.0
(2472, 2473, 2474) 79044.0
(1004, 1005, 1006) 56868.0
(5807, 5808, 5809) 51298.0
(3689, 3690, 3691) 70330.0
(7538, 7539, 7540) 61681.0
(8747, 8748, 8749) 58972.0
(5230, 5231, 5232) 59453.0
