(2292, 2293, 2294) 56031.0
(3355, 3356, 3357) 85129.0
(3463, 3464, 3465) 50339.0
(4036, 4037, 4038) 87750.0
(8635, 8636, 8637) 64587.0
(9971, 9972, 9973) 78493.0
(120, 121, 122) 68347.0
(5142, 5143, 5144) 80419.0
(9488, 9489, 9490) 62346.0
(4302, 4303, 4304) 67011.0
(6794, 6795, 6796) 65580.0
(1411, 1412, 1413) 52832.0
(490, 491, 492) 50058.0
(9825, 9826, 9827) 78832.0
(428, 429, 430) 56108.0
(6462, 6463, 6464) 71252.0
(1459, 1460, 1461) 69247.0
(3991, 3992, 3993) 57104.0
(3091, 3092, 3093) 50129.0
(1476, 1477, 1478) 76829.0
(4318, 4319, 4320) 61073.0
(3675, 3676, 3677) 55635.0
(9700, 9701, 9702) 48026.0
(1503, 1504, 1505) 47625.0
(5519, 5520, 5521) 64836.0
(8539, 8540, 8541) 63291.0
(5995, 5996, 5997) 57263.0
(3908, 3909, 3910) 55113.0
(1052, 1053, 1054) 69685.0
(7142, 7143, 7144) 56254.0
(4860, 4861, 4862) 75577.0
(957, 958, 959) 74125.0
(7196, 7197, 7198) 63219.0
(7540, 7541, 7542) 40086.0
(9555, 9556, 9557) 82954.0
(9973, 9974, 9975) 54875.0
(9904, 9905, 9906) 65584.0
(5296, 5297, 5298) 70858.0
(7587, 7588, 7589) 62665.0
(9800, 9801, 9802) 62942.0
(7332, 7333, 7334) 55072.0
(8864, 8865, 8866) 69258.0
(5838, 5839, 5840) 69089.0
(6762, 6763, 6764) 48853.0
(2638, 2639, 2640) 71695.0
(5117, 5118, 5119) 52819.0
(8680, 8681, 8682) 63339.0
(3058, 3059, 3060) 79210.0
(6984, 6985, 6986) 77548.0
(8339, 8340, 8341) 61994.0
(8644, 8645, 8646) 48571.0
(9703, 9704, 9705) 74750.0
(7528, 7529, 7530) 69550.0
(6736, 6737, 6738) 63164.0
(5981, 5982, 5983) 63184.0
(9592, 9593, 9594) 71102.0
(2437, 2438, 2439) 86327.0
(2356, 2357, 2358) 70976.0
(6236, 6237, 6238) 86021.0
(1300, 1301, 1302) 54699.0
(4845, 4846, 4847) 65511.0
(8980, 8981, 8982) 53507.0
(2659, 2660, 2661) 87687.0
(8054, 8055, 8056) 59646.0
(9855, 9856, 9857) 59883.0
(8875, 8876, 8877) 58113.0
(469, 470, 471) 74267.0
(2766, 2767, 2768) 53206.0
(3219, 3220, 3221) 52622.0
(9574, 9575, 9576) 62095.0
(402, 403, 404) 58634.0
(6319, 6320, 6321) 50241.0
(3395, 3396, 3397) 80491.0
(4178, 4179, 4180) 78388.0
(5556, 5557, 5558) 47452.0
(7740, 7741, 7742) 50807.0
(4636, 4637, 4638) 60399.0
(8317, 8318, 8319) 83312.0
(7343, 7344, 7345) 77182.0
(5792, 5793, 5794) 87709.0
(6742, 6743, 6744) 69875.0
(9336, 9337, 9338) 64688.0
(9567, 9568, 9569) 66077.0
(224, 225, 226) 77962.0
(2276, 2277, 2278) 65701.0
(2075, 2076, 2077) 51402.0
(1727, 1728, 1729) 64113.0
(294, 295, 296) 66798.0
(3617, 3618, 3619) 65120.0
(1567, 1568, 1569) 60587.0
(7046, 7047, 7048) 63080.0
(5181, 5182, 5183) 57034.0
(1153, 1154, 1155) 55102.0
(2327, 2328, 2329) 75924.0
(7683, 7684, 7685) 72248.0
(4494, 4495, 4496) 65221.0
(7189, 7190, 7191) 59750.0
(5094, 5095, 5096) 65885.0
(2533, 2534, 2535) 58230.0
(6689, 6690, 6691) 63124.0
(3768, 3769, 3770) 51616.0
