(2698, 2699, 2700) 65998.0
(5636, 5637, 5638) 71449.0
(4605, 4606, 4607) 76246.0
(213, 214, 215) 77567.0
(2873, 2874, 2875) 68474.0
(7473, 7474, 7475) 55214.0
(5667, 5668, 5669) 61561.0
(7609, 7610, 7611) 76831.0
(9193, 9194, 9195) 60755.0
(3249, 3250, 3251) 67429.0
(7822, 7823, 7824) 63091.0
(878, 879, 880) 67423.0
(5320, 5321, 5322) 69465.0
(5757, 5758, 5759) 71584.0
(1898, 1899, 1900) 54383.0
(1041, 1042, 1043) 72088.0
(204, 205, 206) 56707.0
(2254, 2255, 2256) 57387.0
(8549, 8550, 8551) 55243.0
(5948, 5949, 5950) 55947.0
(1905, 1906, 1907) 66119.0
(5192, 5193, 5194) 59677.0
(7498, 7499, 7500) 65356.0
(1433, 1434, 1435) 49547.0
(1978, 1979, 1980) 65143.0
(7537, 7538, 7539) 74713.0
(5539, 5540, 5541) 53105.0
(806, 807, 808) 66556.0
(4674, 4675, 4676) 52508.0
(5868, 5869, 5870) 58726.0
(4539, 4540, 4541) 62217.0
(4530, 4531, 4532) 78758.0
(9313, 9314, 9315) 78115.0
(8546, 8547, 8548) 83313.0
(2506, 2507, 2508) 80492.0
(6979, 6980, 6981) 71522.0
(6734, 6735, 6736) 59730.0
(8099, 8100, 8101) 57534.0
(9569, 9570, 9571) 56283.0
(1900, 1901, 1902) 63833.0
(5552, 5553, 5554) 64986.0
(239, 240, 241) 67503.0
(6385, 6386, 6387) 58860.0
(3327, 3328, 3329) 70084.0
(7625, 7626, 7627) 79883.0
(3938, 3939, 3940) 53916.0
(2049, 2050, 2051) 56610.0
(6105, 6106, 6107) 72554.0
(5769, 5770, 5771) 72160.0
(8677, 8678, 8679) 75590.0
(1151, 1152, 1153) 86411.0
(4912, 4913, 4914) 52103.0
(541, 542, 543) 57484.0
(5584, 5585, 5586) 62804.0
(8351, 8352, 8353) 56784.0
(366, 367, 368) 52578.0
(5027, 5028, 5029) 62301.0
(6033, 6034, 6035) 47676.0
(2010, 2011, 2012) 80472.0
(8315, 8316, 8317) 68820.0
(8208, 8209, 8210) 73027.0
(4921, 4922, 4923) 91495.0
(3992, 3993, 3994) 56069.0
(9051, 9052, 9053) 68840.0
(1313, 1314, 1315) 48309.0
(1783, 1784, 1785) 56240.0
(9207, 9208, 9209) 61137.0
(5331, 5332, 5333) 68146.0
(1582, 1583, 1584) 55559.0
(2787, 2788, 2789) 55964.0
(3839, 3840, 3841) 70411.0
(3165, 3166, 3167) 65423.0
(1611, 1612, 1613) 65422.0
(3693, 3694, 3695) 69948.0
(239, 240, 241) 67503.0
(7984, 7985, 7986) 58363.0
(1857, 1858, 1859) 59319.0
(9341, 9342, 9343) 71947.0
(1506, 1507, 1508) 81279.0
(6091, 6092, 6093) 75740.0
(8323, 8324, 8325) 76569.0
(53, 54, 55) 55424.0
(5547, 5548, 5549) 60678.0
(3460, 3461, 3462) 74359.0
(1646, 1647, 1648) 67837.0
(1429, 1430, 1431) 51871.0
(791, 792, 793) 73677.0
(5284, 5285, 5286) 60709.0
(6754, 6755, 6756) 74093.0
(7499, 7500, 7501) 52794.0
(7292, 7293, 7294) 62530.0
(8564, 8565, 8566) 79958.0
(1518, 1519, 1520) 69174.0
(2565, 2566, 2567) 69382.0
(1952, 1953, 1954) 57705.0
(5968, 5969, 5970) 74616.0
(2083, 2084, 2085) 61609.0
(5809, 5810, 5811) 38665.0
(8667, 8668, 8669) 56495.0
(2348, 2349, 2350) 77207.0
(7378, 7379, 7380) 67038.0
