(9855, 9856, 9857) 68687.0
(6409, 6410, 6411) 73655.0
(2233, 2234, 2235) 88681.0
(5715, 5716, 5717) 82872.0
(1063, 1064, 1065) 52666.0
(326, 327, 328) 58475.0
(3592, 3593, 3594) 79361.0
(3522, 3523, 3524) 58374.0
(1133, 1134, 1135) 49553.0
(3779, 3780, 3781) 54737.0
(6335, 6336, 6337) 64784.0
(1531, 1532, 1533) 73361.0
(3527, 3528, 3529) 54724.0
(5045, 5046, 5047) 80264.0
(7088, 7089, 7090) 81630.0
(9930, 9931, 9932) 69316.0
(8779, 8780, 8781) 76768.0
(7477, 7478, 7479) 73052.0
(8851, 8852, 8853) 72251.0
(6000, 6001, 6002) 67159.0
(6087, 6088, 6089) 55057.0
(4724, 4725, 4726) 73914.0
(952, 953, 954) 56027.0
(4083, 4084, 4085) 82434.0
(4015, 4016, 4017) 61807.0
(9049, 9050, 9051) 68097.0
(9898, 9899, 9900) 66067.0
(481, 482, 483) 57692.0
(4076, 4077, 4078) 58892.0
(8704, 8705, 8706) 74848.0
(8889, 8890, 8891) 76288.0
(9441, 9442, 9443) 67778.0
(6888, 6889, 6890) 66180.0
(5415, 5416, 5417) 82820.0
(560, 561, 562) 58497.0
(587, 588, 589) 56825.0
(7297, 7298, 7299) 61011.0
(4334, 4335, 4336) 45998.0
(194, 195, 196) 56301.0
(8448, 8449, 8450) 68029.0
(6889, 6890, 6891) 74552.0
(442, 443, 444) 74261.0
(6814, 6815, 6816) 79454.0
(655, 656, 657) 87994.0
(6978, 6979, 6980) 92185.0
(8325, 8326, 8327) 91975.0
(5732, 5733, 5734) 69602.0
(5883, 5884, 5885) 53480.0
(2929, 2930, 2931) 85777.0
(4490, 4491, 4492) 72261.0
(7333, 7334, 7335) 53561.0
(2143, 2144, 2145) 82181.0
(2832, 2833, 2834) 69276.0
(8591, 8592, 8593) 71547.0
(4964, 4965, 4966) 68005.0
(1136, 1137, 1138) 60617.0
(9470, 9471, 9472) 70644.0
(8203, 8204, 8205) 83985.0
(3480, 3481, 3482) 73509.0
(4442, 4443, 4444) 66892.0
(9188, 9189, 9190) 48647.0
(342, 343, 344) 74848.0
(1537, 1538, 1539) 68683.0
(8066, 8067, 8068) 76145.0
(4808, 4809, 4810) 51274.0
(3438, 3439, 3440) 71926.0
(5172, 5173, 5174) 63893.0
(865, 866, 867) 61790.0
(8069, 8070, 8071) 53290.0
(9133, 9134, 9135) 55086.0
(2622, 2623, 2624) 82345.0
(8053, 8054, 8055) 67755.0
(8212, 8213, 8214) 69055.0
(9883, 9884, 9885) 50269.0
(323, 324, 325) 74777.0
(1250, 1251, 1252) 83447.0
(9296, 9297, 9298) 55307.0
(73, 74, 75) 61206.0
(4809, 4810, 4811) 59176.0
(5345, 5346, 5347) 48334.0
(7365, 7366, 7367) 65327.0
(1573, 1574, 1575) 81332.0
(1552, 1553, 1554) 64527.0
(1790, 1791, 1792) 85354.0
(9920, 9921, 9922) 57116.0
(3231, 3232, 3233) 79560.0
(1872, 1873, 1874) 54740.0
(6191, 6192, 6193) 77719.0
(3910, 3911, 3912) 58239.0
(7966, 7967, 7968) 86892.0
(7143, 7144, 7145) 72877.0
(2295, 2296, 2297) 69474.0
(2265, 2266, 2267) 57190.0
(8377, 8378, 8379) 49710.0
(7726, 7727, 7728) 82557.0
(9345, 9346, 9347) 56162.0
(6372, 6373, 6374) 56092.0
(3706, 3707, 3708) 73220.0
(5673, 5674, 5675) 62838.0
(7060, 7061, 7062) 89580.0
(537, 538, 539) 87611.0
