(713, 714, 715) 68717.0
(4295, 4296, 4297) 72141.0
(6202, 6203, 6204) 58727.0
(7564, 7565, 7566) 78635.0
(8365, 8366, 8367) 61218.0
(1292, 1293, 1294) 63281.0
(9547, 9548, 9549) 68710.0
(5960, 5961, 5962) 79633.0
(5025, 5026, 5027) 81633.0
(4285, 4286, 4287) 69442.0
(1399, 1400, 1401) 60702.0
(7777, 7778, 7779) 92103.0
(1267, 1268, 1269) 63980.0
(368, 369, 370) 65979.0
(717, 718, 719) 73811.0
(6259, 6260, 6261) 74762.0
(3161, 3162, 3163) 68209.0
(5127, 5128, 5129) 78286.0
(6174, 6175, 6176) 66718.0
(8610, 8611, 8612) 76098.0
(4447, 4448, 4449) 62322.0
(4544, 4545, 4546) 72793.0
(1054, 1055, 1056) 63317.0
(6121, 6122, 6123) 74568.0
(8535, 8536, 8537) 67137.0
(3739, 3740, 3741) 60908.0
(5784, 5785, 5786) 79106.0
(7454, 7455, 7456) 62201.0
(6021, 6022, 6023) 71676.0
(5928, 5929, 5930) 66054.0
(6838, 6839, 6840) 61186.0
(8519, 8520, 8521) 52498.0
(3816, 3817, 3818) 79784.0
(6399, 6400, 6401) 49397.0
(6437, 6438, 6439) 74369.0
(9640, 9641, 9642) 104332.0
(5464, 5465, 5466) 56029.0
(9639, 9640, 9641) 47011.0
(6832, 6833, 6834) 77544.0
(716, 717, 718) 55426.0
(8599, 8600, 8601) 62516.0
(3875, 3876, 3877) 71985.0
(4933, 4934, 4935) 72739.0
(5420, 5421, 5422) 48469.0
(5334, 5335, 5336) 53030.0
(4932, 4933, 4934) 47870.0
(7377, 7378, 7379) 72917.0
(8811, 8812, 8813) 55242.0
(2270, 2271, 2272) 90677.0
(7576, 7577, 7578) 62284.0
(3622, 3623, 3624) 56348.0
(4951, 4952, 4953) 90106.0
(952, 953, 954) 56650.0
(1653, 1654, 1655) 52637.0
(9830, 9831, 9832) 61784.0
(6485, 6486, 6487) 62272.0
(8230, 8231, 8232) 63952.0
(617, 618, 619) 58737.0
(2164, 2165, 2166) 64007.0
(719, 720, 721) 71226.0
(1885, 1886, 1887) 55573.0
(859, 860, 861) 69841.0
(3546, 3547, 3548) 62927.0
(7464, 7465, 7466) 67784.0
(1532, 1533, 1534) 62772.0
(3252, 3253, 3254) 70814.0
(3986, 3987, 3988) 84315.0
(3970, 3971, 3972) 65199.0
(613, 614, 615) 61523.0
(5171, 5172, 5173) 71067.0
(3024, 3025, 3026) 71559.0
(2965, 2966, 2967) 71457.0
(3325, 3326, 3327) 66322.0
(9574, 9575, 9576) 68525.0
(7095, 7096, 7097) 76324.0
(8324, 8325, 8326) 67582.0
(8677, 8678, 8679) 78347.0
(92, 93, 94) 56098.0
(9509, 9510, 9511) 66781.0
(4675, 4676, 4677) 63930.0
(5363, 5364, 5365) 57638.0
(4914, 4915, 4916) 62533.0
(8423, 8424, 8425) 71756.0
(3070, 3071, 3072) 50137.0
(7556, 7557, 7558) 92235.0
(3661, 3662, 3663) 57665.0
(2924, 2925, 2926) 86823.0
(9541, 9542, 9543) 60516.0
(3652, 3653, 3654) 69731.0
(2013, 2014, 2015) 63773.0
(2267, 2268, 2269) 89364.0
(2304, 2305, 2306) 49538.0
(4494, 4495, 4496) 68188.0
(6353, 6354, 6355) 44168.0
(91, 92, 93) 57090.0
(8320, 8321, 8322) 69171.0
(2028, 2029, 2030) 70719.0
(1192, 1193, 1194) 82207.0
(9751, 9752, 9753) 61081.0
(4839, 4840, 4841) 68411.0
(7133, 7134, 7135) 65239.0
