(869, 870, 871) 4179.0
(9620, 9621, 9622) 2793.0
(8459, 8460, 8461) 3333.0
(3195, 3196, 3197) 3404.0
(8387, 8388, 8389) 2392.0
(5240, 5241, 5242) 3646.0
(80, 81, 82) 2854.0
(3731, 3732, 3733) 2652.0
(5778, 5779, 5780) 2240.0
(8658, 8659, 8660) 3246.0
(2964, 2965, 2966) 2279.0
(38, 39, 40) 4523.0
(7109, 7110, 7111) 3089.0
(9711, 9712, 9713) 3176.0
(9156, 9157, 9158) 3491.0
(6993, 6994, 6995) 3112.0
(9886, 9887, 9888) 2647.0
(6141, 6142, 6143) 5007.0
(5426, 5427, 5428) 3067.0
(7363, 7364, 7365) 3084.0
(384, 385, 386) 2976.0
(3239, 3240, 3241) 3436.0
(167, 168, 169) 2600.0
(9335, 9336, 9337) 3499.0
(3774, 3775, 3776) 4737.0
(2150, 2151, 2152) 2643.0
(7692, 7693, 7694) 2593.0
(3626, 3627, 3628) 2420.0
(6070, 6071, 6072) 2353.0
(7899, 7900, 7901) 2416.0
(2211, 2212, 2213) 3287.0
(3273, 3274, 3275) 3198.0
(5878, 5879, 5880) 2887.0
(8262, 8263, 8264) 2334.0
(1289, 1290, 1291) 2594.0
(6619, 6620, 6621) 3290.0
(8913, 8914, 8915) 4113.0
(4773, 4774, 4775) 2346.0
(7905, 7906, 7907) 3375.0
(2657, 2658, 2659) 2971.0
(5675, 5676, 5677) 3170.0
(1127, 1128, 1129) 2584.0
(2208, 2209, 2210) 3738.0
(7449, 7450, 7451) 2977.0
(7800, 7801, 7802) 2564.0
(7766, 7767, 7768) 3018.0
(5130, 5131, 5132) 3279.0
(9189, 9190, 9191) 3985.0
(1496, 1497, 1498) 3851.0
(5039, 5040, 5041) 3622.0
(1313, 1314, 1315) 2617.0
(5270, 5271, 5272) 4431.0
(9181, 9182, 9183) 2567.0
(2820, 2821, 2822) 2184.0
(8408, 8409, 8410) 2736.0
(9365, 9366, 9367) 2757.0
(1485, 1486, 1487) 3598.0
(2833, 2834, 2835) 2216.0
(1767, 1768, 1769) 3156.0
(8647, 8648, 8649) 2829.0
(9930, 9931, 9932) 4283.0
(5271, 5272, 5273) 2850.0
(6322, 6323, 6324) 2290.0
(7506, 7507, 7508) 2665.0
(4609, 4610, 4611) 2666.0
(102, 103, 104) 5016.0
(556, 557, 558) 2790.0
(2251, 2252, 2253) 1643.0
(5168, 5169, 5170) 2956.0
(5100, 5101, 5102) 3078.0
(4772, 4773, 4774) 3701.0
(5755, 5756, 5757) 2764.0
(4702, 4703, 4704) 2781.0
(4446, 4447, 4448) 3211.0
(5523, 5524, 5525) 2626.0
(7289, 7290, 7291) 3439.0
(3686, 3687, 3688) 2478.0
(1204, 1205, 1206) 3248.0
(233, 234, 235) 3542.0
(9470, 9471, 9472) 2071.0
(4003, 4004, 4005) 3698.0
(8203, 8204, 8205) 1766.0
(4822, 4823, 4824) 3053.0
(236, 237, 238) 3395.0
(3662, 3663, 3664) 2519.0
(8012, 8013, 8014) 3097.0
(8487, 8488, 8489) 3587.0
(4180, 4181, 4182) 3529.0
(149, 150, 151) 3000.0
(9167, 9168, 9169) 1596.0
(771, 772, 773) 4302.0
(9542, 9543, 9544) 2467.0
(4183, 4184, 4185) 3932.0
(9025, 9026, 9027) 1649.0
(7618, 7619, 7620) 2001.0
(6044, 6045, 6046) 3825.0
(17, 18, 19) 5525.0
(6229, 6230, 6231) 3847.0
(8427, 8428, 8429) 3158.0
(7308, 7309, 7310) 4063.0
(2300, 2301, 2302) 2759.0
