(4334, 4335, 4336) 46291.0
(499, 500, 501) 84360.0
(8814, 8815, 8816) 87973.0
(6247, 6248, 6249) 94492.0
(5918, 5919, 5920) 63777.0
(3911, 3912, 3913) 74339.0
(3702, 3703, 3704) 70863.0
(7283, 7284, 7285) 67229.0
(6791, 6792, 6793) 66726.0
(7277, 7278, 7279) 86063.0
(4831, 4832, 4833) 78734.0
(1545, 1546, 1547) 67572.0
(9442, 9443, 9444) 78466.0
(3683, 3684, 3685) 64627.0
(8952, 8953, 8954) 64456.0
(2282, 2283, 2284) 93238.0
(5472, 5473, 5474) 57105.0
(3417, 3418, 3419) 66711.0
(5761, 5762, 5763) 96559.0
(2533, 2534, 2535) 61129.0
(3328, 3329, 3330) 76604.0
(2279, 2280, 2281) 67347.0
(211, 212, 213) 67138.0
(7244, 7245, 7246) 81274.0
(48, 49, 50) 71614.0
(1756, 1757, 1758) 64250.0
(4516, 4517, 4518) 74050.0
(7144, 7145, 7146) 59211.0
(6202, 6203, 6204) 58594.0
(5180, 5181, 5182) 71341.0
(9555, 9556, 9557) 89333.0
(2703, 2704, 2705) 66272.0
(7183, 7184, 7185) 73224.0
(2856, 2857, 2858) 70363.0
(4169, 4170, 4171) 73942.0
(758, 759, 760) 45468.0
(5878, 5879, 5880) 75230.0
(16, 17, 18) 82135.0
(7464, 7465, 7466) 69533.0
(2129, 2130, 2131) 62446.0
(939, 940, 941) 67165.0
(6544, 6545, 6546) 64806.0
(9904, 9905, 9906) 74683.0
(6285, 6286, 6287) 89700.0
(3506, 3507, 3508) 68815.0
(4641, 4642, 4643) 57354.0
(6035, 6036, 6037) 61946.0
(5676, 5677, 5678) 64098.0
(1225, 1226, 1227) 78180.0
(962, 963, 964) 68509.0
(1417, 1418, 1419) 55205.0
(7463, 7464, 7465) 59893.0
(4049, 4050, 4051) 79037.0
(7365, 7366, 7367) 65682.0
(9489, 9490, 9491) 61882.0
(6874, 6875, 6876) 63049.0
(5886, 5887, 5888) 73399.0
(7697, 7698, 7699) 70077.0
(2232, 2233, 2234) 71003.0
(405, 406, 407) 68749.0
(8853, 8854, 8855) 62741.0
(8067, 8068, 8069) 82794.0
(8287, 8288, 8289) 57784.0
(1504, 1505, 1506) 57279.0
(6922, 6923, 6924) 89628.0
(2534, 2535, 2536) 61459.0
(9910, 9911, 9912) 81310.0
(2554, 2555, 2556) 73496.0
(2334, 2335, 2336) 53044.0
(3962, 3963, 3964) 91863.0
(3786, 3787, 3788) 56251.0
(7895, 7896, 7897) 82692.0
(7237, 7238, 7239) 65285.0
(3510, 3511, 3512) 80191.0
(5433, 5434, 5435) 76236.0
(4307, 4308, 4309) 68440.0
(1319, 1320, 1321) 69753.0
(7160, 7161, 7162) 63393.0
(862, 863, 864) 64570.0
(135, 136, 137) 70805.0
(2004, 2005, 2006) 66402.0
(2684, 2685, 2686) 69978.0
(8472, 8473, 8474) 66036.0
(4690, 4691, 4692) 62794.0
(1275, 1276, 1277) 61396.0
(5058, 5059, 5060) 44123.0
(4300, 4301, 4302) 82636.0
(1589, 1590, 1591) 50925.0
(9615, 9616, 9617) 50228.0
(4746, 4747, 4748) 60053.0
(9407, 9408, 9409) 77351.0
(5052, 5053, 5054) 82657.0
(4539, 4540, 4541) 64905.0
(1307, 1308, 1309) 73728.0
(8339, 8340, 8341) 63428.0
(9923, 9924, 9925) 79909.0
(9189, 9190, 9191) 73319.0
(8088, 8089, 8090) 80400.0
(4980, 4981, 4982) 80415.0
(974, 975, 976) 54597.0
(7872, 7873, 7874) 73792.0
