(2194, 2195, 2196) 64709.0
(4509, 4510, 4511) 70478.0
(7159, 7160, 7161) 85769.0
(8022, 8023, 8024) 54434.0
(4892, 4893, 4894) 82407.0
(2929, 2930, 2931) 91689.0
(3673, 3674, 3675) 82577.0
(7938, 7939, 7940) 65485.0
(8990, 8991, 8992) 87084.0
(9262, 9263, 9264) 78279.0
(3304, 3305, 3306) 50364.0
(2300, 2301, 2302) 59853.0
(9073, 9074, 9075) 65378.0
(55, 56, 57) 57318.0
(5565, 5566, 5567) 64173.0
(8628, 8629, 8630) 73753.0
(8782, 8783, 8784) 70331.0
(9478, 9479, 9480) 77297.0
(2438, 2439, 2440) 52387.0
(4736, 4737, 4738) 84175.0
(1721, 1722, 1723) 81954.0
(3489, 3490, 3491) 70506.0
(6743, 6744, 6745) 70933.0
(7045, 7046, 7047) 77683.0
(2222, 2223, 2224) 70011.0
(7990, 7991, 7992) 79295.0
(6024, 6025, 6026) 91557.0
(7589, 7590, 7591) 76032.0
(2508, 2509, 2510) 58188.0
(2640, 2641, 2642) 78171.0
(9961, 9962, 9963) 80193.0
(5582, 5583, 5584) 81056.0
(3871, 3872, 3873) 79834.0
(371, 372, 373) 59695.0
(5508, 5509, 5510) 102051.0
(7876, 7877, 7878) 67455.0
(4956, 4957, 4958) 75148.0
(3082, 3083, 3084) 86131.0
(1976, 1977, 1978) 59795.0
(3926, 3927, 3928) 78798.0
(6587, 6588, 6589) 82944.0
(8539, 8540, 8541) 69855.0
(4979, 4980, 4981) 70645.0
(9954, 9955, 9956) 93078.0
(331, 332, 333) 73288.0
(1109, 1110, 1111) 67728.0
(8769, 8770, 8771) 74607.0
(9609, 9610, 9611) 61932.0
(5661, 5662, 5663) 73616.0
(1920, 1921, 1922) 85989.0
(1836, 1837, 1838) 66851.0
(6421, 6422, 6423) 45878.0
(5649, 5650, 5651) 57401.0
(5187, 5188, 5189) 69557.0
(6788, 6789, 6790) 73737.0
(5871, 5872, 5873) 82791.0
(1528, 1529, 1530) 66443.0
(2091, 2092, 2093) 75333.0
(7506, 7507, 7508) 94382.0
(6985, 6986, 6987) 54678.0
(8352, 8353, 8354) 55373.0
(7593, 7594, 7595) 67933.0
(1152, 1153, 1154) 77890.0
(2482, 2483, 2484) 58424.0
(956, 957, 958) 78371.0
(1469, 1470, 1471) 66079.0
(309, 310, 311) 72593.0
(8774, 8775, 8776) 74447.0
(605, 606, 607) 62530.0
(3494, 3495, 3496) 69176.0
(3812, 3813, 3814) 70047.0
(2060, 2061, 2062) 57118.0
(2118, 2119, 2120) 64433.0
(5361, 5362, 5363) 72774.0
(3238, 3239, 3240) 72694.0
(2273, 2274, 2275) 64529.0
(3145, 3146, 3147) 66273.0
(9822, 9823, 9824) 63852.0
(6149, 6150, 6151) 52211.0
(639, 640, 641) 72607.0
(4023, 4024, 4025) 77245.0
(244, 245, 246) 59976.0
(4441, 4442, 4443) 68148.0
(5888, 5889, 5890) 71765.0
(5908, 5909, 5910) 51744.0
(2645, 2646, 2647) 64220.0
(4503, 4504, 4505) 90279.0
(9722, 9723, 9724) 80641.0
(8651, 8652, 8653) 80953.0
(1337, 1338, 1339) 84973.0
(5834, 5835, 5836) 74697.0
(6365, 6366, 6367) 86105.0
(9562, 9563, 9564) 65684.0
(7659, 7660, 7661) 56381.0
(8448, 8449, 8450) 69362.0
(4944, 4945, 4946) 60749.0
(8307, 8308, 8309) 70283.0
(7004, 7005, 7006) 67566.0
(6676, 6677, 6678) 92017.0
(6222, 6223, 6224) 60015.0
(2191, 2192, 2193) 55572.0
