(4461, 4462, 4463) 90204.0
(1372, 1373, 1374) 84658.0
(7564, 7565, 7566) 78213.0
(6744, 6745, 6746) 78840.0
(9179, 9180, 9181) 108959.0
(4046, 4047, 4048) 69229.0
(1613, 1614, 1615) 69343.0
(2483, 2484, 2485) 79174.0
(887, 888, 889) 94861.0
(8045, 8046, 8047) 56582.0
(5261, 5262, 5263) 55102.0
(8711, 8712, 8713) 56776.0
(2829, 2830, 2831) 56439.0
(593, 594, 595) 74965.0
(5370, 5371, 5372) 63128.0
(8186, 8187, 8188) 96178.0
(5764, 5765, 5766) 63971.0
(8660, 8661, 8662) 73426.0
(228, 229, 230) 63397.0
(9775, 9776, 9777) 74300.0
(1841, 1842, 1843) 92071.0
(8176, 8177, 8178) 86941.0
(5206, 5207, 5208) 68031.0
(8009, 8010, 8011) 75031.0
(7936, 7937, 7938) 69355.0
(8297, 8298, 8299) 73997.0
(8336, 8337, 8338) 50233.0
(6993, 6994, 6995) 65356.0
(4651, 4652, 4653) 69028.0
(7138, 7139, 7140) 92480.0
(6004, 6005, 6006) 52676.0
(7729, 7730, 7731) 78145.0
(337, 338, 339) 73466.0
(1119, 1120, 1121) 62450.0
(8632, 8633, 8634) 71657.0
(2217, 2218, 2219) 55894.0
(2717, 2718, 2719) 82486.0
(8372, 8373, 8374) 98082.0
(5351, 5352, 5353) 88885.0
(1334, 1335, 1336) 69262.0
(9355, 9356, 9357) 64314.0
(2845, 2846, 2847) 62226.0
(5425, 5426, 5427) 61316.0
(1086, 1087, 1088) 66880.0
(6618, 6619, 6620) 98484.0
(1729, 1730, 1731) 83293.0
(8164, 8165, 8166) 74788.0
(4467, 4468, 4469) 66886.0
(5831, 5832, 5833) 80555.0
(4923, 4924, 4925) 74746.0
(7995, 7996, 7997) 98120.0
(6075, 6076, 6077) 71095.0
(8712, 8713, 8714) 79154.0
(9776, 9777, 9778) 63128.0
(6883, 6884, 6885) 107657.0
(8899, 8900, 8901) 60311.0
(5747, 5748, 5749) 80173.0
(9578, 9579, 9580) 92693.0
(6834, 6835, 6836) 68114.0
(7988, 7989, 7990) 76661.0
(7678, 7679, 7680) 72090.0
(7176, 7177, 7178) 66873.0
(8755, 8756, 8757) 76474.0
(795, 796, 797) 52359.0
(7060, 7061, 7062) 92504.0
(4093, 4094, 4095) 75469.0
(4927, 4928, 4929) 74596.0
(5727, 5728, 5729) 57314.0
(2107, 2108, 2109) 64777.0
(8189, 8190, 8191) 81411.0
(2358, 2359, 2360) 88618.0
(1220, 1221, 1222) 94349.0
(3044, 3045, 3046) 66740.0
(5993, 5994, 5995) 66169.0
(7293, 7294, 7295) 67535.0
(621, 622, 623) 74033.0
(4356, 4357, 4358) 80275.0
(9888, 9889, 9890) 53917.0
(6795, 6796, 6797) 63517.0
(3210, 3211, 3212) 66175.0
(6887, 6888, 6889) 63929.0
(3939, 3940, 3941) 63121.0
(9894, 9895, 9896) 66887.0
(4720, 4721, 4722) 62432.0
(8869, 8870, 8871) 58148.0
(5683, 5684, 5685) 67453.0
(6093, 6094, 6095) 63757.0
(2613, 2614, 2615) 74621.0
(4709, 4710, 4711) 57640.0
(6583, 6584, 6585) 73385.0
(8570, 8571, 8572) 64993.0
(5262, 5263, 5264) 68294.0
(3651, 3652, 3653) 61296.0
(6148, 6149, 6150) 84843.0
(8402, 8403, 8404) 76982.0
(115, 116, 117) 106138.0
(8352, 8353, 8354) 57511.0
(6028, 6029, 6030) 73010.0
(9873, 9874, 9875) 78516.0
(6515, 6516, 6517) 110122.0
(2861, 2862, 2863) 74306.0
