(5111, 5112, 5113) 68413.0
(1808, 1809, 1810) 90521.0
(8181, 8182, 8183) 84067.0
(7251, 7252, 7253) 68286.0
(1970, 1971, 1972) 63921.0
(5697, 5698, 5699) 86235.0
(1005, 1006, 1007) 77783.0
(2463, 2464, 2465) 83396.0
(5503, 5504, 5505) 74366.0
(1507, 1508, 1509) 75132.0
(8451, 8452, 8453) 76935.0
(8196, 8197, 8198) 60949.0
(4330, 4331, 4332) 81885.0
(5153, 5154, 5155) 77593.0
(219, 220, 221) 84173.0
(3656, 3657, 3658) 87019.0
(761, 762, 763) 77611.0
(4042, 4043, 4044) 65044.0
(2047, 2048, 2049) 68650.0
(6702, 6703, 6704) 88689.0
(9134, 9135, 9136) 84995.0
(7051, 7052, 7053) 74550.0
(1058, 1059, 1060) 55567.0
(9366, 9367, 9368) 67819.0
(294, 295, 296) 78450.0
(5190, 5191, 5192) 87748.0
(9365, 9366, 9367) 79393.0
(1714, 1715, 1716) 61382.0
(5912, 5913, 5914) 66272.0
(4247, 4248, 4249) 79107.0
(8673, 8674, 8675) 63851.0
(3541, 3542, 3543) 63278.0
(4791, 4792, 4793) 49874.0
(1933, 1934, 1935) 66263.0
(9437, 9438, 9439) 73600.0
(8445, 8446, 8447) 64029.0
(9536, 9537, 9538) 81794.0
(9254, 9255, 9256) 69519.0
(5490, 5491, 5492) 77222.0
(898, 899, 900) 80240.0
(5917, 5918, 5919) 74626.0
(6977, 6978, 6979) 82709.0
(1156, 1157, 1158) 80459.0
(164, 165, 166) 58023.0
(9306, 9307, 9308) 73483.0
(202, 203, 204) 62181.0
(7680, 7681, 7682) 71108.0
(1637, 1638, 1639) 58809.0
(8705, 8706, 8707) 68906.0
(3111, 3112, 3113) 76412.0
(7696, 7697, 7698) 66205.0
(9271, 9272, 9273) 66507.0
(7386, 7387, 7388) 93753.0
(6538, 6539, 6540) 79896.0
(8135, 8136, 8137) 71452.0
(5252, 5253, 5254) 100546.0
(8936, 8937, 8938) 68503.0
(2883, 2884, 2885) 70956.0
(1385, 1386, 1387) 71913.0
(7028, 7029, 7030) 72369.0
(1401, 1402, 1403) 92615.0
(7861, 7862, 7863) 52983.0
(4938, 4939, 4940) 71054.0
(183, 184, 185) 76466.0
(8619, 8620, 8621) 91545.0
(1725, 1726, 1727) 73780.0
(4311, 4312, 4313) 70205.0
(9281, 9282, 9283) 65703.0
(6911, 6912, 6913) 84288.0
(4032, 4033, 4034) 61424.0
(5323, 5324, 5325) 88289.0
(800, 801, 802) 66501.0
(3859, 3860, 3861) 62196.0
(1032, 1033, 1034) 84368.0
(6784, 6785, 6786) 85887.0
(1747, 1748, 1749) 56711.0
(6527, 6528, 6529) 68596.0
(318, 319, 320) 71024.0
(7470, 7471, 7472) 69493.0
(6490, 6491, 6492) 64539.0
(7615, 7616, 7617) 71877.0
(694, 695, 696) 66378.0
(513, 514, 515) 77666.0
(5252, 5253, 5254) 100546.0
(343, 344, 345) 83737.0
(5271, 5272, 5273) 63319.0
(2233, 2234, 2235) 93057.0
(6290, 6291, 6292) 75717.0
(1661, 1662, 1663) 82140.0
(7998, 7999, 8000) 53408.0
(7873, 7874, 7875) 56039.0
(626, 627, 628) 94938.0
(3318, 3319, 3320) 50363.0
(9414, 9415, 9416) 77992.0
(8357, 8358, 8359) 92189.0
(975, 976, 977) 69939.0
(9681, 9682, 9683) 63466.0
(7448, 7449, 7450) 79988.0
(3783, 3784, 3785) 62520.0
(5615, 5616, 5617) 64345.0
(7346, 7347, 7348) 73307.0
