(6772, 6773, 6774) 59829.0
(9947, 9948, 9949) 82032.0
(4961, 4962, 4963) 62089.0
(3617, 3618, 3619) 74620.0
(2237, 2238, 2239) 64785.0
(3930, 3931, 3932) 74054.0
(3823, 3824, 3825) 109952.0
(5599, 5600, 5601) 63744.0
(197, 198, 199) 116244.0
(1257, 1258, 1259) 75514.0
(332, 333, 334) 59138.0
(967, 968, 969) 59218.0
(7241, 7242, 7243) 74717.0
(5449, 5450, 5451) 54181.0
(6016, 6017, 6018) 72118.0
(2478, 2479, 2480) 62509.0
(5003, 5004, 5005) 75131.0
(4229, 4230, 4231) 61910.0
(2773, 2774, 2775) 56902.0
(6622, 6623, 6624) 72997.0
(4043, 4044, 4045) 67570.0
(2510, 2511, 2512) 73378.0
(8595, 8596, 8597) 87906.0
(5536, 5537, 5538) 62648.0
(7849, 7850, 7851) 69093.0
(1847, 1848, 1849) 64247.0
(3159, 3160, 3161) 91056.0
(2688, 2689, 2690) 56540.0
(4606, 4607, 4608) 80200.0
(5957, 5958, 5959) 87401.0
(2040, 2041, 2042) 83735.0
(7962, 7963, 7964) 68823.0
(8373, 8374, 8375) 77979.0
(3885, 3886, 3887) 74014.0
(9713, 9714, 9715) 64698.0
(1844, 1845, 1846) 74778.0
(5409, 5410, 5411) 85321.0
(3813, 3814, 3815) 67616.0
(9916, 9917, 9918) 79206.0
(9223, 9224, 9225) 80925.0
(337, 338, 339) 78688.0
(2475, 2476, 2477) 69897.0
(0, 1, 2) 67660.0
(5235, 5236, 5237) 76986.0
(2430, 2431, 2432) 59467.0
(7535, 7536, 7537) 79637.0
(7921, 7922, 7923) 92929.0
(8514, 8515, 8516) 81733.0
(9151, 9152, 9153) 63161.0
(2586, 2587, 2588) 70941.0
(5042, 5043, 5044) 94779.0
(3628, 3629, 3630) 71975.0
(1146, 1147, 1148) 84380.0
(4158, 4159, 4160) 71590.0
(2945, 2946, 2947) 61623.0
(598, 599, 600) 78270.0
(3113, 3114, 3115) 71920.0
(2792, 2793, 2794) 91385.0
(4969, 4970, 4971) 70923.0
(3407, 3408, 3409) 71196.0
(324, 325, 326) 75012.0
(9797, 9798, 9799) 68353.0
(80, 81, 82) 96593.0
(9442, 9443, 9444) 85468.0
(2518, 2519, 2520) 95489.0
(1847, 1848, 1849) 64247.0
(7082, 7083, 7084) 54019.0
(7390, 7391, 7392) 54995.0
(8754, 8755, 8756) 86515.0
(7531, 7532, 7533) 57144.0
(4656, 4657, 4658) 74273.0
(9038, 9039, 9040) 97745.0
(5112, 5113, 5114) 99397.0
(1114, 1115, 1116) 71565.0
(388, 389, 390) 82483.0
(2862, 2863, 2864) 79965.0
(4085, 4086, 4087) 83912.0
(6852, 6853, 6854) 74353.0
(5427, 5428, 5429) 88229.0
(393, 394, 395) 60020.0
(1029, 1030, 1031) 65550.0
(6421, 6422, 6423) 47952.0
(1544, 1545, 1546) 94157.0
(9442, 9443, 9444) 85468.0
(2343, 2344, 2345) 89858.0
(9568, 9569, 9570) 60613.0
(8015, 8016, 8017) 70176.0
(769, 770, 771) 65139.0
(8937, 8938, 8939) 88730.0
(9562, 9563, 9564) 76277.0
(7458, 7459, 7460) 68016.0
(2484, 2485, 2486) 76518.0
(6717, 6718, 6719) 101583.0
(7634, 7635, 7636) 77927.0
(8490, 8491, 8492) 58989.0
(1321, 1322, 1323) 86015.0
(9416, 9417, 9418) 59842.0
(8921, 8922, 8923) 77028.0
(9464, 9465, 9466) 68724.0
(4537, 4538, 4539) 86353.0
(192, 193, 194) 87895.0
