(5062, 5063, 5064) 68742.0
(4117, 4118, 4119) 81721.0
(4530, 4531, 4532) 93158.0
(6289, 6290, 6291) 66488.0
(9810, 9811, 9812) 73588.0
(8651, 8652, 8653) 88252.0
(3538, 3539, 3540) 71711.0
(4261, 4262, 4263) 83883.0
(9668, 9669, 9670) 78125.0
(8969, 8970, 8971) 66001.0
(3730, 3731, 3732) 85604.0
(8772, 8773, 8774) 90260.0
(8079, 8080, 8081) 89094.0
(4192, 4193, 4194) 64672.0
(1720, 1721, 1722) 61549.0
(4558, 4559, 4560) 86589.0
(6977, 6978, 6979) 84613.0
(2513, 2514, 2515) 89529.0
(223, 224, 225) 84620.0
(1158, 1159, 1160) 86397.0
(5387, 5388, 5389) 88193.0
(2384, 2385, 2386) 68200.0
(2359, 2360, 2361) 80786.0
(8590, 8591, 8592) 65704.0
(974, 975, 976) 60370.0
(7469, 7470, 7471) 76944.0
(3432, 3433, 3434) 65696.0
(3523, 3524, 3525) 100042.0
(9827, 9828, 9829) 85659.0
(3270, 3271, 3272) 85485.0
(8419, 8420, 8421) 63622.0
(3847, 3848, 3849) 98162.0
(1186, 1187, 1188) 86763.0
(3328, 3329, 3330) 82508.0
(4451, 4452, 4453) 66454.0
(6732, 6733, 6734) 60611.0
(6556, 6557, 6558) 70165.0
(2645, 2646, 2647) 66046.0
(746, 747, 748) 68095.0
(7261, 7262, 7263) 80911.0
(8509, 8510, 8511) 70918.0
(8004, 8005, 8006) 71062.0
(4305, 4306, 4307) 49156.0
(4472, 4473, 4474) 66228.0
(1849, 1850, 1851) 91925.0
(9721, 9722, 9723) 91061.0
(6455, 6456, 6457) 80571.0
(5929, 5930, 5931) 85781.0
(2745, 2746, 2747) 75566.0
(757, 758, 759) 69662.0
(7336, 7337, 7338) 69705.0
(7534, 7535, 7536) 58102.0
(6172, 6173, 6174) 88112.0
(7129, 7130, 7131) 78885.0
(2239, 2240, 2241) 70494.0
(4109, 4110, 4111) 77132.0
(2957, 2958, 2959) 61082.0
(7277, 7278, 7279) 93354.0
(3934, 3935, 3936) 74658.0
(1389, 1390, 1391) 81566.0
(4145, 4146, 4147) 75802.0
(9296, 9297, 9298) 67989.0
(1497, 1498, 1499) 55758.0
(7404, 7405, 7406) 67232.0
(3424, 3425, 3426) 75542.0
(3135, 3136, 3137) 68248.0
(450, 451, 452) 67040.0
(5555, 5556, 5557) 75716.0
(6051, 6052, 6053) 85814.0
(3956, 3957, 3958) 59483.0
(9490, 9491, 9492) 82583.0
(6209, 6210, 6211) 82158.0
(3887, 3888, 3889) 59292.0
(7720, 7721, 7722) 80596.0
(7427, 7428, 7429) 72659.0
(1781, 1782, 1783) 78479.0
(652, 653, 654) 79946.0
(9315, 9316, 9317) 87902.0
(5165, 5166, 5167) 67302.0
(3626, 3627, 3628) 63505.0
(2773, 2774, 2775) 57730.0
(6274, 6275, 6276) 81278.0
(9980, 9981, 9982) 59144.0
(6514, 6515, 6516) 95590.0
(4247, 4248, 4249) 82191.0
(7527, 7528, 7529) 58379.0
(4129, 4130, 4131) 79347.0
(8512, 8513, 8514) 67214.0
(5929, 5930, 5931) 85781.0
(7890, 7891, 7892) 66896.0
(3188, 3189, 3190) 81149.0
(4500, 4501, 4502) 65438.0
(5042, 5043, 5044) 95574.0
(7508, 7509, 7510) 84854.0
(1057, 1058, 1059) 73048.0
(7814, 7815, 7816) 63919.0
(7551, 7552, 7553) 81502.0
(3827, 3828, 3829) 92517.0
(2754, 2755, 2756) 75580.0
(78, 79, 80) 67447.0
(3282, 3283, 3284) 78615.0
