(3369, 3370, 3371) 102994.0
(9976, 9977, 9978) 88034.0
(2875, 2876, 2877) 84249.0
(3009, 3010, 3011) 85850.0
(9063, 9064, 9065) 89007.0
(6759, 6760, 6761) 95649.0
(437, 438, 439) 90023.0
(9848, 9849, 9850) 82791.0
(4496, 4497, 4498) 63649.0
(1980, 1981, 1982) 70560.0
(3281, 3282, 3283) 80562.0
(1006, 1007, 1008) 78308.0
(8230, 8231, 8232) 72602.0
(3614, 3615, 3616) 93071.0
(1998, 1999, 2000) 64555.0
(7813, 7814, 7815) 69602.0
(954, 955, 956) 63724.0
(398, 399, 400) 64666.0
(1314, 1315, 1316) 57781.0
(9336, 9337, 9338) 80602.0
(2715, 2716, 2717) 80532.0
(5326, 5327, 5328) 66673.0
(7128, 7129, 7130) 82842.0
(6120, 6121, 6122) 86742.0
(3132, 3133, 3134) 73795.0
(9797, 9798, 9799) 69825.0
(1438, 1439, 1440) 87840.0
(4357, 4358, 4359) 79324.0
(1372, 1373, 1374) 89086.0
(3197, 3198, 3199) 62396.0
(7212, 7213, 7214) 105784.0
(9700, 9701, 9702) 64348.0
(7946, 7947, 7948) 52688.0
(5461, 5462, 5463) 68019.0
(8518, 8519, 8520) 77523.0
(8439, 8440, 8441) 90377.0
(2773, 2774, 2775) 59076.0
(4352, 4353, 4354) 66748.0
(4815, 4816, 4817) 70477.0
(2404, 2405, 2406) 66848.0
(1635, 1636, 1637) 99159.0
(3007, 3008, 3009) 75762.0
(7389, 7390, 7391) 78223.0
(8049, 8050, 8051) 86220.0
(2721, 2722, 2723) 68132.0
(4983, 4984, 4985) 79687.0
(3925, 3926, 3927) 91669.0
(5833, 5834, 5835) 73674.0
(4220, 4221, 4222) 63805.0
(9121, 9122, 9123) 76985.0
(5059, 5060, 5061) 73589.0
(9819, 9820, 9821) 72949.0
(3991, 3992, 3993) 63799.0
(9213, 9214, 9215) 72138.0
(2532, 2533, 2534) 69576.0
(3967, 3968, 3969) 64989.0
(71, 72, 73) 87572.0
(7586, 7587, 7588) 80054.0
(3057, 3058, 3059) 80118.0
(4981, 4982, 4983) 78629.0
(2781, 2782, 2783) 85141.0
(5786, 5787, 5788) 74734.0
(347, 348, 349) 69302.0
(2601, 2602, 2603) 99031.0
(7945, 7946, 7947) 92114.0
(8511, 8512, 8513) 81315.0
(3256, 3257, 3258) 79371.0
(1797, 1798, 1799) 65031.0
(9275, 9276, 9277) 82822.0
(4987, 4988, 4989) 75288.0
(5266, 5267, 5268) 85200.0
(1624, 1625, 1626) 54692.0
(7209, 7210, 7211) 66827.0
(8890, 8891, 8892) 77672.0
(9224, 9225, 9226) 55471.0
(183, 184, 185) 78894.0
(9562, 9563, 9564) 76278.0
(746, 747, 748) 72402.0
(4773, 4774, 4775) 69134.0
(1096, 1097, 1098) 71435.0
(4769, 4770, 4771) 75410.0
(6664, 6665, 6666) 63830.0
(500, 501, 502) 67972.0
(253, 254, 255) 62165.0
(1579, 1580, 1581) 76780.0
(7103, 7104, 7105) 61515.0
(6458, 6459, 6460) 75673.0
(9499, 9500, 9501) 83858.0
(7327, 7328, 7329) 86287.0
(6237, 6238, 6239) 77696.0
(1797, 1798, 1799) 65031.0
(5974, 5975, 5976) 69593.0
(4456, 4457, 4458) 82355.0
(4083, 4084, 4085) 90330.0
(6319, 6320, 6321) 58296.0
(1296, 1297, 1298) 72989.0
(9960, 9961, 9962) 86247.0
(9769, 9770, 9771) 70035.0
(1990, 1991, 1992) 68691.0
(5827, 5828, 5829) 77687.0
(2464, 2465, 2466) 88580.0
