(396, 397, 398) 86420.0
(9866, 9867, 9868) 62162.0
(9702, 9703, 9704) 65323.0
(2122, 2123, 2124) 81390.0
(9556, 9557, 9558) 107339.0
(3009, 3010, 3011) 85718.0
(7101, 7102, 7103) 78361.0
(6275, 6276, 6277) 64881.0
(1224, 1225, 1226) 60459.0
(3076, 3077, 3078) 73180.0
(1772, 1773, 1774) 66894.0
(9148, 9149, 9150) 92700.0
(8125, 8126, 8127) 71009.0
(1665, 1666, 1667) 76198.0
(9281, 9282, 9283) 67515.0
(3117, 3118, 3119) 99885.0
(4862, 4863, 4864) 89432.0
(9010, 9011, 9012) 85331.0
(4665, 4666, 4667) 94088.0
(6632, 6633, 6634) 83439.0
(7377, 7378, 7379) 87211.0
(5639, 5640, 5641) 89859.0
(7433, 7434, 7435) 68026.0
(238, 239, 240) 89498.0
(1759, 1760, 1761) 96173.0
(8673, 8674, 8675) 71845.0
(3587, 3588, 3589) 86532.0
(5050, 5051, 5052) 79331.0
(7802, 7803, 7804) 59694.0
(2263, 2264, 2265) 92512.0
(5723, 5724, 5725) 71531.0
(6026, 6027, 6028) 82267.0
(3814, 3815, 3816) 74751.0
(3743, 3744, 3745) 78090.0
(5263, 5264, 5265) 83181.0
(1370, 1371, 1372) 73205.0
(7116, 7117, 7118) 67659.0
(263, 264, 265) 74087.0
(6765, 6766, 6767) 65805.0
(4261, 4262, 4263) 85358.0
(9417, 9418, 9419) 62419.0
(400, 401, 402) 65352.0
(3084, 3085, 3086) 67801.0
(5719, 5720, 5721) 96538.0
(3556, 3557, 3558) 92528.0
(4701, 4702, 4703) 84749.0
(2546, 2547, 2548) 69655.0
(2916, 2917, 2918) 58473.0
(4003, 4004, 4005) 87571.0
(8531, 8532, 8533) 71229.0
(2868, 2869, 2870) 81404.0
(4349, 4350, 4351) 78536.0
(5660, 5661, 5662) 94539.0
(1502, 1503, 1504) 74426.0
(854, 855, 856) 69773.0
(1225, 1226, 1227) 89350.0
(3808, 3809, 3810) 64749.0
(9216, 9217, 9218) 67644.0
(4058, 4059, 4060) 71844.0
(3802, 3803, 3804) 79968.0
(7833, 7834, 7835) 88304.0
(2270, 2271, 2272) 105505.0
(7301, 7302, 7303) 81976.0
(895, 896, 897) 64466.0
(5856, 5857, 5858) 102449.0
(8118, 8119, 8120) 72630.0
(8053, 8054, 8055) 83223.0
(3446, 3447, 3448) 60977.0
(9445, 9446, 9447) 73580.0
(1818, 1819, 1820) 58138.0
(4815, 4816, 4817) 71382.0
(3012, 3013, 3014) 59215.0
(9244, 9245, 9246) 60838.0
(7753, 7754, 7755) 75331.0
(7271, 7272, 7273) 88857.0
(1108, 1109, 1110) 68173.0
(2103, 2104, 2105) 73527.0
(6502, 6503, 6504) 81883.0
(9875, 9876, 9877) 93539.0
(1458, 1459, 1460) 100392.0
(1643, 1644, 1645) 94409.0
(3065, 3066, 3067) 51219.0
(1288, 1289, 1290) 67161.0
(1199, 1200, 1201) 76178.0
(5491, 5492, 5493) 74142.0
(5366, 5367, 5368) 86056.0
(2979, 2980, 2981) 108261.0
(3021, 3022, 3023) 65402.0
(287, 288, 289) 83366.0
(172, 173, 174) 58920.0
(2643, 2644, 2645) 80228.0
(1309, 1310, 1311) 75553.0
(4827, 4828, 4829) 77213.0
(5920, 5921, 5922) 64639.0
(2086, 2087, 2088) 77872.0
(8074, 8075, 8076) 72171.0
(9600, 9601, 9602) 81256.0
(1716, 1717, 1718) 61328.0
(5163, 5164, 5165) 69516.0
(5604, 5605, 5606) 80687.0
(3179, 3180, 3181) 70925.0
