(3869, 3870, 3871) 68990.0
(9906, 9907, 9908) 74823.0
(6064, 6065, 6066) 61948.0
(4707, 4708, 4709) 73827.0
(4262, 4263, 4264) 97044.0
(825, 826, 827) 84128.0
(8508, 8509, 8510) 91034.0
(8166, 8167, 8168) 87922.0
(7289, 7290, 7291) 113398.0
(6344, 6345, 6346) 60734.0
(5776, 5777, 5778) 87743.0
(5940, 5941, 5942) 89346.0
(8399, 8400, 8401) 95896.0
(2811, 2812, 2813) 65765.0
(2965, 2966, 2967) 80871.0
(7290, 7291, 7292) 83724.0
(1327, 1328, 1329) 79128.0
(5150, 5151, 5152) 74871.0
(515, 516, 517) 107108.0
(9953, 9954, 9955) 76424.0
(1418, 1419, 1420) 66982.0
(2675, 2676, 2677) 93433.0
(676, 677, 678) 92977.0
(5592, 5593, 5594) 69193.0
(1974, 1975, 1976) 80975.0
(8727, 8728, 8729) 97412.0
(6498, 6499, 6500) 69896.0
(3282, 3283, 3284) 79937.0
(7796, 7797, 7798) 81399.0
(700, 701, 702) 76893.0
(257, 258, 259) 82144.0
(2581, 2582, 2583) 76109.0
(695, 696, 697) 116011.0
(3200, 3201, 3202) 60867.0
(4418, 4419, 4420) 96041.0
(6559, 6560, 6561) 99036.0
(948, 949, 950) 68625.0
(2092, 2093, 2094) 71090.0
(2456, 2457, 2458) 84921.0
(243, 244, 245) 66041.0
(9398, 9399, 9400) 80980.0
(7500, 7501, 7502) 86788.0
(4697, 4698, 4699) 69799.0
(7764, 7765, 7766) 64244.0
(8072, 8073, 8074) 67059.0
(4101, 4102, 4103) 64029.0
(439, 440, 441) 74827.0
(5520, 5521, 5522) 94490.0
(1871, 1872, 1873) 95718.0
(7973, 7974, 7975) 96343.0
(9027, 9028, 9029) 64673.0
(6612, 6613, 6614) 75430.0
(7073, 7074, 7075) 70167.0
(4790, 4791, 4792) 75897.0
(4958, 4959, 4960) 79307.0
(3835, 3836, 3837) 87850.0
(6705, 6706, 6707) 68289.0
(8523, 8524, 8525) 74576.0
(3909, 3910, 3911) 62898.0
(2507, 2508, 2509) 80639.0
(2634, 2635, 2636) 86997.0
(953, 954, 955) 87707.0
(8424, 8425, 8426) 64418.0
(2917, 2918, 2919) 76734.0
(4920, 4921, 4922) 105927.0
(9656, 9657, 9658) 69093.0
(5302, 5303, 5304) 93198.0
(894, 895, 896) 72112.0
(1645, 1646, 1647) 69911.0
(7234, 7235, 7236) 67954.0
(7005, 7006, 7007) 82329.0
(6285, 6286, 6287) 100268.0
(3153, 3154, 3155) 79532.0
(6484, 6485, 6486) 99403.0
(2732, 2733, 2734) 70497.0
(8493, 8494, 8495) 75331.0
(8125, 8126, 8127) 71866.0
(3083, 3084, 3085) 69214.0
(7850, 7851, 7852) 64165.0
(4069, 4070, 4071) 95866.0
(3981, 3982, 3983) 75729.0
(5444, 5445, 5446) 90750.0
(5425, 5426, 5427) 67411.0
(1324, 1325, 1326) 81220.0
(7563, 7564, 7565) 89793.0
(3618, 3619, 3620) 89521.0
(3133, 3134, 3135) 77127.0
(6997, 6998, 6999) 117262.0
(7949, 7950, 7951) 87075.0
(391, 392, 393) 73884.0
(8122, 8123, 8124) 92856.0
(2355, 2356, 2357) 100134.0
(8288, 8289, 8290) 91796.0
(17, 18, 19) 97823.0
(2338, 2339, 2340) 84557.0
(7023, 7024, 7025) 64738.0
(1875, 1876, 1877) 86550.0
(7112, 7113, 7114) 78797.0
(9850, 9851, 9852) 75000.0
(9346, 9347, 9348) 90134.0
(5075, 5076, 5077) 95292.0
