(8523, 8524, 8525) 73742.0
(8027, 8028, 8029) 69856.0
(4563, 4564, 4565) 71534.0
(3413, 3414, 3415) 86432.0
(9505, 9506, 9507) 87637.0
(2637, 2638, 2639) 109362.0
(4701, 4702, 4703) 84547.0
(1828, 1829, 1830) 79315.0
(3616, 3617, 3618) 81822.0
(3887, 3888, 3889) 64464.0
(6810, 6811, 6812) 77719.0
(1335, 1336, 1337) 87068.0
(3146, 3147, 3148) 93597.0
(1470, 1471, 1472) 67528.0
(91, 92, 93) 62800.0
(6761, 6762, 6763) 64429.0
(6195, 6196, 6197) 76539.0
(2793, 2794, 2795) 73540.0
(6733, 6734, 6735) 73035.0
(6068, 6069, 6070) 85476.0
(3124, 3125, 3126) 54938.0
(7400, 7401, 7402) 93163.0
(906, 907, 908) 102337.0
(2500, 2501, 2502) 65612.0
(225, 226, 227) 76699.0
(3000, 3001, 3002) 99281.0
(3203, 3204, 3205) 58591.0
(3632, 3633, 3634) 66713.0
(2825, 2826, 2827) 78482.0
(190, 191, 192) 64253.0
(1864, 1865, 1866) 99036.0
(5303, 5304, 5305) 95647.0
(9850, 9851, 9852) 75900.0
(8409, 8410, 8411) 77139.0
(4481, 4482, 4483) 87289.0
(7300, 7301, 7302) 82940.0
(7973, 7974, 7975) 98822.0
(2212, 2213, 2214) 99635.0
(5785, 5786, 5787) 69187.0
(1019, 1020, 1021) 74366.0
(7143, 7144, 7145) 84799.0
(3276, 3277, 3278) 86519.0
(2627, 2628, 2629) 87580.0
(5947, 5948, 5949) 86616.0
(6343, 6344, 6345) 90156.0
(8177, 8178, 8179) 81007.0
(3075, 3076, 3077) 68538.0
(4611, 4612, 4613) 72473.0
(6488, 6489, 6490) 70942.0
(5446, 5447, 5448) 82163.0
(2277, 2278, 2279) 88546.0
(955, 956, 957) 82795.0
(4911, 4912, 4913) 63343.0
(2456, 2457, 2458) 87121.0
(5305, 5306, 5307) 73489.0
(5828, 5829, 5830) 58664.0
(5014, 5015, 5016) 68762.0
(6703, 6704, 6705) 62237.0
(5054, 5055, 5056) 84293.0
(1824, 1825, 1826) 80407.0
(742, 743, 744) 78827.0
(3578, 3579, 3580) 62971.0
(2831, 2832, 2833) 61272.0
(9042, 9043, 9044) 94830.0
(3668, 3669, 3670) 78048.0
(3696, 3697, 3698) 107289.0
(589, 590, 591) 72979.0
(6178, 6179, 6180) 98608.0
(1234, 1235, 1236) 69980.0
(8885, 8886, 8887) 84124.0
(6979, 6980, 6981) 82011.0
(9793, 9794, 9795) 73847.0
(8129, 8130, 8131) 69162.0
(5601, 5602, 5603) 77257.0
(5523, 5524, 5525) 76271.0
(8004, 8005, 8006) 75267.0
(287, 288, 289) 84380.0
(5889, 5890, 5891) 95897.0
(8406, 8407, 8408) 63459.0
(3711, 3712, 3713) 71971.0
(8731, 8732, 8733) 88197.0
(1013, 1014, 1015) 74827.0
(8608, 8609, 8610) 96822.0
(5882, 5883, 5884) 79186.0
(8002, 8003, 8004) 73443.0
(8479, 8480, 8481) 93331.0
(3273, 3274, 3275) 73909.0
(2452, 2453, 2454) 80907.0
(4021, 4022, 4023) 84441.0
(834, 835, 836) 88013.0
(8976, 8977, 8978) 80650.0
(5029, 5030, 5031) 75329.0
(4680, 4681, 4682) 67894.0
(5567, 5568, 5569) 70903.0
(6061, 6062, 6063) 77311.0
(7320, 7321, 7322) 81412.0
(2641, 2642, 2643) 82528.0
(273, 274, 275) 80652.0
(929, 930, 931) 106388.0
(5143, 5144, 5145) 95134.0
(2150, 2151, 2152) 89866.0
