(8523, 8524, 8525) 4798.0
(9907, 9908, 9909) 4542.0
(3423, 3424, 3425) 3841.0
(3780, 3781, 3782) 2455.0
(9914, 9915, 9916) 3310.0
(2475, 2476, 2477) 2605.0
(789, 790, 791) 4104.0
(7494, 7495, 7496) 2873.0
(6350, 6351, 6352) 3836.0
(5539, 5540, 5541) 5292.0
(5419, 5420, 5421) 3357.0
(1773, 1774, 1775) 2535.0
(5880, 5881, 5882) 3209.0
(3949, 3950, 3951) 4025.0
(7814, 7815, 7816) 3817.0
(2469, 2470, 2471) 3232.0
(4579, 4580, 4581) 3499.0
(5407, 5408, 5409) 3718.0
(4182, 4183, 4184) 2491.0
(8627, 8628, 8629) 4330.0
(2477, 2478, 2479) 3400.0
(2914, 2915, 2916) 3955.0
(8669, 8670, 8671) 3000.0
(638, 639, 640) 3511.0
(1398, 1399, 1400) 4650.0
(1162, 1163, 1164) 2563.0
(6606, 6607, 6608) 1627.0
(835, 836, 837) 3600.0
(6169, 6170, 6171) 3473.0
(8046, 8047, 8048) 2545.0
(9539, 9540, 9541) 2940.0
(4542, 4543, 4544) 3501.0
(6318, 6319, 6320) 3221.0
(952, 953, 954) 1844.0
(8481, 8482, 8483) 3986.0
(4696, 4697, 4698) 2288.0
(294, 295, 296) 4153.0
(737, 738, 739) 2924.0
(984, 985, 986) 3336.0
(2894, 2895, 2896) 4920.0
(4180, 4181, 4182) 4073.0
(4366, 4367, 4368) 5457.0
(7406, 7407, 7408) 2688.0
(9169, 9170, 9171) 2378.0
(281, 282, 283) 4052.0
(2516, 2517, 2518) 4854.0
(7157, 7158, 7159) 2175.0
(30, 31, 32) 2095.0
(8956, 8957, 8958) 3743.0
(9197, 9198, 9199) 2911.0
(4726, 4727, 4728) 3910.0
(9763, 9764, 9765) 4451.0
(5393, 5394, 5395) 3492.0
(7855, 7856, 7857) 4947.0
(5205, 5206, 5207) 2507.0
(8797, 8798, 8799) 3792.0
(4232, 4233, 4234) 5148.0
(4418, 4419, 4420) 3416.0
(789, 790, 791) 4104.0
(6171, 6172, 6173) 3101.0
(4844, 4845, 4846) 3709.0
(191, 192, 193) 3988.0
(8493, 8494, 8495) 2401.0
(9746, 9747, 9748) 2546.0
(677, 678, 679) 2466.0
(5936, 5937, 5938) 3168.0
(5611, 5612, 5613) 3947.0
(9369, 9370, 9371) 3992.0
(6158, 6159, 6160) 2681.0
(3945, 3946, 3947) 2766.0
(2585, 2586, 2587) 4834.0
(2193, 2194, 2195) 2148.0
(4693, 4694, 4695) 4388.0
(3839, 3840, 3841) 3486.0
(8468, 8469, 8470) 2676.0
(7911, 7912, 7913) 4415.0
(2077, 2078, 2079) 4603.0
(7950, 7951, 7952) 2480.0
(3247, 3248, 3249) 3100.0
(4497, 4498, 4499) 6146.0
(6216, 6217, 6218) 2790.0
(6897, 6898, 6899) 3895.0
(6308, 6309, 6310) 4029.0
(3970, 3971, 3972) 7034.0
(8577, 8578, 8579) 3868.0
(8844, 8845, 8846) 3096.0
(8273, 8274, 8275) 3691.0
(728, 729, 730) 4553.0
(9916, 9917, 9918) 4863.0
(7398, 7399, 7400) 2409.0
(376, 377, 378) 2846.0
(3653, 3654, 3655) 5161.0
(7282, 7283, 7284) 4263.0
(5473, 5474, 5475) 3400.0
(8392, 8393, 8394) 2831.0
(2288, 2289, 2290) 2883.0
(7785, 7786, 7787) 4671.0
(9949, 9950, 9951) 5734.0
(5384, 5385, 5386) 2760.0
(6096, 6097, 6098) 3770.0
(5652, 5653, 5654) 4557.0
