(6970, 6971, 6972) 78697.0
(3886, 3887, 3888) 74378.0
(4552, 4553, 4554) 93970.0
(5225, 5226, 5227) 73302.0
(8416, 8417, 8418) 78548.0
(1816, 1817, 1818) 85705.0
(6748, 6749, 6750) 95506.0
(2482, 2483, 2484) 74456.0
(3391, 3392, 3393) 77760.0
(7481, 7482, 7483) 82662.0
(5208, 5209, 5210) 89408.0
(1613, 1614, 1615) 90468.0
(8531, 8532, 8533) 74044.0
(4891, 4892, 4893) 107666.0
(3704, 3705, 3706) 83605.0
(7147, 7148, 7149) 71830.0
(9031, 9032, 9033) 93332.0
(7767, 7768, 7769) 94264.0
(6343, 6344, 6345) 89570.0
(1251, 1252, 1253) 95182.0
(5351, 5352, 5353) 96541.0
(7601, 7602, 7603) 92761.0
(5600, 5601, 5602) 98455.0
(715, 716, 717) 62541.0
(9549, 9550, 9551) 73910.0
(6823, 6824, 6825) 73887.0
(1021, 1022, 1023) 103719.0
(5357, 5358, 5359) 83610.0
(1173, 1174, 1175) 62624.0
(3041, 3042, 3043) 79487.0
(1785, 1786, 1787) 86918.0
(8671, 8672, 8673) 95813.0
(7957, 7958, 7959) 87004.0
(4221, 4222, 4223) 92503.0
(2259, 2260, 2261) 74667.0
(6927, 6928, 6929) 87496.0
(6014, 6015, 6016) 103109.0
(7183, 7184, 7185) 82820.0
(3844, 3845, 3846) 72270.0
(877, 878, 879) 91669.0
(1237, 1238, 1239) 73997.0
(744, 745, 746) 94924.0
(6260, 6261, 6262) 78486.0
(8799, 8800, 8801) 81441.0
(10, 11, 12) 98372.0
(1635, 1636, 1637) 100969.0
(776, 777, 778) 65773.0
(2319, 2320, 2321) 66998.0
(1667, 1668, 1669) 70159.0
(5298, 5299, 5300) 71917.0
(3473, 3474, 3475) 80742.0
(6267, 6268, 6269) 86312.0
(9479, 9480, 9481) 70550.0
(9215, 9216, 9217) 65871.0
(6351, 6352, 6353) 86553.0
(2939, 2940, 2941) 70369.0
(8064, 8065, 8066) 70935.0
(8954, 8955, 8956) 92093.0
(4397, 4398, 4399) 86920.0
(9082, 9083, 9084) 72604.0
(8295, 8296, 8297) 103229.0
(1297, 1298, 1299) 80537.0
(5341, 5342, 5343) 70687.0
(6230, 6231, 6232) 59451.0
(8311, 8312, 8313) 74702.0
(7549, 7550, 7551) 69695.0
(113, 114, 115) 69307.0
(7283, 7284, 7285) 79883.0
(4958, 4959, 4960) 81742.0
(1343, 1344, 1345) 72917.0
(5167, 5168, 5169) 89339.0
(5920, 5921, 5922) 67252.0
(946, 947, 948) 75091.0
(3993, 3994, 3995) 78694.0
(3880, 3881, 3882) 71208.0
(3488, 3489, 3490) 61689.0
(4957, 4958, 4959) 84839.0
(8128, 8129, 8130) 82595.0
(6223, 6224, 6225) 105740.0
(9067, 9068, 9069) 75688.0
(9436, 9437, 9438) 87020.0
(6294, 6295, 6296) 80778.0
(1665, 1666, 1667) 77936.0
(6973, 6974, 6975) 86423.0
(1974, 1975, 1976) 81284.0
(1523, 1524, 1525) 89942.0
(0, 1, 2) 79577.0
(729, 730, 731) 111400.0
(1632, 1633, 1634) 58722.0
(681, 682, 683) 76006.0
(8379, 8380, 8381) 82322.0
(716, 717, 718) 72424.0
(9204, 9205, 9206) 84138.0
(7734, 7735, 7736) 81093.0
(2156, 2157, 2158) 64968.0
(7182, 7183, 7184) 66672.0
(9872, 9873, 9874) 80404.0
(176, 177, 178) 90829.0
(7659, 7660, 7661) 65906.0
(6580, 6581, 6582) 92582.0
(8866, 8867, 8868) 89067.0
