(1327, 1328, 1329) 85019.0
(9206, 9207, 9208) 84717.0
(3939, 3940, 3941) 74986.0
(2846, 2847, 2848) 78549.0
(7265, 7266, 7267) 74496.0
(9306, 9307, 9308) 84399.0
(8598, 8599, 8600) 87533.0
(3044, 3045, 3046) 71141.0
(414, 415, 416) 83556.0
(9097, 9098, 9099) 72930.0
(8194, 8195, 8196) 68723.0
(4389, 4390, 4391) 62388.0
(4470, 4471, 4472) 80747.0
(1714, 1715, 1716) 67384.0
(7401, 7402, 7403) 90218.0
(399, 400, 401) 78853.0
(6770, 6771, 6772) 95783.0
(6416, 6417, 6418) 67112.0
(1280, 1281, 1282) 69674.0
(5569, 5570, 5571) 95300.0
(2729, 2730, 2731) 92478.0
(3826, 3827, 3828) 108105.0
(1622, 1623, 1624) 89232.0
(4661, 4662, 4663) 81272.0
(7979, 7980, 7981) 96573.0
(1885, 1886, 1887) 67527.0
(9279, 9280, 9281) 78343.0
(613, 614, 615) 81503.0
(3987, 3988, 3989) 74126.0
(9642, 9643, 9644) 85427.0
(98, 99, 100) 73676.0
(3284, 3285, 3286) 88672.0
(2004, 2005, 2006) 73876.0
(6500, 6501, 6502) 79602.0
(4630, 4631, 4632) 83918.0
(1524, 1525, 1526) 61540.0
(8847, 8848, 8849) 75082.0
(141, 142, 143) 80199.0
(9404, 9405, 9406) 73444.0
(4322, 4323, 4324) 96223.0
(3284, 3285, 3286) 88672.0
(8000, 8001, 8002) 77366.0
(7036, 7037, 7038) 64309.0
(7856, 7857, 7858) 92345.0
(3841, 3842, 3843) 82035.0
(1242, 1243, 1244) 72852.0
(6813, 6814, 6815) 68139.0
(9730, 9731, 9732) 99763.0
(2690, 2691, 2692) 72732.0
(2315, 2316, 2317) 89321.0
(2335, 2336, 2337) 108968.0
(3023, 3024, 3025) 96328.0
(7424, 7425, 7426) 71561.0
(2375, 2376, 2377) 79318.0
(9973, 9974, 9975) 67893.0
(5745, 5746, 5747) 74229.0
(548, 549, 550) 76588.0
(2331, 2332, 2333) 88180.0
(8189, 8190, 8191) 88626.0
(3903, 3904, 3905) 86280.0
(7015, 7016, 7017) 87600.0
(2060, 2061, 2062) 63188.0
(5298, 5299, 5300) 71934.0
(767, 768, 769) 77027.0
(599, 600, 601) 86915.0
(2372, 2373, 2374) 99598.0
(4756, 4757, 4758) 72975.0
(812, 813, 814) 80337.0
(5610, 5611, 5612) 68788.0
(4116, 4117, 4118) 109036.0
(6927, 6928, 6929) 88042.0
(400, 401, 402) 72895.0
(8244, 8245, 8246) 82844.0
(8894, 8895, 8896) 87695.0
(12, 13, 14) 63974.0
(6035, 6036, 6037) 70275.0
(798, 799, 800) 86810.0
(1649, 1650, 1651) 74769.0
(3490, 3491, 3492) 81569.0
(8307, 8308, 8309) 84633.0
(3020, 3021, 3022) 65009.0
(8736, 8737, 8738) 52836.0
(1193, 1194, 1195) 92636.0
(5044, 5045, 5046) 84120.0
(726, 727, 728) 101562.0
(9956, 9957, 9958) 94807.0
(2661, 2662, 2663) 76385.0
(4938, 4939, 4940) 79463.0
(657, 658, 659) 100835.0
(2615, 2616, 2617) 86950.0
(3247, 3248, 3249) 80936.0
(7021, 7022, 7023) 74692.0
(1066, 1067, 1068) 75329.0
(7239, 7240, 7241) 112287.0
(5720, 5721, 5722) 70230.0
(6600, 6601, 6602) 86640.0
(8704, 8705, 8706) 87242.0
(4733, 4734, 4735) 121254.0
(6, 7, 8) 85750.0
(4345, 4346, 4347) 69469.0
(7496, 7497, 7498) 88368.0
