(6853, 6854, 6855) 90165.0
(9481, 9482, 9483) 74656.0
(3691, 3692, 3693) 76231.0
(2794, 2795, 2796) 81513.0
(4240, 4241, 4242) 76700.0
(6312, 6313, 6314) 77202.0
(4136, 4137, 4138) 74726.0
(2966, 2967, 2968) 65274.0
(2418, 2419, 2420) 77721.0
(4249, 4250, 4251) 53910.0
(9499, 9500, 9501) 95670.0
(2975, 2976, 2977) 83854.0
(2936, 2937, 2938) 92597.0
(3661, 3662, 3663) 74323.0
(9779, 9780, 9781) 90519.0
(7932, 7933, 7934) 72879.0
(2864, 2865, 2866) 78665.0
(4345, 4346, 4347) 69460.0
(4048, 4049, 4050) 59646.0
(2512, 2513, 2514) 88183.0
(7972, 7973, 7974) 87551.0
(8162, 8163, 8164) 71364.0
(8958, 8959, 8960) 66279.0
(171, 172, 173) 84085.0
(3057, 3058, 3059) 88213.0
(4151, 4152, 4153) 66289.0
(2112, 2113, 2114) 94018.0
(9603, 9604, 9605) 91126.0
(915, 916, 917) 85777.0
(7864, 7865, 7866) 60123.0
(4664, 4665, 4666) 68640.0
(9672, 9673, 9674) 104238.0
(4938, 4939, 4940) 82367.0
(6859, 6860, 6861) 81183.0
(3323, 3324, 3325) 97647.0
(4536, 4537, 4538) 96311.0
(5309, 5310, 5311) 72708.0
(3948, 3949, 3950) 96100.0
(3041, 3042, 3043) 81082.0
(4056, 4057, 4058) 98811.0
(1077, 1078, 1079) 81433.0
(7222, 7223, 7224) 85098.0
(3866, 3867, 3868) 71565.0
(5024, 5025, 5026) 92157.0
(2323, 2324, 2325) 71192.0
(9728, 9729, 9730) 79324.0
(8354, 8355, 8356) 97944.0
(5041, 5042, 5043) 64925.0
(9085, 9086, 9087) 79188.0
(5711, 5712, 5713) 79407.0
(7363, 7364, 7365) 88210.0
(1472, 1473, 1474) 86737.0
(4362, 4363, 4364) 87479.0
(5882, 5883, 5884) 80227.0
(4721, 4722, 4723) 77209.0
(1218, 1219, 1220) 81550.0
(2361, 2362, 2363) 64429.0
(3475, 3476, 3477) 94276.0
(8651, 8652, 8653) 98133.0
(2163, 2164, 2165) 70370.0
(1629, 1630, 1631) 90072.0
(6760, 6761, 6762) 67861.0
(9343, 9344, 9345) 65345.0
(5625, 5626, 5627) 87898.0
(2329, 2330, 2331) 77069.0
(1575, 1576, 1577) 87491.0
(4836, 4837, 4838) 88578.0
(379, 380, 381) 124323.0
(6474, 6475, 6476) 74961.0
(3991, 3992, 3993) 67359.0
(9371, 9372, 9373) 76964.0
(552, 553, 554) 80273.0
(9274, 9275, 9276) 90959.0
(2312, 2313, 2314) 71390.0
(8197, 8198, 8199) 72725.0
(4157, 4158, 4159) 74017.0
(6912, 6913, 6914) 102450.0
(2141, 2142, 2143) 93783.0
(7738, 7739, 7740) 110899.0
(8701, 8702, 8703) 81025.0
(5025, 5026, 5027) 102426.0
(9860, 9861, 9862) 77498.0
(7357, 7358, 7359) 122696.0
(4956, 4957, 4958) 99968.0
(4539, 4540, 4541) 84453.0
(1313, 1314, 1315) 63127.0
(210, 211, 212) 92657.0
(6086, 6087, 6088) 82775.0
(2653, 2654, 2655) 91972.0
(788, 789, 790) 81901.0
(1711, 1712, 1713) 75359.0
(7163, 7164, 7165) 90455.0
(5332, 5333, 5334) 83634.0
(2173, 2174, 2175) 82067.0
(2743, 2744, 2745) 76804.0
(8965, 8966, 8967) 86019.0
(6629, 6630, 6631) 94524.0
(9727, 9728, 9729) 80610.0
(2047, 2048, 2049) 75807.0
(7637, 7638, 7639) 106148.0
(1413, 1414, 1415) 81824.0
