(3770, 3771, 3772) 86933.0
(8010, 8011, 8012) 120023.0
(1465, 1466, 1467) 81706.0
(1626, 1627, 1628) 86996.0
(7663, 7664, 7665) 92473.0
(5826, 5827, 5828) 98591.0
(8117, 8118, 8119) 92466.0
(2116, 2117, 2118) 71304.0
(9715, 9716, 9717) 100390.0
(8441, 8442, 8443) 79840.0
(52, 53, 54) 102392.0
(2552, 2553, 2554) 85052.0
(8908, 8909, 8910) 102079.0
(4100, 4101, 4102) 81954.0
(9558, 9559, 9560) 98182.0
(3234, 3235, 3236) 93390.0
(3741, 3742, 3743) 98651.0
(2717, 2718, 2719) 104865.0
(8579, 8580, 8581) 83141.0
(8181, 8182, 8183) 92522.0
(2231, 2232, 2233) 93555.0
(735, 736, 737) 83778.0
(776, 777, 778) 68955.0
(3758, 3759, 3760) 78101.0
(2137, 2138, 2139) 87455.0
(1401, 1402, 1403) 107488.0
(8782, 8783, 8784) 85689.0
(4217, 4218, 4219) 71415.0
(1512, 1513, 1514) 85563.0
(5373, 5374, 5375) 110125.0
(8892, 8893, 8894) 115461.0
(316, 317, 318) 71800.0
(2286, 2287, 2288) 82918.0
(5680, 5681, 5682) 83765.0
(1557, 1558, 1559) 78236.0
(3559, 3560, 3561) 68370.0
(550, 551, 552) 69062.0
(8023, 8024, 8025) 99757.0
(844, 845, 846) 100635.0
(8030, 8031, 8032) 75423.0
(8929, 8930, 8931) 112101.0
(3463, 3464, 3465) 62158.0
(1080, 1081, 1082) 68952.0
(6704, 6705, 6706) 77686.0
(2421, 2422, 2423) 69260.0
(4154, 4155, 4156) 95000.0
(3049, 3050, 3051) 66073.0
(7812, 7813, 7814) 62792.0
(8841, 8842, 8843) 74690.0
(8931, 8932, 8933) 84118.0
(3826, 3827, 3828) 111348.0
(9580, 9581, 9582) 94191.0
(7220, 7221, 7222) 85297.0
(2295, 2296, 2297) 97595.0
(6737, 6738, 6739) 76719.0
(4870, 4871, 4872) 88681.0
(9697, 9698, 9699) 82155.0
(3432, 3433, 3434) 71958.0
(2070, 2071, 2072) 90559.0
(5667, 5668, 5669) 71364.0
(9487, 9488, 9489) 93691.0
(9079, 9080, 9081) 94837.0
(738, 739, 740) 73584.0
(166, 167, 168) 102379.0
(9544, 9545, 9546) 75628.0
(8283, 8284, 8285) 83447.0
(4493, 4494, 4495) 81008.0
(2215, 2216, 2217) 76817.0
(2000, 2001, 2002) 111479.0
(4325, 4326, 4327) 96311.0
(161, 162, 163) 106378.0
(1057, 1058, 1059) 86345.0
(2718, 2719, 2720) 115140.0
(2069, 2070, 2071) 72542.0
(6887, 6888, 6889) 72457.0
(264, 265, 266) 88736.0
(971, 972, 973) 63604.0
(349, 350, 351) 87445.0
(2886, 2887, 2888) 69156.0
(9340, 9341, 9342) 83157.0
(9303, 9304, 9305) 84623.0
(5519, 5520, 5521) 86976.0
(8506, 8507, 8508) 82389.0
(3018, 3019, 3020) 96338.0
(4037, 4038, 4039) 89688.0
(2300, 2301, 2302) 71350.0
(3408, 3409, 3410) 103921.0
(1737, 1738, 1739) 74163.0
(2097, 2098, 2099) 86481.0
(2645, 2646, 2647) 75032.0
(9363, 9364, 9365) 72319.0
(4821, 4822, 4823) 69361.0
(9807, 9808, 9809) 93045.0
(9107, 9108, 9109) 90101.0
(5716, 5717, 5718) 87186.0
(5394, 5395, 5396) 74088.0
(6419, 6420, 6421) 112116.0
(1640, 1641, 1642) 95704.0
(9314, 9315, 9316) 88777.0
(7718, 7719, 7720) 88511.0
(599, 600, 601) 92345.0
