(7865, 7866, 7867) 94651.0
(5915, 5916, 5917) 107458.0
(1167, 1168, 1169) 79284.0
(4086, 4087, 4088) 74178.0
(5067, 5068, 5069) 92760.0
(842, 843, 844) 103142.0
(5078, 5079, 5080) 81280.0
(8178, 8179, 8180) 89384.0
(74, 75, 76) 109923.0
(241, 242, 243) 92595.0
(5097, 5098, 5099) 89529.0
(457, 458, 459) 73154.0
(664, 665, 666) 96649.0
(7153, 7154, 7155) 88628.0
(617, 618, 619) 73297.0
(199, 200, 201) 76208.0
(4020, 4021, 4022) 94120.0
(8456, 8457, 8458) 95881.0
(5558, 5559, 5560) 105253.0
(2901, 2902, 2903) 72706.0
(5500, 5501, 5502) 59479.0
(2664, 2665, 2666) 106164.0
(5419, 5420, 5421) 120166.0
(4342, 4343, 4344) 68080.0
(866, 867, 868) 100144.0
(6691, 6692, 6693) 71698.0
(6441, 6442, 6443) 99196.0
(1635, 1636, 1637) 104640.0
(3299, 3300, 3301) 56959.0
(4772, 4773, 4774) 91524.0
(8146, 8147, 8148) 90683.0
(2486, 2487, 2488) 77678.0
(6645, 6646, 6647) 67018.0
(8378, 8379, 8380) 87885.0
(3376, 3377, 3378) 109855.0
(7022, 7023, 7024) 66956.0
(8701, 8702, 8703) 85403.0
(2845, 2846, 2847) 73990.0
(7732, 7733, 7734) 90704.0
(8809, 8810, 8811) 104821.0
(226, 227, 228) 114437.0
(1581, 1582, 1583) 96892.0
(7354, 7355, 7356) 104773.0
(228, 229, 230) 68865.0
(8193, 8194, 8195) 86763.0
(1492, 1493, 1494) 94786.0
(2829, 2830, 2831) 62624.0
(4562, 4563, 4564) 80916.0
(8528, 8529, 8530) 78163.0
(4174, 4175, 4176) 70539.0
(318, 319, 320) 82720.0
(5430, 5431, 5432) 86145.0
(1706, 1707, 1708) 82911.0
(3293, 3294, 3295) 98035.0
(2147, 2148, 2149) 84901.0
(643, 644, 645) 84437.0
(5247, 5248, 5249) 84117.0
(3067, 3068, 3069) 110000.0
(2650, 2651, 2652) 68044.0
(5146, 5147, 5148) 78092.0
(1601, 1602, 1603) 102146.0
(9401, 9402, 9403) 92409.0
(5630, 5631, 5632) 78238.0
(2482, 2483, 2484) 77749.0
(8208, 8209, 8210) 103632.0
(6585, 6586, 6587) 82745.0
(6765, 6766, 6767) 74548.0
(8831, 8832, 8833) 88481.0
(1663, 1664, 1665) 89049.0
(5813, 5814, 5815) 101204.0
(9039, 9040, 9041) 112412.0
(5237, 5238, 5239) 102507.0
(2308, 2309, 2310) 109539.0
(9261, 9262, 9263) 78158.0
(4199, 4200, 4201) 80921.0
(3289, 3290, 3291) 77054.0
(4317, 4318, 4319) 86870.0
(3594, 3595, 3596) 54488.0
(5344, 5345, 5346) 98176.0
(8415, 8416, 8417) 94822.0
(8855, 8856, 8857) 97762.0
(5185, 5186, 5187) 71219.0
(4256, 4257, 4258) 71139.0
(4186, 4187, 4188) 75629.0
(1268, 1269, 1270) 94968.0
(7477, 7478, 7479) 94867.0
(1039, 1040, 1041) 103286.0
(1710, 1711, 1712) 94626.0
(5250, 5251, 5252) 114115.0
(7251, 7252, 7253) 82330.0
(2055, 2056, 2057) 79033.0
(2718, 2719, 2720) 119049.0
(1350, 1351, 1352) 104688.0
(1944, 1945, 1946) 66282.0
(3171, 3172, 3173) 96049.0
(8174, 8175, 8176) 109391.0
(7167, 7168, 7169) 94954.0
(2658, 2659, 2660) 89044.0
(7086, 7087, 7088) 76937.0
(7969, 7970, 7971) 77130.0
(9560, 9561, 9562) 80678.0
