(1362, 1363, 1364) 73147.0
(3127, 3128, 3129) 101183.0
(6880, 6881, 6882) 112528.0
(7607, 7608, 7609) 83537.0
(4487, 4488, 4489) 82155.0
(3000, 3001, 3002) 101398.0
(4014, 4015, 4016) 83948.0
(223, 224, 225) 109481.0
(5955, 5956, 5957) 87281.0
(3850, 3851, 3852) 92158.0
(7665, 7666, 7667) 91157.0
(9826, 9827, 9828) 85388.0
(3933, 3934, 3935) 72262.0
(1550, 1551, 1552) 69554.0
(5, 6, 7) 97872.0
(7391, 7392, 7393) 64854.0
(5322, 5323, 5324) 74275.0
(1279, 1280, 1281) 99452.0
(9320, 9321, 9322) 71285.0
(129, 130, 131) 81438.0
(3712, 3713, 3714) 99895.0
(4491, 4492, 4493) 53694.0
(2163, 2164, 2165) 73931.0
(6558, 6559, 6560) 84832.0
(5872, 5873, 5874) 91742.0
(5127, 5128, 5129) 93923.0
(7785, 7786, 7787) 112256.0
(733, 734, 735) 71979.0
(3983, 3984, 3985) 76274.0
(657, 658, 659) 104857.0
(930, 931, 932) 90596.0
(4728, 4729, 4730) 112612.0
(3518, 3519, 3520) 92105.0
(2942, 2943, 2944) 86508.0
(6362, 6363, 6364) 92651.0
(3065, 3066, 3067) 57052.0
(6451, 6452, 6453) 91546.0
(9099, 9100, 9101) 97675.0
(8659, 8660, 8661) 68142.0
(5499, 5500, 5501) 98983.0
(506, 507, 508) 73810.0
(6093, 6094, 6095) 77059.0
(3833, 3834, 3835) 87430.0
(189, 190, 191) 97964.0
(2122, 2123, 2124) 93043.0
(2072, 2073, 2074) 82317.0
(6586, 6587, 6588) 89105.0
(3770, 3771, 3772) 88042.0
(5382, 5383, 5384) 100600.0
(6258, 6259, 6260) 78652.0
(9710, 9711, 9712) 73905.0
(5313, 5314, 5315) 90974.0
(7624, 7625, 7626) 83862.0
(4494, 4495, 4496) 81670.0
(6864, 6865, 6866) 87471.0
(5626, 5627, 5628) 110030.0
(9224, 9225, 9226) 63014.0
(5825, 5826, 5827) 62974.0
(2787, 2788, 2789) 77635.0
(991, 992, 993) 76792.0
(3266, 3267, 3268) 98684.0
(468, 469, 470) 65706.0
(6128, 6129, 6130) 133178.0
(3029, 3030, 3031) 119103.0
(725, 726, 727) 89038.0
(6506, 6507, 6508) 73190.0
(2396, 2397, 2398) 78751.0
(6055, 6056, 6057) 88685.0
(6595, 6596, 6597) 85652.0
(8744, 8745, 8746) 88162.0
(8817, 8818, 8819) 104007.0
(1688, 1689, 1690) 62788.0
(9038, 9039, 9040) 109208.0
(5411, 5412, 5413) 75573.0
(6386, 6387, 6388) 62102.0
(8613, 8614, 8615) 101985.0
(8022, 8023, 8024) 72574.0
(3656, 3657, 3658) 96350.0
(1429, 1430, 1431) 67883.0
(2547, 2548, 2549) 96874.0
(3476, 3477, 3478) 88626.0
(3947, 3948, 3949) 80858.0
(5277, 5278, 5279) 84598.0
(7212, 7213, 7214) 128692.0
(4104, 4105, 4106) 103972.0
(245, 246, 247) 88715.0
(1246, 1247, 1248) 78704.0
(9571, 9572, 9573) 84885.0
(1994, 1995, 1996) 91090.0
(2153, 2154, 2155) 92395.0
(9654, 9655, 9656) 71889.0
(7968, 7969, 7970) 75720.0
(147, 148, 149) 79301.0
(9613, 9614, 9615) 91445.0
(300, 301, 302) 64886.0
(3223, 3224, 3225) 76702.0
(1657, 1658, 1659) 94291.0
(5054, 5055, 5056) 93262.0
(422, 423, 424) 80453.0
(4069, 4070, 4071) 107839.0
(5904, 5905, 5906) 94019.0
