(3048, 3049, 3050) 79479.0
(8109, 8110, 8111) 88346.0
(910, 911, 912) 95094.0
(1359, 1360, 1361) 83299.0
(7612, 7613, 7614) 90504.0
(4495, 4496, 4497) 94353.0
(8550, 8551, 8552) 61314.0
(8352, 8353, 8354) 73935.0
(4021, 4022, 4023) 86340.0
(1528, 1529, 1530) 80398.0
(767, 768, 769) 77733.0
(3601, 3602, 3603) 104223.0
(6841, 6842, 6843) 75949.0
(9991, 9992, 9993) 87926.0
(7220, 7221, 7222) 92073.0
(3512, 3513, 3514) 76438.0
(1748, 1749, 1750) 104434.0
(3116, 3117, 3118) 88387.0
(4232, 4233, 4234) 129886.0
(3365, 3366, 3367) 84738.0
(8653, 8654, 8655) 71782.0
(4992, 4993, 4994) 69053.0
(3164, 3165, 3166) 93518.0
(4432, 4433, 4434) 100775.0
(6403, 6404, 6405) 74631.0
(8701, 8702, 8703) 91694.0
(5946, 5947, 5948) 101089.0
(8247, 8248, 8249) 91660.0
(9524, 9525, 9526) 69294.0
(2644, 2645, 2646) 78606.0
(592, 593, 594) 95836.0
(856, 857, 858) 57150.0
(1962, 1963, 1964) 68309.0
(8291, 8292, 8293) 100197.0
(9836, 9837, 9838) 86909.0
(4078, 4079, 4080) 91654.0
(2519, 2520, 2521) 89304.0
(5524, 5525, 5526) 115298.0
(9310, 9311, 9312) 109151.0
(5153, 5154, 5155) 98180.0
(6518, 6519, 6520) 71898.0
(3023, 3024, 3025) 104019.0
(4296, 4297, 4298) 86704.0
(7370, 7371, 7372) 75439.0
(2922, 2923, 2924) 100202.0
(1502, 1503, 1504) 84479.0
(5894, 5895, 5896) 101164.0
(8522, 8523, 8524) 74389.0
(6737, 6738, 6739) 81930.0
(3756, 3757, 3758) 71084.0
(9113, 9114, 9115) 107250.0
(3767, 3768, 3769) 87755.0
(5446, 5447, 5448) 90138.0
(3869, 3870, 3871) 73026.0
(3910, 3911, 3912) 78239.0
(8902, 8903, 8904) 82422.0
(6968, 6969, 6970) 90059.0
(22, 23, 24) 85070.0
(8560, 8561, 8562) 84313.0
(7353, 7354, 7355) 73268.0
(5562, 5563, 5564) 91625.0
(281, 282, 283) 77259.0
(2567, 2568, 2569) 128019.0
(3396, 3397, 3398) 74230.0
(8301, 8302, 8303) 120338.0
(7942, 7943, 7944) 87532.0
(9837, 9838, 9839) 97621.0
(8797, 8798, 8799) 96896.0
(1582, 1583, 1584) 76191.0
(3450, 3451, 3452) 102845.0
(938, 939, 940) 85633.0
(6856, 6857, 6858) 77502.0
(2614, 2615, 2616) 108071.0
(4366, 4367, 4368) 79099.0
(6713, 6714, 6715) 129292.0
(664, 665, 666) 99700.0
(4602, 4603, 4604) 76561.0
(6921, 6922, 6923) 70046.0
(9229, 9230, 9231) 98727.0
(5867, 5868, 5869) 66706.0
(1987, 1988, 1989) 100620.0
(9693, 9694, 9695) 98037.0
(4796, 4797, 4798) 103583.0
(6421, 6422, 6423) 57073.0
(9472, 9473, 9474) 85340.0
(5084, 5085, 5086) 77127.0
(5057, 5058, 5059) 89536.0
(6422, 6423, 6424) 72696.0
(4471, 4472, 4473) 87723.0
(7902, 7903, 7904) 71047.0
(634, 635, 636) 80453.0
(4549, 4550, 4551) 77580.0
(3610, 3611, 3612) 102343.0
(4550, 4551, 4552) 71532.0
(5183, 5184, 5185) 83490.0
(4917, 4918, 4919) 107213.0
(3945, 3946, 3947) 88062.0
(8039, 8040, 8041) 70583.0
(4113, 4114, 4115) 63708.0
(3449, 3450, 3451) 79485.0
(9658, 9659, 9660) 84742.0
