(3956, 3957, 3958) 71412.0
(5744, 5745, 5746) 98954.0
(9527, 9528, 9529) 126967.0
(6979, 6980, 6981) 85274.0
(331, 332, 333) 100333.0
(2349, 2350, 2351) 99232.0
(4559, 4560, 4561) 74742.0
(4320, 4321, 4322) 82150.0
(1310, 1311, 1312) 71667.0
(1109, 1110, 1111) 85845.0
(1699, 1700, 1701) 79804.0
(7325, 7326, 7327) 85527.0
(7762, 7763, 7764) 101905.0
(9361, 9362, 9363) 100316.0
(1183, 1184, 1185) 112724.0
(8243, 8244, 8245) 70202.0
(2301, 2302, 2303) 101879.0
(7143, 7144, 7145) 99770.0
(5454, 5455, 5456) 92395.0
(6205, 6206, 6207) 65396.0
(5008, 5009, 5010) 81053.0
(4946, 4947, 4948) 79768.0
(5020, 5021, 5022) 86008.0
(5034, 5035, 5036) 93443.0
(2005, 2006, 2007) 126544.0
(328, 329, 330) 94262.0
(4515, 4516, 4517) 80513.0
(2536, 2537, 2538) 75084.0
(2419, 2420, 2421) 100955.0
(6693, 6694, 6695) 67181.0
(742, 743, 744) 90734.0
(4634, 4635, 4636) 82651.0
(6529, 6530, 6531) 98097.0
(9249, 9250, 9251) 87444.0
(973, 974, 975) 69608.0
(8703, 8704, 8705) 115076.0
(8825, 8826, 8827) 131909.0
(5807, 5808, 5809) 75797.0
(9340, 9341, 9342) 96087.0
(1073, 1074, 1075) 85037.0
(2051, 2052, 2053) 86280.0
(6531, 6532, 6533) 127642.0
(6021, 6022, 6023) 90794.0
(3967, 3968, 3969) 72203.0
(228, 229, 230) 72991.0
(3678, 3679, 3680) 103704.0
(196, 197, 198) 71494.0
(8962, 8963, 8964) 87206.0
(5341, 5342, 5343) 78251.0
(9985, 9986, 9987) 73876.0
(9681, 9682, 9683) 85352.0
(4818, 4819, 4820) 83715.0
(2079, 2080, 2081) 109680.0
(5003, 5004, 5005) 85325.0
(6746, 6747, 6748) 81312.0
(5801, 5802, 5803) 82533.0
(6019, 6020, 6021) 103760.0
(3431, 3432, 3433) 79866.0
(8630, 8631, 8632) 79069.0
(6333, 6334, 6335) 99006.0
(2091, 2092, 2093) 90909.0
(3261, 3262, 3263) 79854.0
(5580, 5581, 5582) 85624.0
(8158, 8159, 8160) 78958.0
(325, 326, 327) 76950.0
(8783, 8784, 8785) 80572.0
(946, 947, 948) 79409.0
(5113, 5114, 5115) 89220.0
(6333, 6334, 6335) 99006.0
(6251, 6252, 6253) 87895.0
(764, 765, 766) 90072.0
(4519, 4520, 4521) 73270.0
(6157, 6158, 6159) 67926.0
(9684, 9685, 9686) 79518.0
(8576, 8577, 8578) 88063.0
(7625, 7626, 7627) 102321.0
(9107, 9108, 9109) 94068.0
(7873, 7874, 7875) 77756.0
(4594, 4595, 4596) 120586.0
(5348, 5349, 5350) 92805.0
(7826, 7827, 7828) 101394.0
(5179, 5180, 5181) 88493.0
(9557, 9558, 9559) 107087.0
(5239, 5240, 5241) 108123.0
(289, 290, 291) 91040.0
(2634, 2635, 2636) 101793.0
(4060, 4061, 4062) 94031.0
(1304, 1305, 1306) 97497.0
(8987, 8988, 8989) 84994.0
(7494, 7495, 7496) 66983.0
(2925, 2926, 2927) 73032.0
(2504, 2505, 2506) 105748.0
(7648, 7649, 7650) 100812.0
(2582, 2583, 2584) 73194.0
(7880, 7881, 7882) 115749.0
(8947, 8948, 8949) 76136.0
(8305, 8306, 8307) 74163.0
(6412, 6413, 6414) 102210.0
(157, 158, 159) 56582.0
(5034, 5035, 5036) 93443.0
(8076, 8077, 8078) 70058.0
