(1233, 1234, 1235) 54933.0
(9173, 9174, 9175) 96487.0
(5889, 5890, 5891) 118450.0
(1708, 1709, 1710) 88092.0
(3489, 3490, 3491) 91603.0
(3085, 3086, 3087) 85774.0
(9805, 9806, 9807) 83575.0
(507, 508, 509) 80780.0
(4170, 4171, 4172) 55703.0
(8077, 8078, 8079) 103417.0
(6105, 6106, 6107) 108613.0
(1082, 1083, 1084) 81937.0
(7427, 7428, 7429) 88618.0
(4023, 4024, 4025) 99874.0
(6045, 6046, 6047) 89269.0
(343, 344, 345) 100747.0
(4429, 4430, 4431) 103511.0
(4097, 4098, 4099) 91152.0
(5124, 5125, 5126) 87746.0
(6592, 6593, 6594) 98357.0
(4864, 4865, 4866) 80822.0
(8252, 8253, 8254) 82114.0
(2838, 2839, 2840) 77705.0
(6216, 6217, 6218) 92218.0
(9414, 9415, 9416) 97162.0
(9005, 9006, 9007) 116837.0
(3574, 3575, 3576) 102694.0
(7480, 7481, 7482) 97748.0
(2633, 2634, 2635) 111188.0
(1860, 1861, 1862) 92039.0
(6349, 6350, 6351) 68625.0
(1900, 1901, 1902) 102427.0
(550, 551, 552) 73430.0
(800, 801, 802) 98353.0
(8248, 8249, 8250) 104086.0
(8340, 8341, 8342) 102675.0
(498, 499, 500) 94740.0
(3380, 3381, 3382) 90080.0
(8112, 8113, 8114) 88334.0
(1091, 1092, 1093) 84440.0
(7156, 7157, 7158) 106787.0
(894, 895, 896) 84120.0
(1052, 1053, 1054) 92128.0
(8795, 8796, 8797) 103623.0
(3260, 3261, 3262) 101066.0
(8359, 8360, 8361) 105189.0
(9966, 9967, 9968) 114144.0
(9193, 9194, 9195) 87128.0
(3926, 3927, 3928) 106949.0
(814, 815, 816) 98564.0
(2850, 2851, 2852) 85567.0
(5717, 5718, 5719) 98612.0
(4771, 4772, 4773) 86357.0
(9954, 9955, 9956) 122445.0
(1382, 1383, 1384) 85649.0
(666, 667, 668) 81581.0
(3511, 3512, 3513) 96654.0
(6373, 6374, 6375) 69198.0
(7293, 7294, 7295) 84460.0
(5974, 5975, 5976) 93243.0
(313, 314, 315) 93229.0
(1840, 1841, 1842) 100654.0
(2956, 2957, 2958) 72092.0
(8598, 8599, 8600) 91810.0
(9159, 9160, 9161) 83975.0
(1284, 1285, 1286) 89219.0
(5410, 5411, 5412) 106626.0
(5076, 5077, 5078) 91243.0
(9806, 9807, 9808) 87742.0
(8450, 8451, 8452) 92369.0
(3297, 3298, 3299) 86633.0
(3964, 3965, 3966) 109365.0
(1733, 1734, 1735) 100256.0
(9065, 9066, 9067) 89913.0
(6473, 6474, 6475) 99330.0
(2661, 2662, 2663) 87772.0
(9291, 9292, 9293) 88063.0
(9787, 9788, 9789) 85002.0
(5493, 5494, 5495) 112169.0
(2381, 2382, 2383) 86972.0
(9289, 9290, 9291) 88373.0
(9341, 9342, 9343) 113690.0
(1510, 1511, 1512) 88087.0
(6193, 6194, 6195) 75308.0
(7851, 7852, 7853) 67692.0
(9909, 9910, 9911) 97249.0
(8368, 8369, 8370) 72381.0
(73, 74, 75) 86027.0
(6446, 6447, 6448) 124647.0
(8334, 8335, 8336) 77459.0
(5013, 5014, 5015) 90199.0
(7138, 7139, 7140) 122151.0
(961, 962, 963) 90022.0
(9352, 9353, 9354) 82386.0
(7223, 7224, 7225) 107771.0
(5638, 5639, 5640) 97251.0
(6574, 6575, 6576) 77416.0
(8214, 8215, 8216) 89829.0
(369, 370, 371) 83227.0
(8405, 8406, 8407) 100396.0
(1488, 1489, 1490) 76765.0
