(7612, 7613, 7614) 98195.0
(4737, 4738, 4739) 90894.0
(2207, 2208, 2209) 93138.0
(3683, 3684, 3685) 82847.0
(2875, 2876, 2877) 107226.0
(9522, 9523, 9524) 92399.0
(3922, 3923, 3924) 108952.0
(3434, 3435, 3436) 95805.0
(1155, 1156, 1157) 84505.0
(5248, 5249, 5250) 75853.0
(3644, 3645, 3646) 79289.0
(5145, 5146, 5147) 82817.0
(4325, 4326, 4327) 101877.0
(1449, 1450, 1451) 108886.0
(9984, 9985, 9986) 91096.0
(1237, 1238, 1239) 85928.0
(5188, 5189, 5190) 104117.0
(1101, 1102, 1103) 90311.0
(5529, 5530, 5531) 81591.0
(5711, 5712, 5713) 83954.0
(395, 396, 397) 107328.0
(8147, 8148, 8149) 95233.0
(3027, 3028, 3029) 116592.0
(2185, 2186, 2187) 97222.0
(2521, 2522, 2523) 81294.0
(1896, 1897, 1898) 86023.0
(8026, 8027, 8028) 97659.0
(7595, 7596, 7597) 87919.0
(8452, 8453, 8454) 65369.0
(7663, 7664, 7665) 99518.0
(3969, 3970, 3971) 80190.0
(1707, 1708, 1709) 77160.0
(8087, 8088, 8089) 69181.0
(1726, 1727, 1728) 95626.0
(809, 810, 811) 101647.0
(3271, 3272, 3273) 93027.0
(7034, 7035, 7036) 75568.0
(6364, 6365, 6366) 82368.0
(8981, 8982, 8983) 72809.0
(6585, 6586, 6587) 90488.0
(1779, 1780, 1781) 74350.0
(2503, 2504, 2505) 91558.0
(5930, 5931, 5932) 94789.0
(5703, 5704, 5705) 93021.0
(9372, 9373, 9374) 121070.0
(5337, 5338, 5339) 84216.0
(611, 612, 613) 112397.0
(1902, 1903, 1904) 95145.0
(9319, 9320, 9321) 116467.0
(7187, 7188, 7189) 90222.0
(2223, 2224, 2225) 87561.0
(7303, 7304, 7305) 88720.0
(8015, 8016, 8017) 83948.0
(1775, 1776, 1777) 104751.0
(44, 45, 46) 100337.0
(8254, 8255, 8256) 80861.0
(246, 247, 248) 109655.0
(4888, 4889, 4890) 82794.0
(9585, 9586, 9587) 100248.0
(7506, 7507, 7508) 124116.0
(956, 957, 958) 100266.0
(8886, 8887, 8888) 91502.0
(5922, 5923, 5924) 100045.0
(3440, 3441, 3442) 124029.0
(9038, 9039, 9040) 114258.0
(5359, 5360, 5361) 86310.0
(4063, 4064, 4065) 94019.0
(3192, 3193, 3194) 88154.0
(6790, 6791, 6792) 104535.0
(6965, 6966, 6967) 88112.0
(872, 873, 874) 74148.0
(453, 454, 455) 98498.0
(2668, 2669, 2670) 99336.0
(4323, 4324, 4325) 117571.0
(8176, 8177, 8178) 105088.0
(1803, 1804, 1805) 100966.0
(413, 414, 415) 111382.0
(8008, 8009, 8010) 116421.0
(1952, 1953, 1954) 68211.0
(5401, 5402, 5403) 72258.0
(2899, 2900, 2901) 90051.0
(787, 788, 789) 88844.0
(46, 47, 48) 98639.0
(4361, 4362, 4363) 112653.0
(8249, 8250, 8251) 95134.0
(6984, 6985, 6986) 111986.0
(1025, 1026, 1027) 96940.0
(1273, 1274, 1275) 83611.0
(2748, 2749, 2750) 122574.0
(8783, 8784, 8785) 81728.0
(4084, 4085, 4086) 115158.0
(767, 768, 769) 79603.0
(5648, 5649, 5650) 116629.0
(5592, 5593, 5594) 81796.0
(2699, 2700, 2701) 78430.0
(8507, 8508, 8509) 83887.0
(482, 483, 484) 90252.0
(7445, 7446, 7447) 91534.0
(247, 248, 249) 95748.0
(8574, 8575, 8576) 78584.0
(5579, 5580, 5581) 105661.0
