(6616, 6617, 6618) 11454.0
(714, 715, 716) 14109.0
(9502, 9503, 9504) 13695.0
(6841, 6842, 6843) 11465.0
(9495, 9496, 9497) 11373.0
(125, 126, 127) 10384.0
(9316, 9317, 9318) 10779.0
(8461, 8462, 8463) 11220.0
(8978, 8979, 8980) 14789.0
(9781, 9782, 9783) 11151.0
(7612, 7613, 7614) 8702.0
(2297, 2298, 2299) 15333.0
(9415, 9416, 9417) 11242.0
(5125, 5126, 5127) 12228.0
(6368, 6369, 6370) 14890.0
(9850, 9851, 9852) 14412.0
(8363, 8364, 8365) 12582.0
(3614, 3615, 3616) 11437.0
(7638, 7639, 7640) 12451.0
(5180, 5181, 5182) 12426.0
(881, 882, 883) 10001.0
(9174, 9175, 9176) 13676.0
(9255, 9256, 9257) 10596.0
(840, 841, 842) 13505.0
(2255, 2256, 2257) 20605.0
(2597, 2598, 2599) 11273.0
(7326, 7327, 7328) 11421.0
(161, 162, 163) 12568.0
(4033, 4034, 4035) 13098.0
(9164, 9165, 9166) 13048.0
(4302, 4303, 4304) 12061.0
(5193, 5194, 5195) 11100.0
(8909, 8910, 8911) 17579.0
(1793, 1794, 1795) 12411.0
(9944, 9945, 9946) 11823.0
(8419, 8420, 8421) 18508.0
(7354, 7355, 7356) 15008.0
(9645, 9646, 9647) 12641.0
(3640, 3641, 3642) 14707.0
(6186, 6187, 6188) 10999.0
(92, 93, 94) 10682.0
(5804, 5805, 5806) 14854.0
(6803, 6804, 6805) 10320.0
(7176, 7177, 7178) 13877.0
(2106, 2107, 2108) 13226.0
(6770, 6771, 6772) 13203.0
(5024, 5025, 5026) 15894.0
(3166, 3167, 3168) 11627.0
(449, 450, 451) 14821.0
(5779, 5780, 5781) 9684.0
(3611, 3612, 3613) 14742.0
(3676, 3677, 3678) 7487.0
(3391, 3392, 3393) 13883.0
(3398, 3399, 3400) 11893.0
(3986, 3987, 3988) 10714.0
(357, 358, 359) 12698.0
(4134, 4135, 4136) 12447.0
(1940, 1941, 1942) 15577.0
(8641, 8642, 8643) 10311.0
(9813, 9814, 9815) 10726.0
(830, 831, 832) 9958.0
(6625, 6626, 6627) 13756.0
(9906, 9907, 9908) 9297.0
(2660, 2661, 2662) 9126.0
(7295, 7296, 7297) 11260.0
(1305, 1306, 1307) 12240.0
(2246, 2247, 2248) 11565.0
(8646, 8647, 8648) 10778.0
(2155, 2156, 2157) 12022.0
(9147, 9148, 9149) 12195.0
(5599, 5600, 5601) 16065.0
(1487, 1488, 1489) 11670.0
(4022, 4023, 4024) 12991.0
(6845, 6846, 6847) 9500.0
(3173, 3174, 3175) 9065.0
(7239, 7240, 7241) 13941.0
(5962, 5963, 5964) 14408.0
(2264, 2265, 2266) 9986.0
(3542, 3543, 3544) 10939.0
(5194, 5195, 5196) 14988.0
(8088, 8089, 8090) 10643.0
(4690, 4691, 4692) 11247.0
(458, 459, 460) 11137.0
(3849, 3850, 3851) 11711.0
(552, 553, 554) 12599.0
(189, 190, 191) 13545.0
(8887, 8888, 8889) 11141.0
(3893, 3894, 3895) 12862.0
(395, 396, 397) 11838.0
(2995, 2996, 2997) 13938.0
(3156, 3157, 3158) 10919.0
(3141, 3142, 3143) 10209.0
(9503, 9504, 9505) 11516.0
(457, 458, 459) 9631.0
(6286, 6287, 6288) 11282.0
(8138, 8139, 8140) 12838.0
(2871, 2872, 2873) 11142.0
(7636, 7637, 7638) 10886.0
(9052, 9053, 9054) 10732.0
(2521, 2522, 2523) 9447.0
(9561, 9562, 9563) 13428.0
