(627, 628, 629) 10302.0
(2705, 2706, 2707) 10951.0
(5101, 5102, 5103) 12962.0
(3090, 3091, 3092) 18671.0
(6126, 6127, 6128) 16904.0
(6872, 6873, 6874) 17670.0
(1081, 1082, 1083) 16740.0
(4800, 4801, 4802) 12703.0
(4005, 4006, 4007) 13985.0
(1655, 1656, 1657) 12043.0
(8263, 8264, 8265) 17378.0
(2115, 2116, 2117) 14383.0
(4933, 4934, 4935) 14196.0
(5492, 5493, 5494) 13925.0
(2250, 2251, 2252) 15060.0
(4802, 4803, 4804) 17385.0
(4239, 4240, 4241) 11522.0
(3272, 3273, 3274) 13054.0
(2623, 2624, 2625) 19797.0
(7202, 7203, 7204) 11032.0
(6013, 6014, 6015) 15198.0
(5303, 5304, 5305) 13002.0
(3461, 3462, 3463) 11382.0
(3809, 3810, 3811) 14906.0
(125, 126, 127) 11631.0
(560, 561, 562) 13256.0
(3002, 3003, 3004) 12701.0
(3909, 3910, 3911) 12794.0
(8857, 8858, 8859) 16643.0
(4891, 4892, 4893) 14309.0
(55, 56, 57) 9447.0
(2006, 2007, 2008) 17895.0
(7243, 7244, 7245) 13973.0
(2692, 2693, 2694) 12517.0
(162, 163, 164) 14365.0
(8555, 8556, 8557) 16165.0
(6666, 6667, 6668) 13936.0
(296, 297, 298) 17414.0
(7473, 7474, 7475) 11184.0
(1022, 1023, 1024) 14450.0
(9002, 9003, 9004) 12161.0
(343, 344, 345) 11417.0
(7439, 7440, 7441) 12875.0
(9255, 9256, 9257) 11267.0
(5087, 5088, 5089) 10608.0
(3147, 3148, 3149) 13655.0
(2312, 2313, 2314) 14600.0
(1316, 1317, 1318) 10914.0
(5156, 5157, 5158) 17215.0
(7223, 7224, 7225) 21150.0
(7694, 7695, 7696) 11526.0
(1994, 1995, 1996) 12022.0
(4112, 4113, 4114) 12023.0
(4876, 4877, 4878) 16384.0
(9478, 9479, 9480) 16863.0
(6900, 6901, 6902) 12776.0
(5395, 5396, 5397) 12882.0
(8381, 8382, 8383) 15028.0
(9029, 9030, 9031) 19110.0
(8642, 8643, 8644) 13890.0
(2205, 2206, 2207) 18448.0
(4101, 4102, 4103) 13924.0
(4359, 4360, 4361) 15377.0
(3291, 3292, 3293) 14787.0
(8763, 8764, 8765) 15435.0
(8453, 8454, 8455) 12823.0
(2044, 2045, 2046) 16847.0
(842, 843, 844) 14902.0
(9297, 9298, 9299) 16321.0
(3702, 3703, 3704) 19895.0
(1982, 1983, 1984) 19851.0
(1728, 1729, 1730) 13459.0
(5550, 5551, 5552) 15047.0
(1602, 1603, 1604) 11820.0
(5774, 5775, 5776) 13284.0
(5733, 5734, 5735) 15985.0
(5671, 5672, 5673) 11514.0
(2546, 2547, 2548) 12737.0
(1737, 1738, 1739) 14353.0
(8696, 8697, 8698) 14199.0
(6784, 6785, 6786) 15578.0
(5645, 5646, 5647) 12218.0
(5883, 5884, 5885) 10022.0
(5242, 5243, 5244) 15033.0
(1336, 1337, 1338) 14881.0
(5053, 5054, 5055) 16606.0
(777, 778, 779) 14252.0
(5804, 5805, 5806) 15417.0
(730, 731, 732) 16556.0
(4263, 4264, 4265) 9675.0
(7130, 7131, 7132) 16331.0
(3270, 3271, 3272) 13700.0
(6220, 6221, 6222) 18285.0
(8445, 8446, 8447) 11935.0
(8250, 8251, 8252) 14973.0
(8503, 8504, 8505) 12839.0
(9435, 9436, 9437) 15569.0
(2680, 2681, 2682) 13163.0
(1336, 1337, 1338) 14881.0
(3207, 3208, 3209) 13997.0
(2307, 2308, 2309) 12707.0
