(9807, 9808, 9809) 29051.0
(4511, 4512, 4513) 18161.0
(2949, 2950, 2951) 19144.0
(1721, 1722, 1723) 26009.0
(8175, 8176, 8177) 13196.0
(4783, 4784, 4785) 17564.0
(7067, 7068, 7069) 15308.0
(5714, 5715, 5716) 20089.0
(3552, 3553, 3554) 16216.0
(1460, 1461, 1462) 16731.0
(4954, 4955, 4956) 24147.0
(7147, 7148, 7149) 19627.0
(5973, 5974, 5975) 13538.0
(2677, 2678, 2679) 14663.0
(2177, 2178, 2179) 18693.0
(580, 581, 582) 16641.0
(2449, 2450, 2451) 19265.0
(2068, 2069, 2070) 20538.0
(5625, 5626, 5627) 17391.0
(1232, 1233, 1234) 23109.0
(6337, 6338, 6339) 16448.0
(2915, 2916, 2917) 25800.0
(1865, 1866, 1867) 20629.0
(3687, 3688, 3689) 20709.0
(5131, 5132, 5133) 20326.0
(299, 300, 301) 17580.0
(6588, 6589, 6590) 18312.0
(3173, 3174, 3175) 15866.0
(2999, 3000, 3001) 20443.0
(5780, 5781, 5782) 17879.0
(8418, 8419, 8420) 17572.0
(6071, 6072, 6073) 16103.0
(5939, 5940, 5941) 17839.0
(2206, 2207, 2208) 15213.0
(6920, 6921, 6922) 18384.0
(1367, 1368, 1369) 17091.0
(5656, 5657, 5658) 19305.0
(2484, 2485, 2486) 17821.0
(2763, 2764, 2765) 26910.0
(35, 36, 37) 19953.0
(2438, 2439, 2440) 14345.0
(6570, 6571, 6572) 16048.0
(4391, 4392, 4393) 22639.0
(2740, 2741, 2742) 10966.0
(927, 928, 929) 21218.0
(4008, 4009, 4010) 17217.0
(4342, 4343, 4344) 20506.0
(2382, 2383, 2384) 20765.0
(7198, 7199, 7200) 23096.0
(381, 382, 383) 17290.0
(6415, 6416, 6417) 17818.0
(7603, 7604, 7605) 17907.0
(5615, 5616, 5617) 20570.0
(277, 278, 279) 24362.0
(120, 121, 122) 21115.0
(3044, 3045, 3046) 18711.0
(1365, 1366, 1367) 29506.0
(4535, 4536, 4537) 22583.0
(5568, 5569, 5570) 22402.0
(961, 962, 963) 19412.0
(1838, 1839, 1840) 17664.0
(7954, 7955, 7956) 21388.0
(5125, 5126, 5127) 17353.0
(8822, 8823, 8824) 18986.0
(4177, 4178, 4179) 15842.0
(1041, 1042, 1043) 17078.0
(3346, 3347, 3348) 15163.0
(2058, 2059, 2060) 18998.0
(4529, 4530, 4531) 20742.0
(3875, 3876, 3877) 18996.0
(2403, 2404, 2405) 17131.0
(7315, 7316, 7317) 11196.0
(1742, 1743, 1744) 20950.0
(2732, 2733, 2734) 19386.0
(6521, 6522, 6523) 21951.0
(8285, 8286, 8287) 20826.0
(4339, 4340, 4341) 19335.0
(2505, 2506, 2507) 20733.0
(6472, 6473, 6474) 19937.0
(8623, 8624, 8625) 22654.0
(7169, 7170, 7171) 20025.0
(550, 551, 552) 17179.0
(1451, 1452, 1453) 16846.0
(8814, 8815, 8816) 20678.0
(3760, 3761, 3762) 20420.0
(1868, 1869, 1870) 20195.0
(7722, 7723, 7724) 18340.0
(5614, 5615, 5616) 14837.0
(5483, 5484, 5485) 19206.0
(1821, 1822, 1823) 25784.0
(5070, 5071, 5072) 22755.0
(617, 618, 619) 16997.0
(4711, 4712, 4713) 20945.0
(7394, 7395, 7396) 23678.0
(6160, 6161, 6162) 18975.0
(9675, 9676, 9677) 20327.0
(9769, 9770, 9771) 21004.0
(6032, 6033, 6034) 18078.0
(8439, 8440, 8441) 18815.0
(1403, 1404, 1405) 22960.0
(7225, 7226, 7227) 20402.0
