(7935, 7936, 7937) 23645.0
(1559, 1560, 1561) 25506.0
(6436, 6437, 6438) 23935.0
(4294, 4295, 4296) 24209.0
(7775, 7776, 7777) 24840.0
(2614, 2615, 2616) 24025.0
(3511, 3512, 3513) 19112.0
(750, 751, 752) 29490.0
(404, 405, 406) 32262.0
(4910, 4911, 4912) 21270.0
(910, 911, 912) 20806.0
(7534, 7535, 7536) 19013.0
(3934, 3935, 3936) 27168.0
(9755, 9756, 9757) 16387.0
(1595, 1596, 1597) 24609.0
(4836, 4837, 4838) 27053.0
(4850, 4851, 4852) 34627.0
(8605, 8606, 8607) 20236.0
(4022, 4023, 4024) 23668.0
(4946, 4947, 4948) 28306.0
(4178, 4179, 4180) 29343.0
(4036, 4037, 4038) 31392.0
(2732, 2733, 2734) 20737.0
(2547, 2548, 2549) 39286.0
(3007, 3008, 3009) 26561.0
(1295, 1296, 1297) 29010.0
(8843, 8844, 8845) 28520.0
(3913, 3914, 3915) 24390.0
(6261, 6262, 6263) 34169.0
(5738, 5739, 5740) 24974.0
(3257, 3258, 3259) 19040.0
(7887, 7888, 7889) 28222.0
(9806, 9807, 9808) 23251.0
(2501, 2502, 2503) 23294.0
(4370, 4371, 4372) 24241.0
(7456, 7457, 7458) 27171.0
(6426, 6427, 6428) 23399.0
(7103, 7104, 7105) 19440.0
(1520, 1521, 1522) 26453.0
(2005, 2006, 2007) 22501.0
(5707, 5708, 5709) 27778.0
(6150, 6151, 6152) 27107.0
(355, 356, 357) 26065.0
(6731, 6732, 6733) 23512.0
(4043, 4044, 4045) 21216.0
(912, 913, 914) 29621.0
(3490, 3491, 3492) 27370.0
(8357, 8358, 8359) 24522.0
(8941, 8942, 8943) 29059.0
(3137, 3138, 3139) 24314.0
(7039, 7040, 7041) 23082.0
(138, 139, 140) 31873.0
(1269, 1270, 1271) 26630.0
(4165, 4166, 4167) 19713.0
(4492, 4493, 4494) 23481.0
(2700, 2701, 2702) 19561.0
(4673, 4674, 4675) 28550.0
(286, 287, 288) 19207.0
(546, 547, 548) 20337.0
(8257, 8258, 8259) 28736.0
(9512, 9513, 9514) 23930.0
(8139, 8140, 8141) 29364.0
(4242, 4243, 4244) 19933.0
(8133, 8134, 8135) 26727.0
(5326, 5327, 5328) 19134.0
(3132, 3133, 3134) 21515.0
(3323, 3324, 3325) 28902.0
(4276, 4277, 4278) 25171.0
(9282, 9283, 9284) 33488.0
(3405, 3406, 3407) 22022.0
(1869, 1870, 1871) 25702.0
(2872, 2873, 2874) 24396.0
(8257, 8258, 8259) 28736.0
(7116, 7117, 7118) 24131.0
(7806, 7807, 7808) 26950.0
(7498, 7499, 7500) 22489.0
(8459, 8460, 8461) 23772.0
(438, 439, 440) 15663.0
(6363, 6364, 6365) 27659.0
(8729, 8730, 8731) 25114.0
(2081, 2082, 2083) 19674.0
(5220, 5221, 5222) 22510.0
(399, 400, 401) 25909.0
(3611, 3612, 3613) 26389.0
(9992, 9993, 9994) 15940.0
(587, 588, 589) 17199.0
(2480, 2481, 2482) 29514.0
(8913, 8914, 8915) 26633.0
(9005, 9006, 9007) 17223.0
(6639, 6640, 6641) 23797.0
(8313, 8314, 8315) 27779.0
(1483, 1484, 1485) 26578.0
(7045, 7046, 7047) 28514.0
(5032, 5033, 5034) 30738.0
(1229, 1230, 1231) 29959.0
(2118, 2119, 2120) 24579.0
(8260, 8261, 8262) 21276.0
(516, 517, 518) 19348.0
(4622, 4623, 4624) 24265.0
(9369, 9370, 9371) 25445.0
(3599, 3600, 3601) 26427.0
