(9911, 9912, 9913) 27211.0
(4153, 4154, 4155) 22320.0
(6805, 6806, 6807) 24757.0
(6314, 6315, 6316) 30405.0
(7235, 7236, 7237) 30891.0
(7458, 7459, 7460) 29888.0
(9669, 9670, 9671) 27521.0
(9179, 9180, 9181) 40175.0
(917, 918, 919) 30048.0
(5379, 5380, 5381) 23567.0
(1560, 1561, 1562) 27433.0
(7640, 7641, 7642) 31153.0
(4116, 4117, 4118) 30933.0
(2407, 2408, 2409) 22601.0
(7297, 7298, 7299) 23284.0
(1535, 1536, 1537) 31910.0
(2167, 2168, 2169) 31151.0
(6043, 6044, 6045) 30464.0
(6542, 6543, 6544) 24839.0
(930, 931, 932) 31206.0
(1432, 1433, 1434) 29198.0
(3922, 3923, 3924) 23811.0
(6642, 6643, 6644) 26924.0
(3703, 3704, 3705) 27055.0
(8711, 8712, 8713) 18778.0
(2848, 2849, 2850) 32448.0
(5575, 5576, 5577) 21247.0
(2695, 2696, 2697) 27431.0
(3353, 3354, 3355) 28014.0
(2349, 2350, 2351) 25340.0
(3006, 3007, 3008) 18733.0
(5994, 5995, 5996) 33215.0
(4541, 4542, 4543) 30792.0
(5163, 5164, 5165) 25574.0
(4847, 4848, 4849) 27929.0
(9503, 9504, 9505) 23689.0
(2824, 2825, 2826) 23761.0
(9073, 9074, 9075) 27946.0
(4677, 4678, 4679) 31698.0
(1802, 1803, 1804) 24080.0
(9438, 9439, 9440) 26916.0
(9527, 9528, 9529) 30882.0
(7906, 7907, 7908) 26846.0
(3186, 3187, 3188) 37411.0
(4934, 4935, 4936) 42259.0
(1712, 1713, 1714) 24312.0
(8661, 8662, 8663) 29656.0
(4342, 4343, 4344) 26768.0
(1719, 1720, 1721) 25059.0
(3823, 3824, 3825) 38223.0
(9003, 9004, 9005) 35493.0
(1835, 1836, 1837) 28716.0
(7590, 7591, 7592) 35794.0
(4928, 4929, 4930) 21858.0
(8934, 8935, 8936) 27297.0
(5683, 5684, 5685) 23702.0
(4929, 4930, 4931) 26689.0
(3767, 3768, 3769) 23758.0
(8348, 8349, 8350) 19528.0
(2286, 2287, 2288) 24482.0
(9017, 9018, 9019) 24264.0
(4173, 4174, 4175) 28141.0
(8055, 8056, 8057) 34639.0
(9614, 9615, 9616) 30959.0
(7258, 7259, 7260) 23322.0
(1890, 1891, 1892) 26114.0
(3860, 3861, 3862) 34403.0
(21, 22, 23) 24848.0
(5364, 5365, 5366) 29412.0
(426, 427, 428) 29212.0
(450, 451, 452) 21855.0
(3503, 3504, 3505) 26450.0
(7014, 7015, 7016) 33626.0
(4311, 4312, 4313) 24926.0
(4943, 4944, 4945) 31220.0
(9035, 9036, 9037) 26531.0
(2817, 2818, 2819) 24259.0
(1263, 1264, 1265) 33701.0
(3292, 3293, 3294) 19632.0
(1613, 1614, 1615) 23131.0
(1813, 1814, 1815) 26304.0
(3174, 3175, 3176) 18961.0
(6869, 6870, 6871) 19949.0
(5110, 5111, 5112) 23152.0
(8423, 8424, 8425) 30624.0
(8468, 8469, 8470) 27941.0
(8118, 8119, 8120) 21833.0
(1274, 1275, 1276) 32393.0
(9686, 9687, 9688) 33351.0
(7398, 7399, 7400) 20805.0
(1461, 1462, 1463) 27814.0
(2332, 2333, 2334) 31003.0
(4694, 4695, 4696) 28351.0
(3140, 3141, 3142) 29888.0
(182, 183, 184) 28162.0
(1019, 1020, 1021) 24842.0
(2480, 2481, 2482) 30686.0
(8663, 8664, 8665) 21521.0
(1187, 1188, 1189) 23909.0
(5006, 5007, 5008) 29645.0
(2723, 2724, 2725) 24669.0
