(1206, 1207, 1208) 1464.0
(9706, 9707, 9708) 881.0
(4162, 4163, 4164) 1366.0
(6940, 6941, 6942) 1257.0
(4505, 4506, 4507) 1307.0
(5265, 5266, 5267) 1544.0
(9875, 9876, 9877) 1745.0
(6909, 6910, 6911) 1122.0
(1687, 1688, 1689) 719.0
(6633, 6634, 6635) 951.0
(1745, 1746, 1747) 1425.0
(3428, 3429, 3430) 733.0
(4536, 4537, 4538) 1770.0
(8464, 8465, 8466) 1099.0
(7873, 7874, 7875) 571.0
(5773, 5774, 5775) 885.0
(5097, 5098, 5099) 1204.0
(9129, 9130, 9131) 1387.0
(7162, 7163, 7164) 1070.0
(101, 102, 103) 757.0
(7373, 7374, 7375) 1127.0
(7723, 7724, 7725) 895.0
(846, 847, 848) 1677.0
(8295, 8296, 8297) 692.0
(67, 68, 69) 1945.0
(9065, 9066, 9067) 755.0
(2577, 2578, 2579) 981.0
(220, 221, 222) 1089.0
(9346, 9347, 9348) 1201.0
(8914, 8915, 8916) 886.0
(5661, 5662, 5663) 2130.0
(2433, 2434, 2435) 939.0
(2414, 2415, 2416) 551.0
(363, 364, 365) 899.0
(506, 507, 508) 1242.0
(6662, 6663, 6664) 1321.0
(5091, 5092, 5093) 1073.0
(9781, 9782, 9783) 704.0
(2841, 2842, 2843) 696.0
(3174, 3175, 3176) 785.0
(9333, 9334, 9335) 1043.0
(630, 631, 632) 961.0
(2244, 2245, 2246) 701.0
(9069, 9070, 9071) 1312.0
(5781, 5782, 5783) 1105.0
(6124, 6125, 6126) 1525.0
(5672, 5673, 5674) 974.0
(4727, 4728, 4729) 1333.0
(6360, 6361, 6362) 991.0
(9671, 9672, 9673) 559.0
(9979, 9980, 9981) 691.0
(1403, 1404, 1405) 683.0
(9086, 9087, 9088) 887.0
(6872, 6873, 6874) 1424.0
(837, 838, 839) 878.0
(2289, 2290, 2291) 1294.0
(145, 146, 147) 795.0
(2100, 2101, 2102) 1514.0
(2580, 2581, 2582) 1912.0
(7846, 7847, 7848) 1566.0
(4762, 4763, 4764) 864.0
(857, 858, 859) 1239.0
(5152, 5153, 5154) 1631.0
(2255, 2256, 2257) 1141.0
(4099, 4100, 4101) 1001.0
(3876, 3877, 3878) 657.0
(8549, 8550, 8551) 990.0
(1530, 1531, 1532) 804.0
(4738, 4739, 4740) 1055.0
(1402, 1403, 1404) 816.0
(5812, 5813, 5814) 940.0
(2824, 2825, 2826) 755.0
(1637, 1638, 1639) 2304.0
(7397, 7398, 7399) 1170.0
(2883, 2884, 2885) 1303.0
(5935, 5936, 5937) 770.0
(8586, 8587, 8588) 1190.0
(3678, 3679, 3680) 1025.0
(7092, 7093, 7094) 1261.0
(3205, 3206, 3207) 1816.0
(9978, 9979, 9980) 1159.0
(6130, 6131, 6132) 1214.0
(8100, 8101, 8102) 908.0
(7130, 7131, 7132) 1635.0
(7927, 7928, 7929) 675.0
(2753, 2754, 2755) 1136.0
(117, 118, 119) 1142.0
(5259, 5260, 5261) 927.0
(3717, 3718, 3719) 1184.0
(6932, 6933, 6934) 1085.0
(3333, 3334, 3335) 908.0
(2253, 2254, 2255) 1685.0
(3330, 3331, 3332) 989.0
(6561, 6562, 6563) 860.0
(4209, 4210, 4211) 754.0
(8072, 8073, 8074) 969.0
(3421, 3422, 3423) 721.0
(6426, 6427, 6428) 1277.0
(7145, 7146, 7147) 1130.0
(8053, 8054, 8055) 1199.0
(9515, 9516, 9517) 1240.0
