(6022, 6023, 6024) 31631.0
(6070, 6071, 6072) 25562.0
(2805, 2806, 2807) 27507.0
(4184, 4185, 4186) 25578.0
(7583, 7584, 7585) 27068.0
(2254, 2255, 2256) 34211.0
(9761, 9762, 9763) 28683.0
(5797, 5798, 5799) 28096.0
(5223, 5224, 5225) 35614.0
(6685, 6686, 6687) 27850.0
(87, 88, 89) 26101.0
(2552, 2553, 2554) 22531.0
(1003, 1004, 1005) 30190.0
(9917, 9918, 9919) 28972.0
(4321, 4322, 4323) 40363.0
(5560, 5561, 5562) 24079.0
(5367, 5368, 5369) 29375.0
(6854, 6855, 6856) 24366.0
(8718, 8719, 8720) 32877.0
(1113, 1114, 1115) 28846.0
(6993, 6994, 6995) 24300.0
(8601, 8602, 8603) 24354.0
(4366, 4367, 4368) 31242.0
(6074, 6075, 6076) 30814.0
(7877, 7878, 7879) 18798.0
(1726, 1727, 1728) 31859.0
(5731, 5732, 5733) 30257.0
(2490, 2491, 2492) 34450.0
(625, 626, 627) 26408.0
(5729, 5730, 5731) 24979.0
(8907, 8908, 8909) 30570.0
(8131, 8132, 8133) 32526.0
(445, 446, 447) 28114.0
(2853, 2854, 2855) 26647.0
(493, 494, 495) 30321.0
(7131, 7132, 7133) 29437.0
(2333, 2334, 2335) 28996.0
(8385, 8386, 8387) 29795.0
(202, 203, 204) 28306.0
(7810, 7811, 7812) 24035.0
(3669, 3670, 3671) 29348.0
(397, 398, 399) 38693.0
(7967, 7968, 7969) 40392.0
(1882, 1883, 1884) 31317.0
(3340, 3341, 3342) 25110.0
(9765, 9766, 9767) 26569.0
(6730, 6731, 6732) 36254.0
(1384, 1385, 1386) 32373.0
(2160, 2161, 2162) 22941.0
(473, 474, 475) 21096.0
(3384, 3385, 3386) 19837.0
(772, 773, 774) 23266.0
(5103, 5104, 5105) 25014.0
(154, 155, 156) 45461.0
(1876, 1877, 1878) 32822.0
(8206, 8207, 8208) 29479.0
(3770, 3771, 3772) 30478.0
(5144, 5145, 5146) 20805.0
(6765, 6766, 6767) 27017.0
(8514, 8515, 8516) 25719.0
(1488, 1489, 1490) 20711.0
(6586, 6587, 6588) 23706.0
(8395, 8396, 8397) 25884.0
(3740, 3741, 3742) 26877.0
(488, 489, 490) 28383.0
(1886, 1887, 1888) 24704.0
(9856, 9857, 9858) 22342.0
(8135, 8136, 8137) 18228.0
(1379, 1380, 1381) 27885.0
(5467, 5468, 5469) 28026.0
(2466, 2467, 2468) 30068.0
(708, 709, 710) 22851.0
(531, 532, 533) 26554.0
(4790, 4791, 4792) 28296.0
(2721, 2722, 2723) 32041.0
(4075, 4076, 4077) 33284.0
(1103, 1104, 1105) 24981.0
(8795, 8796, 8797) 30968.0
(8489, 8490, 8491) 25853.0
(4864, 4865, 4866) 35526.0
(1354, 1355, 1356) 22746.0
(7678, 7679, 7680) 31528.0
(889, 890, 891) 35084.0
(255, 256, 257) 25995.0
(1409, 1410, 1411) 28510.0
(4834, 4835, 4836) 37872.0
(4098, 4099, 4100) 37080.0
(5526, 5527, 5528) 23324.0
(2348, 2349, 2350) 33239.0
(4012, 4013, 4014) 28184.0
(1637, 1638, 1639) 23899.0
(3300, 3301, 3302) 22550.0
(1587, 1588, 1589) 23150.0
(4583, 4584, 4585) 24870.0
(6160, 6161, 6162) 26760.0
(8514, 8515, 8516) 25719.0
(7827, 7828, 7829) 36794.0
(4370, 4371, 4372) 30538.0
(4995, 4996, 4997) 32288.0
(8273, 8274, 8275) 28490.0
(2951, 2952, 2953) 32046.0
