(2208, 2209, 2210) 38594.0
(496, 497, 498) 40748.0
(7362, 7363, 7364) 38582.0
(1552, 1553, 1554) 32801.0
(8844, 8845, 8846) 27148.0
(6637, 6638, 6639) 29682.0
(594, 595, 596) 45693.0
(4886, 4887, 4888) 50173.0
(7826, 7827, 7828) 45469.0
(9637, 9638, 9639) 40008.0
(9531, 9532, 9533) 33628.0
(9740, 9741, 9742) 37691.0
(4743, 4744, 4745) 43616.0
(3131, 3132, 3133) 43481.0
(7628, 7629, 7630) 44801.0
(3895, 3896, 3897) 47362.0
(6520, 6521, 6522) 35699.0
(6483, 6484, 6485) 38367.0
(8041, 8042, 8043) 44009.0
(4029, 4030, 4031) 32538.0
(9401, 9402, 9403) 34585.0
(3556, 3557, 3558) 43478.0
(9317, 9318, 9319) 35016.0
(8778, 8779, 8780) 40756.0
(7627, 7628, 7629) 41995.0
(3044, 3045, 3046) 36449.0
(6872, 6873, 6874) 43644.0
(8976, 8977, 8978) 35673.0
(790, 791, 792) 33672.0
(6919, 6920, 6921) 48794.0
(7165, 7166, 7167) 35233.0
(6074, 6075, 6076) 43287.0
(6427, 6428, 6429) 34986.0
(5147, 5148, 5149) 42814.0
(792, 793, 794) 30695.0
(4950, 4951, 4952) 39501.0
(5217, 5218, 5219) 50973.0
(4326, 4327, 4328) 35688.0
(6912, 6913, 6914) 49980.0
(923, 924, 925) 39622.0
(9266, 9267, 9268) 30240.0
(4002, 4003, 4004) 40044.0
(5794, 5795, 5796) 39685.0
(3395, 3396, 3397) 40407.0
(984, 985, 986) 31828.0
(9463, 9464, 9465) 42780.0
(3890, 3891, 3892) 36086.0
(8282, 8283, 8284) 36294.0
(5780, 5781, 5782) 38549.0
(6255, 6256, 6257) 29464.0
(7675, 7676, 7677) 26801.0
(1353, 1354, 1355) 50905.0
(9701, 9702, 9703) 32013.0
(8978, 8979, 8980) 45349.0
(9516, 9517, 9518) 42272.0
(4929, 4930, 4931) 36064.0
(149, 150, 151) 45761.0
(1745, 1746, 1747) 53541.0
(4438, 4439, 4440) 31030.0
(6162, 6163, 6164) 39740.0
(1767, 1768, 1769) 47871.0
(7347, 7348, 7349) 43835.0
(6394, 6395, 6396) 38187.0
(2004, 2005, 2006) 27459.0
(6464, 6465, 6466) 42195.0
(8828, 8829, 8830) 27499.0
(3427, 3428, 3429) 37684.0
(1884, 1885, 1886) 37387.0
(7097, 7098, 7099) 51496.0
(1614, 1615, 1616) 51583.0
(6807, 6808, 6809) 36531.0
(8400, 8401, 8402) 49102.0
(1214, 1215, 1216) 31436.0
(8419, 8420, 8421) 46606.0
(4638, 4639, 4640) 37033.0
(5922, 5923, 5924) 36013.0
(2657, 2658, 2659) 39096.0
(1378, 1379, 1380) 34029.0
(1674, 1675, 1676) 40199.0
(6154, 6155, 6156) 41732.0
(6299, 6300, 6301) 42981.0
(2352, 2353, 2354) 39427.0
(9349, 9350, 9351) 44309.0
(1385, 1386, 1387) 45070.0
(9784, 9785, 9786) 38890.0
(4846, 4847, 4848) 42595.0
(7898, 7899, 7900) 40362.0
(1592, 1593, 1594) 41076.0
(4127, 4128, 4129) 41092.0
(7570, 7571, 7572) 51342.0
(7459, 7460, 7461) 36010.0
(5481, 5482, 5483) 52848.0
(5836, 5837, 5838) 52132.0
(6079, 6080, 6081) 29491.0
(2666, 2667, 2668) 47401.0
(835, 836, 837) 36359.0
(7690, 7691, 7692) 45131.0
(8818, 8819, 8820) 42121.0
(6449, 6450, 6451) 45319.0
(8514, 8515, 8516) 35122.0
(8923, 8924, 8925) 47163.0
