(4469, 4470, 4471) 47438.0
(653, 654, 655) 39622.0
(1280, 1281, 1282) 50332.0
(6742, 6743, 6744) 35860.0
(8737, 8738, 8739) 37735.0
(9952, 9953, 9954) 33995.0
(9806, 9807, 9808) 34495.0
(5160, 5161, 5162) 37973.0
(939, 940, 941) 36171.0
(7650, 7651, 7652) 35341.0
(6491, 6492, 6493) 41291.0
(8688, 8689, 8690) 47236.0
(8609, 8610, 8611) 51591.0
(7106, 7107, 7108) 52978.0
(3170, 3171, 3172) 34661.0
(6662, 6663, 6664) 46880.0
(1952, 1953, 1954) 44037.0
(4870, 4871, 4872) 36301.0
(7066, 7067, 7068) 37343.0
(3102, 3103, 3104) 28774.0
(2240, 2241, 2242) 42213.0
(5013, 5014, 5015) 33805.0
(8200, 8201, 8202) 53474.0
(5790, 5791, 5792) 36984.0
(1581, 1582, 1583) 46944.0
(9789, 9790, 9791) 38182.0
(6104, 6105, 6106) 41697.0
(15, 16, 17) 34412.0
(5494, 5495, 5496) 41033.0
(4897, 4898, 4899) 52818.0
(4321, 4322, 4323) 53188.0
(8107, 8108, 8109) 37105.0
(1621, 1622, 1623) 39620.0
(9326, 9327, 9328) 30824.0
(6935, 6936, 6937) 37231.0
(5680, 5681, 5682) 42629.0
(4890, 4891, 4892) 45612.0
(6013, 6014, 6015) 38706.0
(7023, 7024, 7025) 32249.0
(441, 442, 443) 35469.0
(8666, 8667, 8668) 37087.0
(1223, 1224, 1225) 42597.0
(7470, 7471, 7472) 35429.0
(6498, 6499, 6500) 33331.0
(1170, 1171, 1172) 36878.0
(7149, 7150, 7151) 60700.0
(8660, 8661, 8662) 41972.0
(3953, 3954, 3955) 38861.0
(9631, 9632, 9633) 40890.0
(9726, 9727, 9728) 43128.0
(9551, 9552, 9553) 38063.0
(2443, 2444, 2445) 46857.0
(4960, 4961, 4962) 38031.0
(9124, 9125, 9126) 39316.0
(5684, 5685, 5686) 30555.0
(9313, 9314, 9315) 46131.0
(1941, 1942, 1943) 44802.0
(2557, 2558, 2559) 50084.0
(5588, 5589, 5590) 45794.0
(6724, 6725, 6726) 41662.0
(856, 857, 858) 40770.0
(3620, 3621, 3622) 41537.0
(7491, 7492, 7493) 41038.0
(952, 953, 954) 40638.0
(7222, 7223, 7224) 34139.0
(9381, 9382, 9383) 44135.0
(9530, 9531, 9532) 48188.0
(8231, 8232, 8233) 43397.0
(3314, 3315, 3316) 36247.0
(5746, 5747, 5748) 44190.0
(1264, 1265, 1266) 53152.0
(702, 703, 704) 63494.0
(4262, 4263, 4264) 50804.0
(2416, 2417, 2418) 48422.0
(3406, 3407, 3408) 47216.0
(6775, 6776, 6777) 41110.0
(8870, 8871, 8872) 42128.0
(7798, 7799, 7800) 32914.0
(7433, 7434, 7435) 47922.0
(1815, 1816, 1817) 47637.0
(1667, 1668, 1669) 39549.0
(4699, 4700, 4701) 41434.0
(8273, 8274, 8275) 44461.0
(7731, 7732, 7733) 39727.0
(5183, 5184, 5185) 45292.0
(3380, 3381, 3382) 36661.0
(5828, 5829, 5830) 34541.0
(1452, 1453, 1454) 41595.0
(9633, 9634, 9635) 35944.0
(7851, 7852, 7853) 45425.0
(3166, 3167, 3168) 46748.0
(6319, 6320, 6321) 39205.0
(4082, 4083, 4084) 35470.0
(2347, 2348, 2349) 41872.0
(8063, 8064, 8065) 34160.0
(8567, 8568, 8569) 50225.0
(659, 660, 661) 38436.0
(8302, 8303, 8304) 47160.0
(3704, 3705, 3706) 38982.0
(5839, 5840, 5841) 41139.0
(6896, 6897, 6898) 48542.0
