(9310, 9311, 9312) 1874.0
(3118, 3119, 3120) 1255.0
(8456, 8457, 8458) 1950.0
(7804, 7805, 7806) 2833.0
(4891, 4892, 4893) 2121.0
(6980, 6981, 6982) 2760.0
(2108, 2109, 2110) 1690.0
(2861, 2862, 2863) 1710.0
(4618, 4619, 4620) 1730.0
(9143, 9144, 9145) 1880.0
(9547, 9548, 9549) 1736.0
(3722, 3723, 3724) 2860.0
(4275, 4276, 4277) 2193.0
(2460, 2461, 2462) 2508.0
(9216, 9217, 9218) 1887.0
(4617, 4618, 4619) 1717.0
(3424, 3425, 3426) 2164.0
(2905, 2906, 2907) 2353.0
(5627, 5628, 5629) 1760.0
(1882, 1883, 1884) 2343.0
(7274, 7275, 7276) 1655.0
(2404, 2405, 2406) 2281.0
(4198, 4199, 4200) 2409.0
(9257, 9258, 9259) 2024.0
(9044, 9045, 9046) 1877.0
(3049, 3050, 3051) 2069.0
(4977, 4978, 4979) 1748.0
(6038, 6039, 6040) 1434.0
(7065, 7066, 7067) 2413.0
(2504, 2505, 2506) 1316.0
(7839, 7840, 7841) 1644.0
(4212, 4213, 4214) 1596.0
(6609, 6610, 6611) 1745.0
(4065, 4066, 4067) 2526.0
(6819, 6820, 6821) 1800.0
(3049, 3050, 3051) 2069.0
(8225, 8226, 8227) 2209.0
(4707, 4708, 4709) 2079.0
(1744, 1745, 1746) 1133.0
(477, 478, 479) 2889.0
(8960, 8961, 8962) 2082.0
(3286, 3287, 3288) 1665.0
(4462, 4463, 4464) 2444.0
(2559, 2560, 2561) 1795.0
(2814, 2815, 2816) 2988.0
(6542, 6543, 6544) 2604.0
(5579, 5580, 5581) 1502.0
(123, 124, 125) 1965.0
(266, 267, 268) 1309.0
(1363, 1364, 1365) 1274.0
(9325, 9326, 9327) 2475.0
(5108, 5109, 5110) 2068.0
(7476, 7477, 7478) 1673.0
(4503, 4504, 4505) 2369.0
(2524, 2525, 2526) 2290.0
(6278, 6279, 6280) 2012.0
(7265, 7266, 7267) 2009.0
(5759, 5760, 5761) 2336.0
(5145, 5146, 5147) 1957.0
(2762, 2763, 2764) 2287.0
(5984, 5985, 5986) 2144.0
(4210, 4211, 4212) 1887.0
(6937, 6938, 6939) 1817.0
(4913, 4914, 4915) 1401.0
(6309, 6310, 6311) 2310.0
(8366, 8367, 8368) 2395.0
(6644, 6645, 6646) 2334.0
(2937, 2938, 2939) 2480.0
(3106, 3107, 3108) 2382.0
(9738, 9739, 9740) 1501.0
(9603, 9604, 9605) 2016.0
(9811, 9812, 9813) 1857.0
(1128, 1129, 1130) 1524.0
(5248, 5249, 5250) 1365.0
(834, 835, 836) 2729.0
(3405, 3406, 3407) 1585.0
(3203, 3204, 3205) 1811.0
(1946, 1947, 1948) 1640.0
(6021, 6022, 6023) 1651.0
(1101, 1102, 1103) 1963.0
(1846, 1847, 1848) 1931.0
(3150, 3151, 3152) 2108.0
(2090, 2091, 2092) 2239.0
(5762, 5763, 5764) 1592.0
(6046, 6047, 6048) 2163.0
(2983, 2984, 2985) 2119.0
(7015, 7016, 7017) 2280.0
(4329, 4330, 4331) 2365.0
(5084, 5085, 5086) 1609.0
(8687, 8688, 8689) 2261.0
(1825, 1826, 1827) 2647.0
(4600, 4601, 4602) 2116.0
(2588, 2589, 2590) 1862.0
(1931, 1932, 1933) 2266.0
(5916, 5917, 5918) 3545.0
(8314, 8315, 8316) 1856.0
(987, 988, 989) 2031.0
(39, 40, 41) 2673.0
(2410, 2411, 2412) 1951.0
(8815, 8816, 8817) 2505.0
(5914, 5915, 5916) 1979.0
