(6432, 6433, 6434) 46132.0
(3747, 3748, 3749) 46302.0
(8798, 8799, 8800) 39563.0
(9494, 9495, 9496) 46667.0
(136, 137, 138) 42935.0
(1041, 1042, 1043) 50241.0
(2647, 2648, 2649) 63441.0
(773, 774, 775) 48099.0
(6048, 6049, 6050) 51756.0
(3605, 3606, 3607) 43173.0
(8322, 8323, 8324) 66103.0
(6171, 6172, 6173) 45484.0
(2137, 2138, 2139) 38053.0
(8569, 8570, 8571) 42078.0
(6917, 6918, 6919) 54368.0
(8864, 8865, 8866) 51202.0
(8865, 8866, 8867) 56712.0
(5870, 5871, 5872) 54421.0
(3049, 3050, 3051) 36692.0
(1329, 1330, 1331) 64722.0
(9300, 9301, 9302) 45296.0
(1466, 1467, 1468) 47610.0
(7529, 7530, 7531) 48674.0
(7634, 7635, 7636) 55784.0
(491, 492, 493) 45757.0
(9311, 9312, 9313) 45843.0
(1125, 1126, 1127) 49322.0
(1934, 1935, 1936) 41286.0
(6214, 6215, 6216) 66861.0
(6521, 6522, 6523) 54257.0
(7533, 7534, 7535) 56649.0
(6202, 6203, 6204) 41856.0
(7878, 7879, 7880) 44446.0
(744, 745, 746) 45606.0
(9782, 9783, 9784) 59802.0
(1956, 1957, 1958) 46853.0
(7119, 7120, 7121) 57224.0
(154, 155, 156) 75533.0
(3619, 3620, 3621) 46379.0
(2587, 2588, 2589) 54799.0
(8567, 8568, 8569) 61868.0
(7047, 7048, 7049) 47640.0
(8435, 8436, 8437) 64557.0
(6199, 6200, 6201) 55380.0
(5221, 5222, 5223) 58179.0
(7232, 7233, 7234) 43929.0
(7220, 7221, 7222) 59187.0
(1897, 1898, 1899) 50200.0
(4958, 4959, 4960) 44324.0
(2003, 2004, 2005) 38585.0
(6135, 6136, 6137) 43650.0
(4355, 4356, 4357) 60646.0
(2505, 2506, 2507) 44968.0
(6152, 6153, 6154) 48450.0
(9322, 9323, 9324) 80289.0
(8728, 8729, 8730) 43592.0
(8761, 8762, 8763) 51575.0
(8540, 8541, 8542) 45911.0
(7661, 7662, 7663) 35399.0
(7924, 7925, 7926) 46650.0
(5313, 5314, 5315) 59165.0
(5114, 5115, 5116) 41995.0
(9233, 9234, 9235) 50203.0
(3065, 3066, 3067) 34064.0
(2014, 2015, 2016) 45880.0
(5511, 5512, 5513) 38386.0
(2940, 2941, 2942) 58107.0
(7433, 7434, 7435) 61969.0
(2728, 2729, 2730) 48991.0
(8488, 8489, 8490) 54844.0
(2451, 2452, 2453) 38645.0
(8571, 8572, 8573) 50978.0
(9926, 9927, 9928) 48020.0
(302, 303, 304) 48387.0
(419, 420, 421) 52398.0
(1214, 1215, 1216) 39180.0
(2224, 2225, 2226) 56049.0
(1135, 1136, 1137) 53903.0
(6789, 6790, 6791) 60641.0
(9419, 9420, 9421) 61235.0
(7944, 7945, 7946) 40670.0
(6809, 6810, 6811) 33623.0
(8975, 8976, 8977) 52301.0
(4161, 4162, 4163) 56395.0
(9163, 9164, 9165) 54041.0
(2637, 2638, 2639) 54466.0
(8359, 8360, 8361) 56032.0
(9737, 9738, 9739) 43963.0
(186, 187, 188) 48362.0
(8760, 8761, 8762) 50275.0
(6350, 6351, 6352) 68164.0
(5829, 5830, 5831) 54153.0
(6474, 6475, 6476) 46058.0
(2356, 2357, 2358) 57749.0
(7161, 7162, 7163) 52164.0
(4534, 4535, 4536) 52846.0
(3671, 3672, 3673) 47848.0
(8757, 8758, 8759) 39560.0
(7832, 7833, 7834) 45071.0
(7887, 7888, 7889) 58911.0
(6126, 6127, 6128) 45184.0
