(1763, 1764, 1765) 56397.0
(2814, 2815, 2816) 52789.0
(1089, 1090, 1091) 60500.0
(3386, 3387, 3388) 44242.0
(481, 482, 483) 38376.0
(7386, 7387, 7388) 64943.0
(4791, 4792, 4793) 42665.0
(661, 662, 663) 58453.0
(2895, 2896, 2897) 61390.0
(2234, 2235, 2236) 63601.0
(6598, 6599, 6600) 43753.0
(6718, 6719, 6720) 52766.0
(2059, 2060, 2061) 58799.0
(1242, 1243, 1244) 55353.0
(1093, 1094, 1095) 51627.0
(1041, 1042, 1043) 54270.0
(649, 650, 651) 63184.0
(1714, 1715, 1716) 43518.0
(3492, 3493, 3494) 47018.0
(2679, 2680, 2681) 59722.0
(1556, 1557, 1558) 56079.0
(965, 966, 967) 56155.0
(3712, 3713, 3714) 67251.0
(1401, 1402, 1403) 55932.0
(9498, 9499, 9500) 64396.0
(371, 372, 373) 54737.0
(4743, 4744, 4745) 61734.0
(5128, 5129, 5130) 60883.0
(3023, 3024, 3025) 59974.0
(8274, 8275, 8276) 56694.0
(1350, 1351, 1352) 66079.0
(1032, 1033, 1034) 52752.0
(3857, 3858, 3859) 57026.0
(1413, 1414, 1415) 59807.0
(3197, 3198, 3199) 46553.0
(597, 598, 599) 55000.0
(7242, 7243, 7244) 46427.0
(8431, 8432, 8433) 56105.0
(5459, 5460, 5461) 46866.0
(2472, 2473, 2474) 63518.0
(8981, 8982, 8983) 44478.0
(8545, 8546, 8547) 49444.0
(8748, 8749, 8750) 42817.0
(3668, 3669, 3670) 45901.0
(7300, 7301, 7302) 67793.0
(8059, 8060, 8061) 50253.0
(5699, 5700, 5701) 49744.0
(1861, 1862, 1863) 55474.0
(4757, 4758, 4759) 57922.0
(7642, 7643, 7644) 44519.0
(8115, 8116, 8117) 46376.0
(5140, 5141, 5142) 59109.0
(4078, 4079, 4080) 48095.0
(9742, 9743, 9744) 51009.0
(7378, 7379, 7380) 59062.0
(298, 299, 300) 45360.0
(457, 458, 459) 49967.0
(9020, 9021, 9022) 48033.0
(1474, 1475, 1476) 56212.0
(3267, 3268, 3269) 58842.0
(9469, 9470, 9471) 45745.0
(3116, 3117, 3118) 52020.0
(7839, 7840, 7841) 50238.0
(598, 599, 600) 56398.0
(3184, 3185, 3186) 51314.0
(1948, 1949, 1950) 59704.0
(5090, 5091, 5092) 49627.0
(2458, 2459, 2460) 47997.0
(2584, 2585, 2586) 49878.0
(2829, 2830, 2831) 45770.0
(5847, 5848, 5849) 52091.0
(4706, 4707, 4708) 48729.0
(9682, 9683, 9684) 51228.0
(611, 612, 613) 62645.0
(7011, 7012, 7013) 56052.0
(2100, 2101, 2102) 63863.0
(516, 517, 518) 47472.0
(3408, 3409, 3410) 67868.0
(2127, 2128, 2129) 50254.0
(7426, 7427, 7428) 55512.0
(2163, 2164, 2165) 58518.0
(7630, 7631, 7632) 50060.0
(4537, 4538, 4539) 53738.0
(6607, 6608, 6609) 54132.0
(8254, 8255, 8256) 51648.0
(2964, 2965, 2966) 45638.0
(4744, 4745, 4746) 48469.0
(8675, 8676, 8677) 55897.0
(5930, 5931, 5932) 46227.0
(2036, 2037, 2038) 44616.0
(6589, 6590, 6591) 46034.0
(9646, 9647, 9648) 56154.0
(233, 234, 235) 58617.0
(2978, 2979, 2980) 39432.0
(1089, 1090, 1091) 60500.0
(9600, 9601, 9602) 58145.0
(3382, 3383, 3384) 70112.0
(4703, 4704, 4705) 50273.0
(7245, 7246, 7247) 52834.0
(2684, 2685, 2686) 53855.0
(3664, 3665, 3666) 64571.0
