(6655, 6656, 6657) 65854.0
(3871, 3872, 3873) 64961.0
(1740, 1741, 1742) 55176.0
(3499, 3500, 3501) 73087.0
(5194, 5195, 5196) 55554.0
(9550, 9551, 9552) 54506.0
(5499, 5500, 5501) 55878.0
(2979, 2980, 2981) 54828.0
(772, 773, 774) 48278.0
(5863, 5864, 5865) 54990.0
(8201, 8202, 8203) 56752.0
(1333, 1334, 1335) 72142.0
(3813, 3814, 3815) 58672.0
(4507, 4508, 4509) 35416.0
(16, 17, 18) 56414.0
(293, 294, 295) 58490.0
(1117, 1118, 1119) 50211.0
(2094, 2095, 2096) 68330.0
(7149, 7150, 7151) 73943.0
(4452, 4453, 4454) 50324.0
(5478, 5479, 5480) 59068.0
(9445, 9446, 9447) 58411.0
(4233, 4234, 4235) 65466.0
(3699, 3700, 3701) 61827.0
(668, 669, 670) 51726.0
(2780, 2781, 2782) 69815.0
(9837, 9838, 9839) 57857.0
(9025, 9026, 9027) 52680.0
(6832, 6833, 6834) 51917.0
(6283, 6284, 6285) 45098.0
(199, 200, 201) 52556.0
(2705, 2706, 2707) 44633.0
(8110, 8111, 8112) 62035.0
(3357, 3358, 3359) 57574.0
(8275, 8276, 8277) 57195.0
(380, 381, 382) 60424.0
(9274, 9275, 9276) 74420.0
(1467, 1468, 1469) 42167.0
(1003, 1004, 1005) 59946.0
(652, 653, 654) 62312.0
(9465, 9466, 9467) 63423.0
(2707, 2708, 2709) 68009.0
(6762, 6763, 6764) 57291.0
(5443, 5444, 5445) 50468.0
(5944, 5945, 5946) 71994.0
(8543, 8544, 8545) 64626.0
(4052, 4053, 4054) 58087.0
(3889, 3890, 3891) 46520.0
(2111, 2112, 2113) 58196.0
(7432, 7433, 7434) 58892.0
(2695, 2696, 2697) 63304.0
(4533, 4534, 4535) 69312.0
(2082, 2083, 2084) 49229.0
(6070, 6071, 6072) 56125.0
(3890, 3891, 3892) 57599.0
(5545, 5546, 5547) 65001.0
(8698, 8699, 8700) 57659.0
(4733, 4734, 4735) 74942.0
(6352, 6353, 6354) 50877.0
(947, 948, 949) 52690.0
(800, 801, 802) 55593.0
(7577, 7578, 7579) 40704.0
(6825, 6826, 6827) 52693.0
(3630, 3631, 3632) 63070.0
(9648, 9649, 9650) 69088.0
(3347, 3348, 3349) 50516.0
(3460, 3461, 3462) 51411.0
(6899, 6900, 6901) 50800.0
(5800, 5801, 5802) 44911.0
(8657, 8658, 8659) 52893.0
(1389, 1390, 1391) 61940.0
(7944, 7945, 7946) 55275.0
(2980, 2981, 2982) 53583.0
(9452, 9453, 9454) 48350.0
(573, 574, 575) 37049.0
(2609, 2610, 2611) 59317.0
(3806, 3807, 3808) 50808.0
(8773, 8774, 8775) 52407.0
(8884, 8885, 8886) 54161.0
(1106, 1107, 1108) 75678.0
(6477, 6478, 6479) 49584.0
(3957, 3958, 3959) 49452.0
(1380, 1381, 1382) 56158.0
(7977, 7978, 7979) 53959.0
(6364, 6365, 6366) 52111.0
(6122, 6123, 6124) 46640.0
(4264, 4265, 4266) 49680.0
(9125, 9126, 9127) 45400.0
(1909, 1910, 1911) 52287.0
(7244, 7245, 7246) 60895.0
(8513, 8514, 8515) 60500.0
(9828, 9829, 9830) 57520.0
(4680, 4681, 4682) 47926.0
(6921, 6922, 6923) 60327.0
(6761, 6762, 6763) 54766.0
(2746, 2747, 2748) 56327.0
(595, 596, 597) 49668.0
(217, 218, 219) 51345.0
(6223, 6224, 6225) 52717.0
(1511, 1512, 1513) 55954.0
(6828, 6829, 6830) 59845.0
