(7370, 7371, 7372) 47744.0
(530, 531, 532) 58758.0
(208, 209, 210) 60588.0
(865, 866, 867) 52205.0
(5053, 5054, 5055) 87018.0
(1267, 1268, 1269) 68326.0
(6160, 6161, 6162) 62816.0
(5849, 5850, 5851) 54120.0
(7051, 7052, 7053) 62795.0
(1533, 1534, 1535) 59083.0
(1367, 1368, 1369) 49818.0
(7584, 7585, 7586) 65601.0
(6885, 6886, 6887) 60910.0
(7080, 7081, 7082) 56837.0
(195, 196, 197) 62703.0
(2216, 2217, 2218) 52010.0
(8378, 8379, 8380) 59900.0
(1256, 1257, 1258) 73891.0
(3825, 3826, 3827) 68688.0
(4525, 4526, 4527) 58672.0
(7558, 7559, 7560) 61749.0
(893, 894, 895) 59700.0
(9158, 9159, 9160) 58828.0
(3117, 3118, 3119) 61802.0
(8394, 8395, 8396) 47455.0
(4852, 4853, 4854) 63414.0
(3452, 3453, 3454) 66899.0
(9394, 9395, 9396) 50531.0
(2823, 2824, 2825) 63684.0
(7734, 7735, 7736) 59362.0
(3914, 3915, 3916) 78945.0
(1112, 1113, 1114) 71788.0
(6182, 6183, 6184) 57943.0
(6327, 6328, 6329) 55240.0
(8533, 8534, 8535) 47645.0
(8209, 8210, 8211) 85571.0
(311, 312, 313) 55000.0
(1671, 1672, 1673) 56942.0
(1679, 1680, 1681) 67894.0
(6701, 6702, 6703) 67361.0
(1464, 1465, 1466) 36079.0
(7288, 7289, 7290) 65558.0
(2339, 2340, 2341) 76264.0
(6966, 6967, 6968) 77141.0
(1536, 1537, 1538) 47522.0
(2776, 2777, 2778) 69598.0
(9501, 9502, 9503) 79340.0
(9145, 9146, 9147) 76850.0
(2517, 2518, 2519) 69301.0
(1733, 1734, 1735) 67285.0
(9388, 9389, 9390) 62248.0
(1273, 1274, 1275) 61693.0
(171, 172, 173) 52452.0
(8638, 8639, 8640) 82740.0
(7066, 7067, 7068) 63255.0
(2034, 2035, 2036) 76976.0
(3779, 3780, 3781) 39472.0
(9374, 9375, 9376) 62540.0
(3573, 3574, 3575) 79728.0
(6729, 6730, 6731) 61773.0
(1326, 1327, 1328) 54486.0
(4709, 4710, 4711) 49784.0
(2605, 2606, 2607) 57293.0
(7887, 7888, 7889) 71221.0
(4597, 4598, 4599) 57714.0
(3072, 3073, 3074) 74164.0
(8803, 8804, 8805) 61666.0
(3374, 3375, 3376) 53466.0
(7961, 7962, 7963) 57994.0
(3161, 3162, 3163) 68410.0
(1529, 1530, 1531) 55249.0
(3223, 3224, 3225) 73920.0
(4531, 4532, 4533) 52908.0
(8796, 8797, 8798) 51066.0
(6472, 6473, 6474) 60857.0
(8661, 8662, 8663) 70186.0
(4579, 4580, 4581) 53986.0
(2748, 2749, 2750) 53077.0
(8997, 8998, 8999) 67553.0
(1693, 1694, 1695) 61536.0
(7336, 7337, 7338) 54882.0
(7303, 7304, 7305) 68563.0
(3782, 3783, 3784) 45142.0
(3287, 3288, 3289) 64841.0
(7505, 7506, 7507) 63918.0
(745, 746, 747) 78407.0
(8543, 8544, 8545) 68336.0
(1618, 1619, 1620) 69715.0
(5502, 5503, 5504) 51080.0
(2957, 2958, 2959) 48474.0
(4165, 4166, 4167) 48530.0
(6610, 6611, 6612) 65288.0
(2229, 2230, 2231) 58434.0
(3219, 3220, 3221) 57411.0
(7307, 7308, 7309) 52404.0
(4370, 4371, 4372) 69996.0
(4497, 4498, 4499) 92242.0
(7165, 7166, 7167) 64341.0
(5955, 5956, 5957) 47986.0
(9596, 9597, 9598) 66691.0
(5977, 5978, 5979) 55107.0
