(3421, 3422, 3423) 45444.0
(9402, 9403, 9404) 62486.0
(6202, 6203, 6204) 55490.0
(8539, 8540, 8541) 62156.0
(9884, 9885, 9886) 68595.0
(598, 599, 600) 71219.0
(2338, 2339, 2340) 77876.0
(8618, 8619, 8620) 76214.0
(8017, 8018, 8019) 62745.0
(1156, 1157, 1158) 65662.0
(8379, 8380, 8381) 79017.0
(3361, 3362, 3363) 59784.0
(2494, 2495, 2496) 72105.0
(2889, 2890, 2891) 75493.0
(2655, 2656, 2657) 57193.0
(6152, 6153, 6154) 66261.0
(1908, 1909, 1910) 83969.0
(5325, 5326, 5327) 55058.0
(9149, 9150, 9151) 64757.0
(760, 761, 762) 58958.0
(3093, 3094, 3095) 67671.0
(9285, 9286, 9287) 54823.0
(2637, 2638, 2639) 69588.0
(4483, 4484, 4485) 69715.0
(2669, 2670, 2671) 73173.0
(5622, 5623, 5624) 56174.0
(7830, 7831, 7832) 59054.0
(5786, 5787, 5788) 79664.0
(8403, 8404, 8405) 52930.0
(8037, 8038, 8039) 65482.0
(427, 428, 429) 51010.0
(2704, 2705, 2706) 64172.0
(9563, 9564, 9565) 74941.0
(9520, 9521, 9522) 54139.0
(3004, 3005, 3006) 70438.0
(9052, 9053, 9054) 56209.0
(2178, 2179, 2180) 68362.0
(8468, 8469, 8470) 68874.0
(7794, 7795, 7796) 55411.0
(8372, 8373, 8374) 71564.0
(4285, 4286, 4287) 65847.0
(1846, 1847, 1848) 68268.0
(6737, 6738, 6739) 57151.0
(605, 606, 607) 60209.0
(6442, 6443, 6444) 57701.0
(4401, 4402, 4403) 64648.0
(8297, 8298, 8299) 83655.0
(5306, 5307, 5308) 74591.0
(557, 558, 559) 77442.0
(4399, 4400, 4401) 56399.0
(7110, 7111, 7112) 77084.0
(1671, 1672, 1673) 62744.0
(6852, 6853, 6854) 71209.0
(7336, 7337, 7338) 62263.0
(555, 556, 557) 89607.0
(3622, 3623, 3624) 53231.0
(9179, 9180, 9181) 97745.0
(4104, 4105, 4106) 74412.0
(3652, 3653, 3654) 72144.0
(806, 807, 808) 58398.0
(6606, 6607, 6608) 44103.0
(165, 166, 167) 73541.0
(430, 431, 432) 64474.0
(7957, 7958, 7959) 59292.0
(6707, 6708, 6709) 69930.0
(1378, 1379, 1380) 56682.0
(9183, 9184, 9185) 69064.0
(9281, 9282, 9283) 62303.0
(904, 905, 906) 74657.0
(5132, 5133, 5134) 69498.0
(8321, 8322, 8323) 44428.0
(8769, 8770, 8771) 69987.0
(9754, 9755, 9756) 66581.0
(4335, 4336, 4337) 66311.0
(3400, 3401, 3402) 67973.0
(500, 501, 502) 71273.0
(2890, 2891, 2892) 62615.0
(4799, 4800, 4801) 72346.0
(7294, 7295, 7296) 73021.0
(4266, 4267, 4268) 55230.0
(1747, 1748, 1749) 63096.0
(2539, 2540, 2541) 70505.0
(3288, 3289, 3290) 64633.0
(5749, 5750, 5751) 70985.0
(6465, 6466, 6467) 77207.0
(4797, 4798, 4799) 57707.0
(7879, 7880, 7881) 62191.0
(1182, 1183, 1184) 81648.0
(4431, 4432, 4433) 76143.0
(4473, 4474, 4475) 66706.0
(4652, 4653, 4654) 90889.0
(8336, 8337, 8338) 54093.0
(1606, 1607, 1608) 77978.0
(5660, 5661, 5662) 79792.0
(7190, 7191, 7192) 73664.0
(377, 378, 379) 70941.0
(7183, 7184, 7185) 66512.0
(4853, 4854, 4855) 56386.0
(8718, 8719, 8720) 65542.0
(4010, 4011, 4012) 78694.0
(4250, 4251, 4252) 59272.0
