(8832, 8833, 8834) 60725.0
(7498, 7499, 7500) 72951.0
(9569, 9570, 9571) 74198.0
(356, 357, 358) 69549.0
(8645, 8646, 8647) 59069.0
(5935, 5936, 5937) 75312.0
(5692, 5693, 5694) 91167.0
(4787, 4788, 4789) 61699.0
(2503, 2504, 2505) 77346.0
(2890, 2891, 2892) 68187.0
(8632, 8633, 8634) 68791.0
(1966, 1967, 1968) 70376.0
(449, 450, 451) 60576.0
(5612, 5613, 5614) 82713.0
(6589, 6590, 6591) 66457.0
(7026, 7027, 7028) 78337.0
(8687, 8688, 8689) 65931.0
(1676, 1677, 1678) 65819.0
(9088, 9089, 9090) 50264.0
(7002, 7003, 7004) 65957.0
(6533, 6534, 6535) 88607.0
(1594, 1595, 1596) 72805.0
(8941, 8942, 8943) 69375.0
(8008, 8009, 8010) 108294.0
(2742, 2743, 2744) 54482.0
(2824, 2825, 2826) 79786.0
(3930, 3931, 3932) 84977.0
(6390, 6391, 6392) 62684.0
(3358, 3359, 3360) 67786.0
(1623, 1624, 1625) 71558.0
(8077, 8078, 8079) 82189.0
(8180, 8181, 8182) 76252.0
(2486, 2487, 2488) 55816.0
(377, 378, 379) 78762.0
(6221, 6222, 6223) 61005.0
(5224, 5225, 5226) 73254.0
(2846, 2847, 2848) 62687.0
(2008, 2009, 2010) 72615.0
(1015, 1016, 1017) 82681.0
(393, 394, 395) 62301.0
(4126, 4127, 4128) 68662.0
(8681, 8682, 8683) 66699.0
(7105, 7106, 7107) 73663.0
(8485, 8486, 8487) 60574.0
(5086, 5087, 5088) 78505.0
(3148, 3149, 3150) 87383.0
(5415, 5416, 5417) 72311.0
(2823, 2824, 2825) 66433.0
(2277, 2278, 2279) 94807.0
(8930, 8931, 8932) 65067.0
(6195, 6196, 6197) 83603.0
(3691, 3692, 3693) 71109.0
(3901, 3902, 3903) 80865.0
(5685, 5686, 5687) 72599.0
(230, 231, 232) 88728.0
(5182, 5183, 5184) 74119.0
(1274, 1275, 1276) 81343.0
(3673, 3674, 3675) 71201.0
(3116, 3117, 3118) 65452.0
(3598, 3599, 3600) 87875.0
(4218, 4219, 4220) 57863.0
(786, 787, 788) 57480.0
(1248, 1249, 1250) 75987.0
(7968, 7969, 7970) 66399.0
(8289, 8290, 8291) 71138.0
(9596, 9597, 9598) 73839.0
(1159, 1160, 1161) 74060.0
(8190, 8191, 8192) 82971.0
(2570, 2571, 2572) 66079.0
(6229, 6230, 6231) 62632.0
(8529, 8530, 8531) 60219.0
(8097, 8098, 8099) 48180.0
(7976, 7977, 7978) 64536.0
(7379, 7380, 7381) 78442.0
(5454, 5455, 5456) 59835.0
(8438, 8439, 8440) 77841.0
(5638, 5639, 5640) 65249.0
(8423, 8424, 8425) 68905.0
(8628, 8629, 8630) 81465.0
(2797, 2798, 2799) 82514.0
(8603, 8604, 8605) 68457.0
(4215, 4216, 4217) 64839.0
(8131, 8132, 8133) 80533.0
(226, 227, 228) 99822.0
(6594, 6595, 6596) 76522.0
(9972, 9973, 9974) 84345.0
(6014, 6015, 6016) 86140.0
(3391, 3392, 3393) 74375.0
(3559, 3560, 3561) 60032.0
(8127, 8128, 8129) 94531.0
(5325, 5326, 5327) 58811.0
(2052, 2053, 2054) 59820.0
(1777, 1778, 1779) 74700.0
(200, 201, 202) 90000.0
(1906, 1907, 1908) 75221.0
(3443, 3444, 3445) 73626.0
(7927, 7928, 7929) 64507.0
(5240, 5241, 5242) 73823.0
(4411, 4412, 4413) 75278.0
(5015, 5016, 5017) 62426.0
(8675, 8676, 8677) 75638.0
