(1477, 1478, 1479) 2549.0
(262, 263, 264) 2752.0
(6741, 6742, 6743) 3213.0
(412, 413, 414) 3288.0
(5102, 5103, 5104) 2571.0
(8760, 8761, 8762) 3044.0
(8876, 8877, 8878) 3358.0
(5477, 5478, 5479) 3028.0
(1780, 1781, 1782) 2770.0
(8375, 8376, 8377) 4646.0
(3715, 3716, 3717) 2870.0
(2922, 2923, 2924) 3026.0
(2752, 2753, 2754) 3069.0
(6284, 6285, 6286) 2821.0
(7707, 7708, 7709) 2594.0
(8164, 8165, 8166) 3138.0
(6796, 6797, 6798) 2331.0
(7791, 7792, 7793) 1886.0
(3401, 3402, 3403) 3435.0
(7878, 7879, 7880) 2316.0
(5131, 5132, 5133) 3615.0
(1812, 1813, 1814) 1993.0
(6875, 6876, 6877) 2974.0
(5675, 5676, 5677) 2985.0
(9891, 9892, 9893) 2428.0
(2974, 2975, 2976) 2538.0
(1016, 1017, 1018) 4058.0
(3385, 3386, 3387) 2936.0
(7967, 7968, 7969) 3712.0
(7761, 7762, 7763) 3068.0
(6767, 6768, 6769) 3493.0
(1310, 1311, 1312) 2977.0
(7958, 7959, 7960) 2719.0
(8535, 8536, 8537) 2323.0
(6810, 6811, 6812) 3589.0
(6583, 6584, 6585) 2900.0
(1619, 1620, 1621) 3092.0
(3597, 3598, 3599) 3073.0
(7034, 7035, 7036) 3290.0
(3721, 3722, 3723) 3195.0
(3618, 3619, 3620) 2544.0
(1956, 1957, 1958) 3906.0
(1813, 1814, 1815) 3335.0
(5848, 5849, 5850) 3166.0
(2715, 2716, 2717) 3007.0
(3038, 3039, 3040) 2828.0
(9205, 9206, 9207) 2847.0
(1335, 1336, 1337) 3901.0
(7578, 7579, 7580) 3797.0
(401, 402, 403) 2254.0
(5410, 5411, 5412) 3517.0
(422, 423, 424) 2925.0
(1914, 1915, 1916) 3685.0
(3404, 3405, 3406) 2995.0
(1284, 1285, 1286) 4005.0
(929, 930, 931) 1918.0
(1339, 1340, 1341) 3230.0
(8796, 8797, 8798) 1824.0
(7711, 7712, 7713) 1366.0
(1506, 1507, 1508) 3591.0
(4945, 4946, 4947) 2763.0
(9486, 9487, 9488) 3170.0
(2506, 2507, 2508) 2772.0
(8625, 8626, 8627) 2330.0
(8274, 8275, 8276) 2642.0
(5908, 5909, 5910) 3080.0
(2547, 2548, 2549) 3464.0
(6234, 6235, 6236) 2878.0
(6506, 6507, 6508) 2321.0
(1289, 1290, 1291) 2933.0
(1195, 1196, 1197) 2849.0
(2413, 2414, 2415) 2779.0
(5482, 5483, 5484) 2912.0
(871, 872, 873) 2483.0
(9960, 9961, 9962) 3483.0
(4102, 4103, 4104) 2085.0
(5063, 5064, 5065) 2970.0
(5742, 5743, 5744) 5498.0
(9068, 9069, 9070) 3456.0
(8371, 8372, 8373) 2735.0
(6821, 6822, 6823) 3141.0
(1124, 1125, 1126) 4054.0
(7219, 7220, 7221) 2968.0
(2412, 2413, 2414) 3275.0
(4573, 4574, 4575) 2886.0
(2875, 2876, 2877) 2916.0
(6397, 6398, 6399) 3183.0
(3493, 3494, 3495) 3573.0
(8987, 8988, 8989) 2685.0
(8340, 8341, 8342) 2595.0
(5642, 5643, 5644) 2837.0
(2968, 2969, 2970) 3304.0
(3194, 3195, 3196) 2720.0
(7844, 7845, 7846) 2616.0
(9398, 9399, 9400) 3059.0
(6078, 6079, 6080) 3490.0
(8783, 8784, 8785) 3551.0
(8502, 8503, 8504) 3027.0
(4948, 4949, 4950) 2397.0
(7226, 7227, 7228) 2451.0
(8573, 8574, 8575) 3105.0
