(9434, 9435, 9436) 73888.0
(945, 946, 947) 68278.0
(6625, 6626, 6627) 86900.0
(2983, 2984, 2985) 85946.0
(1135, 1136, 1137) 73762.0
(9184, 9185, 9186) 73795.0
(2116, 2117, 2118) 60268.0
(7079, 7080, 7081) 58097.0
(368, 369, 370) 78537.0
(8974, 8975, 8976) 71297.0
(2596, 2597, 2598) 58049.0
(2101, 2102, 2103) 88100.0
(4361, 4362, 4363) 78392.0
(1726, 1727, 1728) 84516.0
(5057, 5058, 5059) 88048.0
(1765, 1766, 1767) 65091.0
(8986, 8987, 8988) 70006.0
(6571, 6572, 6573) 62285.0
(8175, 8176, 8177) 52576.0
(1602, 1603, 1604) 91366.0
(1799, 1800, 1801) 66213.0
(9217, 9218, 9219) 70999.0
(5903, 5904, 5905) 67800.0
(2278, 2279, 2280) 72280.0
(1766, 1767, 1768) 73959.0
(6962, 6963, 6964) 62201.0
(5699, 5700, 5701) 68924.0
(8916, 8917, 8918) 84073.0
(7544, 7545, 7546) 76492.0
(4376, 4377, 4378) 77305.0
(7503, 7504, 7505) 92448.0
(1661, 1662, 1663) 86032.0
(9924, 9925, 9926) 74002.0
(9768, 9769, 9770) 78772.0
(6401, 6402, 6403) 80927.0
(8264, 8265, 8266) 69741.0
(6815, 6816, 6817) 75271.0
(4338, 4339, 4340) 63942.0
(1670, 1671, 1672) 65283.0
(4270, 4271, 4272) 86714.0
(9786, 9787, 9788) 85395.0
(4898, 4899, 4900) 63070.0
(896, 897, 898) 73011.0
(1615, 1616, 1617) 82088.0
(2126, 2127, 2128) 53190.0
(3963, 3964, 3965) 98719.0
(3794, 3795, 3796) 51858.0
(2156, 2157, 2158) 62332.0
(102, 103, 104) 97051.0
(7121, 7122, 7123) 63334.0
(4238, 4239, 4240) 67426.0
(9086, 9087, 9088) 78401.0
(9079, 9080, 9081) 53811.0
(5115, 5116, 5117) 66426.0
(4860, 4861, 4862) 72683.0
(1894, 1895, 1896) 66413.0
(3974, 3975, 3976) 74457.0
(9327, 9328, 9329) 91381.0
(8944, 8945, 8946) 65610.0
(940, 941, 942) 78747.0
(4832, 4833, 4834) 84534.0
(534, 535, 536) 70747.0
(2555, 2556, 2557) 76337.0
(762, 763, 764) 85980.0
(5193, 5194, 5195) 54439.0
(4579, 4580, 4581) 68808.0
(5180, 5181, 5182) 83732.0
(7463, 7464, 7465) 73586.0
(9880, 9881, 9882) 57062.0
(7485, 7486, 7487) 63764.0
(2161, 2162, 2163) 68806.0
(5394, 5395, 5396) 67181.0
(2244, 2245, 2246) 79739.0
(1592, 1593, 1594) 69235.0
(3033, 3034, 3035) 64564.0
(8150, 8151, 8152) 60345.0
(3301, 3302, 3303) 90086.0
(7933, 7934, 7935) 82942.0
(3847, 3848, 3849) 81981.0
(6413, 6414, 6415) 74383.0
(2892, 2893, 2894) 78762.0
(6681, 6682, 6683) 82319.0
(4080, 4081, 4082) 81491.0
(9939, 9940, 9941) 63969.0
(8989, 8990, 8991) 83355.0
(5756, 5757, 5758) 79050.0
(6630, 6631, 6632) 69641.0
(992, 993, 994) 67453.0
(4123, 4124, 4125) 71322.0
(1783, 1784, 1785) 70348.0
(3931, 3932, 3933) 76192.0
(4363, 4364, 4365) 71095.0
(7864, 7865, 7866) 56021.0
(1781, 1782, 1783) 76010.0
(652, 653, 654) 81855.0
(9789, 9790, 9791) 70407.0
(9936, 9937, 9938) 64419.0
(6048, 6049, 6050) 81002.0
(6269, 6270, 6271) 74677.0
(3697, 3698, 3699) 92439.0
(3022, 3023, 3024) 60808.0
