(6392, 6393, 6394) 104302.0
(943, 944, 945) 88191.0
(8631, 8632, 8633) 78642.0
(9307, 9308, 9309) 93575.0
(7855, 7856, 7857) 91413.0
(2988, 2989, 2990) 90973.0
(7467, 7468, 7469) 69692.0
(2437, 2438, 2439) 93670.0
(9196, 9197, 9198) 84175.0
(3359, 3360, 3361) 84270.0
(6815, 6816, 6817) 80907.0
(9303, 9304, 9305) 72009.0
(257, 258, 259) 81056.0
(3680, 3681, 3682) 75780.0
(5411, 5412, 5413) 63672.0
(1516, 1517, 1518) 90650.0
(3057, 3058, 3059) 94031.0
(5567, 5568, 5569) 74430.0
(2621, 2622, 2623) 65651.0
(2911, 2912, 2913) 75923.0
(6662, 6663, 6664) 79231.0
(9406, 9407, 9408) 82921.0
(5545, 5546, 5547) 86544.0
(9079, 9080, 9081) 69656.0
(194, 195, 196) 62186.0
(3553, 3554, 3555) 100764.0
(7338, 7339, 7340) 93786.0
(7921, 7922, 7923) 77310.0
(507, 508, 509) 83729.0
(9844, 9845, 9846) 79766.0
(1230, 1231, 1232) 86205.0
(131, 132, 133) 96421.0
(2467, 2468, 2469) 85615.0
(707, 708, 709) 75488.0
(5686, 5687, 5688) 95881.0
(394, 395, 396) 115315.0
(1460, 1461, 1462) 69691.0
(7091, 7092, 7093) 86248.0
(1981, 1982, 1983) 88041.0
(6103, 6104, 6105) 87353.0
(9555, 9556, 9557) 74749.0
(4076, 4077, 4078) 79326.0
(8334, 8335, 8336) 68775.0
(1455, 1456, 1457) 95753.0
(4156, 4157, 4158) 66978.0
(5324, 5325, 5326) 84485.0
(6348, 6349, 6350) 96148.0
(4220, 4221, 4222) 61050.0
(7832, 7833, 7834) 76853.0
(7986, 7987, 7988) 68229.0
(7200, 7201, 7202) 82392.0
(5390, 5391, 5392) 69061.0
(2599, 2600, 2601) 67438.0
(9481, 9482, 9483) 75969.0
(2861, 2862, 2863) 82628.0
(209, 210, 211) 93126.0
(327, 328, 329) 82833.0
(8507, 8508, 8509) 76601.0
(9399, 9400, 9401) 64541.0
(1884, 1885, 1886) 70006.0
(5726, 5727, 5728) 80305.0
(2226, 2227, 2228) 75090.0
(8172, 8173, 8174) 84206.0
(7237, 7238, 7239) 76089.0
(8465, 8466, 8467) 72146.0
(5856, 5857, 5858) 92762.0
(5078, 5079, 5080) 84535.0
(3227, 3228, 3229) 73626.0
(1399, 1400, 1401) 78822.0
(100, 101, 102) 91358.0
(3625, 3626, 3627) 91705.0
(9350, 9351, 9352) 95190.0
(3272, 3273, 3274) 93930.0
(4333, 4334, 4335) 80818.0
(8891, 8892, 8893) 89575.0
(772, 773, 774) 74048.0
(2715, 2716, 2717) 98056.0
(5342, 5343, 5344) 58818.0
(4430, 4431, 4432) 91808.0
(4988, 4989, 4990) 68442.0
(9370, 9371, 9372) 72307.0
(8278, 8279, 8280) 64198.0
(6802, 6803, 6804) 116437.0
(1599, 1600, 1601) 76057.0
(180, 181, 182) 67208.0
(9581, 9582, 9583) 82017.0
(6621, 6622, 6623) 80535.0
(9924, 9925, 9926) 83565.0
(9791, 9792, 9793) 81725.0
(7480, 7481, 7482) 79241.0
(3495, 3496, 3497) 70313.0
(1180, 1181, 1182) 82793.0
(7889, 7890, 7891) 61343.0
(2758, 2759, 2760) 93965.0
(8588, 8589, 8590) 88383.0
(9011, 9012, 9013) 63761.0
(3768, 3769, 3770) 69467.0
(2712, 2713, 2714) 95390.0
(640, 641, 642) 90602.0
(5791, 5792, 5793) 86940.0
(1312, 1313, 1314) 83110.0
