(4653, 4654, 4655) 71250.0
(6235, 6236, 6237) 117084.0
(7792, 7793, 7794) 75652.0
(5740, 5741, 5742) 84328.0
(3945, 3946, 3947) 90662.0
(6350, 6351, 6352) 110355.0
(8658, 8659, 8660) 73789.0
(6993, 6994, 6995) 76184.0
(4196, 4197, 4198) 92257.0
(4355, 4356, 4357) 91865.0
(1398, 1399, 1400) 88266.0
(515, 516, 517) 109387.0
(7064, 7065, 7066) 81048.0
(1410, 1411, 1412) 96411.0
(2901, 2902, 2903) 87935.0
(3302, 3303, 3304) 113922.0
(8367, 8368, 8369) 87599.0
(7865, 7866, 7867) 104059.0
(4024, 4025, 4026) 85830.0
(3023, 3024, 3025) 105838.0
(2523, 2524, 2525) 67291.0
(9409, 9410, 9411) 81525.0
(2439, 2440, 2441) 70593.0
(697, 698, 699) 89357.0
(6521, 6522, 6523) 85468.0
(8999, 9000, 9001) 79122.0
(4457, 4458, 4459) 74943.0
(105, 106, 107) 70423.0
(4132, 4133, 4134) 83510.0
(3820, 3821, 3822) 77636.0
(6989, 6990, 6991) 94141.0
(1780, 1781, 1782) 66443.0
(7621, 7622, 7623) 85578.0
(9118, 9119, 9120) 99808.0
(6294, 6295, 6296) 82335.0
(2032, 2033, 2034) 65308.0
(3593, 3594, 3595) 64404.0
(8186, 8187, 8188) 85303.0
(9758, 9759, 9760) 87776.0
(9118, 9119, 9120) 99808.0
(7170, 7171, 7172) 92220.0
(2947, 2948, 2949) 86272.0
(3190, 3191, 3192) 89554.0
(6307, 6308, 6309) 90718.0
(7589, 7590, 7591) 106475.0
(9252, 9253, 9254) 71898.0
(8383, 8384, 8385) 98304.0
(8710, 8711, 8712) 79238.0
(8910, 8911, 8912) 102488.0
(8114, 8115, 8116) 76378.0
(2704, 2705, 2706) 79972.0
(711, 712, 713) 75883.0
(9918, 9919, 9920) 56060.0
(9824, 9825, 9826) 92119.0
(1064, 1065, 1066) 75508.0
(9080, 9081, 9082) 68000.0
(9340, 9341, 9342) 91509.0
(4194, 4195, 4196) 86511.0
(3347, 3348, 3349) 69149.0
(4207, 4208, 4209) 61411.0
(1364, 1365, 1366) 90023.0
(7757, 7758, 7759) 81962.0
(462, 463, 464) 86707.0
(6179, 6180, 6181) 97174.0
(8785, 8786, 8787) 124114.0
(4440, 4441, 4442) 82667.0
(9725, 9726, 9727) 73636.0
(5911, 5912, 5913) 70963.0
(4490, 4491, 4492) 94195.0
(2690, 2691, 2692) 75466.0
(3595, 3596, 3597) 74733.0
(9801, 9802, 9803) 69510.0
(6534, 6535, 6536) 78865.0
(5268, 5269, 5270) 74149.0
(4237, 4238, 4239) 77707.0
(3091, 3092, 3093) 74992.0
(3388, 3389, 3390) 89332.0
(8411, 8412, 8413) 78960.0
(253, 254, 255) 68871.0
(2811, 2812, 2813) 73869.0
(4244, 4245, 4246) 79327.0
(9966, 9967, 9968) 101298.0
(9838, 9839, 9840) 89315.0
(3004, 3005, 3006) 84177.0
(1199, 1200, 1201) 83765.0
(1401, 1402, 1403) 89055.0
(5972, 5973, 5974) 96106.0
(9010, 9011, 9012) 68333.0
(350, 351, 352) 87058.0
(8928, 8929, 8930) 72571.0
(9108, 9109, 9110) 79701.0
(4779, 4780, 4781) 82153.0
(9612, 9613, 9614) 79460.0
(9644, 9645, 9646) 76660.0
(9448, 9449, 9450) 81821.0
(2944, 2945, 2946) 105304.0
(2198, 2199, 2200) 80545.0
(7414, 7415, 7416) 77503.0
(1047, 1048, 1049) 98833.0
(5479, 5480, 5481) 67260.0
(5547, 5548, 5549) 74044.0
