(753, 754, 755) 94350.0
(1585, 1586, 1587) 93299.0
(6646, 6647, 6648) 82900.0
(2671, 2672, 2673) 88937.0
(2860, 2861, 2862) 114659.0
(1667, 1668, 1669) 78103.0
(6957, 6958, 6959) 95176.0
(7349, 7350, 7351) 80568.0
(1779, 1780, 1781) 73876.0
(2571, 2572, 2573) 86934.0
(7454, 7455, 7456) 98963.0
(4561, 4562, 4563) 110944.0
(3736, 3737, 3738) 89011.0
(2209, 2210, 2211) 71512.0
(4710, 4711, 4712) 109571.0
(366, 367, 368) 81485.0
(6527, 6528, 6529) 65834.0
(4, 5, 6) 82960.0
(1613, 1614, 1615) 84701.0
(3884, 3885, 3886) 84575.0
(2069, 2070, 2071) 84237.0
(3836, 3837, 3838) 102205.0
(8364, 8365, 8366) 99949.0
(2114, 2115, 2116) 106910.0
(9880, 9881, 9882) 65760.0
(2536, 2537, 2538) 92670.0
(3393, 3394, 3395) 76502.0
(3950, 3951, 3952) 94698.0
(168, 169, 170) 79685.0
(6672, 6673, 6674) 101646.0
(6374, 6375, 6376) 87174.0
(8011, 8012, 8013) 85700.0
(5990, 5991, 5992) 101785.0
(4703, 4704, 4705) 87813.0
(1321, 1322, 1323) 98005.0
(5829, 5830, 5831) 104411.0
(4013, 4014, 4015) 81651.0
(3111, 3112, 3113) 94300.0
(868, 869, 870) 73330.0
(8159, 8160, 8161) 71016.0
(7404, 7405, 7406) 83647.0
(759, 760, 761) 84835.0
(7527, 7528, 7529) 81385.0
(627, 628, 629) 77225.0
(7931, 7932, 7933) 97553.0
(342, 343, 344) 104639.0
(5305, 5306, 5307) 79703.0
(75, 76, 77) 100020.0
(989, 990, 991) 87396.0
(3149, 3150, 3151) 75321.0
(4276, 4277, 4278) 93312.0
(3569, 3570, 3571) 93203.0
(7715, 7716, 7717) 88032.0
(1821, 1822, 1823) 108047.0
(8272, 8273, 8274) 90712.0
(1638, 1639, 1640) 114419.0
(6525, 6526, 6527) 84162.0
(6022, 6023, 6024) 83792.0
(8060, 8061, 8062) 85197.0
(9781, 9782, 9783) 69858.0
(3337, 3338, 3339) 103828.0
(382, 383, 384) 96701.0
(1621, 1622, 1623) 88219.0
(3083, 3084, 3085) 79470.0
(1991, 1992, 1993) 81935.0
(4370, 4371, 4372) 103523.0
(8978, 8979, 8980) 111276.0
(962, 963, 964) 94811.0
(4982, 4983, 4984) 81330.0
(7265, 7266, 7267) 83485.0
(1155, 1156, 1157) 94060.0
(5663, 5664, 5665) 77599.0
(6913, 6914, 6915) 81042.0
(4483, 4484, 4485) 98645.0
(6687, 6688, 6689) 86012.0
(5440, 5441, 5442) 86725.0
(7977, 7978, 7979) 77227.0
(9265, 9266, 9267) 96478.0
(5667, 5668, 5669) 93503.0
(8520, 8521, 8522) 95089.0
(8291, 8292, 8293) 90200.0
(8917, 8918, 8919) 83742.0
(4885, 4886, 4887) 78640.0
(6733, 6734, 6735) 98319.0
(5106, 5107, 5108) 142186.0
(8590, 8591, 8592) 70944.0
(3036, 3037, 3038) 116083.0
(5764, 5765, 5766) 90682.0
(768, 769, 770) 91512.0
(8635, 8636, 8637) 87033.0
(9762, 9763, 9764) 87786.0
(6288, 6289, 6290) 82318.0
(8809, 8810, 8811) 98279.0
(858, 859, 860) 83951.0
(1642, 1643, 1644) 100373.0
(8769, 8770, 8771) 101047.0
(7650, 7651, 7652) 92954.0
(959, 960, 961) 64836.0
(8209, 8210, 8211) 115730.0
(9848, 9849, 9850) 94173.0
(3420, 3421, 3422) 70506.0
