(113, 114, 115) 96543.0
(8609, 8610, 8611) 114422.0
(1281, 1282, 1283) 85845.0
(9572, 9573, 9574) 86831.0
(5685, 5686, 5687) 85374.0
(6329, 6330, 6331) 79710.0
(8486, 8487, 8488) 69763.0
(8273, 8274, 8275) 84801.0
(2317, 2318, 2319) 87971.0
(8194, 8195, 8196) 96637.0
(3312, 3313, 3314) 141999.0
(2197, 2198, 2199) 89717.0
(3431, 3432, 3433) 76750.0
(8046, 8047, 8048) 101252.0
(4319, 4320, 4321) 93344.0
(2491, 2492, 2493) 83875.0
(6133, 6134, 6135) 95427.0
(5277, 5278, 5279) 85608.0
(2682, 2683, 2684) 80689.0
(2386, 2387, 2388) 73207.0
(312, 313, 314) 97498.0
(490, 491, 492) 72521.0
(3012, 3013, 3014) 78825.0
(7419, 7420, 7421) 92858.0
(5960, 5961, 5962) 99213.0
(9146, 9147, 9148) 106186.0
(7206, 7207, 7208) 91366.0
(4613, 4614, 4615) 88460.0
(954, 955, 956) 81104.0
(688, 689, 690) 63598.0
(5246, 5247, 5248) 68632.0
(2063, 2064, 2065) 111312.0
(2396, 2397, 2398) 81260.0
(5, 6, 7) 91835.0
(1131, 1132, 1133) 86890.0
(9970, 9971, 9972) 106471.0
(2091, 2092, 2093) 85735.0
(556, 557, 558) 97996.0
(9531, 9532, 9533) 105564.0
(858, 859, 860) 87556.0
(567, 568, 569) 119015.0
(8225, 8226, 8227) 86875.0
(6139, 6140, 6141) 104815.0
(4838, 4839, 4840) 65822.0
(4980, 4981, 4982) 102904.0
(8, 9, 10) 80833.0
(5109, 5110, 5111) 94189.0
(3993, 3994, 3995) 102440.0
(2198, 2199, 2200) 91703.0
(748, 749, 750) 73198.0
(1251, 1252, 1253) 119061.0
(8574, 8575, 8576) 67735.0
(3896, 3897, 3898) 91872.0
(9091, 9092, 9093) 91824.0
(9036, 9037, 9038) 98982.0
(4123, 4124, 4125) 91958.0
(8504, 8505, 8506) 104250.0
(7823, 7824, 7825) 91572.0
(7721, 7722, 7723) 83082.0
(7230, 7231, 7232) 89881.0
(8547, 8548, 8549) 92884.0
(5452, 5453, 5454) 88983.0
(453, 454, 455) 97044.0
(5703, 5704, 5705) 93988.0
(7681, 7682, 7683) 91494.0
(710, 711, 712) 81457.0
(2004, 2005, 2006) 90700.0
(1954, 1955, 1956) 79939.0
(7847, 7848, 7849) 103566.0
(1889, 1890, 1891) 141530.0
(7667, 7668, 7669) 96410.0
(9970, 9971, 9972) 106471.0
(7259, 7260, 7261) 111070.0
(7337, 7338, 7339) 103009.0
(1481, 1482, 1483) 124866.0
(4494, 4495, 4496) 93895.0
(316, 317, 318) 79296.0
(6770, 6771, 6772) 90880.0
(434, 435, 436) 108743.0
(6739, 6740, 6741) 75803.0
(6768, 6769, 6770) 93014.0
(9211, 9212, 9213) 104424.0
(2184, 2185, 2186) 84887.0
(1830, 1831, 1832) 100994.0
(7990, 7991, 7992) 100881.0
(8109, 8110, 8111) 81796.0
(1969, 1970, 1971) 80084.0
(2137, 2138, 2139) 72827.0
(3401, 3402, 3403) 106443.0
(7328, 7329, 7330) 86182.0
(5746, 5747, 5748) 96141.0
(3176, 3177, 3178) 99174.0
(3561, 3562, 3563) 96351.0
(4534, 4535, 4536) 101666.0
(6456, 6457, 6458) 85264.0
(6973, 6974, 6975) 93841.0
(8967, 8968, 8969) 126027.0
(7541, 7542, 7543) 114397.0
(118, 119, 120) 86386.0
(4104, 4105, 4106) 106035.0
(8473, 8474, 8475) 87529.0
