(2550, 2551, 2552) 112335.0
(3468, 3469, 3470) 102543.0
(4902, 4903, 4904) 109748.0
(1446, 1447, 1448) 92845.0
(2350, 2351, 2352) 112904.0
(4735, 4736, 4737) 73777.0
(7978, 7979, 7980) 124733.0
(6616, 6617, 6618) 92582.0
(2456, 2457, 2458) 92043.0
(4636, 4637, 4638) 84242.0
(1675, 1676, 1677) 106241.0
(6915, 6916, 6917) 121750.0
(5598, 5599, 5600) 100673.0
(8422, 8423, 8424) 114337.0
(6063, 6064, 6065) 100862.0
(6637, 6638, 6639) 98037.0
(2885, 2886, 2887) 102971.0
(4254, 4255, 4256) 83463.0
(9307, 9308, 9309) 120724.0
(5148, 5149, 5150) 135254.0
(9313, 9314, 9315) 114113.0
(9929, 9930, 9931) 88736.0
(9640, 9641, 9642) 123977.0
(9354, 9355, 9356) 81672.0
(5895, 5896, 5897) 91385.0
(4946, 4947, 4948) 89558.0
(5815, 5816, 5817) 76312.0
(9802, 9803, 9804) 97289.0
(9626, 9627, 9628) 110901.0
(9885, 9886, 9887) 115898.0
(3642, 3643, 3644) 91958.0
(9744, 9745, 9746) 96205.0
(2926, 2927, 2928) 99607.0
(2158, 2159, 2160) 97455.0
(4711, 4712, 4713) 110257.0
(9692, 9693, 9694) 117295.0
(564, 565, 566) 87483.0
(4627, 4628, 4629) 108277.0
(8357, 8358, 8359) 99178.0
(5266, 5267, 5268) 108567.0
(7954, 7955, 7956) 102217.0
(8248, 8249, 8250) 108278.0
(3461, 3462, 3463) 86863.0
(4026, 4027, 4028) 123452.0
(4959, 4960, 4961) 92533.0
(2520, 2521, 2522) 100359.0
(367, 368, 369) 116551.0
(707, 708, 709) 99283.0
(6124, 6125, 6126) 99780.0
(8247, 8248, 8249) 88430.0
(1368, 1369, 1370) 112808.0
(9732, 9733, 9734) 68612.0
(9503, 9504, 9505) 85352.0
(9223, 9224, 9225) 108371.0
(2604, 2605, 2606) 110996.0
(9630, 9631, 9632) 91941.0
(1301, 1302, 1303) 111388.0
(8662, 8663, 8664) 100996.0
(8467, 8468, 8469) 95958.0
(9989, 9990, 9991) 91424.0
(2227, 2228, 2229) 110941.0
(9091, 9092, 9093) 95566.0
(6612, 6613, 6614) 93078.0
(5245, 5246, 5247) 92854.0
(702, 703, 704) 129334.0
(9274, 9275, 9276) 117114.0
(5068, 5069, 5070) 120445.0
(6537, 6538, 6539) 105238.0
(2494, 2495, 2496) 99614.0
(4498, 4499, 4500) 128971.0
(2893, 2894, 2895) 93658.0
(4503, 4504, 4505) 112896.0
(7013, 7014, 7015) 88529.0
(9377, 9378, 9379) 112304.0
(4580, 4581, 4582) 112364.0
(6589, 6590, 6591) 94216.0
(2679, 2680, 2681) 110693.0
(9456, 9457, 9458) 102999.0
(3410, 3411, 3412) 93453.0
(5224, 5225, 5226) 112916.0
(8745, 8746, 8747) 94400.0
(1106, 1107, 1108) 116765.0
(4710, 4711, 4712) 115683.0
(1368, 1369, 1370) 112808.0
(7032, 7033, 7034) 109371.0
(4911, 4912, 4913) 85304.0
(4883, 4884, 4885) 94886.0
(2034, 2035, 2036) 114855.0
(7086, 7087, 7088) 90406.0
(1884, 1885, 1886) 85898.0
(1535, 1536, 1537) 104309.0
(6148, 6149, 6150) 95588.0
(2855, 2856, 2857) 104013.0
(4508, 4509, 4510) 97566.0
(3644, 3645, 3646) 91680.0
(9874, 9875, 9876) 86602.0
(5317, 5318, 5319) 95196.0
(7472, 7473, 7474) 94044.0
(9479, 9480, 9481) 86820.0
(419, 420, 421) 116628.0
(7935, 7936, 7937) 106980.0
