(5159, 5160, 5161) 4161.0
(1698, 1699, 1700) 3498.0
(8274, 8275, 8276) 4490.0
(5341, 5342, 5343) 4547.0
(1691, 1692, 1693) 3824.0
(2120, 2121, 2122) 3381.0
(9345, 9346, 9347) 3519.0
(8078, 8079, 8080) 4297.0
(2, 3, 4) 4798.0
(1070, 1071, 1072) 3994.0
(8806, 8807, 8808) 4315.0
(3509, 3510, 3511) 4787.0
(7649, 7650, 7651) 3992.0
(716, 717, 718) 3700.0
(6939, 6940, 6941) 2554.0
(9124, 9125, 9126) 3062.0
(6313, 6314, 6315) 3227.0
(7202, 7203, 7204) 3741.0
(7112, 7113, 7114) 4604.0
(2070, 2071, 2072) 5695.0
(605, 606, 607) 4772.0
(8943, 8944, 8945) 3084.0
(9043, 9044, 9045) 3826.0
(5896, 5897, 5898) 4974.0
(9218, 9219, 9220) 3663.0
(2083, 2084, 2085) 3136.0
(2348, 2349, 2350) 5795.0
(2406, 2407, 2408) 3885.0
(2309, 2310, 2311) 4964.0
(7565, 7566, 7567) 5231.0
(6091, 6092, 6093) 3828.0
(8788, 8789, 8790) 2512.0
(8946, 8947, 8948) 4301.0
(6302, 6303, 6304) 3779.0
(9421, 9422, 9423) 4108.0
(2486, 2487, 2488) 4218.0
(3432, 3433, 3434) 3022.0
(6724, 6725, 6726) 3064.0
(2493, 2494, 2495) 4962.0
(645, 646, 647) 2879.0
(132, 133, 134) 4246.0
(9818, 9819, 9820) 3971.0
(5927, 5928, 5929) 7178.0
(1767, 1768, 1769) 4693.0
(3846, 3847, 3848) 4931.0
(5019, 5020, 5021) 4165.0
(6503, 6504, 6505) 5861.0
(8616, 8617, 8618) 4335.0
(1788, 1789, 1790) 3777.0
(4185, 4186, 4187) 6180.0
(2547, 2548, 2549) 5672.0
(9547, 9548, 9549) 2987.0
(6686, 6687, 6688) 4281.0
(1820, 1821, 1822) 4100.0
(3769, 3770, 3771) 3653.0
(8588, 8589, 8590) 4302.0
(5874, 5875, 5876) 3938.0
(5798, 5799, 5800) 4122.0
(7580, 7581, 7582) 4353.0
(8533, 8534, 8535) 4890.0
(3951, 3952, 3953) 4094.0
(7671, 7672, 7673) 6145.0
(2196, 2197, 2198) 4855.0
(8919, 8920, 8921) 3592.0
(4613, 4614, 4615) 2646.0
(3839, 3840, 3841) 5303.0
(447, 448, 449) 5331.0
(3832, 3833, 3834) 3841.0
(5400, 5401, 5402) 2948.0
(4110, 4111, 4112) 5146.0
(3935, 3936, 3937) 4696.0
(5472, 5473, 5474) 4010.0
(7512, 7513, 7514) 3915.0
(8353, 8354, 8355) 6195.0
(874, 875, 876) 4365.0
(4719, 4720, 4721) 3753.0
(4342, 4343, 4344) 4321.0
(759, 760, 761) 4765.0
(6291, 6292, 6293) 3446.0
(4008, 4009, 4010) 3747.0
(8137, 8138, 8139) 3690.0
(8809, 8810, 8811) 2185.0
(8479, 8480, 8481) 3088.0
(7692, 7693, 7694) 2276.0
(8350, 8351, 8352) 5118.0
(7502, 7503, 7504) 4997.0
(3161, 3162, 3163) 4934.0
(2735, 2736, 2737) 3848.0
(58, 59, 60) 4028.0
(1050, 1051, 1052) 6572.0
(7024, 7025, 7026) 3753.0
(9764, 9765, 9766) 7330.0
(7046, 7047, 7048) 3255.0
(9255, 9256, 9257) 4158.0
(1479, 1480, 1481) 3470.0
(5534, 5535, 5536) 3338.0
(6144, 6145, 6146) 3072.0
(2396, 2397, 2398) 2920.0
(3668, 3669, 3670) 2998.0
(8082, 8083, 8084) 4864.0
(7621, 7622, 7623) 5099.0
