(9677, 9678, 9679) 128042.0
(9680, 9681, 9682) 115526.0
(6487, 6488, 6489) 102304.0
(9303, 9304, 9305) 97562.0
(9069, 9070, 9071) 103915.0
(3614, 3615, 3616) 111598.0
(8221, 8222, 8223) 102683.0
(1426, 1427, 1428) 88704.0
(4500, 4501, 4502) 90288.0
(8652, 8653, 8654) 103395.0
(3011, 3012, 3013) 119620.0
(4902, 4903, 4904) 114270.0
(2437, 2438, 2439) 135191.0
(5276, 5277, 5278) 99964.0
(2787, 2788, 2789) 94026.0
(9375, 9376, 9377) 100122.0
(2065, 2066, 2067) 119428.0
(7292, 7293, 7294) 103470.0
(3862, 3863, 3864) 122835.0
(5424, 5425, 5426) 95219.0
(2811, 2812, 2813) 92568.0
(8744, 8745, 8746) 120483.0
(9731, 9732, 9733) 96687.0
(7286, 7287, 7288) 86794.0
(1018, 1019, 1020) 118954.0
(4467, 4468, 4469) 120960.0
(3744, 3745, 3746) 122763.0
(1204, 1205, 1206) 114275.0
(2112, 2113, 2114) 107815.0
(634, 635, 636) 101386.0
(3901, 3902, 3903) 110219.0
(4149, 4150, 4151) 102926.0
(5822, 5823, 5824) 143386.0
(2968, 2969, 2970) 120325.0
(857, 858, 859) 97861.0
(5609, 5610, 5611) 121935.0
(2987, 2988, 2989) 113761.0
(1982, 1983, 1984) 105655.0
(276, 277, 278) 117943.0
(3423, 3424, 3425) 102271.0
(1389, 1390, 1391) 115005.0
(4213, 4214, 4215) 89933.0
(8282, 8283, 8284) 101057.0
(6687, 6688, 6689) 106129.0
(6295, 6296, 6297) 90483.0
(8135, 8136, 8137) 77850.0
(4076, 4077, 4078) 104323.0
(5259, 5260, 5261) 116194.0
(5462, 5463, 5464) 78244.0
(1128, 1129, 1130) 121560.0
(4725, 4726, 4727) 88034.0
(2622, 2623, 2624) 106659.0
(3851, 3852, 3853) 137635.0
(8640, 8641, 8642) 120851.0
(6675, 6676, 6677) 112655.0
(4906, 4907, 4908) 82669.0
(163, 164, 165) 102952.0
(9791, 9792, 9793) 100196.0
(9540, 9541, 9542) 151966.0
(8371, 8372, 8373) 87895.0
(540, 541, 542) 109382.0
(1496, 1497, 1498) 99562.0
(9232, 9233, 9234) 124163.0
(2538, 2539, 2540) 120856.0
(7237, 7238, 7239) 97949.0
(916, 917, 918) 90086.0
(447, 448, 449) 102523.0
(1251, 1252, 1253) 126865.0
(481, 482, 483) 91543.0
(2544, 2545, 2546) 124501.0
(2378, 2379, 2380) 99819.0
(6415, 6416, 6417) 104620.0
(858, 859, 860) 96383.0
(5957, 5958, 5959) 103425.0
(400, 401, 402) 96649.0
(9282, 9283, 9284) 146488.0
(4409, 4410, 4411) 116199.0
(9569, 9570, 9571) 99498.0
(4443, 4444, 4445) 94052.0
(8983, 8984, 8985) 99789.0
(5382, 5383, 5384) 116733.0
(4794, 4795, 4796) 86409.0
(558, 559, 560) 128432.0
(333, 334, 335) 105069.0
(3205, 3206, 3207) 118180.0
(1149, 1150, 1151) 114544.0
(9654, 9655, 9656) 94576.0
(4889, 4890, 4891) 109077.0
(6184, 6185, 6186) 106952.0
(6623, 6624, 6625) 118245.0
(5863, 5864, 5865) 113772.0
(9366, 9367, 9368) 107106.0
(6311, 6312, 6313) 104085.0
(1038, 1039, 1040) 102938.0
(467, 468, 469) 78535.0
(7842, 7843, 7844) 76164.0
(2897, 2898, 2899) 95691.0
(2611, 2612, 2613) 98633.0
(8020, 8021, 8022) 93711.0
(8158, 8159, 8160) 108294.0
(5622, 5623, 5624) 98295.0
