(6365, 6366, 6367) 133435.0
(7728, 7729, 7730) 105722.0
(7642, 7643, 7644) 96389.0
(275, 276, 277) 127176.0
(1538, 1539, 1540) 90109.0
(8834, 8835, 8836) 116240.0
(3976, 3977, 3978) 93453.0
(5974, 5975, 5976) 121076.0
(9782, 9783, 9784) 115573.0
(8383, 8384, 8385) 121737.0
(8210, 8211, 8212) 137931.0
(1740, 1741, 1742) 106616.0
(823, 824, 825) 116648.0
(6232, 6233, 6234) 87885.0
(8218, 8219, 8220) 110568.0
(7552, 7553, 7554) 89928.0
(4722, 4723, 4724) 86678.0
(1658, 1659, 1660) 144675.0
(2194, 2195, 2196) 110884.0
(741, 742, 743) 90265.0
(3987, 3988, 3989) 102636.0
(6935, 6936, 6937) 98495.0
(6974, 6975, 6976) 102195.0
(5081, 5082, 5083) 102713.0
(9895, 9896, 9897) 102047.0
(182, 183, 184) 128009.0
(8037, 8038, 8039) 100827.0
(6928, 6929, 6930) 133347.0
(1226, 1227, 1228) 131566.0
(6275, 6276, 6277) 102777.0
(8432, 8433, 8434) 123596.0
(7499, 7500, 7501) 92059.0
(2723, 2724, 2725) 97287.0
(4132, 4133, 4134) 112121.0
(2047, 2048, 2049) 97953.0
(6220, 6221, 6222) 106260.0
(1611, 1612, 1613) 118149.0
(7933, 7934, 7935) 133230.0
(9897, 9898, 9899) 106532.0
(2787, 2788, 2789) 98005.0
(1349, 1350, 1351) 103277.0
(8189, 8190, 8191) 113836.0
(9927, 9928, 9929) 117014.0
(6842, 6843, 6844) 104660.0
(5895, 5896, 5897) 102232.0
(208, 209, 210) 112401.0
(4860, 4861, 4862) 103753.0
(7197, 7198, 7199) 132720.0
(6961, 6962, 6963) 102340.0
(411, 412, 413) 103518.0
(16, 17, 18) 114958.0
(9349, 9350, 9351) 110227.0
(5763, 5764, 5765) 135101.0
(2843, 2844, 2845) 121945.0
(6163, 6164, 6165) 109063.0
(8341, 8342, 8343) 89558.0
(1700, 1701, 1702) 119514.0
(7729, 7730, 7731) 129704.0
(3171, 3172, 3173) 132393.0
(9518, 9519, 9520) 84829.0
(9755, 9756, 9757) 95331.0
(1579, 1580, 1581) 118074.0
(8069, 8070, 8071) 80845.0
(5400, 5401, 5402) 101913.0
(1549, 1550, 1551) 114533.0
(5386, 5387, 5388) 112318.0
(5785, 5786, 5787) 97078.0
(2877, 2878, 2879) 85598.0
(7291, 7292, 7293) 123145.0
(6234, 6235, 6236) 92067.0
(9283, 9284, 9285) 90616.0
(3373, 3374, 3375) 74718.0
(2306, 2307, 2308) 94777.0
(3795, 3796, 3797) 120488.0
(6338, 6339, 6340) 121188.0
(8944, 8945, 8946) 106753.0
(7652, 7653, 7654) 106602.0
(6978, 6979, 6980) 149853.0
(207, 208, 209) 130951.0
(6176, 6177, 6178) 122111.0
(978, 979, 980) 96746.0
(5307, 5308, 5309) 109547.0
(8903, 8904, 8905) 91766.0
(4128, 4129, 4130) 125661.0
(6915, 6916, 6917) 124976.0
(3459, 3460, 3461) 94982.0
(6153, 6154, 6155) 111717.0
(5110, 5111, 5112) 110677.0
(9301, 9302, 9303) 109995.0
(3273, 3274, 3275) 108837.0
(4862, 4863, 4864) 103948.0
(701, 702, 703) 127219.0
(1116, 1117, 1118) 111707.0
(240, 241, 242) 85889.0
(9220, 9221, 9222) 105266.0
(6471, 6472, 6473) 112295.0
(7487, 7488, 7489) 103864.0
(2619, 2620, 2621) 100015.0
(3723, 3724, 3725) 115244.0
(2230, 2231, 2232) 101217.0
(7886, 7887, 7888) 103770.0
