(4205, 4206, 4207) 143847.0
(1738, 1739, 1740) 99736.0
(6888, 6889, 6890) 114851.0
(5264, 5265, 5266) 155578.0
(567, 568, 569) 140685.0
(1834, 1835, 1836) 103595.0
(9228, 9229, 9230) 122570.0
(4668, 4669, 4670) 108763.0
(6463, 6464, 6465) 112927.0
(1600, 1601, 1602) 140243.0
(5246, 5247, 5248) 96688.0
(547, 548, 549) 108256.0
(8548, 8549, 8550) 120401.0
(57, 58, 59) 132252.0
(8458, 8459, 8460) 124206.0
(6173, 6174, 6175) 109169.0
(6795, 6796, 6797) 97718.0
(9388, 9389, 9390) 109337.0
(6090, 6091, 6092) 98127.0
(7880, 7881, 7882) 115301.0
(7121, 7122, 7123) 94841.0
(6949, 6950, 6951) 82433.0
(1451, 1452, 1453) 120015.0
(89, 90, 91) 102591.0
(5819, 5820, 5821) 104230.0
(4896, 4897, 4898) 133425.0
(6153, 6154, 6155) 115322.0
(3795, 3796, 3797) 131833.0
(1353, 1354, 1355) 139299.0
(874, 875, 876) 101630.0
(1900, 1901, 1902) 113921.0
(5390, 5391, 5392) 112501.0
(4316, 4317, 4318) 114499.0
(8516, 8517, 8518) 133389.0
(1899, 1900, 1901) 104674.0
(1797, 1798, 1799) 108048.0
(8035, 8036, 8037) 89829.0
(1366, 1367, 1368) 119485.0
(7202, 7203, 7204) 100419.0
(5009, 5010, 5011) 133443.0
(3111, 3112, 3113) 119000.0
(2468, 2469, 2470) 133863.0
(4724, 4725, 4726) 96195.0
(9782, 9783, 9784) 117248.0
(793, 794, 795) 92209.0
(7097, 7098, 7099) 143623.0
(4259, 4260, 4261) 110221.0
(5272, 5273, 5274) 128437.0
(9327, 9328, 9329) 125542.0
(518, 519, 520) 104736.0
(9947, 9948, 9949) 111450.0
(1114, 1115, 1116) 113122.0
(3013, 3014, 3015) 144033.0
(8557, 8558, 8559) 110247.0
(9123, 9124, 9125) 115906.0
(5287, 5288, 5289) 107593.0
(4228, 4229, 4230) 127094.0
(9921, 9922, 9923) 98508.0
(5844, 5845, 5846) 139173.0
(3479, 3480, 3481) 107256.0
(4067, 4068, 4069) 128545.0
(1509, 1510, 1511) 99074.0
(5535, 5536, 5537) 87589.0
(1794, 1795, 1796) 139674.0
(234, 235, 236) 127571.0
(823, 824, 825) 121731.0
(7717, 7718, 7719) 92755.0
(7188, 7189, 7190) 142166.0
(8934, 8935, 8936) 135470.0
(9887, 9888, 9889) 133590.0
(2518, 2519, 2520) 136638.0
(2085, 2086, 2087) 120805.0
(3078, 3079, 3080) 105605.0
(1200, 1201, 1202) 95135.0
(2393, 2394, 2395) 112582.0
(6512, 6513, 6514) 138905.0
(7348, 7349, 7350) 106767.0
(1230, 1231, 1232) 111645.0
(4715, 4716, 4717) 105768.0
(3521, 3522, 3523) 116771.0
(4755, 4756, 4757) 99526.0
(9891, 9892, 9893) 124080.0
(6552, 6553, 6554) 113396.0
(3114, 3115, 3116) 114501.0
(3909, 3910, 3911) 86421.0
(3621, 3622, 3623) 112444.0
(8610, 8611, 8612) 125307.0
(1940, 1941, 1942) 105767.0
(1040, 1041, 1042) 123551.0
(5924, 5925, 5926) 103654.0
(4204, 4205, 4206) 103155.0
(5475, 5476, 5477) 96688.0
(5749, 5750, 5751) 118582.0
(2119, 2120, 2121) 84070.0
(1094, 1095, 1096) 102998.0
(307, 308, 309) 113772.0
(5711, 5712, 5713) 107801.0
(1934, 1935, 1936) 118791.0
(1958, 1959, 1960) 146521.0
(9079, 9080, 9081) 104347.0
(2337, 2338, 2339) 122869.0
