(416, 417, 418) 130116.0
(2404, 2405, 2406) 98632.0
(7796, 7797, 7798) 105749.0
(6705, 6706, 6707) 131467.0
(6551, 6552, 6553) 155069.0
(8986, 8987, 8988) 135583.0
(9805, 9806, 9807) 110651.0
(8920, 8921, 8922) 101320.0
(8272, 8273, 8274) 122056.0
(8166, 8167, 8168) 120992.0
(5098, 5099, 5100) 109176.0
(8879, 8880, 8881) 131864.0
(3920, 3921, 3922) 137192.0
(385, 386, 387) 147203.0
(5796, 5797, 5798) 143261.0
(9587, 9588, 9589) 133118.0
(740, 741, 742) 128368.0
(5670, 5671, 5672) 112715.0
(3693, 3694, 3695) 125094.0
(5273, 5274, 5275) 157655.0
(450, 451, 452) 122823.0
(1426, 1427, 1428) 106730.0
(8274, 8275, 8276) 114704.0
(4323, 4324, 4325) 132742.0
(1790, 1791, 1792) 157220.0
(7141, 7142, 7143) 136009.0
(953, 954, 955) 135282.0
(8154, 8155, 8156) 131752.0
(4737, 4738, 4739) 124510.0
(9932, 9933, 9934) 124972.0
(2279, 2280, 2281) 110757.0
(6960, 6961, 6962) 127808.0
(2405, 2406, 2407) 87054.0
(5858, 5859, 5860) 92345.0
(5669, 5670, 5671) 128794.0
(6868, 6869, 6870) 126314.0
(3236, 3237, 3238) 105872.0
(2954, 2955, 2956) 144113.0
(9327, 9328, 9329) 140290.0
(7782, 7783, 7784) 157879.0
(599, 600, 601) 151181.0
(3076, 3077, 3078) 126248.0
(1073, 1074, 1075) 117754.0
(2582, 2583, 2584) 97195.0
(3882, 3883, 3884) 165346.0
(1835, 1836, 1837) 141148.0
(7108, 7109, 7110) 153058.0
(2848, 2849, 2850) 142955.0
(8659, 8660, 8661) 98863.0
(8709, 8710, 8711) 121268.0
(4852, 4853, 4854) 124630.0
(5440, 5441, 5442) 120137.0
(7597, 7598, 7599) 142761.0
(6633, 6634, 6635) 118668.0
(1376, 1377, 1378) 181685.0
(295, 296, 297) 185604.0
(9999, 10000, 10001) 120154.0
(2344, 2345, 2346) 158092.0
(8420, 8421, 8422) 117647.0
(327, 328, 329) 121775.0
(8051, 8052, 8053) 156667.0
(2369, 2370, 2371) 141433.0
(7698, 7699, 7700) 135108.0
(4870, 4871, 4872) 134191.0
(5437, 5438, 5439) 112210.0
(3674, 3675, 3676) 109977.0
(669, 670, 671) 146773.0
(8704, 8705, 8706) 127979.0
(6900, 6901, 6902) 117249.0
(9872, 9873, 9874) 117939.0
(749, 750, 751) 129556.0
(5404, 5405, 5406) 167969.0
(868, 869, 870) 93051.0
(8619, 8620, 8621) 148638.0
(7156, 7157, 7158) 149736.0
(8970, 8971, 8972) 140112.0
(6882, 6883, 6884) 97468.0
(3800, 3801, 3802) 132869.0
(3500, 3501, 3502) 101276.0
(7814, 7815, 7816) 104537.0
(3605, 3606, 3607) 106335.0
(1378, 1379, 1380) 105258.0
(9070, 9071, 9072) 138296.0
(130, 131, 132) 165015.0
(7496, 7497, 7498) 134543.0
(7441, 7442, 7443) 113876.0
(822, 823, 824) 148053.0
(5862, 5863, 5864) 118681.0
(1673, 1674, 1675) 140268.0
(3018, 3019, 3020) 146146.0
(3244, 3245, 3246) 132211.0
(2898, 2899, 2900) 119920.0
(3646, 3647, 3648) 84728.0
(4253, 4254, 4255) 123127.0
(2451, 2452, 2453) 114293.0
(1305, 1306, 1307) 113287.0
(1524, 1525, 1526) 98618.0
(2983, 2984, 2985) 144668.0
(8477, 8478, 8479) 114954.0
(7704, 7705, 7706) 106475.0
(1745, 1746, 1747) 137826.0
