(1023, 1024, 1025) 125668.0
(6533, 6534, 6535) 148576.0
(3462, 3463, 3464) 133001.0
(1527, 1528, 1529) 129238.0
(1292, 1293, 1294) 122341.0
(7135, 7136, 7137) 126328.0
(5733, 5734, 5735) 113616.0
(3118, 3119, 3120) 127488.0
(4053, 4054, 4055) 107553.0
(105, 106, 107) 117538.0
(8137, 8138, 8139) 127605.0
(2719, 2720, 2721) 130802.0
(4755, 4756, 4757) 107303.0
(7796, 7797, 7798) 108627.0
(5502, 5503, 5504) 140717.0
(4611, 4612, 4613) 109823.0
(3493, 3494, 3495) 115485.0
(6471, 6472, 6473) 138107.0
(564, 565, 566) 108791.0
(8376, 8377, 8378) 108503.0
(5129, 5130, 5131) 138871.0
(5658, 5659, 5660) 126505.0
(9064, 9065, 9066) 139597.0
(9352, 9353, 9354) 125125.0
(2157, 2158, 2159) 121384.0
(7429, 7430, 7431) 122022.0
(6595, 6596, 6597) 122664.0
(867, 868, 869) 133855.0
(3759, 3760, 3761) 125723.0
(6845, 6846, 6847) 112274.0
(6542, 6543, 6544) 140645.0
(4333, 4334, 4335) 143208.0
(5814, 5815, 5816) 144026.0
(7721, 7722, 7723) 107073.0
(1110, 1111, 1112) 165662.0
(5134, 5135, 5136) 163575.0
(4765, 4766, 4767) 164855.0
(2881, 2882, 2883) 97359.0
(7608, 7609, 7610) 146611.0
(3391, 3392, 3393) 132858.0
(1024, 1025, 1026) 109924.0
(7829, 7830, 7831) 133401.0
(4721, 4722, 4723) 127270.0
(9471, 9472, 9473) 110926.0
(5982, 5983, 5984) 141938.0
(7542, 7543, 7544) 112588.0
(8781, 8782, 8783) 121188.0
(8349, 8350, 8351) 99561.0
(9348, 9349, 9350) 151471.0
(4219, 4220, 4221) 144968.0
(3527, 3528, 3529) 100497.0
(4151, 4152, 4153) 121626.0
(7136, 7137, 7138) 111308.0
(2061, 2062, 2063) 112449.0
(6225, 6226, 6227) 118607.0
(3874, 3875, 3876) 125675.0
(5962, 5963, 5964) 114487.0
(7631, 7632, 7633) 173161.0
(3303, 3304, 3305) 131102.0
(8613, 8614, 8615) 144862.0
(2304, 2305, 2306) 102448.0
(2191, 2192, 2193) 128062.0
(3616, 3617, 3618) 150204.0
(5189, 5190, 5191) 102119.0
(2740, 2741, 2742) 92784.0
(2633, 2634, 2635) 165096.0
(6447, 6448, 6449) 121204.0
(546, 547, 548) 128781.0
(6752, 6753, 6754) 156962.0
(6801, 6802, 6803) 119071.0
(3757, 3758, 3759) 109052.0
(7921, 7922, 7923) 154255.0
(3123, 3124, 3125) 106092.0
(2996, 2997, 2998) 105986.0
(2842, 2843, 2844) 115322.0
(5884, 5885, 5886) 154603.0
(6143, 6144, 6145) 140517.0
(1085, 1086, 1087) 122679.0
(4897, 4898, 4899) 145451.0
(9068, 9069, 9070) 152742.0
(611, 612, 613) 156005.0
(761, 762, 763) 143437.0
(47, 48, 49) 113077.0
(9175, 9176, 9177) 148991.0
(722, 723, 724) 120317.0
(2094, 2095, 2096) 147129.0
(6430, 6431, 6432) 94699.0
(7896, 7897, 7898) 142241.0
(2003, 2004, 2005) 110606.0
(6347, 6348, 6349) 101980.0
(3478, 3479, 3480) 146676.0
(7523, 7524, 7525) 129691.0
(5232, 5233, 5234) 160127.0
(1000, 1001, 1002) 144788.0
(6913, 6914, 6915) 124671.0
(7793, 7794, 7795) 113897.0
(3141, 3142, 3143) 130029.0
(7668, 7669, 7670) 141362.0
(4358, 4359, 4360) 100902.0
(2026, 2027, 2028) 133961.0
(5955, 5956, 5957) 106891.0
