(1813, 1814, 1815) 120246.0
(8817, 8818, 8819) 149081.0
(7398, 7399, 7400) 142786.0
(1787, 1788, 1789) 135320.0
(3399, 3400, 3401) 150066.0
(8758, 8759, 8760) 149877.0
(4731, 4732, 4733) 151040.0
(3968, 3969, 3970) 124593.0
(3636, 3637, 3638) 160506.0
(1412, 1413, 1414) 130963.0
(4345, 4346, 4347) 119740.0
(6484, 6485, 6486) 168446.0
(4314, 4315, 4316) 134242.0
(5984, 5985, 5986) 164348.0
(3034, 3035, 3036) 151078.0
(5010, 5011, 5012) 139487.0
(3585, 3586, 3587) 138131.0
(1077, 1078, 1079) 156688.0
(6086, 6087, 6088) 145299.0
(6863, 6864, 6865) 178519.0
(1965, 1966, 1967) 107475.0
(1339, 1340, 1341) 109184.0
(6209, 6210, 6211) 155588.0
(2514, 2515, 2516) 138391.0
(9379, 9380, 9381) 140266.0
(6897, 6898, 6899) 160970.0
(80, 81, 82) 163759.0
(8514, 8515, 8516) 136392.0
(6725, 6726, 6727) 148558.0
(20, 21, 22) 109741.0
(8774, 8775, 8776) 155366.0
(4279, 4280, 4281) 139402.0
(1252, 1253, 1254) 158239.0
(2523, 2524, 2525) 127764.0
(801, 802, 803) 123496.0
(8709, 8710, 8711) 136029.0
(3155, 3156, 3157) 158981.0
(4711, 4712, 4713) 153060.0
(2327, 2328, 2329) 160859.0
(1389, 1390, 1391) 141244.0
(6812, 6813, 6814) 126475.0
(6156, 6157, 6158) 137535.0
(7124, 7125, 7126) 130293.0
(740, 741, 742) 154854.0
(2511, 2512, 2513) 148582.0
(1943, 1944, 1945) 117701.0
(3014, 3015, 3016) 125902.0
(4635, 4636, 4637) 151227.0
(1492, 1493, 1494) 131060.0
(5768, 5769, 5770) 167398.0
(7194, 7195, 7196) 120412.0
(6646, 6647, 6648) 142569.0
(754, 755, 756) 146637.0
(3377, 3378, 3379) 126606.0
(9527, 9528, 9529) 188699.0
(3691, 3692, 3693) 137976.0
(1225, 1226, 1227) 155559.0
(3983, 3984, 3985) 118872.0
(3438, 3439, 3440) 147176.0
(792, 793, 794) 116385.0
(3400, 3401, 3402) 131445.0
(1291, 1292, 1293) 192394.0
(4138, 4139, 4140) 161715.0
(7752, 7753, 7754) 132319.0
(6246, 6247, 6248) 129944.0
(9324, 9325, 9326) 130867.0
(3849, 3850, 3851) 152168.0
(7227, 7228, 7229) 121863.0
(4442, 4443, 4444) 142203.0
(80, 81, 82) 163759.0
(159, 160, 161) 132921.0
(2970, 2971, 2972) 125365.0
(4386, 4387, 4388) 158097.0
(1507, 1508, 1509) 138230.0
(1714, 1715, 1716) 122394.0
(5345, 5346, 5347) 124028.0
(4058, 4059, 4060) 133606.0
(5127, 5128, 5129) 166581.0
(9328, 9329, 9330) 138193.0
(6097, 6098, 6099) 151651.0
(6141, 6142, 6143) 161757.0
(8574, 8575, 8576) 103501.0
(3931, 3932, 3933) 139845.0
(5546, 5547, 5548) 143850.0
(5724, 5725, 5726) 134611.0
(899, 900, 901) 112180.0
(3825, 3826, 3827) 132612.0
(8093, 8094, 8095) 143470.0
(7753, 7754, 7755) 137797.0
(5220, 5221, 5222) 125986.0
(8989, 8990, 8991) 151682.0
(8518, 8519, 8520) 139002.0
(7966, 7967, 7968) 192461.0
(8574, 8575, 8576) 103501.0
(1579, 1580, 1581) 162290.0
(2946, 2947, 2948) 133541.0
(8536, 8537, 8538) 132491.0
(3893, 3894, 3895) 125236.0
(2348, 2349, 2350) 165372.0
(2357, 2358, 2359) 163232.0
(5317, 5318, 5319) 124195.0
