(1155, 1156, 1157) 157330.0
(3287, 3288, 3289) 149146.0
(1656, 1657, 1658) 154475.0
(3788, 3789, 3790) 144757.0
(4256, 4257, 4258) 127564.0
(8015, 8016, 8017) 149814.0
(3567, 3568, 3569) 126825.0
(6432, 6433, 6434) 171593.0
(7141, 7142, 7143) 157009.0
(2886, 2887, 2888) 130985.0
(5493, 5494, 5495) 153387.0
(9875, 9876, 9877) 167654.0
(6053, 6054, 6055) 213241.0
(2327, 2328, 2329) 173117.0
(4946, 4947, 4948) 142299.0
(4903, 4904, 4905) 144059.0
(6907, 6908, 6909) 129554.0
(4482, 4483, 4484) 132004.0
(6799, 6800, 6801) 150488.0
(5308, 5309, 5310) 138053.0
(7201, 7202, 7203) 129141.0
(3062, 3063, 3064) 172796.0
(5264, 5265, 5266) 211084.0
(4798, 4799, 4800) 156994.0
(7212, 7213, 7214) 189443.0
(1018, 1019, 1020) 188722.0
(3809, 3810, 3811) 193562.0
(4204, 4205, 4206) 155833.0
(3873, 3874, 3875) 193190.0
(5958, 5959, 5960) 184344.0
(3893, 3894, 3895) 130985.0
(47, 48, 49) 128062.0
(1363, 1364, 1365) 118067.0
(6738, 6739, 6740) 181739.0
(3921, 3922, 3923) 153610.0
(3675, 3676, 3677) 137789.0
(1918, 1919, 1920) 179543.0
(6734, 6735, 6736) 145263.0
(7764, 7765, 7766) 132967.0
(6765, 6766, 6767) 142345.0
(6191, 6192, 6193) 174570.0
(3818, 3819, 3820) 181196.0
(8769, 8770, 8771) 166782.0
(7070, 7071, 7072) 206713.0
(2375, 2376, 2377) 137716.0
(2630, 2631, 2632) 145943.0
(1730, 1731, 1732) 206074.0
(6533, 6534, 6535) 171107.0
(3532, 3533, 3534) 138598.0
(3491, 3492, 3493) 183056.0
(7311, 7312, 7313) 165589.0
(7248, 7249, 7250) 156458.0
(4109, 4110, 4111) 167021.0
(539, 540, 541) 158052.0
(5493, 5494, 5495) 153387.0
(1574, 1575, 1576) 155667.0
(8218, 8219, 8220) 154243.0
(4527, 4528, 4529) 106382.0
(295, 296, 297) 214287.0
(1922, 1923, 1924) 163185.0
(6210, 6211, 6212) 187006.0
(2413, 2414, 2415) 123318.0
(5618, 5619, 5620) 134201.0
(3718, 3719, 3720) 129386.0
(8693, 8694, 8695) 167948.0
(9804, 9805, 9806) 157125.0
(6115, 6116, 6117) 148545.0
(5057, 5058, 5059) 155569.0
(3985, 3986, 3987) 119693.0
(6041, 6042, 6043) 151257.0
(9923, 9924, 9925) 159728.0
(3738, 3739, 3740) 199654.0
(5578, 5579, 5580) 145799.0
(6139, 6140, 6141) 158359.0
(7207, 7208, 7209) 168676.0
(3417, 3418, 3419) 158616.0
(1906, 1907, 1908) 151764.0
(8066, 8067, 8068) 164431.0
(4710, 4711, 4712) 161154.0
(2289, 2290, 2291) 140697.0
(3836, 3837, 3838) 163953.0
(3458, 3459, 3460) 158949.0
(863, 864, 865) 132095.0
(7731, 7732, 7733) 133510.0
(9240, 9241, 9242) 160796.0
(6061, 6062, 6063) 141172.0
(340, 341, 342) 169326.0
(732, 733, 734) 141465.0
(3786, 3787, 3788) 136601.0
(8056, 8057, 8058) 152863.0
(3239, 3240, 3241) 130762.0
(184, 185, 186) 162960.0
(5933, 5934, 5935) 130650.0
(1070, 1071, 1072) 113863.0
(5774, 5775, 5776) 140395.0
(3265, 3266, 3267) 159682.0
(8762, 8763, 8764) 151147.0
(7558, 7559, 7560) 148249.0
(5562, 5563, 5564) 167282.0
(3286, 3287, 3288) 131530.0
(7436, 7437, 7438) 187767.0
