(2565, 2566, 2567) 168568.0
(7424, 7425, 7426) 148124.0
(3145, 3146, 3147) 155331.0
(9637, 9638, 9639) 142796.0
(5650, 5651, 5652) 159957.0
(6500, 6501, 6502) 137213.0
(7201, 7202, 7203) 130691.0
(127, 128, 129) 147475.0
(7926, 7927, 7928) 160110.0
(8326, 8327, 8328) 148620.0
(623, 624, 625) 126369.0
(4762, 4763, 4764) 140244.0
(8060, 8061, 8062) 160658.0
(7551, 7552, 7553) 163167.0
(1660, 1661, 1662) 132804.0
(493, 494, 495) 141795.0
(7723, 7724, 7725) 135627.0
(5566, 5567, 5568) 164831.0
(1930, 1931, 1932) 160221.0
(474, 475, 476) 125418.0
(3044, 3045, 3046) 141203.0
(6459, 6460, 6461) 186393.0
(4137, 4138, 4139) 154184.0
(6595, 6596, 6597) 145288.0
(9553, 9554, 9555) 129324.0
(3449, 3450, 3451) 153164.0
(2213, 2214, 2215) 145336.0
(5948, 5949, 5950) 134608.0
(1501, 1502, 1503) 177505.0
(5916, 5917, 5918) 168839.0
(5776, 5777, 5778) 168758.0
(4954, 4955, 4956) 158742.0
(1741, 1742, 1743) 131728.0
(407, 408, 409) 160169.0
(6410, 6411, 6412) 119900.0
(2531, 2532, 2533) 158181.0
(9067, 9068, 9069) 154610.0
(1149, 1150, 1151) 174757.0
(2100, 2101, 2102) 148902.0
(9896, 9897, 9898) 131148.0
(242, 243, 244) 137070.0
(6969, 6970, 6971) 166071.0
(4135, 4136, 4137) 170010.0
(5179, 5180, 5181) 155115.0
(1272, 1273, 1274) 154043.0
(5066, 5067, 5068) 198295.0
(8635, 8636, 8637) 156098.0
(4217, 4218, 4219) 114753.0
(8100, 8101, 8102) 149066.0
(746, 747, 748) 154594.0
(356, 357, 358) 160332.0
(6555, 6556, 6557) 159185.0
(3056, 3057, 3058) 166895.0
(8753, 8754, 8755) 129875.0
(8234, 8235, 8236) 112095.0
(8043, 8044, 8045) 140906.0
(9617, 9618, 9619) 147717.0
(1382, 1383, 1384) 153836.0
(5628, 5629, 5630) 158806.0
(7068, 7069, 7070) 157243.0
(9703, 9704, 9705) 177647.0
(1634, 1635, 1636) 152056.0
(7635, 7636, 7637) 159182.0
(4197, 4198, 4199) 163613.0
(1949, 1950, 1951) 193934.0
(1382, 1383, 1384) 153836.0
(8325, 8326, 8327) 200103.0
(6174, 6175, 6176) 163682.0
(5929, 5930, 5931) 174235.0
(1854, 1855, 1856) 134794.0
(521, 522, 523) 177465.0
(5385, 5386, 5387) 168547.0
(3538, 3539, 3540) 155244.0
(2552, 2553, 2554) 147047.0
(248, 249, 250) 146861.0
(9705, 9706, 9707) 181616.0
(4968, 4969, 4970) 196230.0
(7708, 7709, 7710) 157472.0
(9638, 9639, 9640) 161408.0
(380, 381, 382) 190064.0
(738, 739, 740) 135946.0
(9250, 9251, 9252) 128642.0
(5522, 5523, 5524) 182417.0
(5217, 5218, 5219) 164638.0
(8086, 8087, 8088) 165483.0
(1995, 1996, 1997) 152513.0
(2786, 2787, 2788) 160429.0
(8097, 8098, 8099) 117789.0
(6327, 6328, 6329) 143880.0
(8639, 8640, 8641) 117228.0
(9896, 9897, 9898) 131148.0
(186, 187, 188) 176621.0
(661, 662, 663) 127973.0
(4982, 4983, 4984) 142481.0
(4492, 4493, 4494) 157822.0
(2886, 2887, 2888) 135082.0
(5345, 5346, 5347) 130546.0
(1080, 1081, 1082) 152212.0
(7334, 7335, 7336) 180774.0
(3631, 3632, 3633) 190120.0
(8331, 8332, 8333) 186028.0
