(7786, 7787, 7788) 6931.0
(4700, 4701, 4702) 7456.0
(4061, 4062, 4063) 5961.0
(2461, 2462, 2463) 10252.0
(5628, 5629, 5630) 5856.0
(6283, 6284, 6285) 4897.0
(7567, 7568, 7569) 7098.0
(8299, 8300, 8301) 7600.0
(6897, 6898, 6899) 7546.0
(5801, 5802, 5803) 10184.0
(5117, 5118, 5119) 8160.0
(2018, 2019, 2020) 10671.0
(1565, 1566, 1567) 5186.0
(90, 91, 92) 8998.0
(6826, 6827, 6828) 8408.0
(5669, 5670, 5671) 6243.0
(5449, 5450, 5451) 6424.0
(1814, 1815, 1816) 8955.0
(3651, 3652, 3653) 5407.0
(5581, 5582, 5583) 4674.0
(104, 105, 106) 8002.0
(579, 580, 581) 10625.0
(3177, 3178, 3179) 5500.0
(4745, 4746, 4747) 7086.0
(1795, 1796, 1797) 7909.0
(9869, 9870, 9871) 5741.0
(5164, 5165, 5166) 6196.0
(6056, 6057, 6058) 8093.0
(6499, 6500, 6501) 4621.0
(8963, 8964, 8965) 5670.0
(4677, 4678, 4679) 10611.0
(8154, 8155, 8156) 7757.0
(6273, 6274, 6275) 5649.0
(7761, 7762, 7763) 5491.0
(8062, 8063, 8064) 7765.0
(1513, 1514, 1515) 6512.0
(6196, 6197, 6198) 7992.0
(3442, 3443, 3444) 6029.0
(6582, 6583, 6584) 8683.0
(2963, 2964, 2965) 6338.0
(6351, 6352, 6353) 8308.0
(8004, 8005, 8006) 8674.0
(9679, 9680, 9681) 5633.0
(4699, 4700, 4701) 5169.0
(2925, 2926, 2927) 7625.0
(9727, 9728, 9729) 7613.0
(7645, 7646, 7647) 6267.0
(3761, 3762, 3763) 5100.0
(9979, 9980, 9981) 7272.0
(2417, 2418, 2419) 7424.0
(2461, 2462, 2463) 10252.0
(4692, 4693, 4694) 7447.0
(5315, 5316, 5317) 7838.0
(2112, 2113, 2114) 7754.0
(1056, 1057, 1058) 6548.0
(3829, 3830, 3831) 7683.0
(1895, 1896, 1897) 6991.0
(5178, 5179, 5180) 10618.0
(530, 531, 532) 6864.0
(9, 10, 11) 7767.0
(9544, 9545, 9546) 6918.0
(5294, 5295, 5296) 7477.0
(1224, 1225, 1226) 7977.0
(456, 457, 458) 6421.0
(7841, 7842, 7843) 5797.0
(8615, 8616, 8617) 4960.0
(7423, 7424, 7425) 5597.0
(2604, 2605, 2606) 8413.0
(2315, 2316, 2317) 8301.0
(4283, 4284, 4285) 7023.0
(5625, 5626, 5627) 7754.0
(5310, 5311, 5312) 7971.0
(475, 476, 477) 6068.0
(5674, 5675, 5676) 5175.0
(6239, 6240, 6241) 6910.0
(4961, 4962, 4963) 7561.0
(1189, 1190, 1191) 7787.0
(4925, 4926, 4927) 7589.0
(3335, 3336, 3337) 5678.0
(6928, 6929, 6930) 6948.0
(4190, 4191, 4192) 6402.0
(3177, 3178, 3179) 5500.0
(4834, 4835, 4836) 7755.0
(697, 698, 699) 7569.0
(1213, 1214, 1215) 5544.0
(7073, 7074, 7075) 7552.0
(5200, 5201, 5202) 6786.0
(8924, 8925, 8926) 5729.0
(1213, 1214, 1215) 5544.0
(875, 876, 877) 5420.0
(663, 664, 665) 5066.0
(7611, 7612, 7613) 7878.0
(5266, 5267, 5268) 5817.0
(906, 907, 908) 7849.0
(3152, 3153, 3154) 6747.0
(2397, 2398, 2399) 6111.0
(9506, 9507, 9508) 6713.0
(5893, 5894, 5895) 5110.0
(5921, 5922, 5923) 9163.0
(8086, 8087, 8088) 9193.0
(4338, 4339, 4340) 7341.0
