(845, 846, 847) 184479.0
(9853, 9854, 9855) 151727.0
(3890, 3891, 3892) 156526.0
(3463, 3464, 3465) 128393.0
(2447, 2448, 2449) 148658.0
(1199, 1200, 1201) 159277.0
(7180, 7181, 7182) 165888.0
(5741, 5742, 5743) 176874.0
(3999, 4000, 4001) 140465.0
(6519, 6520, 6521) 133533.0
(1845, 1846, 1847) 183592.0
(9160, 9161, 9162) 152595.0
(6151, 6152, 6153) 162089.0
(5138, 5139, 5140) 169806.0
(8119, 8120, 8121) 169346.0
(9204, 9205, 9206) 158395.0
(5388, 5389, 5390) 137262.0
(4169, 4170, 4171) 173184.0
(6147, 6148, 6149) 102665.0
(808, 809, 810) 166238.0
(1775, 1776, 1777) 176971.0
(4973, 4974, 4975) 155286.0
(5168, 5169, 5170) 160559.0
(7977, 7978, 7979) 143565.0
(381, 382, 383) 133768.0
(9898, 9899, 9900) 163764.0
(4771, 4772, 4773) 151836.0
(5575, 5576, 5577) 159045.0
(6982, 6983, 6984) 143675.0
(7985, 7986, 7987) 153087.0
(7038, 7039, 7040) 182848.0
(8423, 8424, 8425) 149094.0
(5832, 5833, 5834) 150963.0
(1438, 1439, 1440) 188331.0
(4538, 4539, 4540) 143115.0
(4721, 4722, 4723) 170279.0
(1843, 1844, 1845) 173077.0
(1742, 1743, 1744) 171973.0
(3318, 3319, 3320) 113564.0
(7724, 7725, 7726) 154111.0
(3365, 3366, 3367) 123783.0
(4203, 4204, 4205) 129065.0
(8312, 8313, 8314) 149229.0
(2070, 2071, 2072) 183236.0
(6702, 6703, 6704) 190481.0
(5089, 5090, 5091) 152148.0
(4704, 4705, 4706) 147588.0
(2925, 2926, 2927) 137461.0
(161, 162, 163) 185346.0
(794, 795, 796) 169691.0
(1922, 1923, 1924) 170914.0
(1167, 1168, 1169) 152890.0
(5729, 5730, 5731) 160337.0
(4389, 4390, 4391) 138245.0
(5937, 5938, 5939) 160782.0
(1566, 1567, 1568) 158257.0
(640, 641, 642) 179414.0
(179, 180, 181) 147877.0
(729, 730, 731) 185323.0
(5100, 5101, 5102) 120612.0
(151, 152, 153) 161681.0
(3663, 3664, 3665) 147423.0
(435, 436, 437) 145155.0
(6803, 6804, 6805) 135238.0
(4379, 4380, 4381) 184107.0
(9654, 9655, 9656) 134807.0
(993, 994, 995) 166283.0
(4510, 4511, 4512) 165733.0
(5921, 5922, 5923) 160605.0
(8848, 8849, 8850) 192948.0
(26, 27, 28) 137897.0
(2882, 2883, 2884) 132451.0
(4559, 4560, 4561) 125481.0
(192, 193, 194) 172410.0
(6788, 6789, 6790) 174401.0
(7113, 7114, 7115) 186500.0
(4788, 4789, 4790) 168514.0
(1797, 1798, 1799) 145094.0
(3085, 3086, 3087) 170111.0
(8315, 8316, 8317) 164705.0
(8728, 8729, 8730) 161976.0
(106, 107, 108) 162031.0
(3773, 3774, 3775) 148310.0
(3006, 3007, 3008) 147391.0
(464, 465, 466) 170664.0
(4523, 4524, 4525) 153134.0
(4752, 4753, 4754) 126139.0
(31, 32, 33) 152066.0
(8295, 8296, 8297) 195527.0
(4878, 4879, 4880) 195123.0
(3012, 3013, 3014) 122011.0
(7253, 7254, 7255) 147999.0
(4982, 4983, 4984) 146757.0
(4996, 4997, 4998) 157786.0
(6960, 6961, 6962) 160201.0
(8627, 8628, 8629) 169635.0
(6043, 6044, 6045) 165255.0
(8344, 8345, 8346) 154595.0
(1157, 1158, 1159) 158356.0
(1768, 1769, 1770) 154943.0
(9497, 9498, 9499) 131124.0
