(1455, 1456, 1457) 192541.0
(8424, 8425, 8426) 125377.0
(6141, 6142, 6143) 197134.0
(5514, 5515, 5516) 192688.0
(7686, 7687, 7688) 191719.0
(3329, 3330, 3331) 162833.0
(1538, 1539, 1540) 155186.0
(3353, 3354, 3355) 163668.0
(3, 4, 5) 228284.0
(8879, 8880, 8881) 159878.0
(3692, 3693, 3694) 133461.0
(242, 243, 244) 142766.0
(7589, 7590, 7591) 176417.0
(7314, 7315, 7316) 176735.0
(2222, 2223, 2224) 151458.0
(4698, 4699, 4700) 229991.0
(1594, 1595, 1596) 185868.0
(4251, 4252, 4253) 158381.0
(7695, 7696, 7697) 189108.0
(820, 821, 822) 132014.0
(6398, 6399, 6400) 144746.0
(5086, 5087, 5088) 155971.0
(227, 228, 229) 177025.0
(3079, 3080, 3081) 127323.0
(2563, 2564, 2565) 152551.0
(1554, 1555, 1556) 171843.0
(218, 219, 220) 154087.0
(2109, 2110, 2111) 145149.0
(7770, 7771, 7772) 177152.0
(1067, 1068, 1069) 201930.0
(3334, 3335, 3336) 183963.0
(6800, 6801, 6802) 145204.0
(7232, 7233, 7234) 147504.0
(5367, 5368, 5369) 194551.0
(6184, 6185, 6186) 152797.0
(218, 219, 220) 154087.0
(8504, 8505, 8506) 180373.0
(6263, 6264, 6265) 167313.0
(717, 718, 719) 182805.0
(3789, 3790, 3791) 140367.0
(5624, 5625, 5626) 130750.0
(1374, 1375, 1376) 189558.0
(9953, 9954, 9955) 157924.0
(3265, 3266, 3267) 173626.0
(454, 455, 456) 144066.0
(4436, 4437, 4438) 169328.0
(370, 371, 372) 163710.0
(6540, 6541, 6542) 156416.0
(8914, 8915, 8916) 206282.0
(3631, 3632, 3633) 197128.0
(3115, 3116, 3117) 183206.0
(9462, 9463, 9464) 143164.0
(2907, 2908, 2909) 182915.0
(1214, 1215, 1216) 139851.0
(690, 691, 692) 182699.0
(5186, 5187, 5188) 150187.0
(964, 965, 966) 180133.0
(1087, 1088, 1089) 155472.0
(7018, 7019, 7020) 201191.0
(7801, 7802, 7803) 157979.0
(5128, 5129, 5130) 172224.0
(1593, 1594, 1595) 160827.0
(8236, 8237, 8238) 148999.0
(6945, 6946, 6947) 170535.0
(7016, 7017, 7018) 163583.0
(8376, 8377, 8378) 133804.0
(6315, 6316, 6317) 162688.0
(1606, 1607, 1608) 192491.0
(3394, 3395, 3396) 147215.0
(1965, 1966, 1967) 127451.0
(302, 303, 304) 156605.0
(5390, 5391, 5392) 173492.0
(2716, 2717, 2718) 145164.0
(589, 590, 591) 153991.0
(9436, 9437, 9438) 168204.0
(1221, 1222, 1223) 154045.0
(3200, 3201, 3202) 131378.0
(3396, 3397, 3398) 141302.0
(2580, 2581, 2582) 178799.0
(4937, 4938, 4939) 153576.0
(735, 736, 737) 171121.0
(2228, 2229, 2230) 151085.0
(5302, 5303, 5304) 179826.0
(6168, 6169, 6170) 174083.0
(6265, 6266, 6267) 155914.0
(6068, 6069, 6070) 171121.0
(4033, 4034, 4035) 169607.0
(4473, 4474, 4475) 147780.0
(4424, 4425, 4426) 145752.0
(2302, 2303, 2304) 170255.0
(1763, 1764, 1765) 160055.0
(9766, 9767, 9768) 161405.0
(3854, 3855, 3856) 158622.0
(4073, 4074, 4075) 139436.0
(3028, 3029, 3030) 183913.0
(4761, 4762, 4763) 183221.0
(366, 367, 368) 141141.0
(3418, 3419, 3420) 182439.0
(5196, 5197, 5198) 133856.0
(339, 340, 341) 145977.0
(6228, 6229, 6230) 186827.0
