(1356, 1357, 1358) 145142.0
(4758, 4759, 4760) 146998.0
(2136, 2137, 2138) 174314.0
(4837, 4838, 4839) 183724.0
(5749, 5750, 5751) 170675.0
(3344, 3345, 3346) 147044.0
(61, 62, 63) 142881.0
(7419, 7420, 7421) 167866.0
(3524, 3525, 3526) 160566.0
(1550, 1551, 1552) 142392.0
(3336, 3337, 3338) 158383.0
(5956, 5957, 5958) 137607.0
(4090, 4091, 4092) 186239.0
(6473, 6474, 6475) 181749.0
(7321, 7322, 7323) 160022.0
(4375, 4376, 4377) 174184.0
(2585, 2586, 2587) 173325.0
(9287, 9288, 9289) 152261.0
(735, 736, 737) 171313.0
(2381, 2382, 2383) 152016.0
(9827, 9828, 9829) 177200.0
(839, 840, 841) 170829.0
(830, 831, 832) 158192.0
(7718, 7719, 7720) 158795.0
(1509, 1510, 1511) 158381.0
(4586, 4587, 4588) 156329.0
(3567, 3568, 3569) 133216.0
(9794, 9795, 9796) 183364.0
(4598, 4599, 4600) 143790.0
(5673, 5674, 5675) 158012.0
(9369, 9370, 9371) 195127.0
(844, 845, 846) 191023.0
(472, 473, 474) 140811.0
(765, 766, 767) 146849.0
(1270, 1271, 1272) 167080.0
(2363, 2364, 2365) 168632.0
(995, 996, 997) 152918.0
(8146, 8147, 8148) 166824.0
(9899, 9900, 9901) 179649.0
(9006, 9007, 9008) 153167.0
(6382, 6383, 6384) 162941.0
(3418, 3419, 3420) 189267.0
(3196, 3197, 3198) 158849.0
(2584, 2585, 2586) 176788.0
(9925, 9926, 9927) 214715.0
(5412, 5413, 5414) 164064.0
(7118, 7119, 7120) 166618.0
(6801, 6802, 6803) 166421.0
(6322, 6323, 6324) 181639.0
(9117, 9118, 9119) 139718.0
(2221, 2222, 2223) 147115.0
(5610, 5611, 5612) 145463.0
(7227, 7228, 7229) 139832.0
(7545, 7546, 7547) 183821.0
(9213, 9214, 9215) 163441.0
(4845, 4846, 4847) 163603.0
(735, 736, 737) 171313.0
(8994, 8995, 8996) 158066.0
(6040, 6041, 6042) 135709.0
(5437, 5438, 5439) 136480.0
(7540, 7541, 7542) 112039.0
(2193, 2194, 2195) 135062.0
(9121, 9122, 9123) 166774.0
(6385, 6386, 6387) 144550.0
(7257, 7258, 7259) 182964.0
(1888, 1889, 1890) 155037.0
(8780, 8781, 8782) 203507.0
(4609, 4610, 4611) 145562.0
(6743, 6744, 6745) 179430.0
(8910, 8911, 8912) 194595.0
(9579, 9580, 9581) 181075.0
(6174, 6175, 6176) 169935.0
(2319, 2320, 2321) 157964.0
(820, 821, 822) 141593.0
(2875, 2876, 2877) 171195.0
(1792, 1793, 1794) 129933.0
(8724, 8725, 8726) 149067.0
(7134, 7135, 7136) 158437.0
(8050, 8051, 8052) 170182.0
(3540, 3541, 3542) 142564.0
(7714, 7715, 7716) 152949.0
(6035, 6036, 6037) 154367.0
(9714, 9715, 9716) 180993.0
(7041, 7042, 7043) 206302.0
(9850, 9851, 9852) 155796.0
(1678, 1679, 1680) 165783.0
(6765, 6766, 6767) 151644.0
(3119, 3120, 3121) 146132.0
(3417, 3418, 3419) 166513.0
(8049, 8050, 8051) 180405.0
(4461, 4462, 4463) 199952.0
(9599, 9600, 9601) 179290.0
(3916, 3917, 3918) 194605.0
(8985, 8986, 8987) 137211.0
(9939, 9940, 9941) 134113.0
(8788, 8789, 8790) 156567.0
(4929, 4930, 4931) 196375.0
(4802, 4803, 4804) 232160.0
(7261, 7262, 7263) 169273.0
(8147, 8148, 8149) 150548.0
(9293, 9294, 9295) 178903.0
