(2468, 2469, 2470) 197489.0
(2577, 2578, 2579) 171052.0
(7285, 7286, 7287) 146722.0
(5260, 5261, 5262) 159741.0
(2550, 2551, 2552) 184565.0
(3335, 3336, 3337) 192087.0
(9162, 9163, 9164) 159747.0
(9978, 9979, 9980) 167583.0
(6115, 6116, 6117) 157637.0
(6567, 6568, 6569) 162449.0
(512, 513, 514) 158037.0
(1431, 1432, 1433) 162048.0
(513, 514, 515) 184933.0
(9009, 9010, 9011) 150260.0
(8128, 8129, 8130) 196048.0
(631, 632, 633) 205662.0
(9500, 9501, 9502) 219308.0
(2641, 2642, 2643) 170480.0
(3500, 3501, 3502) 138251.0
(8948, 8949, 8950) 186870.0
(1532, 1533, 1534) 159710.0
(1760, 1761, 1762) 152546.0
(1294, 1295, 1296) 162643.0
(4216, 4217, 4218) 160646.0
(8086, 8087, 8088) 170577.0
(5617, 5618, 5619) 166333.0
(1144, 1145, 1146) 177916.0
(6313, 6314, 6315) 195272.0
(2432, 2433, 2434) 155942.0
(1, 2, 3) 208247.0
(6825, 6826, 6827) 148307.0
(2766, 2767, 2768) 149608.0
(1865, 1866, 1867) 197590.0
(7220, 7221, 7222) 173499.0
(5804, 5805, 5806) 166503.0
(9371, 9372, 9373) 186216.0
(245, 246, 247) 179765.0
(7139, 7140, 7141) 133088.0
(1093, 1094, 1095) 145664.0
(8237, 8238, 8239) 159278.0
(938, 939, 940) 153472.0
(4187, 4188, 4189) 157641.0
(6405, 6406, 6407) 174055.0
(9307, 9308, 9309) 165722.0
(9129, 9130, 9131) 164276.0
(7079, 7080, 7081) 143987.0
(6442, 6443, 6444) 180600.0
(8045, 8046, 8047) 140344.0
(9986, 9987, 9988) 137371.0
(4873, 4874, 4875) 163794.0
(2676, 2677, 2678) 182164.0
(4547, 4548, 4549) 157199.0
(7349, 7350, 7351) 149809.0
(8335, 8336, 8337) 199896.0
(4213, 4214, 4215) 148717.0
(1616, 1617, 1618) 179103.0
(4153, 4154, 4155) 162319.0
(3770, 3771, 3772) 196091.0
(6546, 6547, 6548) 171192.0
(4114, 4115, 4116) 166852.0
(3265, 3266, 3267) 190980.0
(6632, 6633, 6634) 177900.0
(7826, 7827, 7828) 190270.0
(5147, 5148, 5149) 162254.0
(1686, 1687, 1688) 244399.0
(2503, 2504, 2505) 168186.0
(8132, 8133, 8134) 170144.0
(1485, 1486, 1487) 213382.0
(7993, 7994, 7995) 181544.0
(7564, 7565, 7566) 186555.0
(2698, 2699, 2700) 170103.0
(5284, 5285, 5286) 156065.0
(558, 559, 560) 216970.0
(6870, 6871, 6872) 173695.0
(3684, 3685, 3686) 147427.0
(9727, 9728, 9729) 170167.0
(8410, 8411, 8412) 199954.0
(8513, 8514, 8515) 165619.0
(4521, 4522, 4523) 129656.0
(4970, 4971, 4972) 191389.0
(338, 339, 340) 158633.0
(4138, 4139, 4140) 187578.0
(3090, 3091, 3092) 241427.0
(7312, 7313, 7314) 193780.0
(7044, 7045, 7046) 192186.0
(1219, 1220, 1221) 168416.0
(4185, 4186, 4187) 200740.0
(5533, 5534, 5535) 195750.0
(75, 76, 77) 173121.0
(5435, 5436, 5437) 169190.0
(2593, 2594, 2595) 166305.0
(2323, 2324, 2325) 157133.0
(9433, 9434, 9435) 202558.0
(1497, 1498, 1499) 150964.0
(2149, 2150, 2151) 176710.0
(3690, 3691, 3692) 168901.0
(3104, 3105, 3106) 164339.0
(3988, 3989, 3990) 145084.0
(2196, 2197, 2198) 175324.0
(2425, 2426, 2427) 168445.0
(7074, 7075, 7076) 162213.0
