(2392, 2393, 2394) 172589.0
(8134, 8135, 8136) 203691.0
(5754, 5755, 5756) 186028.0
(4126, 4127, 4128) 184098.0
(8035, 8036, 8037) 151010.0
(1492, 1493, 1494) 186671.0
(5051, 5052, 5053) 220982.0
(9639, 9640, 9641) 130194.0
(2951, 2952, 2953) 195420.0
(6193, 6194, 6195) 147369.0
(1282, 1283, 1284) 170712.0
(7404, 7405, 7406) 158039.0
(9059, 9060, 9061) 148567.0
(5117, 5118, 5119) 152668.0
(1856, 1857, 1858) 195642.0
(5120, 5121, 5122) 163459.0
(4067, 4068, 4069) 195848.0
(4371, 4372, 4373) 150409.0
(807, 808, 809) 176746.0
(7717, 7718, 7719) 152071.0
(9801, 9802, 9803) 177150.0
(4840, 4841, 4842) 127311.0
(930, 931, 932) 187987.0
(7434, 7435, 7436) 179655.0
(7357, 7358, 7359) 261232.0
(9298, 9299, 9300) 194253.0
(2946, 2947, 2948) 171933.0
(3597, 3598, 3599) 155102.0
(9469, 9470, 9471) 187868.0
(8691, 8692, 8693) 201648.0
(2835, 2836, 2837) 183367.0
(6943, 6944, 6945) 177179.0
(7543, 7544, 7545) 210614.0
(895, 896, 897) 162430.0
(5546, 5547, 5548) 185242.0
(3984, 3985, 3986) 190013.0
(7660, 7661, 7662) 180859.0
(1600, 1601, 1602) 219542.0
(5381, 5382, 5383) 145120.0
(4146, 4147, 4148) 165412.0
(4450, 4451, 4452) 188959.0
(2311, 2312, 2313) 141442.0
(5721, 5722, 5723) 174112.0
(5426, 5427, 5428) 188656.0
(6524, 6525, 6526) 186917.0
(8929, 8930, 8931) 225511.0
(1348, 1349, 1350) 177159.0
(1788, 1789, 1790) 162114.0
(3876, 3877, 3878) 162007.0
(3629, 3630, 3631) 176014.0
(1344, 1345, 1346) 145197.0
(3570, 3571, 3572) 163024.0
(4011, 4012, 4013) 186468.0
(4575, 4576, 4577) 165258.0
(7812, 7813, 7814) 141361.0
(6357, 6358, 6359) 207271.0
(9988, 9989, 9990) 199016.0
(7738, 7739, 7740) 211622.0
(9343, 9344, 9345) 145351.0
(9043, 9044, 9045) 172221.0
(6101, 6102, 6103) 177563.0
(5843, 5844, 5845) 138196.0
(7378, 7379, 7380) 184978.0
(1641, 1642, 1643) 145586.0
(9235, 9236, 9237) 204056.0
(7847, 7848, 7849) 187151.0
(6884, 6885, 6886) 148505.0
(8879, 8880, 8881) 173888.0
(604, 605, 606) 191555.0
(1206, 1207, 1208) 193581.0
(8277, 8278, 8279) 217504.0
(7227, 7228, 7229) 153371.0
(9845, 9846, 9847) 172214.0
(2476, 2477, 2478) 180026.0
(1951, 1952, 1953) 192248.0
(9809, 9810, 9811) 163093.0
(5708, 5709, 5710) 183211.0
(701, 702, 703) 211797.0
(8796, 8797, 8798) 165611.0
(2490, 2491, 2492) 193955.0
(627, 628, 629) 142276.0
(7088, 7089, 7090) 207720.0
(4418, 4419, 4420) 203132.0
(2601, 2602, 2603) 226794.0
(2542, 2543, 2544) 160861.0
(4194, 4195, 4196) 175223.0
(1447, 1448, 1449) 155371.0
(269, 270, 271) 203313.0
(5323, 5324, 5325) 198827.0
(4114, 4115, 4116) 169081.0
(7674, 7675, 7676) 204772.0
(2543, 2544, 2545) 202246.0
(8346, 8347, 8348) 210806.0
(3001, 3002, 3003) 139451.0
(5638, 5639, 5640) 174053.0
(5916, 5917, 5918) 191139.0
(1968, 1969, 1970) 213730.0
(379, 380, 381) 235349.0
(4093, 4094, 4095) 184740.0
(2684, 2685, 2686) 181489.0
(4299, 4300, 4301) 192753.0
