(1529, 1530, 1531) 134475.0
(5865, 5866, 5867) 171395.0
(4937, 4938, 4939) 182240.0
(8058, 8059, 8060) 182775.0
(836, 837, 838) 173698.0
(6332, 6333, 6334) 162812.0
(8946, 8947, 8948) 191644.0
(2456, 2457, 2458) 181648.0
(4322, 4323, 4324) 211828.0
(6094, 6095, 6096) 202025.0
(49, 50, 51) 187392.0
(3395, 3396, 3397) 213958.0
(779, 780, 781) 205963.0
(1493, 1494, 1495) 179063.0
(2675, 2676, 2677) 215253.0
(2097, 2098, 2099) 173055.0
(4504, 4505, 4506) 164934.0
(8730, 8731, 8732) 180847.0
(6144, 6145, 6146) 169077.0
(8031, 8032, 8033) 161711.0
(1546, 1547, 1548) 159645.0
(3081, 3082, 3083) 206371.0
(7939, 7940, 7941) 189245.0
(5657, 5658, 5659) 173575.0
(396, 397, 398) 203101.0
(1132, 1133, 1134) 179530.0
(6551, 6552, 6553) 207085.0
(5966, 5967, 5968) 162533.0
(6282, 6283, 6284) 229649.0
(2579, 2580, 2581) 178455.0
(2190, 2191, 2192) 150004.0
(8821, 8822, 8823) 184772.0
(7175, 7176, 7177) 173143.0
(8108, 8109, 8110) 192264.0
(9752, 9753, 9754) 160373.0
(8033, 8034, 8035) 174990.0
(8370, 8371, 8372) 151909.0
(9436, 9437, 9438) 186410.0
(7304, 7305, 7306) 173308.0
(6715, 6716, 6717) 226092.0
(8514, 8515, 8516) 185227.0
(120, 121, 122) 194629.0
(3932, 3933, 3934) 160918.0
(9337, 9338, 9339) 160991.0
(7321, 7322, 7323) 178575.0
(7429, 7430, 7431) 190047.0
(691, 692, 693) 191700.0
(7941, 7942, 7943) 159648.0
(7272, 7273, 7274) 209389.0
(30, 31, 32) 178594.0
(4898, 4899, 4900) 189695.0
(1736, 1737, 1738) 176833.0
(5384, 5385, 5386) 147362.0
(7017, 7018, 7019) 224481.0
(9247, 9248, 9249) 163206.0
(1258, 1259, 1260) 162671.0
(1983, 1984, 1985) 115428.0
(4777, 4778, 4779) 187248.0
(2693, 2694, 2695) 204471.0
(4844, 4845, 4846) 176899.0
(7692, 7693, 7694) 218652.0
(5387, 5388, 5389) 203629.0
(5378, 5379, 5380) 161659.0
(7949, 7950, 7951) 190029.0
(4185, 4186, 4187) 205917.0
(7472, 7473, 7474) 168727.0
(1103, 1104, 1105) 166754.0
(2649, 2650, 2651) 181752.0
(2757, 2758, 2759) 193772.0
(9698, 9699, 9700) 175540.0
(1873, 1874, 1875) 222374.0
(1532, 1533, 1534) 166297.0
(2416, 2417, 2418) 170288.0
(778, 779, 780) 175127.0
(3226, 3227, 3228) 219601.0
(4712, 4713, 4714) 164728.0
(931, 932, 933) 175221.0
(5041, 5042, 5043) 146777.0
(4735, 4736, 4737) 148757.0
(3670, 3671, 3672) 147362.0
(560, 561, 562) 165692.0
(3365, 3366, 3367) 155682.0
(4050, 4051, 4052) 174555.0
(8563, 8564, 8565) 130426.0
(5631, 5632, 5633) 176217.0
(7358, 7359, 7360) 204988.0
(421, 422, 423) 185522.0
(8989, 8990, 8991) 197966.0
(995, 996, 997) 170008.0
(2675, 2676, 2677) 215253.0
(9, 10, 11) 175797.0
(8583, 8584, 8585) 183376.0
(9561, 9562, 9563) 167405.0
(4574, 4575, 4576) 225497.0
(5942, 5943, 5944) 205017.0
(5777, 5778, 5779) 196685.0
(6543, 6544, 6545) 176340.0
(5721, 5722, 5723) 176038.0
(4291, 4292, 4293) 190921.0
(5073, 5074, 5075) 133484.0
(405, 406, 407) 184705.0
