(3116, 3117, 3118) 197176.0
(3319, 3320, 3321) 201383.0
(9687, 9688, 9689) 211030.0
(5229, 5230, 5231) 221385.0
(6595, 6596, 6597) 182925.0
(1347, 1348, 1349) 197667.0
(4064, 4065, 4066) 176141.0
(5356, 5357, 5358) 181951.0
(2703, 2704, 2705) 183404.0
(5428, 5429, 5430) 197687.0
(9702, 9703, 9704) 155030.0
(6302, 6303, 6304) 160343.0
(1365, 1366, 1367) 203133.0
(2518, 2519, 2520) 216318.0
(7219, 7220, 7221) 203494.0
(4213, 4214, 4215) 162965.0
(5871, 5872, 5873) 215328.0
(4366, 4367, 4368) 177567.0
(1471, 1472, 1473) 184453.0
(7209, 7210, 7211) 169457.0
(334, 335, 336) 200602.0
(9730, 9731, 9732) 215557.0
(5034, 5035, 5036) 186405.0
(4267, 4268, 4269) 216814.0
(949, 950, 951) 181810.0
(2953, 2954, 2955) 148459.0
(2382, 2383, 2384) 192230.0
(329, 330, 331) 218585.0
(7493, 7494, 7495) 181869.0
(5545, 5546, 5547) 224437.0
(7278, 7279, 7280) 172793.0
(2501, 2502, 2503) 196672.0
(8750, 8751, 8752) 149672.0
(4737, 4738, 4739) 175512.0
(7050, 7051, 7052) 174811.0
(8184, 8185, 8186) 213893.0
(2685, 2686, 2687) 208898.0
(3873, 3874, 3875) 236923.0
(7658, 7659, 7660) 235183.0
(9470, 9471, 9472) 190791.0
(622, 623, 624) 202346.0
(8406, 8407, 8408) 152221.0
(8558, 8559, 8560) 212593.0
(7329, 7330, 7331) 198848.0
(445, 446, 447) 170866.0
(5642, 5643, 5644) 179191.0
(1225, 1226, 1227) 201029.0
(9257, 9258, 9259) 177398.0
(1055, 1056, 1057) 179981.0
(5871, 5872, 5873) 215328.0
(229, 230, 231) 256098.0
(7456, 7457, 7458) 186040.0
(950, 951, 952) 183596.0
(1688, 1689, 1690) 151591.0
(9526, 9527, 9528) 175889.0
(8473, 8474, 8475) 205443.0
(4523, 4524, 4525) 168526.0
(8622, 8623, 8624) 160526.0
(6608, 6609, 6610) 165672.0
(2144, 2145, 2146) 196097.0
(5873, 5874, 5875) 157104.0
(2202, 2203, 2204) 177455.0
(2343, 2344, 2345) 216746.0
(2223, 2224, 2225) 180110.0
(5977, 5978, 5979) 156258.0
(2274, 2275, 2276) 178481.0
(8266, 8267, 8268) 185087.0
(7722, 7723, 7724) 164981.0
(8683, 8684, 8685) 168752.0
(7300, 7301, 7302) 204152.0
(7326, 7327, 7328) 205804.0
(823, 824, 825) 181149.0
(6701, 6702, 6703) 192871.0
(6677, 6678, 6679) 150346.0
(9941, 9942, 9943) 168511.0
(8200, 8201, 8202) 187709.0
(2716, 2717, 2718) 158561.0
(9335, 9336, 9337) 150764.0
(8103, 8104, 8105) 181769.0
(3535, 3536, 3537) 175471.0
(3757, 3758, 3759) 159168.0
(9088, 9089, 9090) 168339.0
(9189, 9190, 9191) 188165.0
(5332, 5333, 5334) 198227.0
(8335, 8336, 8337) 211844.0
(583, 584, 585) 193025.0
(2739, 2740, 2741) 173287.0
(4628, 4629, 4630) 169133.0
(5031, 5032, 5033) 191614.0
(8510, 8511, 8512) 189293.0
(6076, 6077, 6078) 171240.0
(5451, 5452, 5453) 192561.0
(7908, 7909, 7910) 236620.0
(3537, 3538, 3539) 189789.0
(8281, 8282, 8283) 172651.0
(3967, 3968, 3969) 162805.0
(6421, 6422, 6423) 128013.0
(8696, 8697, 8698) 168222.0
(3275, 3276, 3277) 149712.0
(9472, 9473, 9474) 171700.0
(7781, 7782, 7783) 204423.0
