(941, 942, 943) 177537.0
(4935, 4936, 4937) 163548.0
(9948, 9949, 9950) 243926.0
(7215, 7216, 7217) 207645.0
(2475, 2476, 2477) 173146.0
(5557, 5558, 5559) 201974.0
(5883, 5884, 5885) 158992.0
(2005, 2006, 2007) 246999.0
(8838, 8839, 8840) 133195.0
(2536, 2537, 2538) 171110.0
(3509, 3510, 3511) 201905.0
(2934, 2935, 2936) 194584.0
(1264, 1265, 1266) 205207.0
(716, 717, 718) 175147.0
(4937, 4938, 4939) 195139.0
(2597, 2598, 2599) 196657.0
(1420, 1421, 1422) 207229.0
(2464, 2465, 2466) 221550.0
(1204, 1205, 1206) 182521.0
(3824, 3825, 3826) 177631.0
(802, 803, 804) 180607.0
(7374, 7375, 7376) 207579.0
(7587, 7588, 7589) 190583.0
(1359, 1360, 1361) 191015.0
(7688, 7689, 7690) 177409.0
(1827, 1828, 1829) 154144.0
(3451, 3452, 3453) 191587.0
(9666, 9667, 9668) 190422.0
(6356, 6357, 6358) 159348.0
(190, 191, 192) 164555.0
(4907, 4908, 4909) 162070.0
(7474, 7475, 7476) 205004.0
(2308, 2309, 2310) 233192.0
(4889, 4890, 4891) 173048.0
(9041, 9042, 9043) 197371.0
(5659, 5660, 5661) 176741.0
(7995, 7996, 7997) 248127.0
(8490, 8491, 8492) 166375.0
(6359, 6360, 6361) 177840.0
(0, 1, 2) 179907.0
(4377, 4378, 4379) 222921.0
(4795, 4796, 4797) 189071.0
(3513, 3514, 3515) 240032.0
(9115, 9116, 9117) 133442.0
(8864, 8865, 8866) 200957.0
(9325, 9326, 9327) 141182.0
(5777, 5778, 5779) 207556.0
(5667, 5668, 5669) 171960.0
(683, 684, 685) 184960.0
(3016, 3017, 3018) 208173.0
(9598, 9599, 9600) 190214.0
(4204, 4205, 4206) 192984.0
(6715, 6716, 6717) 243764.0
(6409, 6410, 6411) 200851.0
(2530, 2531, 2532) 207821.0
(812, 813, 814) 181384.0
(9926, 9927, 9928) 198103.0
(1343, 1344, 1345) 165240.0
(3200, 3201, 3202) 151253.0
(4576, 4577, 4578) 193278.0
(3455, 3456, 3457) 233543.0
(111, 112, 113) 220369.0
(3702, 3703, 3704) 200859.0
(8140, 8141, 8142) 195967.0
(5852, 5853, 5854) 174482.0
(9285, 9286, 9287) 161772.0
(8750, 8751, 8752) 155342.0
(6123, 6124, 6125) 181168.0
(883, 884, 885) 252498.0
(1018, 1019, 1020) 220311.0
(8744, 8745, 8746) 210136.0
(6870, 6871, 6872) 192952.0
(2179, 2180, 2181) 188131.0
(7808, 7809, 7810) 141589.0
(4848, 4849, 4850) 182738.0
(2243, 2244, 2245) 179477.0
(4504, 4505, 4506) 167532.0
(7620, 7621, 7622) 170381.0
(4436, 4437, 4438) 191662.0
(755, 756, 757) 142579.0
(8333, 8334, 8335) 190787.0
(9453, 9454, 9455) 148484.0
(3389, 3390, 3391) 205328.0
(594, 595, 596) 219584.0
(1234, 1235, 1236) 182853.0
(1268, 1269, 1270) 190251.0
(8075, 8076, 8077) 160079.0
(9566, 9567, 9568) 233649.0
(5128, 5129, 5130) 193726.0
(4519, 4520, 4521) 178695.0
(4703, 4704, 4705) 189214.0
(668, 669, 670) 175016.0
(7784, 7785, 7786) 162044.0
(7619, 7620, 7621) 166967.0
(408, 409, 410) 211836.0
(8780, 8781, 8782) 224172.0
(3068, 3069, 3070) 186235.0
(5458, 5459, 5460) 199742.0
(4959, 4960, 4961) 146812.0
(1192, 1193, 1194) 225449.0
(7947, 7948, 7949) 202637.0
