(3604, 3605, 3606) 192096.0
(5615, 5616, 5617) 178161.0
(9338, 9339, 9340) 188838.0
(6258, 6259, 6260) 183688.0
(7745, 7746, 7747) 206127.0
(2247, 2248, 2249) 219752.0
(2455, 2456, 2457) 182157.0
(355, 356, 357) 190330.0
(5433, 5434, 5435) 209905.0
(8704, 8705, 8706) 207847.0
(7020, 7021, 7022) 205036.0
(7914, 7915, 7916) 194516.0
(8916, 8917, 8918) 194652.0
(6374, 6375, 6376) 214909.0
(2870, 2871, 2872) 237390.0
(6405, 6406, 6407) 194556.0
(3119, 3120, 3121) 183720.0
(5247, 5248, 5249) 194950.0
(9525, 9526, 9527) 163593.0
(7562, 7563, 7564) 283741.0
(6496, 6497, 6498) 170661.0
(2025, 2026, 2027) 158218.0
(5924, 5925, 5926) 185242.0
(2080, 2081, 2082) 224808.0
(2419, 2420, 2421) 205943.0
(1352, 1353, 1354) 174028.0
(3176, 3177, 3178) 245502.0
(5855, 5856, 5857) 156169.0
(2564, 2565, 2566) 192599.0
(3683, 3684, 3685) 189190.0
(9421, 9422, 9423) 197508.0
(9690, 9691, 9692) 195994.0
(5839, 5840, 5841) 211319.0
(8279, 8280, 8281) 228242.0
(983, 984, 985) 192381.0
(8809, 8810, 8811) 227868.0
(2004, 2005, 2006) 182178.0
(9653, 9654, 9655) 189123.0
(8104, 8105, 8106) 199391.0
(9636, 9637, 9638) 194776.0
(2606, 2607, 2608) 187257.0
(4698, 4699, 4700) 272519.0
(7902, 7903, 7904) 176367.0
(4766, 4767, 4768) 167288.0
(1825, 1826, 1827) 232154.0
(5156, 5157, 5158) 205854.0
(9342, 9343, 9344) 174563.0
(6747, 6748, 6749) 240974.0
(4448, 4449, 4450) 212444.0
(6812, 6813, 6814) 155562.0
(4470, 4471, 4472) 198021.0
(681, 682, 683) 199043.0
(3440, 3441, 3442) 247252.0
(8192, 8193, 8194) 223846.0
(7939, 7940, 7941) 202154.0
(693, 694, 695) 198861.0
(4859, 4860, 4861) 193609.0
(6688, 6689, 6690) 173014.0
(1890, 1891, 1892) 184626.0
(3489, 3490, 3491) 193811.0
(6931, 6932, 6933) 184090.0
(6432, 6433, 6434) 218331.0
(4762, 4763, 4764) 173413.0
(1440, 1441, 1442) 201662.0
(5412, 5413, 5414) 201919.0
(4548, 4549, 4550) 167912.0
(8063, 8064, 8065) 194507.0
(4709, 4710, 4711) 165248.0
(3571, 3572, 3573) 172620.0
(8508, 8509, 8510) 224565.0
(5396, 5397, 5398) 170610.0
(8978, 8979, 8980) 189594.0
(9925, 9926, 9927) 260380.0
(6765, 6766, 6767) 173059.0
(6679, 6680, 6681) 195555.0
(8217, 8218, 8219) 210754.0
(6954, 6955, 6956) 172349.0
(1154, 1155, 1156) 242587.0
(2845, 2846, 2847) 169120.0
(5651, 5652, 5653) 207641.0
(7265, 7266, 7267) 176754.0
(9030, 9031, 9032) 186746.0
(1528, 1529, 1530) 192694.0
(5546, 5547, 5548) 206776.0
(9909, 9910, 9911) 205048.0
(2494, 2495, 2496) 190484.0
(759, 760, 761) 160983.0
(4684, 4685, 4686) 196435.0
(9452, 9453, 9454) 198513.0
(8347, 8348, 8349) 225968.0
(2488, 2489, 2490) 237237.0
(4545, 4546, 4547) 175993.0
(9820, 9821, 9822) 218067.0
(9567, 9568, 9569) 203999.0
(5913, 5914, 5915) 213107.0
(4362, 4363, 4364) 197902.0
(2623, 2624, 2625) 204229.0
(8522, 8523, 8524) 164597.0
(968, 969, 970) 178452.0
(2270, 2271, 2272) 236874.0
(1960, 1961, 1962) 183842.0
