(6027, 6028, 6029) 171297.0
(7625, 7626, 7627) 230768.0
(7356, 7357, 7358) 198763.0
(5695, 5696, 5697) 178417.0
(9831, 9832, 9833) 223709.0
(2895, 2896, 2897) 227982.0
(5363, 5364, 5365) 182635.0
(7708, 7709, 7710) 195250.0
(7144, 7145, 7146) 178972.0
(1304, 1305, 1306) 212341.0
(5902, 5903, 5904) 211709.0
(6768, 6769, 6770) 192737.0
(5811, 5812, 5813) 186328.0
(2252, 2253, 2254) 175274.0
(3882, 3883, 3884) 231374.0
(1048, 1049, 1050) 215153.0
(4064, 4065, 4066) 195205.0
(5678, 5679, 5680) 203478.0
(1884, 1885, 1886) 212941.0
(7996, 7997, 7998) 240929.0
(2326, 2327, 2328) 199059.0
(8673, 8674, 8675) 185747.0
(2565, 2566, 2567) 212618.0
(5528, 5529, 5530) 183402.0
(3173, 3174, 3175) 168104.0
(856, 857, 858) 151090.0
(5905, 5906, 5907) 192385.0
(7233, 7234, 7235) 184253.0
(577, 578, 579) 190763.0
(2327, 2328, 2329) 221576.0
(2623, 2624, 2625) 206430.0
(587, 588, 589) 162906.0
(2019, 2020, 2021) 222990.0
(6198, 6199, 6200) 180736.0
(1411, 1412, 1413) 161993.0
(7965, 7966, 7967) 203615.0
(395, 396, 397) 237231.0
(3392, 3393, 3394) 219778.0
(8221, 8222, 8223) 210095.0
(9140, 9141, 9142) 208162.0
(8581, 8582, 8583) 209328.0
(9051, 9052, 9053) 202062.0
(3894, 3895, 3896) 221066.0
(5612, 5613, 5614) 198678.0
(5477, 5478, 5479) 165611.0
(5785, 5786, 5787) 173624.0
(9726, 9727, 9728) 183322.0
(591, 592, 593) 199653.0
(9008, 9009, 9010) 189819.0
(4888, 4889, 4890) 182530.0
(8634, 8635, 8636) 177091.0
(144, 145, 146) 180110.0
(2600, 2601, 2602) 221425.0
(8781, 8782, 8783) 180584.0
(7622, 7623, 7624) 162422.0
(4199, 4200, 4201) 199920.0
(5767, 5768, 5769) 176830.0
(1234, 1235, 1236) 184903.0
(4731, 4732, 4733) 196608.0
(2791, 2792, 2793) 176752.0
(51, 52, 53) 254587.0
(2132, 2133, 2134) 157197.0
(1812, 1813, 1814) 128761.0
(6511, 6512, 6513) 200836.0
(4609, 4610, 4611) 170613.0
(8582, 8583, 8584) 187510.0
(5368, 5369, 5370) 246505.0
(667, 668, 669) 216008.0
(5044, 5045, 5046) 195947.0
(281, 282, 283) 179616.0
(4817, 4818, 4819) 173200.0
(6846, 6847, 6848) 200532.0
(1549, 1550, 1551) 199271.0
(5863, 5864, 5865) 202817.0
(100, 101, 102) 198896.0
(4394, 4395, 4396) 202234.0
(8038, 8039, 8040) 216266.0
(301, 302, 303) 214873.0
(7946, 7947, 7948) 148779.0
(535, 536, 537) 222413.0
(1247, 1248, 1249) 197940.0
(7330, 7331, 7332) 206025.0
(9789, 9790, 9791) 166201.0
(8906, 8907, 8908) 166066.0
(5835, 5836, 5837) 208398.0
(2389, 2390, 2391) 188858.0
(687, 688, 689) 180798.0
(1122, 1123, 1124) 211187.0
(2737, 2738, 2739) 175207.0
(4421, 4422, 4423) 231762.0
(7301, 7302, 7303) 218491.0
(9626, 9627, 9628) 248743.0
(5910, 5911, 5912) 230648.0
(9004, 9005, 9006) 268018.0
(9603, 9604, 9605) 205850.0
(147, 148, 149) 187348.0
(5821, 5822, 5823) 203380.0
(8017, 8018, 8019) 183557.0
(952, 953, 954) 183643.0
(2584, 2585, 2586) 216433.0
(7978, 7979, 7980) 243064.0
