(6734, 6735, 6736) 185996.0
(9295, 9296, 9297) 175800.0
(1845, 1846, 1847) 230538.0
(1064, 1065, 1066) 180991.0
(9769, 9770, 9771) 181386.0
(7462, 7463, 7464) 162391.0
(3374, 3375, 3376) 174415.0
(8065, 8066, 8067) 188596.0
(2852, 2853, 2854) 219525.0
(5475, 5476, 5477) 171850.0
(9611, 9612, 9613) 215835.0
(7840, 7841, 7842) 187776.0
(9591, 9592, 9593) 243899.0
(8183, 8184, 8185) 187485.0
(1451, 1452, 1453) 229529.0
(3835, 3836, 3837) 225161.0
(6550, 6551, 6552) 250425.0
(5217, 5218, 5219) 201726.0
(2630, 2631, 2632) 210207.0
(8732, 8733, 8734) 193910.0
(3720, 3721, 3722) 206138.0
(5512, 5513, 5514) 191575.0
(5265, 5266, 5267) 183045.0
(9910, 9911, 9912) 223761.0
(2086, 2087, 2088) 208010.0
(3849, 3850, 3851) 225233.0
(2642, 2643, 2644) 195128.0
(8850, 8851, 8852) 164692.0
(6253, 6254, 6255) 245277.0
(7117, 7118, 7119) 243292.0
(3736, 3737, 3738) 192693.0
(6938, 6939, 6940) 214997.0
(5649, 5650, 5651) 164686.0
(2239, 2240, 2241) 188674.0
(7275, 7276, 7277) 180654.0
(61, 62, 63) 191871.0
(2182, 2183, 2184) 230573.0
(989, 990, 991) 179621.0
(9487, 9488, 9489) 228562.0
(7452, 7453, 7454) 246455.0
(3129, 3130, 3131) 158040.0
(1113, 1114, 1115) 203650.0
(6978, 6979, 6980) 258910.0
(3426, 3427, 3428) 209477.0
(8945, 8946, 8947) 222060.0
(4821, 4822, 4823) 186263.0
(6176, 6177, 6178) 229028.0
(5298, 5299, 5300) 190196.0
(8319, 8320, 8321) 157497.0
(9175, 9176, 9177) 222279.0
(2338, 2339, 2340) 197516.0
(6149, 6150, 6151) 162593.0
(9867, 9868, 9869) 176427.0
(717, 718, 719) 224395.0
(3897, 3898, 3899) 215662.0
(2977, 2978, 2979) 169165.0
(5745, 5746, 5747) 172444.0
(1844, 1845, 1846) 201405.0
(9351, 9352, 9353) 171773.0
(2610, 2611, 2612) 188346.0
(2927, 2928, 2929) 183624.0
(8291, 8292, 8293) 222018.0
(5192, 5193, 5194) 193613.0
(7096, 7097, 7098) 188581.0
(4462, 4463, 4464) 212125.0
(9001, 9002, 9003) 222705.0
(7639, 7640, 7641) 239471.0
(693, 694, 695) 202747.0
(3147, 3148, 3149) 200011.0
(8812, 8813, 8814) 245684.0
(2294, 2295, 2296) 187606.0
(4486, 4487, 4488) 204140.0
(3128, 3129, 3130) 196984.0
(8757, 8758, 8759) 177385.0
(3003, 3004, 3005) 163251.0
(5024, 5025, 5026) 215591.0
(7977, 7978, 7979) 188530.0
(376, 377, 378) 199057.0
(6506, 6507, 6508) 174794.0
(9246, 9247, 9248) 215964.0
(4765, 4766, 4767) 263719.0
(6865, 6866, 6867) 196316.0
(804, 805, 806) 194858.0
(9070, 9071, 9072) 236229.0
(7870, 7871, 7872) 197843.0
(5661, 5662, 5663) 220411.0
(8269, 8270, 8271) 189287.0
(7449, 7450, 7451) 194022.0
(3799, 3800, 3801) 183585.0
(1519, 1520, 1521) 181936.0
(6133, 6134, 6135) 200608.0
(5558, 5559, 5560) 244592.0
(6022, 6023, 6024) 170798.0
(6910, 6911, 6912) 153847.0
(5072, 5073, 5074) 154030.0
(9358, 9359, 9360) 196995.0
(5869, 5870, 5871) 229925.0
(2186, 2187, 2188) 241430.0
(571, 572, 573) 196954.0
(3237, 3238, 3239) 197743.0
(3230, 3231, 3232) 220167.0
