(6106, 6107, 6108) 240810.0
(6569, 6570, 6571) 159880.0
(9839, 9840, 9841) 187446.0
(2571, 2572, 2573) 186729.0
(737, 738, 739) 213417.0
(4717, 4718, 4719) 236543.0
(9054, 9055, 9056) 178534.0
(1352, 1353, 1354) 184702.0
(9528, 9529, 9530) 226581.0
(175, 176, 177) 228762.0
(4178, 4179, 4180) 224561.0
(6564, 6565, 6566) 252723.0
(8740, 8741, 8742) 189381.0
(812, 813, 814) 207799.0
(314, 315, 316) 216974.0
(7998, 7999, 8000) 170102.0
(4104, 4105, 4106) 242919.0
(3209, 3210, 3211) 237480.0
(576, 577, 578) 197803.0
(2725, 2726, 2727) 223972.0
(582, 583, 584) 210178.0
(8997, 8998, 8999) 256689.0
(1131, 1132, 1133) 198598.0
(4964, 4965, 4966) 212880.0
(8363, 8364, 8365) 211296.0
(3028, 3029, 3030) 238451.0
(5322, 5323, 5324) 194870.0
(1288, 1289, 1290) 189303.0
(3754, 3755, 3756) 268355.0
(9423, 9424, 9425) 246680.0
(3349, 3350, 3351) 259688.0
(9363, 9364, 9365) 185400.0
(5546, 5547, 5548) 211189.0
(3385, 3386, 3387) 205170.0
(7738, 7739, 7740) 257440.0
(2234, 2235, 2236) 261110.0
(7155, 7156, 7157) 177886.0
(3861, 3862, 3863) 260414.0
(4952, 4953, 4954) 180161.0
(6103, 6104, 6105) 221071.0
(6460, 6461, 6462) 231856.0
(2562, 2563, 2564) 227830.0
(7107, 7108, 7109) 176957.0
(3636, 3637, 3638) 208180.0
(5634, 5635, 5636) 250873.0
(9835, 9836, 9837) 217967.0
(5301, 5302, 5303) 203532.0
(2048, 2049, 2050) 226052.0
(1594, 1595, 1596) 248336.0
(8648, 8649, 8650) 177886.0
(3183, 3184, 3185) 223873.0
(1137, 1138, 1139) 167583.0
(637, 638, 639) 172551.0
(4068, 4069, 4070) 227148.0
(2380, 2381, 2382) 232645.0
(2158, 2159, 2160) 208454.0
(3540, 3541, 3542) 190365.0
(7780, 7781, 7782) 182998.0
(5149, 5150, 5151) 215421.0
(3450, 3451, 3452) 249247.0
(3964, 3965, 3966) 244714.0
(4796, 4797, 4798) 248907.0
(6425, 6426, 6427) 211924.0
(4275, 4276, 4277) 217438.0
(8381, 8382, 8383) 199701.0
(8158, 8159, 8160) 196388.0
(9380, 9381, 9382) 197441.0
(9462, 9463, 9464) 195534.0
(9295, 9296, 9297) 185718.0
(1071, 1072, 1073) 209976.0
(7926, 7927, 7928) 217456.0
(3956, 3957, 3958) 168181.0
(3016, 3017, 3018) 228689.0
(6709, 6710, 6711) 190590.0
(9844, 9845, 9846) 205467.0
(9979, 9980, 9981) 188902.0
(7873, 7874, 7875) 171735.0
(5446, 5447, 5448) 213832.0
(5641, 5642, 5643) 199411.0
(1364, 1365, 1366) 215509.0
(7630, 7631, 7632) 213911.0
(1421, 1422, 1423) 190859.0
(8504, 8505, 8506) 225537.0
(2973, 2974, 2975) 204936.0
(3962, 3963, 3964) 272772.0
(6771, 6772, 6773) 231400.0
(6483, 6484, 6485) 225731.0
(1506, 1507, 1508) 239547.0
(522, 523, 524) 224149.0
(4157, 4158, 4159) 199555.0
(1322, 1323, 1324) 211375.0
(8389, 8390, 8391) 185661.0
(7812, 7813, 7814) 165445.0
(9588, 9589, 9590) 220915.0
(4242, 4243, 4244) 179178.0
(9462, 9463, 9464) 195534.0
(1977, 1978, 1979) 217892.0
(1505, 1506, 1507) 210572.0
(4127, 4128, 4129) 199303.0
(6534, 6535, 6536) 177106.0
(9247, 9248, 9249) 193189.0
