(7929, 7930, 7931) 199458.0
(9322, 9323, 9324) 291107.0
(6748, 6749, 6750) 249772.0
(5372, 5373, 5374) 197358.0
(6253, 6254, 6255) 252358.0
(1545, 1546, 1547) 201950.0
(2964, 2965, 2966) 212391.0
(4798, 4799, 4800) 199569.0
(9998, 9999, 10000) 223172.0
(2333, 2334, 2335) 224530.0
(3084, 3085, 3086) 192486.0
(7551, 7552, 7553) 220814.0
(410, 411, 412) 200004.0
(9676, 9677, 9678) 204779.0
(2493, 2494, 2495) 207124.0
(8938, 8939, 8940) 197041.0
(5186, 5187, 5188) 168141.0
(1838, 1839, 1840) 193369.0
(1863, 1864, 1865) 216085.0
(6490, 6491, 6492) 197037.0
(6939, 6940, 6941) 212596.0
(6494, 6495, 6496) 160634.0
(1342, 1343, 1344) 184152.0
(2543, 2544, 2545) 255118.0
(3477, 3478, 3479) 201172.0
(2758, 2759, 2760) 224702.0
(9118, 9119, 9120) 215863.0
(28, 29, 30) 171871.0
(8857, 8858, 8859) 211341.0
(6543, 6544, 6545) 217578.0
(5198, 5199, 5200) 209344.0
(8228, 8229, 8230) 253729.0
(8859, 8860, 8861) 218734.0
(7396, 7397, 7398) 231561.0
(8181, 8182, 8183) 234301.0
(2441, 2442, 2443) 187172.0
(5751, 5752, 5753) 219271.0
(474, 475, 476) 175653.0
(6936, 6937, 6938) 207180.0
(264, 265, 266) 231930.0
(4360, 4361, 4362) 227368.0
(1322, 1323, 1324) 213680.0
(7744, 7745, 7746) 244073.0
(4157, 4158, 4159) 203433.0
(8061, 8062, 8063) 222330.0
(8038, 8039, 8040) 224294.0
(4295, 4296, 4297) 214405.0
(2323, 2324, 2325) 194153.0
(7725, 7726, 7727) 229000.0
(8045, 8046, 8047) 189341.0
(6315, 6316, 6317) 220526.0
(1709, 1710, 1711) 203658.0
(2011, 2012, 2013) 222058.0
(5792, 5793, 5794) 263987.0
(4528, 4529, 4530) 219204.0
(5275, 5276, 5277) 197893.0
(704, 705, 706) 252010.0
(564, 565, 566) 168298.0
(9715, 9716, 9717) 246086.0
(6073, 6074, 6075) 210493.0
(1158, 1159, 1160) 242526.0
(8795, 8796, 8797) 225740.0
(6899, 6900, 6901) 188223.0
(4036, 4037, 4038) 278245.0
(9808, 9809, 9810) 215371.0
(7555, 7556, 7557) 236521.0
(8714, 8715, 8716) 252087.0
(4744, 4745, 4746) 241075.0
(6197, 6198, 6199) 201227.0
(8346, 8347, 8348) 237527.0
(6263, 6264, 6265) 231164.0
(8495, 8496, 8497) 262493.0
(3369, 3370, 3371) 260375.0
(4105, 4106, 4107) 215183.0
(3846, 3847, 3848) 277923.0
(6707, 6708, 6709) 210905.0
(6774, 6775, 6776) 190350.0
(695, 696, 697) 292726.0
(6810, 6811, 6812) 205790.0
(8694, 8695, 8696) 199551.0
(9291, 9292, 9293) 214534.0
(3824, 3825, 3826) 208260.0
(9857, 9858, 9859) 221446.0
(9182, 9183, 9184) 222630.0
(7864, 7865, 7866) 164878.0
(8926, 8927, 8928) 169373.0
(9461, 9462, 9463) 201178.0
(4689, 4690, 4691) 193195.0
(259, 260, 261) 239645.0
(3776, 3777, 3778) 175781.0
(7528, 7529, 7530) 226734.0
(3821, 3822, 3823) 241841.0
(6812, 6813, 6814) 172537.0
(798, 799, 800) 224927.0
(6610, 6611, 6612) 272137.0
(8732, 8733, 8734) 212980.0
(3162, 3163, 3164) 214393.0
(7962, 7963, 7964) 201693.0
(2241, 2242, 2243) 198651.0
(790, 791, 792) 181238.0
(3380, 3381, 3382) 206707.0
