(6791, 6792, 6793) 213988.0
(5256, 5257, 5258) 227538.0
(4060, 4061, 4062) 232709.0
(4376, 4377, 4378) 231264.0
(652, 653, 654) 230704.0
(4945, 4946, 4947) 201147.0
(9978, 9979, 9980) 226627.0
(545, 546, 547) 218337.0
(2770, 2771, 2772) 230209.0
(3271, 3272, 3273) 208321.0
(4604, 4605, 4606) 204702.0
(1050, 1051, 1052) 223975.0
(5930, 5931, 5932) 228893.0
(2018, 2019, 2020) 195713.0
(3982, 3983, 3984) 260112.0
(196, 197, 198) 176941.0
(9522, 9523, 9524) 222120.0
(6095, 6096, 6097) 233720.0
(6240, 6241, 6242) 257407.0
(2738, 2739, 2740) 225209.0
(3111, 3112, 3113) 236304.0
(4920, 4921, 4922) 280085.0
(2105, 2106, 2107) 259042.0
(9293, 9294, 9295) 249854.0
(1627, 1628, 1629) 194038.0
(7332, 7333, 7334) 200643.0
(8293, 8294, 8295) 212062.0
(4457, 4458, 4459) 219716.0
(8094, 8095, 8096) 224578.0
(6912, 6913, 6914) 248196.0
(7495, 7496, 7497) 230576.0
(9112, 9113, 9114) 209538.0
(3406, 3407, 3408) 276727.0
(2688, 2689, 2690) 175442.0
(6389, 6390, 6391) 178316.0
(7583, 7584, 7585) 214063.0
(6460, 6461, 6462) 239305.0
(1433, 1434, 1435) 172076.0
(5303, 5304, 5305) 252927.0
(4352, 4353, 4354) 193821.0
(9097, 9098, 9099) 199259.0
(768, 769, 770) 228752.0
(1958, 1959, 1960) 305165.0
(8473, 8474, 8475) 231974.0
(7455, 7456, 7457) 260642.0
(6544, 6545, 6546) 213202.0
(9809, 9810, 9811) 193758.0
(3853, 3854, 3855) 251283.0
(2660, 2661, 2662) 203250.0
(2643, 2644, 2645) 231708.0
(3753, 3754, 3755) 271112.0
(161, 162, 163) 271722.0
(5518, 5519, 5520) 210322.0
(3267, 3268, 3269) 243632.0
(8810, 8811, 8812) 183110.0
(8373, 8374, 8375) 223609.0
(2300, 2301, 2302) 186585.0
(1599, 1600, 1601) 199960.0
(3234, 3235, 3236) 234076.0
(7004, 7005, 7006) 213324.0
(6731, 6732, 6733) 212644.0
(6123, 6124, 6125) 208213.0
(7777, 7778, 7779) 256056.0
(7405, 7406, 7407) 206793.0
(5816, 5817, 5818) 248999.0
(887, 888, 889) 266775.0
(4683, 4684, 4685) 218179.0
(1589, 1590, 1591) 154734.0
(9566, 9567, 9568) 254060.0
(7631, 7632, 7633) 245543.0
(9151, 9152, 9153) 197698.0
(1605, 1606, 1607) 202550.0
(9743, 9744, 9745) 197199.0
(3740, 3741, 3742) 201397.0
(927, 928, 929) 224509.0
(8957, 8958, 8959) 235215.0
(3469, 3470, 3471) 263035.0
(1433, 1434, 1435) 172076.0
(2117, 2118, 2119) 244093.0
(5703, 5704, 5705) 223928.0
(4282, 4283, 4284) 188426.0
(8144, 8145, 8146) 245939.0
(4828, 4829, 4830) 261158.0
(7650, 7651, 7652) 228903.0
(7817, 7818, 7819) 176274.0
(6271, 6272, 6273) 230435.0
(8917, 8918, 8919) 236636.0
(4373, 4374, 4375) 267660.0
(2238, 2239, 2240) 204731.0
(6774, 6775, 6776) 190738.0
(2439, 2440, 2441) 181902.0
(6264, 6265, 6266) 250801.0
(5767, 5768, 5769) 193892.0
(1037, 1038, 1039) 176387.0
(5456, 5457, 5458) 185415.0
(4796, 4797, 4798) 248932.0
(6263, 6264, 6265) 239967.0
(3481, 3482, 3483) 221756.0
(8840, 8841, 8842) 189141.0
(7301, 7302, 7303) 234093.0
(8895, 8896, 8897) 255929.0
