(6313, 6314, 6315) 10404.0
(1908, 1909, 1910) 12997.0
(37, 38, 39) 7832.0
(3552, 3553, 3554) 9969.0
(7099, 7100, 7101) 10528.0
(2436, 2437, 2438) 9451.0
(5622, 5623, 5624) 9583.0
(2208, 2209, 2210) 10879.0
(2949, 2950, 2951) 9039.0
(2396, 2397, 2398) 7581.0
(1248, 1249, 1250) 9076.0
(7015, 7016, 7017) 10542.0
(6568, 6569, 6570) 11462.0
(369, 370, 371) 9549.0
(7966, 7967, 7968) 9429.0
(5997, 5998, 5999) 12076.0
(1464, 1465, 1466) 7790.0
(5159, 5160, 5161) 8545.0
(3373, 3374, 3375) 7365.0
(2970, 2971, 2972) 11775.0
(1769, 1770, 1771) 9223.0
(6912, 6913, 6914) 10845.0
(7863, 7864, 7865) 7814.0
(8368, 8369, 8370) 9381.0
(7826, 7827, 7828) 11712.0
(6442, 6443, 6444) 10092.0
(2240, 2241, 2242) 9142.0
(7203, 7204, 7205) 11289.0
(7983, 7984, 7985) 9557.0
(9825, 9826, 9827) 8900.0
(2766, 2767, 2768) 10327.0
(6129, 6130, 6131) 6797.0
(9881, 9882, 9883) 11472.0
(627, 628, 629) 7352.0
(8270, 8271, 8272) 8502.0
(6544, 6545, 6546) 10350.0
(5481, 5482, 5483) 10769.0
(8315, 8316, 8317) 10602.0
(7610, 7611, 7612) 9455.0
(5951, 5952, 5953) 7001.0
(2374, 2375, 2376) 11258.0
(4937, 4938, 4939) 9991.0
(7714, 7715, 7716) 8571.0
(7876, 7877, 7878) 7967.0
(5647, 5648, 5649) 8305.0
(1614, 1615, 1616) 10960.0
(5646, 5647, 5648) 8106.0
(229, 230, 231) 11725.0
(9562, 9563, 9564) 8271.0
(1309, 1310, 1311) 10978.0
(1370, 1371, 1372) 6662.0
(9836, 9837, 9838) 8695.0
(1280, 1281, 1282) 11865.0
(1339, 1340, 1341) 10652.0
(1302, 1303, 1304) 8526.0
(1524, 1525, 1526) 9540.0
(3373, 3374, 3375) 7365.0
(3061, 3062, 3063) 12746.0
(1842, 1843, 1844) 7956.0
(5485, 5486, 5487) 11333.0
(3216, 3217, 3218) 8472.0
(7611, 7612, 7613) 13596.0
(8195, 8196, 8197) 8719.0
(1346, 1347, 1348) 10587.0
(6262, 6263, 6264) 7572.0
(5913, 5914, 5915) 13776.0
(5976, 5977, 5978) 8168.0
(1048, 1049, 1050) 10369.0
(3922, 3923, 3924) 8979.0
(3023, 3024, 3025) 9359.0
(9234, 9235, 9236) 7610.0
(9848, 9849, 9850) 7774.0
(2068, 2069, 2070) 10318.0
(2800, 2801, 2802) 11538.0
(7162, 7163, 7164) 9182.0
(9263, 9264, 9265) 6649.0
(9486, 9487, 9488) 10552.0
(2742, 2743, 2744) 7827.0
(9745, 9746, 9747) 7885.0
(1168, 1169, 1170) 10807.0
(4266, 4267, 4268) 8867.0
(1393, 1394, 1395) 8452.0
(2239, 2240, 2241) 11019.0
(6122, 6123, 6124) 7921.0
(8491, 8492, 8493) 8739.0
(5007, 5008, 5009) 10470.0
(6515, 6516, 6517) 7659.0
(1526, 1527, 1528) 8120.0
(8778, 8779, 8780) 7412.0
(2640, 2641, 2642) 10047.0
(9293, 9294, 9295) 9885.0
(9051, 9052, 9053) 11171.0
(894, 895, 896) 8868.0
(2150, 2151, 2152) 8316.0
(5765, 5766, 5767) 10350.0
(9376, 9377, 9378) 9263.0
(4706, 4707, 4708) 7623.0
(9565, 9566, 9567) 10304.0
(3681, 3682, 3683) 11037.0
(4249, 4250, 4251) 6850.0
(4695, 4696, 4697) 10939.0
