(2670, 2671, 2672) 209977.0
(2510, 2511, 2512) 226200.0
(3224, 3225, 3226) 220601.0
(9976, 9977, 9978) 242078.0
(4615, 4616, 4617) 249857.0
(8504, 8505, 8506) 237405.0
(8384, 8385, 8386) 258782.0
(3784, 3785, 3786) 232403.0
(2215, 2216, 2217) 207470.0
(2151, 2152, 2153) 224975.0
(8576, 8577, 8578) 224646.0
(3805, 3806, 3807) 202517.0
(8931, 8932, 8933) 221431.0
(6200, 6201, 6202) 213056.0
(4111, 4112, 4113) 243296.0
(2316, 2317, 2318) 230547.0
(1861, 1862, 1863) 224072.0
(7718, 7719, 7720) 226675.0
(472, 473, 474) 192515.0
(1323, 1324, 1325) 227626.0
(5456, 5457, 5458) 192393.0
(7017, 7018, 7019) 258855.0
(6305, 6306, 6307) 231377.0
(6115, 6116, 6117) 196818.0
(1273, 1274, 1275) 199003.0
(3194, 3195, 3196) 212792.0
(4794, 4795, 4796) 181275.0
(9137, 9138, 9139) 218461.0
(6735, 6736, 6737) 166572.0
(7064, 7065, 7066) 203703.0
(2400, 2401, 2402) 251838.0
(739, 740, 741) 197400.0
(5323, 5324, 5325) 291201.0
(6065, 6066, 6067) 217129.0
(339, 340, 341) 207279.0
(4781, 4782, 4783) 221362.0
(2505, 2506, 2507) 200360.0
(515, 516, 517) 283853.0
(9020, 9021, 9022) 175852.0
(7793, 7794, 7795) 218290.0
(4668, 4669, 4670) 203055.0
(5157, 5158, 5159) 231681.0
(8502, 8503, 8504) 245137.0
(9712, 9713, 9714) 212059.0
(6833, 6834, 6835) 177938.0
(279, 280, 281) 201128.0
(5197, 5198, 5199) 219299.0
(2947, 2948, 2949) 219639.0
(6366, 6367, 6368) 224246.0
(5681, 5682, 5683) 218697.0
(3458, 3459, 3460) 217479.0
(2171, 2172, 2173) 261378.0
(1178, 1179, 1180) 200992.0
(3050, 3051, 3052) 266806.0
(8843, 8844, 8845) 256441.0
(8602, 8603, 8604) 191141.0
(4367, 4368, 4369) 235668.0
(2134, 2135, 2136) 231464.0
(6812, 6813, 6814) 189246.0
(8651, 8652, 8653) 252106.0
(3543, 3544, 3545) 183941.0
(3796, 3797, 3798) 189244.0
(7626, 7627, 7628) 202738.0
(9079, 9080, 9081) 235078.0
(6325, 6326, 6327) 238194.0
(6453, 6454, 6455) 218289.0
(9691, 9692, 9693) 217817.0
(7933, 7934, 7935) 245746.0
(9840, 9841, 9842) 191985.0
(402, 403, 404) 200621.0
(2220, 2221, 2222) 208251.0
(3125, 3126, 3127) 207984.0
(3496, 3497, 3498) 285596.0
(6286, 6287, 6288) 237840.0
(6481, 6482, 6483) 205272.0
(3262, 3263, 3264) 194817.0
(8304, 8305, 8306) 206009.0
(4817, 4818, 4819) 190853.0
(4254, 4255, 4256) 199931.0
(9560, 9561, 9562) 202134.0
(6793, 6794, 6795) 236220.0
(9177, 9178, 9179) 224463.0
(401, 402, 403) 216167.0
(9239, 9240, 9241) 186107.0
(7121, 7122, 7123) 187407.0
(5329, 5330, 5331) 217566.0
(8723, 8724, 8725) 212681.0
(8178, 8179, 8180) 226771.0
(323, 324, 325) 257161.0
(4138, 4139, 4140) 255917.0
(4600, 4601, 4602) 243283.0
(5481, 5482, 5483) 265541.0
(7734, 7735, 7736) 225457.0
(3171, 3172, 3173) 250541.0
(9, 10, 11) 208377.0
(2719, 2720, 2721) 244459.0
(1343, 1344, 1345) 207258.0
(9192, 9193, 9194) 222473.0
(9968, 9969, 9970) 188532.0
(1327, 1328, 1329) 226956.0
(5707, 5708, 5709) 243500.0
