(3398, 3399, 3400) 215209.0
(8700, 8701, 8702) 226711.0
(3003, 3004, 3005) 183862.0
(8952, 8953, 8954) 226441.0
(9887, 9888, 9889) 263865.0
(4042, 4043, 4044) 200501.0
(6047, 6048, 6049) 300648.0
(9183, 9184, 9185) 225833.0
(7756, 7757, 7758) 202469.0
(1629, 1630, 1631) 245648.0
(1981, 1982, 1983) 226551.0
(3400, 3401, 3402) 193475.0
(6360, 6361, 6362) 249182.0
(1119, 1120, 1121) 224258.0
(6488, 6489, 6490) 201272.0
(4416, 4417, 4418) 211760.0
(283, 284, 285) 194719.0
(1674, 1675, 1676) 204909.0
(2343, 2344, 2345) 257897.0
(5801, 5802, 5803) 210298.0
(1103, 1104, 1105) 201596.0
(6190, 6191, 6192) 242724.0
(5438, 5439, 5440) 223134.0
(5615, 5616, 5617) 211698.0
(4781, 4782, 4783) 233722.0
(8023, 8024, 8025) 255438.0
(3165, 3166, 3167) 231068.0
(2659, 2660, 2661) 284484.0
(874, 875, 876) 221515.0
(2497, 2498, 2499) 175416.0
(5149, 5150, 5151) 246037.0
(802, 803, 804) 214227.0
(1493, 1494, 1495) 240359.0
(4211, 4212, 4213) 194626.0
(5738, 5739, 5740) 234471.0
(3234, 3235, 3236) 244383.0
(1344, 1345, 1346) 183769.0
(5551, 5552, 5553) 234419.0
(8400, 8401, 8402) 249533.0
(9728, 9729, 9730) 218799.0
(7962, 7963, 7964) 218044.0
(9766, 9767, 9768) 216269.0
(9824, 9825, 9826) 239960.0
(6999, 7000, 7001) 238634.0
(993, 994, 995) 225925.0
(8840, 8841, 8842) 192701.0
(2283, 2284, 2285) 218908.0
(4596, 4597, 4598) 274258.0
(4431, 4432, 4433) 235797.0
(6110, 6111, 6112) 269850.0
(9013, 9014, 9015) 210673.0
(1826, 1827, 1828) 230704.0
(7489, 7490, 7491) 235595.0
(68, 69, 70) 178423.0
(1379, 1380, 1381) 240906.0
(5363, 5364, 5365) 199963.0
(4588, 4589, 4590) 246919.0
(4632, 4633, 4634) 187644.0
(5846, 5847, 5848) 207725.0
(4314, 4315, 4316) 212475.0
(1806, 1807, 1808) 205306.0
(1857, 1858, 1859) 215832.0
(1523, 1524, 1525) 242547.0
(8044, 8045, 8046) 234482.0
(2859, 2860, 2861) 218113.0
(9456, 9457, 9458) 221578.0
(9059, 9060, 9061) 187783.0
(6049, 6050, 6051) 292951.0
(742, 743, 744) 234303.0
(7870, 7871, 7872) 213770.0
(7136, 7137, 7138) 190963.0
(1122, 1123, 1124) 238475.0
(9427, 9428, 9429) 238032.0
(6607, 6608, 6609) 224081.0
(7738, 7739, 7740) 279982.0
(625, 626, 627) 234947.0
(7157, 7158, 7159) 202636.0
(2652, 2653, 2654) 248222.0
(6808, 6809, 6810) 265676.0
(6886, 6887, 6888) 208776.0
(4290, 4291, 4292) 189140.0
(6623, 6624, 6625) 233307.0
(9970, 9971, 9972) 271512.0
(1183, 1184, 1185) 274748.0
(4303, 4304, 4305) 223277.0
(1851, 1852, 1853) 236545.0
(4301, 4302, 4303) 246852.0
(7762, 7763, 7764) 250851.0
(9547, 9548, 9549) 230146.0
(3924, 3925, 3926) 200234.0
(3063, 3064, 3065) 219842.0
(9357, 9358, 9359) 242146.0
(9871, 9872, 9873) 223421.0
(1312, 1313, 1314) 207416.0
(4527, 4528, 4529) 155989.0
(5710, 5711, 5712) 246467.0
(6013, 6014, 6015) 189707.0
(9094, 9095, 9096) 273108.0
(4763, 4764, 4765) 242263.0
(971, 972, 973) 178702.0
(3709, 3710, 3711) 155661.0
