(1188, 1189, 1190) 238941.0
(7542, 7543, 7544) 230002.0
(4212, 4213, 4214) 150109.0
(8117, 8118, 8119) 255893.0
(688, 689, 690) 199984.0
(7948, 7949, 7950) 229699.0
(2542, 2543, 2544) 227597.0
(4673, 4674, 4675) 268893.0
(366, 367, 368) 193061.0
(6232, 6233, 6234) 187631.0
(7183, 7184, 7185) 236927.0
(449, 450, 451) 213878.0
(2255, 2256, 2257) 243203.0
(9840, 9841, 9842) 201022.0
(1862, 1863, 1864) 277885.0
(577, 578, 579) 238124.0
(2317, 2318, 2319) 264778.0
(8160, 8161, 8162) 191324.0
(2402, 2403, 2404) 264103.0
(6745, 6746, 6747) 260561.0
(1030, 1031, 1032) 205644.0
(9942, 9943, 9944) 257725.0
(9622, 9623, 9624) 245803.0
(4768, 4769, 4770) 287458.0
(5650, 5651, 5652) 258353.0
(72, 73, 74) 199088.0
(7613, 7614, 7615) 221415.0
(3544, 3545, 3546) 204967.0
(3765, 3766, 3767) 239242.0
(6103, 6104, 6105) 255770.0
(635, 636, 637) 210826.0
(327, 328, 329) 237198.0
(1865, 1866, 1867) 270267.0
(210, 211, 212) 261486.0
(7551, 7552, 7553) 234590.0
(1271, 1272, 1273) 271676.0
(1480, 1481, 1482) 154375.0
(6815, 6816, 6817) 289692.0
(2677, 2678, 2679) 235997.0
(4867, 4868, 4869) 268185.0
(3349, 3350, 3351) 274401.0
(528, 529, 530) 220008.0
(761, 762, 763) 252464.0
(3121, 3122, 3123) 225581.0
(6150, 6151, 6152) 258530.0
(5896, 5897, 5898) 279131.0
(5032, 5033, 5034) 288036.0
(3961, 3962, 3963) 247488.0
(6840, 6841, 6842) 235840.0
(344, 345, 346) 206263.0
(4430, 4431, 4432) 285847.0
(3279, 3280, 3281) 239326.0
(1700, 1701, 1702) 225641.0
(6074, 6075, 6076) 240262.0
(8823, 8824, 8825) 219174.0
(2663, 2664, 2665) 200050.0
(1152, 1153, 1154) 260192.0
(6129, 6130, 6131) 231827.0
(8962, 8963, 8964) 232780.0
(3632, 3633, 3634) 209856.0
(3685, 3686, 3687) 225932.0
(2353, 2354, 2355) 237894.0
(2333, 2334, 2335) 253522.0
(3684, 3685, 3686) 198936.0
(6216, 6217, 6218) 231572.0
(6052, 6053, 6054) 251752.0
(9380, 9381, 9382) 223640.0
(7164, 7165, 7166) 263349.0
(4086, 4087, 4088) 204732.0
(6989, 6990, 6991) 203034.0
(6837, 6838, 6839) 267563.0
(9791, 9792, 9793) 225931.0
(3610, 3611, 3612) 263630.0
(9978, 9979, 9980) 234290.0
(7087, 7088, 7089) 201351.0
(5744, 5745, 5746) 237964.0
(7593, 7594, 7595) 222286.0
(4454, 4455, 4456) 235618.0
(9120, 9121, 9122) 244073.0
(3635, 3636, 3637) 278534.0
(8083, 8084, 8085) 235703.0
(2662, 2663, 2664) 281050.0
(651, 652, 653) 198171.0
(3033, 3034, 3035) 195446.0
(9732, 9733, 9734) 176203.0
(7500, 7501, 7502) 240424.0
(80, 81, 82) 279622.0
(8881, 8882, 8883) 177152.0
(3319, 3320, 3321) 242719.0
(481, 482, 483) 222070.0
(4173, 4174, 4175) 234298.0
(9507, 9508, 9509) 244126.0
(5068, 5069, 5070) 259903.0
(6801, 6802, 6803) 253785.0
(7026, 7027, 7028) 215100.0
(834, 835, 836) 262710.0
(5220, 5221, 5222) 198377.0
(9212, 9213, 9214) 205076.0
(3535, 3536, 3537) 219812.0
(1696, 1697, 1698) 245783.0
(3165, 3166, 3167) 234962.0
