(1497, 1498, 1499) 183697.0
(9316, 9317, 9318) 256367.0
(1415, 1416, 1417) 286074.0
(2981, 2982, 2983) 233055.0
(6654, 6655, 6656) 250419.0
(7663, 7664, 7665) 255206.0
(588, 589, 590) 216760.0
(151, 152, 153) 232948.0
(5216, 5217, 5218) 266325.0
(892, 893, 894) 187748.0
(3616, 3617, 3618) 259452.0
(3641, 3642, 3643) 238303.0
(6126, 6127, 6128) 180442.0
(7054, 7055, 7056) 239106.0
(2107, 2108, 2109) 226882.0
(4458, 4459, 4460) 186477.0
(3214, 3215, 3216) 199852.0
(4952, 4953, 4954) 204605.0
(7654, 7655, 7656) 264549.0
(64, 65, 66) 251658.0
(2975, 2976, 2977) 241159.0
(6021, 6022, 6023) 243082.0
(4129, 4130, 4131) 260761.0
(9358, 9359, 9360) 226709.0
(4629, 4630, 4631) 241995.0
(7373, 7374, 7375) 289469.0
(8088, 8089, 8090) 268068.0
(5951, 5952, 5953) 266105.0
(4896, 4897, 4898) 271009.0
(8488, 8489, 8490) 264034.0
(7647, 7648, 7649) 222450.0
(1052, 1053, 1054) 233938.0
(6550, 6551, 6552) 280283.0
(8624, 8625, 8626) 212293.0
(3239, 3240, 3241) 221437.0
(1773, 1774, 1775) 243699.0
(4060, 4061, 4062) 248868.0
(1385, 1386, 1387) 223148.0
(8218, 8219, 8220) 226751.0
(8951, 8952, 8953) 262237.0
(7926, 7927, 7928) 248218.0
(940, 941, 942) 212935.0
(2720, 2721, 2722) 216602.0
(479, 480, 481) 220188.0
(1989, 1990, 1991) 233339.0
(246, 247, 248) 271053.0
(8528, 8529, 8530) 224368.0
(3449, 3450, 3451) 218817.0
(4870, 4871, 4872) 240574.0
(453, 454, 455) 241925.0
(4676, 4677, 4678) 230155.0
(4654, 4655, 4656) 192707.0
(7790, 7791, 7792) 240407.0
(7473, 7474, 7475) 216177.0
(7373, 7374, 7375) 289469.0
(4042, 4043, 4044) 216385.0
(9896, 9897, 9898) 235636.0
(9125, 9126, 9127) 247126.0
(858, 859, 860) 229535.0
(377, 378, 379) 230189.0
(2396, 2397, 2398) 223369.0
(8515, 8516, 8517) 228040.0
(3288, 3289, 3290) 247221.0
(3287, 3288, 3289) 220428.0
(5096, 5097, 5098) 207135.0
(8009, 8010, 8011) 224804.0
(8867, 8868, 8869) 212416.0
(8466, 8467, 8468) 233364.0
(9108, 9109, 9110) 243154.0
(4694, 4695, 4696) 270960.0
(8074, 8075, 8076) 228399.0
(7233, 7234, 7235) 217768.0
(9590, 9591, 9592) 243269.0
(5158, 5159, 5160) 199421.0
(2626, 2627, 2628) 228708.0
(1340, 1341, 1342) 193897.0
(2929, 2930, 2931) 261807.0
(4663, 4664, 4665) 251232.0
(2957, 2958, 2959) 209330.0
(8397, 8398, 8399) 256312.0
(8387, 8388, 8389) 208204.0
(6124, 6125, 6126) 264018.0
(8642, 8643, 8644) 232926.0
(1886, 1887, 1888) 237028.0
(7657, 7658, 7659) 190368.0
(3375, 3376, 3377) 241894.0
(258, 259, 260) 292180.0
(9442, 9443, 9444) 262274.0
(5895, 5896, 5897) 247706.0
(2035, 2036, 2037) 234756.0
(3155, 3156, 3157) 251733.0
(9966, 9967, 9968) 284129.0
(7394, 7395, 7396) 246203.0
(3979, 3980, 3981) 238742.0
(6888, 6889, 6890) 229046.0
(9389, 9390, 9391) 289703.0
(8097, 8098, 8099) 180102.0
(4547, 4548, 4549) 224658.0
(2669, 2670, 2671) 207907.0
(6637, 6638, 6639) 237282.0
(4118, 4119, 4120) 257878.0
