(6693, 6694, 6695) 194012.0
(5430, 5431, 5432) 250331.0
(2443, 2444, 2445) 261529.0
(5453, 5454, 5455) 280587.0
(5544, 5545, 5546) 216860.0
(3255, 3256, 3257) 226394.0
(2838, 2839, 2840) 207791.0
(5740, 5741, 5742) 217438.0
(7364, 7365, 7366) 222216.0
(1450, 1451, 1452) 275586.0
(7282, 7283, 7284) 302251.0
(3840, 3841, 3842) 222604.0
(3343, 3344, 3345) 232183.0
(8910, 8911, 8912) 307456.0
(2370, 2371, 2372) 276748.0
(9847, 9848, 9849) 213760.0
(8923, 8924, 8925) 282583.0
(4640, 4641, 4642) 172763.0
(359, 360, 361) 216054.0
(8780, 8781, 8782) 272919.0
(5415, 5416, 5417) 261720.0
(4044, 4045, 4046) 204855.0
(6342, 6343, 6344) 254388.0
(3059, 3060, 3061) 220710.0
(8468, 8469, 8470) 263017.0
(249, 250, 251) 197332.0
(9548, 9549, 9550) 220043.0
(5513, 5514, 5515) 214547.0
(6771, 6772, 6773) 273777.0
(5471, 5472, 5473) 190180.0
(6639, 6640, 6641) 235231.0
(4145, 4146, 4147) 225226.0
(431, 432, 433) 214743.0
(3193, 3194, 3195) 261447.0
(712, 713, 714) 285181.0
(4358, 4359, 4360) 205378.0
(9694, 9695, 9696) 321156.0
(3201, 3202, 3203) 203361.0
(3686, 3687, 3688) 239506.0
(82, 83, 84) 262468.0
(2722, 2723, 2724) 246669.0
(9901, 9902, 9903) 238808.0
(8909, 8910, 8911) 263453.0
(7495, 7496, 7497) 249633.0
(8553, 8554, 8555) 254358.0
(6219, 6220, 6221) 236042.0
(2188, 2189, 2190) 282853.0
(3536, 3537, 3538) 253901.0
(640, 641, 642) 248859.0
(3476, 3477, 3478) 243308.0
(7598, 7599, 7600) 204026.0
(3282, 3283, 3284) 239719.0
(6263, 6264, 6265) 264615.0
(638, 639, 640) 206917.0
(1665, 1666, 1667) 238489.0
(1310, 1311, 1312) 199680.0
(7334, 7335, 7336) 277035.0
(9700, 9701, 9702) 211826.0
(6573, 6574, 6575) 262748.0
(7753, 7754, 7755) 243020.0
(7084, 7085, 7086) 224894.0
(8924, 8925, 8926) 191137.0
(7858, 7859, 7860) 219533.0
(1464, 1465, 1466) 197195.0
(2931, 2932, 2933) 282597.0
(317, 318, 319) 247296.0
(819, 820, 821) 258969.0
(1363, 1364, 1365) 211215.0
(2786, 2787, 2788) 214664.0
(8092, 8093, 8094) 250382.0
(6756, 6757, 6758) 224021.0
(7633, 7634, 7635) 190903.0
(1223, 1224, 1225) 234280.0
(8773, 8774, 8775) 245781.0
(9223, 9224, 9225) 252018.0
(4262, 4263, 4264) 284867.0
(3546, 3547, 3548) 229121.0
(2413, 2414, 2415) 203377.0
(8811, 8812, 8813) 229205.0
(9369, 9370, 9371) 268532.0
(2095, 2096, 2097) 242585.0
(694, 695, 696) 225651.0
(976, 977, 978) 230965.0
(8935, 8936, 8937) 219031.0
(6173, 6174, 6175) 239559.0
(8191, 8192, 8193) 209301.0
(9527, 9528, 9529) 310166.0
(2625, 2626, 2627) 199734.0
(8843, 8844, 8845) 278660.0
(8578, 8579, 8580) 247509.0
(6731, 6732, 6733) 224261.0
(6361, 6362, 6363) 245145.0
(3673, 3674, 3675) 266538.0
(9446, 9447, 9448) 219089.0
(8711, 8712, 8713) 227926.0
(3847, 3848, 3849) 294021.0
(2767, 2768, 2769) 282308.0
(2538, 2539, 2540) 268213.0
(8189, 8190, 8191) 262149.0
(2968, 2969, 2970) 305451.0
(3955, 3956, 3957) 207805.0
