(590, 591, 592) 229596.0
(1407, 1408, 1409) 282006.0
(2863, 2864, 2865) 252475.0
(6499, 6500, 6501) 278080.0
(4590, 4591, 4592) 253179.0
(3166, 3167, 3168) 221317.0
(2587, 2588, 2589) 274907.0
(6848, 6849, 6850) 275075.0
(4899, 4900, 4901) 213790.0
(7664, 7665, 7666) 238080.0
(8074, 8075, 8076) 236561.0
(39, 40, 41) 308519.0
(180, 181, 182) 227094.0
(6162, 6163, 6164) 241523.0
(8442, 8443, 8444) 279091.0
(4378, 4379, 4380) 242788.0
(1797, 1798, 1799) 206148.0
(1588, 1589, 1590) 249525.0
(4399, 4400, 4401) 218084.0
(1659, 1660, 1661) 252203.0
(7179, 7180, 7181) 277606.0
(1268, 1269, 1270) 269581.0
(359, 360, 361) 225683.0
(9732, 9733, 9734) 192793.0
(3320, 3321, 3322) 284967.0
(1888, 1889, 1890) 214088.0
(7692, 7693, 7694) 293213.0
(4880, 4881, 4882) 279770.0
(2101, 2102, 2103) 256801.0
(785, 786, 787) 297449.0
(2725, 2726, 2727) 261221.0
(8970, 8971, 8972) 239926.0
(4464, 4465, 4466) 218743.0
(9875, 9876, 9877) 290921.0
(2990, 2991, 2992) 220974.0
(9080, 9081, 9082) 243931.0
(8777, 8778, 8779) 268959.0
(4797, 4798, 4799) 208936.0
(7707, 7708, 7709) 256090.0
(3116, 3117, 3118) 247372.0
(1644, 1645, 1646) 246082.0
(1210, 1211, 1212) 265213.0
(7663, 7664, 7665) 258829.0
(9410, 9411, 9412) 235516.0
(6005, 6006, 6007) 267455.0
(815, 816, 817) 264168.0
(3692, 3693, 3694) 222001.0
(7759, 7760, 7761) 237940.0
(5754, 5755, 5756) 276390.0
(6520, 6521, 6522) 267101.0
(9010, 9011, 9012) 252736.0
(1727, 1728, 1729) 224125.0
(6595, 6596, 6597) 248798.0
(7563, 7564, 7565) 294207.0
(779, 780, 781) 268975.0
(3594, 3595, 3596) 167245.0
(9969, 9970, 9971) 262383.0
(5593, 5594, 5595) 211000.0
(265, 266, 267) 217102.0
(5270, 5271, 5272) 264957.0
(5738, 5739, 5740) 246449.0
(2977, 2978, 2979) 197748.0
(2486, 2487, 2488) 217924.0
(2543, 2544, 2545) 284490.0
(1782, 1783, 1784) 262966.0
(4626, 4627, 4628) 249554.0
(963, 964, 965) 243447.0
(5668, 5669, 5670) 258990.0
(8085, 8086, 8087) 279114.0
(5420, 5421, 5422) 189037.0
(7446, 7447, 7448) 249200.0
(5625, 5626, 5627) 243778.0
(3466, 3467, 3468) 196847.0
(2854, 2855, 2856) 210065.0
(2852, 2853, 2854) 269526.0
(9197, 9198, 9199) 184970.0
(4420, 4421, 4422) 251662.0
(8934, 8935, 8936) 253933.0
(3342, 3343, 3344) 220807.0
(9227, 9228, 9229) 251173.0
(5394, 5395, 5396) 222611.0
(3755, 3756, 3757) 238240.0
(6835, 6836, 6837) 273594.0
(3692, 3693, 3694) 222001.0
(2966, 2967, 2968) 215131.0
(9855, 9856, 9857) 231984.0
(1044, 1045, 1046) 247300.0
(2354, 2355, 2356) 179938.0
(2486, 2487, 2488) 217924.0
(8649, 8650, 8651) 291648.0
(5145, 5146, 5147) 229894.0
(3568, 3569, 3570) 220973.0
(8594, 8595, 8596) 235156.0
(9888, 9889, 9890) 216855.0
(7445, 7446, 7447) 247409.0
(8297, 8298, 8299) 260020.0
(5525, 5526, 5527) 256959.0
(3750, 3751, 3752) 253064.0
(7788, 7789, 7790) 262099.0
(9523, 9524, 9525) 271511.0
(4369, 4370, 4371) 207236.0
