(6971, 6972, 6973) 248456.0
(98, 99, 100) 238950.0
(5462, 5463, 5464) 217823.0
(1743, 1744, 1745) 242670.0
(8375, 8376, 8377) 288947.0
(4321, 4322, 4323) 258336.0
(9988, 9989, 9990) 305726.0
(5559, 5560, 5561) 219583.0
(1187, 1188, 1189) 198913.0
(9272, 9273, 9274) 238433.0
(5441, 5442, 5443) 216561.0
(4830, 4831, 4832) 174201.0
(9715, 9716, 9717) 266055.0
(1291, 1292, 1293) 301583.0
(7633, 7634, 7635) 193405.0
(2754, 2755, 2756) 240359.0
(7122, 7123, 7124) 206607.0
(8815, 8816, 8817) 279027.0
(9691, 9692, 9693) 248405.0
(574, 575, 576) 235757.0
(2141, 2142, 2143) 260265.0
(9040, 9041, 9042) 205574.0
(5590, 5591, 5592) 282960.0
(479, 480, 481) 232081.0
(9115, 9116, 9117) 189204.0
(2397, 2398, 2399) 240427.0
(4220, 4221, 4222) 215805.0
(4919, 4920, 4921) 279649.0
(887, 888, 889) 279240.0
(128, 129, 130) 255726.0
(5500, 5501, 5502) 188690.0
(3560, 3561, 3562) 234277.0
(8719, 8720, 8721) 208120.0
(5791, 5792, 5793) 260375.0
(1409, 1410, 1411) 268948.0
(2070, 2071, 2072) 258847.0
(9470, 9471, 9472) 237402.0
(5874, 5875, 5876) 295525.0
(5794, 5795, 5796) 239258.0
(3721, 3722, 3723) 289167.0
(9600, 9601, 9602) 256444.0
(4369, 4370, 4371) 210508.0
(3958, 3959, 3960) 217514.0
(3599, 3600, 3601) 251917.0
(3717, 3718, 3719) 295726.0
(3642, 3643, 3644) 233100.0
(8445, 8446, 8447) 228616.0
(9930, 9931, 9932) 236423.0
(5271, 5272, 5273) 239180.0
(6995, 6996, 6997) 243446.0
(7655, 7656, 7657) 228465.0
(6806, 6807, 6808) 286522.0
(5407, 5408, 5409) 218146.0
(342, 343, 344) 269963.0
(5959, 5960, 5961) 237286.0
(3772, 3773, 3774) 298617.0
(459, 460, 461) 271284.0
(5891, 5892, 5893) 232248.0
(877, 878, 879) 284946.0
(2736, 2737, 2738) 221893.0
(5257, 5258, 5259) 295947.0
(3093, 3094, 3095) 246496.0
(7756, 7757, 7758) 206806.0
(4410, 4411, 4412) 280205.0
(28, 29, 30) 203168.0
(1933, 1934, 1935) 228124.0
(1968, 1969, 1970) 279637.0
(502, 503, 504) 284906.0
(9068, 9069, 9070) 275083.0
(5685, 5686, 5687) 242896.0
(5135, 5136, 5137) 257028.0
(8849, 8850, 8851) 239665.0
(8162, 8163, 8164) 220679.0
(5281, 5282, 5283) 272317.0
(1510, 1511, 1512) 241558.0
(8193, 8194, 8195) 256867.0
(4502, 4503, 4504) 304464.0
(5532, 5533, 5534) 243748.0
(9123, 9124, 9125) 279174.0
(3934, 3935, 3936) 252552.0
(4029, 4030, 4031) 216565.0
(3621, 3622, 3623) 238033.0
(6533, 6534, 6535) 260668.0
(7537, 7538, 7539) 266978.0
(7828, 7829, 7830) 232722.0
(8179, 8180, 8181) 263483.0
(1484, 1485, 1486) 269988.0
(9170, 9171, 9172) 273890.0
(7709, 7710, 7711) 260631.0
(7301, 7302, 7303) 284194.0
(7238, 7239, 7240) 249738.0
(5573, 5574, 5575) 265552.0
(5007, 5008, 5009) 196960.0
(9756, 9757, 9758) 237795.0
(3259, 3260, 3261) 250111.0
(4111, 4112, 4113) 269217.0
(9468, 9469, 9470) 256153.0
(825, 826, 827) 252066.0
(2178, 2179, 2180) 270975.0
(6750, 6751, 6752) 256577.0
(8239, 8240, 8241) 200845.0
