(336, 337, 338) 7122.0
(5983, 5984, 5985) 7126.0
(6401, 6402, 6403) 7085.0
(9271, 9272, 9273) 6873.0
(8786, 8787, 8788) 6719.0
(9828, 9829, 9830) 7835.0
(8108, 8109, 8110) 7566.0
(8646, 8647, 8648) 6847.0
(6878, 6879, 6880) 7123.0
(2247, 2248, 2249) 7457.0
(2764, 2765, 2766) 6400.0
(6112, 6113, 6114) 7019.0
(1103, 1104, 1105) 7449.0
(9627, 9628, 9629) 6647.0
(8771, 8772, 8773) 6327.0
(5705, 5706, 5707) 6970.0
(3969, 3970, 3971) 6575.0
(3259, 3260, 3261) 6810.0
(8783, 8784, 8785) 6808.0
(5217, 5218, 5219) 7457.0
(1372, 1373, 1374) 7826.0
(9070, 9071, 9072) 7420.0
(5577, 5578, 5579) 7445.0
(8114, 8115, 8116) 7274.0
(2927, 2928, 2929) 6937.0
(3363, 3364, 3365) 7001.0
(3852, 3853, 3854) 6339.0
(4343, 4344, 4345) 6917.0
(8984, 8985, 8986) 6607.0
(5474, 5475, 5476) 7146.0
(6428, 6429, 6430) 6466.0
(8869, 8870, 8871) 6425.0
(6125, 6126, 6127) 7142.0
(641, 642, 643) 8167.0
(7591, 7592, 7593) 7040.0
(7696, 7697, 7698) 7368.0
(3980, 3981, 3982) 6735.0
(4015, 4016, 4017) 6588.0
(7237, 7238, 7239) 7258.0
(8117, 8118, 8119) 6882.0
(5432, 5433, 5434) 6635.0
(7154, 7155, 7156) 8050.0
(4987, 4988, 4989) 7440.0
(7381, 7382, 7383) 7886.0
(4973, 4974, 4975) 7903.0
(6060, 6061, 6062) 8622.0
(5107, 5108, 5109) 7390.0
(5997, 5998, 5999) 6738.0
(648, 649, 650) 8389.0
(9779, 9780, 9781) 7253.0
(8476, 8477, 8478) 8714.0
(4372, 4373, 4374) 6218.0
(2208, 2209, 2210) 7258.0
(8184, 8185, 8186) 7724.0
(561, 562, 563) 7159.0
(5325, 5326, 5327) 6873.0
(3972, 3973, 3974) 7748.0
(2668, 2669, 2670) 8037.0
(4885, 4886, 4887) 6151.0
(9015, 9016, 9017) 7644.0
(2094, 2095, 2096) 8193.0
(6436, 6437, 6438) 6752.0
(773, 774, 775) 6966.0
(2713, 2714, 2715) 6464.0
(169, 170, 171) 7187.0
(2233, 2234, 2235) 7813.0
(5727, 5728, 5729) 6492.0
(1200, 1201, 1202) 6687.0
(1619, 1620, 1621) 6678.0
(4147, 4148, 4149) 7622.0
(9658, 9659, 9660) 7018.0
(9263, 9264, 9265) 6148.0
(8566, 8567, 8568) 7293.0
(7129, 7130, 7131) 7215.0
(4650, 4651, 4652) 6538.0
(2584, 2585, 2586) 7567.0
(6093, 6094, 6095) 5986.0
(8022, 8023, 8024) 6648.0
(3006, 3007, 3008) 6384.0
(6929, 6930, 6931) 7540.0
(972, 973, 974) 6581.0
(8406, 8407, 8408) 6424.0
(4341, 4342, 4343) 7665.0
(6435, 6436, 6437) 6509.0
(491, 492, 493) 6702.0
(2947, 2948, 2949) 7037.0
(3795, 3796, 3797) 8308.0
(8680, 8681, 8682) 7195.0
(9396, 9397, 9398) 6850.0
(5485, 5486, 5487) 8872.0
(4340, 4341, 4342) 6708.0
(3677, 3678, 3679) 6858.0
(1886, 1887, 1888) 7135.0
(210, 211, 212) 6903.0
(4095, 4096, 4097) 7719.0
(3766, 3767, 3768) 7322.0
(812, 813, 814) 7213.0
(7536, 7537, 7538) 6772.0
(8934, 8935, 8936) 6888.0
(6224, 6225, 6226) 7240.0
(6877, 6878, 6879) 7502.0
