(2431, 2432, 2433) 88.0
(2620, 2621, 2622) 66.0
(3033, 3034, 3035) 41.0
(230, 231, 232) 59.0
(9585, 9586, 9587) 61.0
(8670, 8671, 8672) 31.0
(8450, 8451, 8452) 37.0
(9279, 9280, 9281) 44.0
(7024, 7025, 7026) 48.0
(7834, 7835, 7836) 45.0
(6777, 6778, 6779) 54.0
(4737, 4738, 4739) 60.0
(3039, 3040, 3041) 59.0
(490, 491, 492) 62.0
(8357, 8358, 8359) 38.0
(4948, 4949, 4950) 20.0
(6418, 6419, 6420) 86.0
(7557, 7558, 7559) 64.0
(681, 682, 683) 53.0
(5871, 5872, 5873) 60.0
(9791, 9792, 9793) 38.0
(8976, 8977, 8978) 89.0
(2058, 2059, 2060) 33.0
(128, 129, 130) 68.0
(4746, 4747, 4748) 112.0
(7758, 7759, 7760) 85.0
(8152, 8153, 8154) 75.0
(3242, 3243, 3244) 57.0
(8333, 8334, 8335) 20.0
(5062, 5063, 5064) 112.0
(6729, 6730, 6731) 55.0
(5300, 5301, 5302) 50.0
(2240, 2241, 2242) 58.0
(7004, 7005, 7006) 34.0
(5399, 5400, 5401) 54.0
(4683, 4684, 4685) 65.0
(6259, 6260, 6261) 72.0
(7120, 7121, 7122) 52.0
(5595, 5596, 5597) 48.0
(2420, 2421, 2422) 36.0
(2786, 2787, 2788) 74.0
(7051, 7052, 7053) 53.0
(2906, 2907, 2908) 42.0
(9196, 9197, 9198) 31.0
(6127, 6128, 6129) 56.0
(2979, 2980, 2981) 39.0
(4491, 4492, 4493) 71.0
(8679, 8680, 8681) 54.0
(1981, 1982, 1983) 40.0
(7287, 7288, 7289) 70.0
(3483, 3484, 3485) 61.0
(6213, 6214, 6215) 75.0
(6993, 6994, 6995) 33.0
(1395, 1396, 1397) 61.0
(3414, 3415, 3416) 136.0
(1721, 1722, 1723) 38.0
(3686, 3687, 3688) 27.0
(2820, 2821, 2822) 57.0
(9974, 9975, 9976) 50.0
(4742, 4743, 4744) 55.0
(7589, 7590, 7591) 61.0
(7593, 7594, 7595) 39.0
(189, 190, 191) 56.0
(1347, 1348, 1349) 70.0
(6627, 6628, 6629) 67.0
(7447, 7448, 7449) 60.0
(4806, 4807, 4808) 80.0
(9265, 9266, 9267) 53.0
(7916, 7917, 7918) 78.0
(764, 765, 766) 31.0
(393, 394, 395) 69.0
(4928, 4929, 4930) 93.0
(4419, 4420, 4421) 54.0
(2388, 2389, 2390) 57.0
(2715, 2716, 2717) 48.0
(6300, 6301, 6302) 84.0
(3330, 3331, 3332) 96.0
(4617, 4618, 4619) 51.0
(2249, 2250, 2251) 49.0
(9924, 9925, 9926) 32.0
(979, 980, 981) 66.0
(7096, 7097, 7098) 38.0
(2814, 2815, 2816) 69.0
(4690, 4691, 4692) 44.0
(4472, 4473, 4474) 43.0
(3855, 3856, 3857) 44.0
(4675, 4676, 4677) 73.0
(6955, 6956, 6957) 46.0
(6247, 6248, 6249) 45.0
(9500, 9501, 9502) 38.0
(1163, 1164, 1165) 53.0
(1165, 1166, 1167) 25.0
(7762, 7763, 7764) 55.0
(3627, 3628, 3629) 43.0
(4058, 4059, 4060) 61.0
(1706, 1707, 1708) 43.0
(405, 406, 407) 46.0
(6684, 6685, 6686) 62.0
(3805, 3806, 3807) 60.0
(3618, 3619, 3620) 54.0
(1452, 1453, 1454) 56.0
