(1360, 1361, 1362) 548.0
(7547, 7548, 7549) 602.0
(3945, 3946, 3947) 564.0
(7134, 7135, 7136) 509.0
(2039, 2040, 2041) 636.0
(1582, 1583, 1584) 938.0
(2404, 2405, 2406) 972.0
(5982, 5983, 5984) 742.0
(8301, 8302, 8303) 719.0
(5547, 5548, 5549) 770.0
(5736, 5737, 5738) 694.0
(6927, 6928, 6929) 887.0
(3667, 3668, 3669) 705.0
(492, 493, 494) 721.0
(3906, 3907, 3908) 819.0
(2356, 2357, 2358) 797.0
(9579, 9580, 9581) 856.0
(7113, 7114, 7115) 699.0
(2920, 2921, 2922) 750.0
(3456, 3457, 3458) 705.0
(1010, 1011, 1012) 517.0
(6456, 6457, 6458) 588.0
(5003, 5004, 5005) 652.0
(4073, 4074, 4075) 740.0
(3288, 3289, 3290) 611.0
(9616, 9617, 9618) 786.0
(2645, 2646, 2647) 702.0
(8576, 8577, 8578) 1011.0
(1012, 1013, 1014) 583.0
(6473, 6474, 6475) 802.0
(7532, 7533, 7534) 723.0
(269, 270, 271) 743.0
(7255, 7256, 7257) 671.0
(9705, 9706, 9707) 814.0
(9777, 9778, 9779) 728.0
(8026, 8027, 8028) 890.0
(5228, 5229, 5230) 568.0
(4993, 4994, 4995) 636.0
(3646, 3647, 3648) 484.0
(7579, 7580, 7581) 678.0
(6312, 6313, 6314) 550.0
(733, 734, 735) 652.0
(9446, 9447, 9448) 722.0
(6870, 6871, 6872) 487.0
(4576, 4577, 4578) 761.0
(6162, 6163, 6164) 764.0
(1313, 1314, 1315) 526.0
(4543, 4544, 4545) 573.0
(8441, 8442, 8443) 722.0
(6060, 6061, 6062) 892.0
(1264, 1265, 1266) 787.0
(5194, 5195, 5196) 825.0
(7658, 7659, 7660) 725.0
(3609, 3610, 3611) 814.0
(8058, 8059, 8060) 643.0
(1979, 1980, 1981) 511.0
(5637, 5638, 5639) 755.0
(217, 218, 219) 915.0
(6368, 6369, 6370) 704.0
(4890, 4891, 4892) 868.0
(2507, 2508, 2509) 754.0
(908, 909, 910) 578.0
(7663, 7664, 7665) 782.0
(9785, 9786, 9787) 946.0
(2739, 2740, 2741) 532.0
(5482, 5483, 5484) 402.0
(319, 320, 321) 865.0
(7178, 7179, 7180) 632.0
(3392, 3393, 3394) 798.0
(4248, 4249, 4250) 769.0
(1840, 1841, 1842) 825.0
(8642, 8643, 8644) 548.0
(6243, 6244, 6245) 530.0
(8779, 8780, 8781) 694.0
(6160, 6161, 6162) 589.0
(9479, 9480, 9481) 803.0
(1658, 1659, 1660) 874.0
(7541, 7542, 7543) 848.0
(389, 390, 391) 528.0
(6646, 6647, 6648) 633.0
(9969, 9970, 9971) 716.0
(5383, 5384, 5385) 715.0
(87, 88, 89) 609.0
(8689, 8690, 8691) 651.0
(5217, 5218, 5219) 695.0
(9426, 9427, 9428) 576.0
(16, 17, 18) 662.0
(3154, 3155, 3156) 640.0
(7660, 7661, 7662) 740.0
(4100, 4101, 4102) 764.0
(1591, 1592, 1593) 664.0
(7374, 7375, 7376) 586.0
(5559, 5560, 5561) 719.0
(6769, 6770, 6771) 786.0
(4502, 4503, 4504) 539.0
(2968, 2969, 2970) 797.0
(4972, 4973, 4974) 572.0
(2273, 2274, 2275) 955.0
(9288, 9289, 9290) 762.0
(6288, 6289, 6290) 792.0
(8389, 8390, 8391) 719.0
