(9270, 9271, 9272) 608.0
(4734, 4735, 4736) 831.0
(6010, 6011, 6012) 765.0
(6206, 6207, 6208) 620.0
(4604, 4605, 4606) 729.0
(1730, 1731, 1732) 1037.0
(6231, 6232, 6233) 767.0
(9268, 9269, 9270) 754.0
(2085, 2086, 2087) 879.0
(6373, 6374, 6375) 696.0
(4576, 4577, 4578) 836.0
(500, 501, 502) 802.0
(3952, 3953, 3954) 610.0
(9045, 9046, 9047) 937.0
(4232, 4233, 4234) 1020.0
(4717, 4718, 4719) 838.0
(7533, 7534, 7535) 846.0
(5389, 5390, 5391) 580.0
(6209, 6210, 6211) 924.0
(6212, 6213, 6214) 829.0
(1329, 1330, 1331) 1029.0
(588, 589, 590) 715.0
(8713, 8714, 8715) 641.0
(1447, 1448, 1449) 596.0
(3017, 3018, 3019) 718.0
(7882, 7883, 7884) 826.0
(482, 483, 484) 782.0
(3108, 3109, 3110) 845.0
(1527, 1528, 1529) 611.0
(8262, 8263, 8264) 656.0
(6658, 6659, 6660) 656.0
(4616, 4617, 4618) 669.0
(243, 244, 245) 679.0
(9208, 9209, 9210) 793.0
(6652, 6653, 6654) 626.0
(5721, 5722, 5723) 816.0
(9945, 9946, 9947) 583.0
(8973, 8974, 8975) 714.0
(6893, 6894, 6895) 508.0
(8890, 8891, 8892) 609.0
(5994, 5995, 5996) 983.0
(4226, 4227, 4228) 737.0
(7493, 7494, 7495) 862.0
(3799, 3800, 3801) 684.0
(6103, 6104, 6105) 761.0
(412, 413, 414) 693.0
(4634, 4635, 4636) 824.0
(6026, 6027, 6028) 849.0
(7890, 7891, 7892) 702.0
(7755, 7756, 7757) 704.0
(2297, 2298, 2299) 836.0
(2885, 2886, 2887) 724.0
(6365, 6366, 6367) 793.0
(7290, 7291, 7292) 695.0
(6104, 6105, 6106) 576.0
(9117, 9118, 9119) 595.0
(8240, 8241, 8242) 780.0
(2772, 2773, 2774) 847.0
(2797, 2798, 2799) 819.0
(281, 282, 283) 891.0
(4633, 4634, 4635) 662.0
(3369, 3370, 3371) 616.0
(2077, 2078, 2079) 916.0
(1811, 1812, 1813) 705.0
(9967, 9968, 9969) 894.0
(6155, 6156, 6157) 1164.0
(408, 409, 410) 762.0
(8907, 8908, 8909) 785.0
(2434, 2435, 2436) 641.0
(9291, 9292, 9293) 606.0
(1610, 1611, 1612) 600.0
(3791, 3792, 3793) 861.0
(9755, 9756, 9757) 653.0
(9018, 9019, 9020) 885.0
(2290, 2291, 2292) 812.0
(8831, 8832, 8833) 837.0
(6720, 6721, 6722) 729.0
(368, 369, 370) 741.0
(6610, 6611, 6612) 730.0
(6278, 6279, 6280) 986.0
(8760, 8761, 8762) 664.0
(2309, 2310, 2311) 660.0
(9034, 9035, 9036) 673.0
(725, 726, 727) 778.0
(5465, 5466, 5467) 679.0
(2569, 2570, 2571) 845.0
(2669, 2670, 2671) 718.0
(6267, 6268, 6269) 755.0
(5169, 5170, 5171) 692.0
(4804, 4805, 4806) 862.0
(7212, 7213, 7214) 756.0
(9124, 9125, 9126) 711.0
(4390, 4391, 4392) 762.0
(3510, 3511, 3512) 1005.0
(1471, 1472, 1473) 621.0
(8985, 8986, 8987) 740.0
(1635, 1636, 1637) 854.0
(5225, 5226, 5227) 637.0
(7157, 7158, 7159) 548.0
(9751, 9752, 9753) 827.0
(7056, 7057, 7058) 677.0
