(3970, 3971, 3972) 1232.0
(5711, 5712, 5713) 729.0
(6941, 6942, 6943) 1042.0
(155, 156, 157) 726.0
(6149, 6150, 6151) 982.0
(9248, 9249, 9250) 753.0
(7409, 7410, 7411) 697.0
(8797, 8798, 8799) 792.0
(1005, 1006, 1007) 785.0
(4835, 4836, 4837) 874.0
(4494, 4495, 4496) 797.0
(4552, 4553, 4554) 801.0
(6429, 6430, 6431) 790.0
(3247, 3248, 3249) 999.0
(2221, 2222, 2223) 925.0
(3034, 3035, 3036) 856.0
(9758, 9759, 9760) 874.0
(5097, 5098, 5099) 671.0
(2765, 2766, 2767) 701.0
(4600, 4601, 4602) 762.0
(2220, 2221, 2222) 675.0
(6649, 6650, 6651) 958.0
(2812, 2813, 2814) 963.0
(2039, 2040, 2041) 702.0
(5638, 5639, 5640) 741.0
(3478, 3479, 3480) 1319.0
(4932, 4933, 4934) 598.0
(9156, 9157, 9158) 971.0
(2596, 2597, 2598) 795.0
(9953, 9954, 9955) 672.0
(9709, 9710, 9711) 751.0
(8061, 8062, 8063) 741.0
(6628, 6629, 6630) 868.0
(337, 338, 339) 806.0
(9693, 9694, 9695) 675.0
(8421, 8422, 8423) 963.0
(7259, 7260, 7261) 1036.0
(3180, 3181, 3182) 627.0
(4439, 4440, 4441) 803.0
(8433, 8434, 8435) 685.0
(8949, 8950, 8951) 900.0
(8874, 8875, 8876) 584.0
(1175, 1176, 1177) 835.0
(7131, 7132, 7133) 861.0
(5861, 5862, 5863) 747.0
(7906, 7907, 7908) 658.0
(3871, 3872, 3873) 972.0
(9702, 9703, 9704) 659.0
(2485, 2486, 2487) 701.0
(4031, 4032, 4033) 1021.0
(9044, 9045, 9046) 802.0
(9832, 9833, 9834) 1027.0
(5818, 5819, 5820) 709.0
(6875, 6876, 6877) 938.0
(1376, 1377, 1378) 1227.0
(4136, 4137, 4138) 607.0
(301, 302, 303) 973.0
(2060, 2061, 2062) 849.0
(6341, 6342, 6343) 742.0
(5684, 5685, 5686) 777.0
(968, 969, 970) 900.0
(2239, 2240, 2241) 1042.0
(7120, 7121, 7122) 833.0
(4468, 4469, 4470) 855.0
(9305, 9306, 9307) 745.0
(5586, 5587, 5588) 790.0
(9859, 9860, 9861) 688.0
(1485, 1486, 1487) 682.0
(9525, 9526, 9527) 847.0
(3767, 3768, 3769) 686.0
(5086, 5087, 5088) 722.0
(1188, 1189, 1190) 773.0
(8754, 8755, 8756) 867.0
(5308, 5309, 5310) 735.0
(4877, 4878, 4879) 868.0
(8739, 8740, 8741) 839.0
(8564, 8565, 8566) 904.0
(4782, 4783, 4784) 741.0
(4002, 4003, 4004) 1024.0
(5815, 5816, 5817) 639.0
(7973, 7974, 7975) 671.0
(4866, 4867, 4868) 673.0
(1741, 1742, 1743) 659.0
(4514, 4515, 4516) 896.0
(8188, 8189, 8190) 562.0
(393, 394, 395) 607.0
(1380, 1381, 1382) 801.0
(5312, 5313, 5314) 973.0
(5343, 5344, 5345) 879.0
(3926, 3927, 3928) 777.0
(463, 464, 465) 548.0
(4258, 4259, 4260) 698.0
(1409, 1410, 1411) 737.0
(4804, 4805, 4806) 998.0
(1828, 1829, 1830) 856.0
(3776, 3777, 3778) 752.0
(2563, 2564, 2565) 693.0
(7457, 7458, 7459) 738.0
(2653, 2654, 2655) 626.0
(8295, 8296, 8297) 743.0
(4358, 4359, 4360) 669.0
