(7559, 7560, 7561) 947.0
(2750, 2751, 2752) 863.0
(124, 125, 126) 804.0
(2485, 2486, 2487) 768.0
(1320, 1321, 1322) 869.0
(57, 58, 59) 822.0
(662, 663, 664) 857.0
(9612, 9613, 9614) 776.0
(2915, 2916, 2917) 1048.0
(3669, 3670, 3671) 893.0
(7234, 7235, 7236) 863.0
(7659, 7660, 7661) 848.0
(8121, 8122, 8123) 759.0
(4801, 4802, 4803) 775.0
(8046, 8047, 8048) 741.0
(6070, 6071, 6072) 654.0
(6280, 6281, 6282) 895.0
(21, 22, 23) 890.0
(7541, 7542, 7543) 1094.0
(8551, 8552, 8553) 1325.0
(408, 409, 410) 860.0
(2945, 2946, 2947) 709.0
(3515, 3516, 3517) 709.0
(4053, 4054, 4055) 860.0
(7853, 7854, 7855) 860.0
(9516, 9517, 9518) 814.0
(6837, 6838, 6839) 844.0
(178, 179, 180) 967.0
(887, 888, 889) 971.0
(1176, 1177, 1178) 1052.0
(5134, 5135, 5136) 1077.0
(3947, 3948, 3949) 741.0
(662, 663, 664) 857.0
(9337, 9338, 9339) 731.0
(7353, 7354, 7355) 799.0
(3199, 3200, 3201) 800.0
(5904, 5905, 5906) 739.0
(2044, 2045, 2046) 832.0
(1135, 1136, 1137) 970.0
(4470, 4471, 4472) 769.0
(2460, 2461, 2462) 743.0
(6190, 6191, 6192) 743.0
(9158, 9159, 9160) 724.0
(8015, 8016, 8017) 940.0
(9131, 9132, 9133) 891.0
(8556, 8557, 8558) 1233.0
(2158, 2159, 2160) 1097.0
(5575, 5576, 5577) 742.0
(1065, 1066, 1067) 786.0
(3346, 3347, 3348) 814.0
(9195, 9196, 9197) 1253.0
(4718, 4719, 4720) 1059.0
(8593, 8594, 8595) 896.0
(5606, 5607, 5608) 746.0
(4499, 4500, 4501) 1067.0
(638, 639, 640) 778.0
(3166, 3167, 3168) 752.0
(3641, 3642, 3643) 1045.0
(607, 608, 609) 716.0
(6296, 6297, 6298) 665.0
(5283, 5284, 5285) 775.0
(2412, 2413, 2414) 617.0
(7450, 7451, 7452) 1337.0
(8092, 8093, 8094) 945.0
(6628, 6629, 6630) 982.0
(5505, 5506, 5507) 835.0
(6069, 6070, 6071) 818.0
(6096, 6097, 6098) 808.0
(6661, 6662, 6663) 838.0
(7662, 7663, 7664) 887.0
(4032, 4033, 4034) 890.0
(3016, 3017, 3018) 865.0
(6560, 6561, 6562) 716.0
(53, 54, 55) 988.0
(3800, 3801, 3802) 999.0
(1905, 1906, 1907) 814.0
(2725, 2726, 2727) 947.0
(125, 126, 127) 819.0
(682, 683, 684) 677.0
(5883, 5884, 5885) 651.0
(5679, 5680, 5681) 659.0
(71, 72, 73) 671.0
(2935, 2936, 2937) 1019.0
(2800, 2801, 2802) 887.0
(4310, 4311, 4312) 833.0
(5788, 5789, 5790) 858.0
(3540, 3541, 3542) 921.0
(2563, 2564, 2565) 824.0
(8299, 8300, 8301) 903.0
(7861, 7862, 7863) 786.0
(1043, 1044, 1045) 857.0
(4274, 4275, 4276) 947.0
(1081, 1082, 1083) 944.0
(1100, 1101, 1102) 881.0
(474, 475, 476) 920.0
(3645, 3646, 3647) 958.0
(6911, 6912, 6913) 775.0
(6042, 6043, 6044) 857.0
(3434, 3435, 3436) 947.0
(4312, 4313, 4314) 804.0
(3562, 3563, 3564) 1314.0
