(4861, 4862, 4863) 816.0
(7301, 7302, 7303) 925.0
(6810, 6811, 6812) 799.0
(8784, 8785, 8786) 997.0
(3972, 3973, 3974) 1073.0
(3836, 3837, 3838) 841.0
(4745, 4746, 4747) 1086.0
(1226, 1227, 1228) 1090.0
(1314, 1315, 1316) 853.0
(9958, 9959, 9960) 973.0
(2499, 2500, 2501) 823.0
(5101, 5102, 5103) 1026.0
(2817, 2818, 2819) 864.0
(354, 355, 356) 857.0
(3319, 3320, 3321) 1287.0
(5457, 5458, 5459) 959.0
(8625, 8626, 8627) 890.0
(3682, 3683, 3684) 1093.0
(7340, 7341, 7342) 801.0
(3157, 3158, 3159) 939.0
(8118, 8119, 8120) 920.0
(6744, 6745, 6746) 761.0
(8699, 8700, 8701) 889.0
(9251, 9252, 9253) 894.0
(2169, 2170, 2171) 1021.0
(9824, 9825, 9826) 964.0
(3978, 3979, 3980) 880.0
(4574, 4575, 4576) 1072.0
(8716, 8717, 8718) 1010.0
(290, 291, 292) 1023.0
(8505, 8506, 8507) 992.0
(5898, 5899, 5900) 964.0
(1181, 1182, 1183) 890.0
(6776, 6777, 6778) 700.0
(2934, 2935, 2936) 827.0
(7199, 7200, 7201) 1013.0
(1334, 1335, 1336) 838.0
(2243, 2244, 2245) 1014.0
(1151, 1152, 1153) 1364.0
(4263, 4264, 4265) 749.0
(8242, 8243, 8244) 971.0
(4516, 4517, 4518) 903.0
(841, 842, 843) 793.0
(2902, 2903, 2904) 1021.0
(9129, 9130, 9131) 1159.0
(6386, 6387, 6388) 996.0
(7546, 7547, 7548) 882.0
(4819, 4820, 4821) 1171.0
(9262, 9263, 9264) 1008.0
(3183, 3184, 3185) 1155.0
(3255, 3256, 3257) 1024.0
(1974, 1975, 1976) 910.0
(1789, 1790, 1791) 1121.0
(600, 601, 602) 797.0
(2863, 2864, 2865) 866.0
(5231, 5232, 5233) 1103.0
(7034, 7035, 7036) 874.0
(998, 999, 1000) 830.0
(9413, 9414, 9415) 1073.0
(7547, 7548, 7549) 951.0
(260, 261, 262) 871.0
(9267, 9268, 9269) 1222.0
(3314, 3315, 3316) 965.0
(339, 340, 341) 923.0
(4521, 4522, 4523) 791.0
(6544, 6545, 6546) 1009.0
(1556, 1557, 1558) 979.0
(4924, 4925, 4926) 953.0
(3640, 3641, 3642) 887.0
(5954, 5955, 5956) 985.0
(550, 551, 552) 929.0
(2045, 2046, 2047) 1013.0
(1273, 1274, 1275) 1061.0
(9162, 9163, 9164) 1048.0
(1827, 1828, 1829) 764.0
(7341, 7342, 7343) 896.0
(8317, 8318, 8319) 856.0
(575, 576, 577) 901.0
(8514, 8515, 8516) 897.0
(907, 908, 909) 954.0
(2179, 2180, 2181) 1057.0
(993, 994, 995) 979.0
(4976, 4977, 4978) 843.0
(8847, 8848, 8849) 855.0
(9693, 9694, 9695) 909.0
(615, 616, 617) 1071.0
(2723, 2724, 2725) 706.0
(4751, 4752, 4753) 950.0
(9621, 9622, 9623) 907.0
(4382, 4383, 4384) 1063.0
(8935, 8936, 8937) 714.0
(7700, 7701, 7702) 893.0
(2287, 2288, 2289) 746.0
(9495, 9496, 9497) 898.0
(2730, 2731, 2732) 780.0
(941, 942, 943) 795.0
(9971, 9972, 9973) 1084.0
(7242, 7243, 7244) 802.0
(1555, 1556, 1557) 781.0
(4474, 4475, 4476) 1095.0
(7539, 7540, 7541) 982.0
