(3915, 3916, 3917) 867.0
(5249, 5250, 5251) 1063.0
(2843, 2844, 2845) 1326.0
(5908, 5909, 5910) 1049.0
(9310, 9311, 9312) 928.0
(6030, 6031, 6032) 923.0
(2366, 2367, 2368) 947.0
(6870, 6871, 6872) 801.0
(8363, 8364, 8365) 1078.0
(9732, 9733, 9734) 882.0
(303, 304, 305) 1094.0
(788, 789, 790) 1220.0
(7057, 7058, 7059) 1135.0
(1596, 1597, 1598) 822.0
(3121, 3122, 3123) 1048.0
(4890, 4891, 4892) 1322.0
(8044, 8045, 8046) 1026.0
(1774, 1775, 1776) 1325.0
(7535, 7536, 7537) 779.0
(255, 256, 257) 893.0
(5948, 5949, 5950) 1051.0
(2861, 2862, 2863) 1007.0
(8046, 8047, 8048) 811.0
(3109, 3110, 3111) 1443.0
(7746, 7747, 7748) 928.0
(8870, 8871, 8872) 1077.0
(1234, 1235, 1236) 1046.0
(6082, 6083, 6084) 939.0
(7043, 7044, 7045) 1345.0
(5255, 5256, 5257) 1094.0
(3761, 3762, 3763) 934.0
(8904, 8905, 8906) 859.0
(9439, 9440, 9441) 1200.0
(8506, 8507, 8508) 1101.0
(6030, 6031, 6032) 923.0
(9209, 9210, 9211) 930.0
(5710, 5711, 5712) 968.0
(1156, 1157, 1158) 1015.0
(8620, 8621, 8622) 1237.0
(5959, 5960, 5961) 1061.0
(8148, 8149, 8150) 797.0
(2916, 2917, 2918) 1328.0
(4573, 4574, 4575) 1163.0
(9558, 9559, 9560) 726.0
(9076, 9077, 9078) 972.0
(9978, 9979, 9980) 1174.0
(7123, 7124, 7125) 1146.0
(6395, 6396, 6397) 1057.0
(7619, 7620, 7621) 830.0
(4561, 4562, 4563) 1320.0
(5675, 5676, 5677) 1261.0
(4833, 4834, 4835) 1084.0
(2339, 2340, 2341) 1166.0
(9236, 9237, 9238) 1147.0
(6994, 6995, 6996) 1056.0
(5229, 5230, 5231) 1019.0
(6325, 6326, 6327) 1106.0
(1529, 1530, 1531) 826.0
(9068, 9069, 9070) 1301.0
(5437, 5438, 5439) 865.0
(8330, 8331, 8332) 1236.0
(4931, 4932, 4933) 968.0
(7298, 7299, 7300) 1389.0
(295, 296, 297) 982.0
(2945, 2946, 2947) 821.0
(9691, 9692, 9693) 999.0
(1141, 1142, 1143) 951.0
(9403, 9404, 9405) 1271.0
(4408, 4409, 4410) 1136.0
(7585, 7586, 7587) 988.0
(753, 754, 755) 1226.0
(2877, 2878, 2879) 1026.0
(7794, 7795, 7796) 990.0
(5090, 5091, 5092) 1166.0
(1963, 1964, 1965) 1163.0
(1177, 1178, 1179) 1085.0
(9685, 9686, 9687) 1069.0
(5083, 5084, 5085) 961.0
(5218, 5219, 5220) 1026.0
(8856, 8857, 8858) 854.0
(7076, 7077, 7078) 810.0
(4343, 4344, 4345) 1000.0
(1966, 1967, 1968) 998.0
(7252, 7253, 7254) 1111.0
(1570, 1571, 1572) 990.0
(4091, 4092, 4093) 1065.0
(7963, 7964, 7965) 927.0
(2921, 2922, 2923) 1056.0
(9184, 9185, 9186) 1086.0
(1765, 1766, 1767) 928.0
(8513, 8514, 8515) 1294.0
(1233, 1234, 1235) 1056.0
(6472, 6473, 6474) 1093.0
(2417, 2418, 2419) 1247.0
(8892, 8893, 8894) 1076.0
(1092, 1093, 1094) 857.0
(6914, 6915, 6916) 919.0
(5681, 5682, 5683) 849.0
(1925, 1926, 1927) 1078.0
(8786, 8787, 8788) 1006.0
(5368, 5369, 5370) 1036.0
