(2956, 2957, 2958) 1090.0
(3791, 3792, 3793) 1251.0
(9318, 9319, 9320) 1012.0
(8771, 8772, 8773) 938.0
(5861, 5862, 5863) 961.0
(9476, 9477, 9478) 949.0
(2177, 2178, 2179) 978.0
(8192, 8193, 8194) 1051.0
(4722, 4723, 4724) 834.0
(3598, 3599, 3600) 1277.0
(9230, 9231, 9232) 1066.0
(9673, 9674, 9675) 1135.0
(936, 937, 938) 847.0
(4162, 4163, 4164) 936.0
(407, 408, 409) 1330.0
(8934, 8935, 8936) 1087.0
(3714, 3715, 3716) 1085.0
(1806, 1807, 1808) 1052.0
(2873, 2874, 2875) 1062.0
(9333, 9334, 9335) 1025.0
(7621, 7622, 7623) 1199.0
(8260, 8261, 8262) 951.0
(3514, 3515, 3516) 977.0
(6100, 6101, 6102) 1751.0
(4794, 4795, 4796) 885.0
(4812, 4813, 4814) 1148.0
(100, 101, 102) 1187.0
(3797, 3798, 3799) 1019.0
(9685, 9686, 9687) 1160.0
(6165, 6166, 6167) 1130.0
(1674, 1675, 1676) 1136.0
(3845, 3846, 3847) 1015.0
(2148, 2149, 2150) 841.0
(7993, 7994, 7995) 1264.0
(2773, 2774, 2775) 948.0
(650, 651, 652) 1179.0
(3424, 3425, 3426) 1217.0
(814, 815, 816) 897.0
(3436, 3437, 3438) 827.0
(8746, 8747, 8748) 955.0
(9906, 9907, 9908) 952.0
(9, 10, 11) 960.0
(1721, 1722, 1723) 1138.0
(373, 374, 375) 986.0
(4430, 4431, 4432) 1142.0
(7451, 7452, 7453) 929.0
(9612, 9613, 9614) 975.0
(9143, 9144, 9145) 985.0
(5608, 5609, 5610) 842.0
(2195, 2196, 2197) 972.0
(7865, 7866, 7867) 1137.0
(4345, 4346, 4347) 897.0
(4408, 4409, 4410) 1141.0
(558, 559, 560) 1252.0
(9327, 9328, 9329) 925.0
(9395, 9396, 9397) 1111.0
(2910, 2911, 2912) 1013.0
(7552, 7553, 7554) 929.0
(5015, 5016, 5017) 1030.0
(6440, 6441, 6442) 1482.0
(9778, 9779, 9780) 1160.0
(9137, 9138, 9139) 909.0
(521, 522, 523) 1181.0
(1496, 1497, 1498) 1159.0
(9052, 9053, 9054) 1038.0
(5908, 5909, 5910) 1057.0
(1517, 1518, 1519) 1284.0
(7939, 7940, 7941) 1153.0
(5502, 5503, 5504) 994.0
(4927, 4928, 4929) 848.0
(482, 483, 484) 1073.0
(8159, 8160, 8161) 1166.0
(3526, 3527, 3528) 1001.0
(7060, 7061, 7062) 1725.0
(2515, 2516, 2517) 1016.0
(9340, 9341, 9342) 1010.0
(4113, 4114, 4115) 1144.0
(5338, 5339, 5340) 1207.0
(4835, 4836, 4837) 1226.0
(4671, 4672, 4673) 980.0
(757, 758, 759) 1069.0
(8942, 8943, 8944) 1200.0
(664, 665, 666) 1040.0
(4237, 4238, 4239) 1111.0
(8710, 8711, 8712) 1114.0
(7106, 7107, 7108) 1253.0
(1328, 1329, 1330) 894.0
(4511, 4512, 4513) 1048.0
(6041, 6042, 6043) 1053.0
(1875, 1876, 1877) 982.0
(8158, 8159, 8160) 872.0
(5085, 5086, 5087) 1062.0
(3481, 3482, 3483) 1255.0
(8172, 8173, 8174) 1138.0
(1970, 1971, 1972) 898.0
(6370, 6371, 6372) 1115.0
(1258, 1259, 1260) 1098.0
(2025, 2026, 2027) 1109.0
(249, 250, 251) 1152.0
(8336, 8337, 8338) 1063.0
(3840, 3841, 3842) 1184.0
