(5176, 5177, 5178) 1142.0
(2756, 2757, 2758) 1106.0
(520, 521, 522) 1251.0
(8506, 8507, 8508) 1219.0
(9152, 9153, 9154) 1594.0
(1863, 1864, 1865) 1263.0
(8400, 8401, 8402) 1541.0
(9104, 9105, 9106) 1096.0
(6373, 6374, 6375) 1207.0
(8244, 8245, 8246) 1213.0
(4821, 4822, 4823) 1049.0
(2092, 2093, 2094) 1089.0
(9498, 9499, 9500) 1200.0
(8923, 8924, 8925) 1472.0
(4668, 4669, 4670) 1031.0
(8192, 8193, 8194) 1097.0
(6960, 6961, 6962) 857.0
(116, 117, 118) 1151.0
(881, 882, 883) 1091.0
(3255, 3256, 3257) 1284.0
(131, 132, 133) 1254.0
(4350, 4351, 4352) 1117.0
(3720, 3721, 3722) 1376.0
(1294, 1295, 1296) 1092.0
(8190, 8191, 8192) 1165.0
(9691, 9692, 9693) 1071.0
(4152, 4153, 4154) 1261.0
(3461, 3462, 3463) 939.0
(3806, 3807, 3808) 1011.0
(7246, 7247, 7248) 1169.0
(3517, 3518, 3519) 1049.0
(7930, 7931, 7932) 1264.0
(3348, 3349, 3350) 1020.0
(714, 715, 716) 1586.0
(5810, 5811, 5812) 1146.0
(859, 860, 861) 955.0
(4546, 4547, 4548) 987.0
(7257, 7258, 7259) 1266.0
(10, 11, 12) 1129.0
(1165, 1166, 1167) 1059.0
(8243, 8244, 8245) 954.0
(7780, 7781, 7782) 1258.0
(880, 881, 882) 1134.0
(2037, 2038, 2039) 1276.0
(2401, 2402, 2403) 1239.0
(5580, 5581, 5582) 1002.0
(7613, 7614, 7615) 1194.0
(9895, 9896, 9897) 1382.0
(2635, 2636, 2637) 1074.0
(8610, 8611, 8612) 1137.0
(2756, 2757, 2758) 1106.0
(204, 205, 206) 1169.0
(4581, 4582, 4583) 1391.0
(7708, 7709, 7710) 1431.0
(1341, 1342, 1343) 1209.0
(3873, 3874, 3875) 1421.0
(1883, 1884, 1885) 998.0
(8191, 8192, 8193) 994.0
(581, 582, 583) 977.0
(8882, 8883, 8884) 1118.0
(9813, 9814, 9815) 1355.0
(7842, 7843, 7844) 1018.0
(9721, 9722, 9723) 966.0
(6647, 6648, 6649) 1190.0
(170, 171, 172) 1128.0
(4219, 4220, 4221) 997.0
(2188, 2189, 2190) 1022.0
(6235, 6236, 6237) 1262.0
(6445, 6446, 6447) 1299.0
(9101, 9102, 9103) 1352.0
(9669, 9670, 9671) 1323.0
(524, 525, 526) 1247.0
(1539, 1540, 1541) 1037.0
(3417, 3418, 3419) 1506.0
(2357, 2358, 2359) 1217.0
(3357, 3358, 3359) 1529.0
(7377, 7378, 7379) 1689.0
(4775, 4776, 4777) 1226.0
(6424, 6425, 6426) 1065.0
(6015, 6016, 6017) 917.0
(7846, 7847, 7848) 1174.0
(1467, 1468, 1469) 1020.0
(5174, 5175, 5176) 844.0
(2329, 2330, 2331) 894.0
(6961, 6962, 6963) 1085.0
(5178, 5179, 5180) 1587.0
(803, 804, 805) 1198.0
(5067, 5068, 5069) 1150.0
(8057, 8058, 8059) 870.0
(4657, 4658, 4659) 1041.0
(1353, 1354, 1355) 1161.0
(9268, 9269, 9270) 1000.0
(8624, 8625, 8626) 1011.0
(5686, 5687, 5688) 1283.0
(3271, 3272, 3273) 983.0
(9702, 9703, 9704) 951.0
(8840, 8841, 8842) 891.0
(2410, 2411, 2412) 1203.0
(3831, 3832, 3833) 1048.0
(5571, 5572, 5573) 1323.0
(5979, 5980, 5981) 1147.0
