(9895, 9896, 9897) 1445.0
(3438, 3439, 3440) 1301.0
(962, 963, 964) 1117.0
(7352, 7353, 7354) 999.0
(828, 829, 830) 1358.0
(6081, 6082, 6083) 1081.0
(1871, 1872, 1873) 1109.0
(5600, 5601, 5602) 1238.0
(4142, 4143, 4144) 1005.0
(3805, 3806, 3807) 1374.0
(8505, 8506, 8507) 1335.0
(2668, 2669, 2670) 1392.0
(7938, 7939, 7940) 1011.0
(5786, 5787, 5788) 1222.0
(3975, 3976, 3977) 1181.0
(5375, 5376, 5377) 1448.0
(1912, 1913, 1914) 1135.0
(3235, 3236, 3237) 1144.0
(3871, 3872, 3873) 1519.0
(4159, 4160, 4161) 982.0
(7828, 7829, 7830) 1101.0
(1766, 1767, 1768) 1549.0
(333, 334, 335) 1128.0
(3087, 3088, 3089) 1237.0
(2389, 2390, 2391) 1438.0
(6185, 6186, 6187) 1153.0
(511, 512, 513) 1099.0
(7330, 7331, 7332) 1456.0
(348, 349, 350) 1106.0
(3715, 3716, 3717) 1115.0
(7093, 7094, 7095) 1290.0
(2911, 2912, 2913) 1293.0
(3716, 3717, 3718) 1044.0
(2456, 2457, 2458) 1450.0
(6852, 6853, 6854) 1525.0
(8033, 8034, 8035) 1229.0
(9607, 9608, 9609) 1364.0
(3205, 3206, 3207) 1433.0
(7453, 7454, 7455) 1182.0
(2666, 2667, 2668) 1288.0
(274, 275, 276) 1285.0
(4842, 4843, 4844) 1245.0
(4632, 4633, 4634) 1090.0
(1189, 1190, 1191) 1308.0
(5383, 5384, 5385) 1123.0
(9849, 9850, 9851) 1074.0
(3792, 3793, 3794) 1215.0
(3270, 3271, 3272) 1203.0
(7894, 7895, 7896) 1013.0
(6729, 6730, 6731) 1150.0
(5330, 5331, 5332) 1367.0
(2436, 2437, 2438) 1346.0
(6177, 6178, 6179) 1113.0
(1423, 1424, 1425) 1510.0
(5130, 5131, 5132) 1271.0
(5687, 5688, 5689) 1333.0
(168, 169, 170) 1286.0
(5858, 5859, 5860) 996.0
(2454, 2455, 2456) 964.0
(6334, 6335, 6336) 1214.0
(6418, 6419, 6420) 1186.0
(6602, 6603, 6604) 1827.0
(6674, 6675, 6676) 1101.0
(7138, 7139, 7140) 1130.0
(8838, 8839, 8840) 1080.0
(4674, 4675, 4676) 1295.0
(9483, 9484, 9485) 1046.0
(6862, 6863, 6864) 1156.0
(5006, 5007, 5008) 1504.0
(5737, 5738, 5739) 1776.0
(92, 93, 94) 1044.0
(3688, 3689, 3690) 1450.0
(7805, 7806, 7807) 1284.0
(8524, 8525, 8526) 1692.0
(9710, 9711, 9712) 1288.0
(6697, 6698, 6699) 1385.0
(6419, 6420, 6421) 1723.0
(7331, 7332, 7333) 963.0
(4880, 4881, 4882) 1473.0
(6892, 6893, 6894) 1150.0
(6231, 6232, 6233) 1168.0
(2274, 2275, 2276) 1406.0
(1395, 1396, 1397) 1373.0
(8767, 8768, 8769) 1113.0
(9867, 9868, 9869) 1045.0
(7711, 7712, 7713) 1013.0
(1608, 1609, 1610) 1073.0
(7085, 7086, 7087) 1388.0
(7506, 7507, 7508) 1484.0
(8502, 8503, 8504) 960.0
(1207, 1208, 1209) 1386.0
(1751, 1752, 1753) 999.0
(7398, 7399, 7400) 1101.0
(847, 848, 849) 1263.0
(2285, 2286, 2287) 1450.0
(9030, 9031, 9032) 1339.0
(3280, 3281, 3282) 1148.0
(3371, 3372, 3373) 1253.0
(5812, 5813, 5814) 1326.0
(7033, 7034, 7035) 1223.0
(1135, 1136, 1137) 1253.0
