(3177, 3178, 3179) 1222.0
(3015, 3016, 3017) 1318.0
(1849, 1850, 1851) 1142.0
(5428, 5429, 5430) 1018.0
(8552, 8553, 8554) 1198.0
(1789, 1790, 1791) 1454.0
(3146, 3147, 3148) 1190.0
(1405, 1406, 1407) 1360.0
(4263, 4264, 4265) 1235.0
(8368, 8369, 8370) 1224.0
(657, 658, 659) 1905.0
(7726, 7727, 7728) 1600.0
(1095, 1096, 1097) 1342.0
(9617, 9618, 9619) 1042.0
(590, 591, 592) 1177.0
(58, 59, 60) 1167.0
(3291, 3292, 3293) 1646.0
(1660, 1661, 1662) 1170.0
(5070, 5071, 5072) 1429.0
(5478, 5479, 5480) 1276.0
(9233, 9234, 9235) 1475.0
(4322, 4323, 4324) 1437.0
(6872, 6873, 6874) 1369.0
(7908, 7909, 7910) 1807.0
(7497, 7498, 7499) 1164.0
(5934, 5935, 5936) 1296.0
(7884, 7885, 7886) 1360.0
(595, 596, 597) 1080.0
(1638, 1639, 1640) 1460.0
(2313, 2314, 2315) 1313.0
(9191, 9192, 9193) 1400.0
(7456, 7457, 7458) 1299.0
(7753, 7754, 7755) 1039.0
(1027, 1028, 1029) 1190.0
(7013, 7014, 7015) 1140.0
(3922, 3923, 3924) 1261.0
(1288, 1289, 1290) 1438.0
(385, 386, 387) 1213.0
(1069, 1070, 1071) 1218.0
(3153, 3154, 3155) 1427.0
(5750, 5751, 5752) 1312.0
(5544, 5545, 5546) 1306.0
(3378, 3379, 3380) 1310.0
(2563, 2564, 2565) 1211.0
(9473, 9474, 9475) 1201.0
(2635, 2636, 2637) 1266.0
(7136, 7137, 7138) 966.0
(3698, 3699, 3700) 1352.0
(8697, 8698, 8699) 1157.0
(5992, 5993, 5994) 1127.0
(2588, 2589, 2590) 1405.0
(5863, 5864, 5865) 1607.0
(7430, 7431, 7432) 1188.0
(6354, 6355, 6356) 1426.0
(198, 199, 200) 1222.0
(1140, 1141, 1142) 974.0
(52, 53, 54) 1504.0
(7367, 7368, 7369) 1345.0
(9438, 9439, 9440) 1088.0
(3741, 3742, 3743) 1216.0
(4430, 4431, 4432) 1363.0
(1948, 1949, 1950) 1393.0
(5666, 5667, 5668) 1284.0
(1465, 1466, 1467) 1156.0
(4775, 4776, 4777) 1331.0
(2702, 2703, 2704) 1260.0
(5227, 5228, 5229) 1500.0
(3410, 3411, 3412) 1273.0
(7261, 7262, 7263) 1592.0
(5286, 5287, 5288) 1298.0
(3513, 3514, 3515) 1609.0
(485, 486, 487) 1232.0
(1266, 1267, 1268) 1191.0
(5267, 5268, 5269) 1389.0
(7907, 7908, 7909) 1429.0
(781, 782, 783) 1302.0
(7587, 7588, 7589) 1218.0
(2440, 2441, 2442) 1228.0
(9132, 9133, 9134) 1343.0
(3198, 3199, 3200) 1291.0
(2920, 2921, 2922) 1431.0
(7661, 7662, 7663) 1239.0
(9290, 9291, 9292) 1097.0
(4395, 4396, 4397) 1465.0
(5297, 5298, 5299) 1698.0
(9879, 9880, 9881) 1532.0
(9159, 9160, 9161) 1370.0
(5217, 5218, 5219) 1773.0
(2989, 2990, 2991) 1489.0
(1593, 1594, 1595) 1317.0
(6313, 6314, 6315) 1248.0
(5277, 5278, 5279) 1227.0
(66, 67, 68) 1152.0
(5152, 5153, 5154) 1143.0
(7179, 7180, 7181) 1170.0
(5132, 5133, 5134) 1483.0
(6128, 6129, 6130) 1505.0
(533, 534, 535) 1343.0
(1753, 1754, 1755) 1432.0
(104, 105, 106) 1661.0
(5974, 5975, 5976) 1355.0
