(3670, 3671, 3672) 122.0
(308, 309, 310) 93.0
(344, 345, 346) 105.0
(8335, 8336, 8337) 259.0
(7366, 7367, 7368) 98.0
(2349, 2350, 2351) 155.0
(2125, 2126, 2127) 132.0
(9778, 9779, 9780) 93.0
(2158, 2159, 2160) 71.0
(5339, 5340, 5341) 147.0
(2839, 2840, 2841) 196.0
(4105, 4106, 4107) 134.0
(9898, 9899, 9900) 219.0
(3206, 3207, 3208) 142.0
(2769, 2770, 2771) 173.0
(4494, 4495, 4496) 94.0
(1357, 1358, 1359) 201.0
(1568, 1569, 1570) 81.0
(657, 658, 659) 147.0
(9944, 9945, 9946) 159.0
(3414, 3415, 3416) 210.0
(8411, 8412, 8413) 90.0
(3543, 3544, 3545) 111.0
(7381, 7382, 7383) 188.0
(8029, 8030, 8031) 103.0
(8700, 8701, 8702) 123.0
(405, 406, 407) 126.0
(9257, 9258, 9259) 80.0
(1648, 1649, 1650) 122.0
(156, 157, 158) 97.0
(8483, 8484, 8485) 112.0
(9119, 9120, 9121) 86.0
(7287, 7288, 7289) 124.0
(9786, 9787, 9788) 243.0
(2951, 2952, 2953) 100.0
(9575, 9576, 9577) 107.0
(1370, 1371, 1372) 94.0
(239, 240, 241) 189.0
(1725, 1726, 1727) 148.0
(416, 417, 418) 142.0
(5073, 5074, 5075) 116.0
(9762, 9763, 9764) 123.0
(9409, 9410, 9411) 90.0
(4633, 4634, 4635) 75.0
(9684, 9685, 9686) 80.0
(5072, 5073, 5074) 95.0
(4056, 4057, 4058) 270.0
(1917, 1918, 1919) 100.0
(2420, 2421, 2422) 120.0
(1314, 1315, 1316) 110.0
(2519, 2520, 2521) 126.0
(4384, 4385, 4386) 102.0
(9401, 9402, 9403) 72.0
(6449, 6450, 6451) 90.0
(2993, 2994, 2995) 73.0
(6506, 6507, 6508) 80.0
(536, 537, 538) 108.0
(4816, 4817, 4818) 113.0
(6261, 6262, 6263) 93.0
(8005, 8006, 8007) 96.0
(567, 568, 569) 101.0
(5162, 5163, 5164) 79.0
(757, 758, 759) 162.0
(6741, 6742, 6743) 82.0
(7473, 7474, 7475) 156.0
(7181, 7182, 7183) 96.0
(4415, 4416, 4417) 167.0
(8605, 8606, 8607) 85.0
(1264, 1265, 1266) 117.0
(3107, 3108, 3109) 147.0
(6081, 6082, 6083) 82.0
(3277, 3278, 3279) 168.0
(7749, 7750, 7751) 157.0
(6800, 6801, 6802) 137.0
(9926, 9927, 9928) 141.0
(1907, 1908, 1909) 75.0
(7443, 7444, 7445) 134.0
(5210, 5211, 5212) 119.0
(2196, 2197, 2198) 154.0
(6385, 6386, 6387) 77.0
(1233, 1234, 1235) 125.0
(8032, 8033, 8034) 116.0
(5688, 5689, 5690) 198.0
(9165, 9166, 9167) 111.0
(4126, 4127, 4128) 117.0
(5061, 5062, 5063) 147.0
(3800, 3801, 3802) 182.0
(2537, 2538, 2539) 192.0
(3566, 3567, 3568) 121.0
(1561, 1562, 1563) 129.0
(1957, 1958, 1959) 94.0
(6387, 6388, 6389) 106.0
(3334, 3335, 3336) 105.0
(5570, 5571, 5572) 121.0
(1159, 1160, 1161) 121.0
(8644, 8645, 8646) 97.0
(9080, 9081, 9082) 88.0
(531, 532, 533) 95.0
(9018, 9019, 9020) 93.0
(2704, 2705, 2706) 123.0
(6361, 6362, 6363) 210.0
