(8283, 8284, 8285) 1136.0
(2751, 2752, 2753) 1631.0
(6275, 6276, 6277) 1147.0
(2444, 2445, 2446) 1772.0
(1695, 1696, 1697) 1455.0
(1010, 1011, 1012) 1014.0
(7866, 7867, 7868) 1295.0
(7260, 7261, 7262) 1470.0
(5166, 5167, 5168) 1329.0
(33, 34, 35) 1282.0
(1147, 1148, 1149) 1415.0
(3251, 3252, 3253) 1495.0
(8775, 8776, 8777) 1553.0
(3561, 3562, 3563) 1339.0
(648, 649, 650) 2025.0
(9927, 9928, 9929) 1666.0
(1225, 1226, 1227) 1370.0
(9570, 9571, 9572) 1395.0
(4052, 4053, 4054) 1291.0
(2181, 2182, 2183) 1853.0
(4143, 4144, 4145) 1557.0
(512, 513, 514) 1563.0
(4382, 4383, 4384) 1441.0
(6231, 6232, 6233) 1211.0
(2334, 2335, 2336) 1337.0
(1577, 1578, 1579) 1353.0
(7149, 7150, 7151) 1778.0
(6824, 6825, 6826) 1386.0
(4718, 4719, 4720) 1500.0
(6074, 6075, 6076) 1539.0
(6315, 6316, 6317) 1447.0
(521, 522, 523) 1432.0
(2636, 2637, 2638) 1372.0
(8688, 8689, 8690) 1566.0
(9414, 9415, 9416) 1545.0
(4093, 4094, 4095) 1394.0
(2648, 2649, 2650) 1270.0
(3016, 3017, 3018) 1309.0
(3837, 3838, 3839) 1324.0
(5223, 5224, 5225) 1802.0
(2809, 2810, 2811) 1103.0
(7270, 7271, 7272) 1226.0
(4127, 4128, 4129) 1530.0
(704, 705, 706) 1206.0
(7566, 7567, 7568) 1316.0
(7784, 7785, 7786) 1360.0
(176, 177, 178) 1385.0
(4057, 4058, 4059) 1729.0
(1392, 1393, 1394) 1369.0
(3693, 3694, 3695) 1101.0
(1716, 1717, 1718) 1403.0
(3864, 3865, 3866) 1249.0
(4164, 4165, 4166) 1373.0
(7384, 7385, 7386) 1601.0
(2706, 2707, 2708) 1254.0
(8115, 8116, 8117) 1516.0
(4910, 4911, 4912) 1281.0
(100, 101, 102) 1420.0
(2963, 2964, 2965) 1237.0
(7574, 7575, 7576) 1366.0
(1401, 1402, 1403) 1274.0
(3066, 3067, 3068) 1306.0
(3667, 3668, 3669) 1519.0
(6091, 6092, 6093) 1186.0
(5857, 5858, 5859) 1460.0
(7715, 7716, 7717) 1477.0
(3764, 3765, 3766) 1298.0
(9789, 9790, 9791) 1395.0
(5615, 5616, 5617) 1243.0
(9823, 9824, 9825) 1684.0
(4226, 4227, 4228) 1283.0
(8181, 8182, 8183) 1636.0
(1555, 1556, 1557) 1367.0
(1074, 1075, 1076) 1277.0
(5314, 5315, 5316) 1410.0
(3354, 3355, 3356) 1531.0
(9188, 9189, 9190) 1214.0
(3467, 3468, 3469) 1215.0
(3404, 3405, 3406) 1431.0
(4360, 4361, 4362) 1590.0
(8144, 8145, 8146) 1626.0
(834, 835, 836) 1376.0
(4847, 4848, 4849) 1280.0
(5080, 5081, 5082) 1100.0
(1719, 1720, 1721) 1144.0
(3628, 3629, 3630) 1432.0
(8518, 8519, 8520) 1150.0
(9137, 9138, 9139) 1085.0
(6087, 6088, 6089) 1156.0
(6190, 6191, 6192) 1200.0
(6410, 6411, 6412) 1327.0
(9792, 9793, 9794) 1202.0
(1363, 1364, 1365) 1012.0
(6203, 6204, 6205) 1371.0
(3352, 3353, 3354) 1311.0
(9500, 9501, 9502) 1393.0
(7664, 7665, 7666) 1244.0
(8455, 8456, 8457) 1619.0
(5538, 5539, 5540) 1534.0
(9399, 9400, 9401) 1143.0
(1496, 1497, 1498) 1420.0
