(4682, 4683, 4684) 1554.0
(9588, 9589, 9590) 1795.0
(4176, 4177, 4178) 1277.0
(1599, 1600, 1601) 1469.0
(9682, 9683, 9684) 1316.0
(5561, 5562, 5563) 1094.0
(2268, 2269, 2270) 1427.0
(6130, 6131, 6132) 1275.0
(7429, 7430, 7431) 1748.0
(7155, 7156, 7157) 1283.0
(9692, 9693, 9694) 1578.0
(346, 347, 348) 1544.0
(3419, 3420, 3421) 1586.0
(1180, 1181, 1182) 1452.0
(7450, 7451, 7452) 1761.0
(4898, 4899, 4900) 1233.0
(441, 442, 443) 1315.0
(5410, 5411, 5412) 1712.0
(323, 324, 325) 1427.0
(352, 353, 354) 1596.0
(2671, 2672, 2673) 1485.0
(2339, 2340, 2341) 1718.0
(9686, 9687, 9688) 1579.0
(9258, 9259, 9260) 1219.0
(7963, 7964, 7965) 1399.0
(3183, 3184, 3185) 1790.0
(3961, 3962, 3963) 1369.0
(2506, 2507, 2508) 1486.0
(6616, 6617, 6618) 1638.0
(1782, 1783, 1784) 1485.0
(3986, 3987, 3988) 1357.0
(2755, 2756, 2757) 1517.0
(3700, 3701, 3702) 1467.0
(6645, 6646, 6647) 1576.0
(1623, 1624, 1625) 1578.0
(6142, 6143, 6144) 1185.0
(6420, 6421, 6422) 1626.0
(8973, 8974, 8975) 1331.0
(2081, 2082, 2083) 1139.0
(9628, 9629, 9630) 1300.0
(1540, 1541, 1542) 1235.0
(1015, 1016, 1017) 1409.0
(5711, 5712, 5713) 1154.0
(8147, 8148, 8149) 1639.0
(2324, 2325, 2326) 1427.0
(2967, 2968, 2969) 1426.0
(8242, 8243, 8244) 1311.0
(4926, 4927, 4928) 1237.0
(9654, 9655, 9656) 1529.0
(8702, 8703, 8704) 1278.0
(6124, 6125, 6126) 1521.0
(793, 794, 795) 1280.0
(1669, 1670, 1671) 1269.0
(1969, 1970, 1971) 1072.0
(4924, 4925, 4926) 1408.0
(7490, 7491, 7492) 1581.0
(186, 187, 188) 1706.0
(6198, 6199, 6200) 1630.0
(2086, 2087, 2088) 1612.0
(8479, 8480, 8481) 1341.0
(6599, 6600, 6601) 1500.0
(1706, 1707, 1708) 1413.0
(4448, 4449, 4450) 1424.0
(1, 2, 3) 1618.0
(5682, 5683, 5684) 1649.0
(2518, 2519, 2520) 1826.0
(1068, 1069, 1070) 2026.0
(4222, 4223, 4224) 1326.0
(6022, 6023, 6024) 1448.0
(4608, 4609, 4610) 1346.0
(8205, 8206, 8207) 1646.0
(4614, 4615, 4616) 1390.0
(2586, 2587, 2588) 1435.0
(4479, 4480, 4481) 1504.0
(2301, 2302, 2303) 1947.0
(7133, 7134, 7135) 1413.0
(4569, 4570, 4571) 1433.0
(9114, 9115, 9116) 1431.0
(5797, 5798, 5799) 1367.0
(1596, 1597, 1598) 1131.0
(6151, 6152, 6153) 1210.0
(4943, 4944, 4945) 1517.0
(8096, 8097, 8098) 1298.0
(843, 844, 845) 1416.0
(8106, 8107, 8108) 1393.0
(5792, 5793, 5794) 1590.0
(5463, 5464, 5465) 1930.0
(7720, 7721, 7722) 1363.0
(5292, 5293, 5294) 1373.0
(7085, 7086, 7087) 1652.0
(6155, 6156, 6157) 2088.0
(9903, 9904, 9905) 1332.0
(8595, 8596, 8597) 1443.0
(6466, 6467, 6468) 1216.0
(8645, 8646, 8647) 1326.0
(1571, 1572, 1573) 1252.0
(2601, 2602, 2603) 1329.0
(7586, 7587, 7588) 1267.0
(1234, 1235, 1236) 1400.0
(8486, 8487, 8488) 1085.0
(5251, 5252, 5253) 1463.0
