(1695, 1696, 1697) 1593.0
(9565, 9566, 9567) 1769.0
(1697, 1698, 1699) 1677.0
(2256, 2257, 2258) 1629.0
(172, 173, 174) 1436.0
(5760, 5761, 5762) 1891.0
(9405, 9406, 9407) 1413.0
(3480, 3481, 3482) 1544.0
(4216, 4217, 4218) 1475.0
(7403, 7404, 7405) 1103.0
(3032, 3033, 3034) 1363.0
(5775, 5776, 5777) 1490.0
(6189, 6190, 6191) 1259.0
(9629, 9630, 9631) 1675.0
(8070, 8071, 8072) 1464.0
(2552, 2553, 2554) 1273.0
(8880, 8881, 8882) 1866.0
(9646, 9647, 9648) 1568.0
(6444, 6445, 6446) 1563.0
(7516, 7517, 7518) 1368.0
(3753, 3754, 3755) 1550.0
(5411, 5412, 5413) 1442.0
(7208, 7209, 7210) 1390.0
(2089, 2090, 2091) 1544.0
(1552, 1553, 1554) 1389.0
(9805, 9806, 9807) 1458.0
(1397, 1398, 1399) 1427.0
(4552, 4553, 4554) 1511.0
(3900, 3901, 3902) 1882.0
(1776, 1777, 1778) 1620.0
(8756, 8757, 8758) 1501.0
(8921, 8922, 8923) 1637.0
(602, 603, 604) 1341.0
(1718, 1719, 1720) 1705.0
(2652, 2653, 2654) 1231.0
(972, 973, 974) 1519.0
(74, 75, 76) 1514.0
(285, 286, 287) 1402.0
(8034, 8035, 8036) 1209.0
(5227, 5228, 5229) 1789.0
(1557, 1558, 1559) 1598.0
(5666, 5667, 5668) 1591.0
(7307, 7308, 7309) 1200.0
(9680, 9681, 9682) 1438.0
(6691, 6692, 6693) 1437.0
(8919, 8920, 8921) 1161.0
(9236, 9237, 9238) 1668.0
(2925, 2926, 2927) 1338.0
(1658, 1659, 1660) 1865.0
(5012, 5013, 5014) 1631.0
(6964, 6965, 6966) 1225.0
(2912, 2913, 2914) 1424.0
(6716, 6717, 6718) 1447.0
(8144, 8145, 8146) 1862.0
(4951, 4952, 4953) 1654.0
(2064, 2065, 2066) 1565.0
(1517, 1518, 1519) 1731.0
(7719, 7720, 7721) 1276.0
(661, 662, 663) 1467.0
(3085, 3086, 3087) 1421.0
(917, 918, 919) 1971.0
(3834, 3835, 3836) 1538.0
(4089, 4090, 4091) 1613.0
(2711, 2712, 2713) 1379.0
(3635, 3636, 3637) 1720.0
(8552, 8553, 8554) 1289.0
(874, 875, 876) 1401.0
(8243, 8244, 8245) 1108.0
(4051, 4052, 4053) 1631.0
(3305, 3306, 3307) 1719.0
(4787, 4788, 4789) 1480.0
(6878, 6879, 6880) 1356.0
(3083, 3084, 3085) 1328.0
(1108, 1109, 1110) 1293.0
(4104, 4105, 4106) 1957.0
(3353, 3354, 3355) 1455.0
(3461, 3462, 3463) 1349.0
(812, 813, 814) 1439.0
(6388, 6389, 6390) 1474.0
(5076, 5077, 5078) 1494.0
(4911, 4912, 4913) 1529.0
(7498, 7499, 7500) 1371.0
(3363, 3364, 3365) 1543.0
(526, 527, 528) 1455.0
(4858, 4859, 4860) 1529.0
(3049, 3050, 3051) 1336.0
(3339, 3340, 3341) 1457.0
(3435, 3436, 3437) 1667.0
(6813, 6814, 6815) 1420.0
(2343, 2344, 2345) 1616.0
(2659, 2660, 2661) 1214.0
(221, 222, 223) 1401.0
(5472, 5473, 5474) 1358.0
(4659, 4660, 4661) 1475.0
(2508, 2509, 2510) 1487.0
(1886, 1887, 1888) 1672.0
(7703, 7704, 7705) 1385.0
(7568, 7569, 7570) 1498.0
(5944, 5945, 5946) 1965.0
(1466, 1467, 1468) 1392.0
(9662, 9663, 9664) 1756.0
