(1322, 1323, 1324) 1504.0
(7229, 7230, 7231) 1498.0
(6996, 6997, 6998) 1636.0
(8798, 8799, 8800) 1378.0
(3578, 3579, 3580) 1693.0
(6457, 6458, 6459) 1607.0
(6126, 6127, 6128) 1354.0
(282, 283, 284) 1675.0
(7081, 7082, 7083) 2130.0
(9744, 9745, 9746) 1365.0
(4112, 4113, 4114) 1628.0
(5916, 5917, 5918) 1899.0
(5926, 5927, 5928) 1377.0
(4528, 4529, 4530) 1662.0
(2490, 2491, 2492) 2553.0
(2775, 2776, 2777) 1245.0
(7846, 7847, 7848) 1629.0
(4537, 4538, 4539) 1817.0
(5533, 5534, 5535) 1597.0
(8046, 8047, 8048) 1364.0
(3533, 3534, 3535) 1309.0
(9153, 9154, 9155) 1743.0
(1743, 1744, 1745) 1396.0
(7528, 7529, 7530) 1459.0
(8753, 8754, 8755) 1691.0
(1490, 1491, 1492) 1780.0
(9941, 9942, 9943) 1681.0
(8240, 8241, 8242) 1696.0
(902, 903, 904) 1329.0
(5809, 5810, 5811) 1489.0
(2529, 2530, 2531) 1492.0
(6182, 6183, 6184) 1458.0
(2529, 2530, 2531) 1492.0
(1035, 1036, 1037) 1432.0
(1550, 1551, 1552) 1850.0
(1993, 1994, 1995) 1887.0
(3490, 3491, 3492) 1577.0
(9783, 9784, 9785) 1462.0
(170, 171, 172) 1427.0
(4842, 4843, 4844) 1614.0
(1553, 1554, 1555) 1484.0
(1910, 1911, 1912) 1531.0
(8881, 8882, 8883) 1281.0
(6762, 6763, 6764) 1555.0
(4502, 4503, 4504) 1700.0
(6222, 6223, 6224) 1321.0
(6270, 6271, 6272) 1494.0
(1480, 1481, 1482) 1430.0
(5497, 5498, 5499) 1708.0
(5881, 5882, 5883) 1617.0
(9018, 9019, 9020) 1351.0
(2339, 2340, 2341) 1876.0
(5620, 5621, 5622) 1434.0
(780, 781, 782) 1737.0
(7083, 7084, 7085) 2056.0
(5854, 5855, 5856) 1391.0
(824, 825, 826) 1631.0
(6185, 6186, 6187) 1554.0
(8249, 8250, 8251) 1561.0
(9330, 9331, 9332) 1685.0
(8372, 8373, 8374) 1869.0
(1492, 1493, 1494) 1569.0
(4373, 4374, 4375) 2089.0
(2674, 2675, 2676) 1612.0
(7599, 7600, 7601) 1464.0
(6522, 6523, 6524) 2139.0
(5848, 5849, 5850) 1387.0
(7827, 7828, 7829) 1790.0
(9325, 9326, 9327) 1280.0
(6584, 6585, 6586) 1385.0
(1938, 1939, 1940) 1636.0
(1208, 1209, 1210) 1835.0
(5086, 5087, 5088) 1459.0
(2669, 2670, 2671) 1573.0
(9804, 9805, 9806) 1780.0
(5770, 5771, 5772) 1776.0
(5199, 5200, 5201) 1543.0
(7003, 7004, 7005) 1422.0
(7219, 7220, 7221) 2206.0
(2759, 2760, 2761) 1164.0
(2666, 2667, 2668) 1575.0
(2123, 2124, 2125) 1622.0
(3508, 3509, 3510) 1571.0
(233, 234, 235) 2288.0
(6765, 6766, 6767) 1384.0
(5944, 5945, 5946) 2149.0
(918, 919, 920) 1435.0
(1847, 1848, 1849) 1321.0
(2215, 2216, 2217) 1489.0
(6461, 6462, 6463) 1377.0
(1134, 1135, 1136) 1619.0
(8430, 8431, 8432) 1604.0
(2574, 2575, 2576) 1445.0
(4292, 4293, 4294) 1618.0
(483, 484, 485) 1597.0
(2559, 2560, 2561) 1547.0
(4209, 4210, 4211) 1396.0
(7572, 7573, 7574) 1400.0
(6730, 6731, 6732) 1930.0
(7412, 7413, 7414) 1710.0
(6411, 6412, 6413) 1632.0
