(5789, 5790, 5791) 1635.0
(197, 198, 199) 1655.0
(1752, 1753, 1754) 1564.0
(2422, 2423, 2424) 1560.0
(5619, 5620, 5621) 1380.0
(5407, 5408, 5409) 1685.0
(7331, 7332, 7333) 1528.0
(2853, 2854, 2855) 1558.0
(6879, 6880, 6881) 1484.0
(5973, 5974, 5975) 1507.0
(7499, 7500, 7501) 1519.0
(5625, 5626, 5627) 1418.0
(6933, 6934, 6935) 1863.0
(8589, 8590, 8591) 1466.0
(9118, 9119, 9120) 1895.0
(2980, 2981, 2982) 1681.0
(4742, 4743, 4744) 1668.0
(554, 555, 556) 1590.0
(6240, 6241, 6242) 2055.0
(5081, 5082, 5083) 1833.0
(7603, 7604, 7605) 1273.0
(2395, 2396, 2397) 1532.0
(2432, 2433, 2434) 1379.0
(1393, 1394, 1395) 1590.0
(5775, 5776, 5777) 1687.0
(9570, 9571, 9572) 1761.0
(1793, 1794, 1795) 1519.0
(3433, 3434, 3435) 1547.0
(7274, 7275, 7276) 1526.0
(7765, 7766, 7767) 2421.0
(6978, 6979, 6980) 1869.0
(7040, 7041, 7042) 2111.0
(9439, 9440, 9441) 1926.0
(3239, 3240, 3241) 1772.0
(1511, 1512, 1513) 1581.0
(5802, 5803, 5804) 1805.0
(1188, 1189, 1190) 1617.0
(2140, 2141, 2142) 1698.0
(3991, 3992, 3993) 1533.0
(496, 497, 498) 1807.0
(2333, 2334, 2335) 1871.0
(7163, 7164, 7165) 1672.0
(8204, 8205, 8206) 1625.0
(664, 665, 666) 1608.0
(8407, 8408, 8409) 1234.0
(6655, 6656, 6657) 1542.0
(512, 513, 514) 1661.0
(8491, 8492, 8493) 1413.0
(962, 963, 964) 1556.0
(2616, 2617, 2618) 1479.0
(1643, 1644, 1645) 1661.0
(9627, 9628, 9629) 1574.0
(4661, 4662, 4663) 2010.0
(5307, 5308, 5309) 1881.0
(7800, 7801, 7802) 1330.0
(5214, 5215, 5216) 1633.0
(4149, 4150, 4151) 1450.0
(218, 219, 220) 1352.0
(5527, 5528, 5529) 1815.0
(1943, 1944, 1945) 1629.0
(1630, 1631, 1632) 1574.0
(8348, 8349, 8350) 1554.0
(6012, 6013, 6014) 1721.0
(2783, 2784, 2785) 1961.0
(9622, 9623, 9624) 1535.0
(7505, 7506, 7507) 1630.0
(4863, 4864, 4865) 1550.0
(8580, 8581, 8582) 1655.0
(7655, 7656, 7657) 1273.0
(1756, 1757, 1758) 1742.0
(4043, 4044, 4045) 1536.0
(2767, 2768, 2769) 1404.0
(9655, 9656, 9657) 1515.0
(4003, 4004, 4005) 1642.0
(6270, 6271, 6272) 1633.0
(9605, 9606, 9607) 1498.0
(8690, 8691, 8692) 1659.0
(2530, 2531, 2532) 1546.0
(6624, 6625, 6626) 1888.0
(1181, 1182, 1183) 1670.0
(5855, 5856, 5857) 1454.0
(6724, 6725, 6726) 1577.0
(2896, 2897, 2898) 1617.0
(5647, 5648, 5649) 1652.0
(3720, 3721, 3722) 1980.0
(1163, 1164, 1165) 1805.0
(6017, 6018, 6019) 1430.0
(8321, 8322, 8323) 1377.0
(6556, 6557, 6558) 1687.0
(9517, 9518, 9519) 1833.0
(1517, 1518, 1519) 1764.0
(3496, 3497, 3498) 1640.0
(639, 640, 641) 1635.0
(1607, 1608, 1609) 1406.0
(6756, 6757, 6758) 1468.0
(5339, 5340, 5341) 1565.0
(5969, 5970, 5971) 1447.0
(9103, 9104, 9105) 1761.0
(3950, 3951, 3952) 1733.0
(5645, 5646, 5647) 1599.0
(8807, 8808, 8809) 1548.0
