(4999, 5000, 5001) 1433.0
(3090, 3091, 3092) 2546.0
(578, 579, 580) 1660.0
(9508, 9509, 9510) 1540.0
(9378, 9379, 9380) 1785.0
(4962, 4963, 4964) 1766.0
(3714, 3715, 3716) 1625.0
(5062, 5063, 5064) 1634.0
(3460, 3461, 3462) 1689.0
(2471, 2472, 2473) 1620.0
(6913, 6914, 6915) 1523.0
(1019, 1020, 1021) 1619.0
(2459, 2460, 2461) 1728.0
(5411, 5412, 5413) 1770.0
(541, 542, 543) 1552.0
(9407, 9408, 9409) 1873.0
(1895, 1896, 1897) 1766.0
(4924, 4925, 4926) 1786.0
(3486, 3487, 3488) 1668.0
(5212, 5213, 5214) 1542.0
(9198, 9199, 9200) 2677.0
(9793, 9794, 9795) 1589.0
(6503, 6504, 6505) 1519.0
(5168, 5169, 5170) 1482.0
(4029, 4030, 4031) 1497.0
(7270, 7271, 7272) 1557.0
(8825, 8826, 8827) 2742.0
(3298, 3299, 3300) 1575.0
(7830, 7831, 7832) 1551.0
(4064, 4065, 4066) 1525.0
(6478, 6479, 6480) 2250.0
(6125, 6126, 6127) 1943.0
(9709, 9710, 9711) 2066.0
(3230, 3231, 3232) 1635.0
(9052, 9053, 9054) 1416.0
(5254, 5255, 5256) 1524.0
(300, 301, 302) 1786.0
(8261, 8262, 8263) 1467.0
(7086, 7087, 7088) 1809.0
(925, 926, 927) 1816.0
(1711, 1712, 1713) 1730.0
(6196, 6197, 6198) 1749.0
(8134, 8135, 8136) 1549.0
(9797, 9798, 9799) 1617.0
(2441, 2442, 2443) 1592.0
(4033, 4034, 4035) 1721.0
(1255, 1256, 1257) 1745.0
(3485, 3486, 3487) 1665.0
(4196, 4197, 4198) 1821.0
(7020, 7021, 7022) 1849.0
(3999, 4000, 4001) 1807.0
(2816, 2817, 2818) 1750.0
(8559, 8560, 8561) 1467.0
(2720, 2721, 2722) 1522.0
(3664, 3665, 3666) 1887.0
(6778, 6779, 6780) 2291.0
(8478, 8479, 8480) 1742.0
(5503, 5504, 5505) 1659.0
(7923, 7924, 7925) 2425.0
(9305, 9306, 9307) 1482.0
(8378, 8379, 8380) 1519.0
(15, 16, 17) 1732.0
(5832, 5833, 5834) 1765.0
(2000, 2001, 2002) 1769.0
(5605, 5606, 5607) 1769.0
(5379, 5380, 5381) 1767.0
(7408, 7409, 7410) 1687.0
(2676, 2677, 2678) 2150.0
(9211, 9212, 9213) 1668.0
(2031, 2032, 2033) 1842.0
(3671, 3672, 3673) 1768.0
(9893, 9894, 9895) 1848.0
(6378, 6379, 6380) 1394.0
(9173, 9174, 9175) 1732.0
(8339, 8340, 8341) 1970.0
(5807, 5808, 5809) 1812.0
(9087, 9088, 9089) 1814.0
(6258, 6259, 6260) 1616.0
(3330, 3331, 3332) 1625.0
(9673, 9674, 9675) 2035.0
(1828, 1829, 1830) 1588.0
(5889, 5890, 5891) 1737.0
(690, 691, 692) 1650.0
(3261, 3262, 3263) 1594.0
(7213, 7214, 7215) 1778.0
(2991, 2992, 2993) 1895.0
(5600, 5601, 5602) 1620.0
(4218, 4219, 4220) 1402.0
(1801, 1802, 1803) 1614.0
(4240, 4241, 4242) 1793.0
(1826, 1827, 1828) 1662.0
(7928, 7929, 7930) 1478.0
(196, 197, 198) 1520.0
(4518, 4519, 4520) 1586.0
(2906, 2907, 2908) 1985.0
(5348, 5349, 5350) 1483.0
(2702, 2703, 2704) 1548.0
(5166, 5167, 5168) 1681.0
(9775, 9776, 9777) 2346.0
(4565, 4566, 4567) 1773.0
(6, 7, 8) 1680.0
