(8601, 8602, 8603) 2178.0
(2335, 2336, 2337) 2324.0
(954, 955, 956) 1863.0
(6435, 6436, 6437) 1599.0
(8493, 8494, 8495) 1598.0
(3130, 3131, 3132) 1735.0
(8067, 8068, 8069) 1701.0
(2341, 2342, 2343) 1696.0
(4967, 4968, 4969) 1735.0
(8413, 8414, 8415) 1811.0
(7250, 7251, 7252) 1672.0
(4468, 4469, 4470) 2079.0
(2974, 2975, 2976) 1667.0
(9599, 9600, 9601) 1966.0
(4768, 4769, 4770) 1796.0
(2459, 2460, 2461) 1742.0
(576, 577, 578) 1917.0
(495, 496, 497) 2280.0
(4171, 4172, 4173) 2168.0
(6904, 6905, 6906) 1809.0
(4252, 4253, 4254) 1878.0
(6498, 6499, 6500) 1547.0
(3716, 3717, 3718) 1521.0
(8434, 8435, 8436) 1492.0
(7179, 7180, 7181) 1461.0
(6605, 6606, 6607) 2403.0
(2449, 2450, 2451) 2279.0
(1521, 1522, 1523) 1728.0
(1415, 1416, 1417) 1944.0
(6333, 6334, 6335) 2054.0
(1074, 1075, 1076) 1610.0
(1965, 1966, 1967) 1724.0
(6192, 6193, 6194) 2373.0
(6515, 6516, 6517) 2014.0
(9634, 9635, 9636) 1765.0
(3326, 3327, 3328) 1416.0
(3128, 3129, 3130) 1783.0
(7591, 7592, 7593) 1839.0
(3319, 3320, 3321) 2277.0
(129, 130, 131) 1864.0
(8169, 8170, 8171) 2092.0
(2704, 2705, 2706) 2119.0
(398, 399, 400) 1645.0
(888, 889, 890) 1873.0
(9594, 9595, 9596) 2079.0
(9843, 9844, 9845) 1723.0
(3227, 3228, 3229) 1647.0
(4721, 4722, 4723) 1829.0
(195, 196, 197) 2119.0
(7484, 7485, 7486) 1538.0
(8237, 8238, 8239) 1646.0
(5512, 5513, 5514) 1672.0
(461, 462, 463) 1455.0
(9634, 9635, 9636) 1765.0
(8933, 8934, 8935) 1909.0
(2378, 2379, 2380) 1879.0
(9544, 9545, 9546) 1755.0
(8342, 8343, 8344) 1862.0
(6313, 6314, 6315) 1570.0
(2611, 2612, 2613) 1786.0
(3807, 3808, 3809) 1710.0
(4730, 4731, 4732) 1994.0
(565, 566, 567) 1894.0
(5815, 5816, 5817) 1593.0
(712, 713, 714) 2242.0
(6978, 6979, 6980) 1960.0
(4023, 4024, 4025) 2185.0
(8291, 8292, 8293) 1799.0
(3300, 3301, 3302) 1849.0
(4001, 4002, 4003) 1998.0
(645, 646, 647) 1526.0
(9198, 9199, 9200) 2684.0
(5412, 5413, 5414) 1862.0
(3953, 3954, 3955) 1660.0
(6110, 6111, 6112) 1742.0
(9615, 9616, 9617) 1674.0
(5447, 5448, 5449) 1886.0
(4962, 4963, 4964) 1946.0
(7056, 7057, 7058) 2459.0
(7813, 7814, 7815) 1978.0
(3560, 3561, 3562) 2210.0
(1827, 1828, 1829) 1681.0
(6693, 6694, 6695) 1398.0
(4160, 4161, 4162) 1782.0
(5087, 5088, 5089) 1777.0
(9215, 9216, 9217) 1941.0
(7449, 7450, 7451) 1733.0
(1423, 1424, 1425) 1995.0
(738, 739, 740) 1993.0
(795, 796, 797) 1510.0
(7128, 7129, 7130) 2016.0
(3799, 3800, 3801) 1952.0
(9990, 9991, 9992) 2094.0
(9886, 9887, 9888) 1906.0
(5913, 5914, 5915) 2393.0
(5118, 5119, 5120) 1986.0
(7130, 7131, 7132) 1691.0
(9578, 9579, 9580) 2315.0
(1704, 1705, 1706) 2017.0
(5450, 5451, 5452) 1575.0
(9044, 9045, 9046) 1597.0
