(5623, 5624, 5625) 1945.0
(608, 609, 610) 1739.0
(8599, 8600, 8601) 1713.0
(7265, 7266, 7267) 1682.0
(4340, 4341, 4342) 1704.0
(1975, 1976, 1977) 1693.0
(347, 348, 349) 1696.0
(7097, 7098, 7099) 2105.0
(8880, 8881, 8882) 2232.0
(771, 772, 773) 1570.0
(5796, 5797, 5798) 2204.0
(3802, 3803, 3804) 1874.0
(3238, 3239, 3240) 1908.0
(8463, 8464, 8465) 1689.0
(2692, 2693, 2694) 1623.0
(2028, 2029, 2030) 1644.0
(5442, 5443, 5444) 1701.0
(6034, 6035, 6036) 1993.0
(7863, 7864, 7865) 1973.0
(8918, 8919, 8920) 2284.0
(1855, 1856, 1857) 2188.0
(4247, 4248, 4249) 1995.0
(5922, 5923, 5924) 1729.0
(3363, 3364, 3365) 1779.0
(5791, 5792, 5793) 1703.0
(6068, 6069, 6070) 1425.0
(4354, 4355, 4356) 1904.0
(8976, 8977, 8978) 2348.0
(4822, 4823, 4824) 1797.0
(9559, 9560, 9561) 1744.0
(7529, 7530, 7531) 1998.0
(9900, 9901, 9902) 2206.0
(6358, 6359, 6360) 2006.0
(7688, 7689, 7690) 1590.0
(7830, 7831, 7832) 1665.0
(298, 299, 300) 1796.0
(2987, 2988, 2989) 1987.0
(5527, 5528, 5529) 1951.0
(701, 702, 703) 2067.0
(324, 325, 326) 1802.0
(6948, 6949, 6950) 1476.0
(31, 32, 33) 2004.0
(3884, 3885, 3886) 1683.0
(4399, 4400, 4401) 1838.0
(5725, 5726, 5727) 1777.0
(3018, 3019, 3020) 2101.0
(7539, 7540, 7541) 1837.0
(7092, 7093, 7094) 2390.0
(8074, 8075, 8076) 1530.0
(2906, 2907, 2908) 2250.0
(707, 708, 709) 2096.0
(5241, 5242, 5243) 2163.0
(2850, 2851, 2852) 1738.0
(2143, 2144, 2145) 1785.0
(6612, 6613, 6614) 1606.0
(8944, 8945, 8946) 2004.0
(9699, 9700, 9701) 1619.0
(6063, 6064, 6065) 1992.0
(7858, 7859, 7860) 1799.0
(9534, 9535, 9536) 1574.0
(1355, 1356, 1357) 2405.0
(8158, 8159, 8160) 1571.0
(9445, 9446, 9447) 1952.0
(3172, 3173, 3174) 1810.0
(1898, 1899, 1900) 1891.0
(1180, 1181, 1182) 1818.0
(9971, 9972, 9973) 1930.0
(5345, 5346, 5347) 1748.0
(7523, 7524, 7525) 2095.0
(3769, 3770, 3771) 1751.0
(5926, 5927, 5928) 1636.0
(9319, 9320, 9321) 1973.0
(6734, 6735, 6736) 1939.0
(5676, 5677, 5678) 1610.0
(1320, 1321, 1322) 2059.0
(2961, 2962, 2963) 2117.0
(2049, 2050, 2051) 1732.0
(6595, 6596, 6597) 1897.0
(3945, 3946, 3947) 1797.0
(3006, 3007, 3008) 1523.0
(1674, 1675, 1676) 2061.0
(399, 400, 401) 1689.0
(1269, 1270, 1271) 1951.0
(5528, 5529, 5530) 1644.0
(9451, 9452, 9453) 1810.0
(9025, 9026, 9027) 1883.0
(7404, 7405, 7406) 1943.0
(1091, 1092, 1093) 1881.0
(7731, 7732, 7733) 1685.0
(4266, 4267, 4268) 1704.0
(532, 533, 534) 2293.0
(3324, 3325, 3326) 1957.0
(825, 826, 827) 2079.0
(9785, 9786, 9787) 1988.0
(4789, 4790, 4791) 1746.0
(278, 279, 280) 1992.0
(9110, 9111, 9112) 1677.0
(2474, 2475, 2476) 1935.0
(7893, 7894, 7895) 1882.0
(5646, 5647, 5648) 1848.0
(3013, 3014, 3015) 2030.0
