(2641, 2642, 2643) 2523.0
(369, 370, 371) 1635.0
(2660, 2661, 2662) 2148.0
(5429, 5430, 5431) 1833.0
(1361, 1362, 1363) 1780.0
(3458, 3459, 3460) 2159.0
(1269, 1270, 1271) 1950.0
(5669, 5670, 5671) 1969.0
(6509, 6510, 6511) 1828.0
(2820, 2821, 2822) 1816.0
(6409, 6410, 6411) 2296.0
(5543, 5544, 5545) 1654.0
(7136, 7137, 7138) 1410.0
(4762, 4763, 4764) 1821.0
(2783, 2784, 2785) 2319.0
(9427, 9428, 9429) 1830.0
(3136, 3137, 3138) 1974.0
(5987, 5988, 5989) 1850.0
(9682, 9683, 9684) 1648.0
(1118, 1119, 1120) 1897.0
(8137, 8138, 8139) 2527.0
(9095, 9096, 9097) 2412.0
(9205, 9206, 9207) 2178.0
(8550, 8551, 8552) 1731.0
(1775, 1776, 1777) 1961.0
(6489, 6490, 6491) 1864.0
(7252, 7253, 7254) 2022.0
(6861, 6862, 6863) 1770.0
(2463, 2464, 2465) 2225.0
(7475, 7476, 7477) 1781.0
(1120, 1121, 1122) 2347.0
(6943, 6944, 6945) 2023.0
(1321, 1322, 1323) 2028.0
(6910, 6911, 6912) 1902.0
(1397, 1398, 1399) 1878.0
(4016, 4017, 4018) 1917.0
(8167, 8168, 8169) 1823.0
(5621, 5622, 5623) 2000.0
(4779, 4780, 4781) 2258.0
(9016, 9017, 9018) 2139.0
(81, 82, 83) 1794.0
(2775, 2776, 2777) 1763.0
(4022, 4023, 4024) 2376.0
(1693, 1694, 1695) 1831.0
(7712, 7713, 7714) 1830.0
(9615, 9616, 9617) 1735.0
(8685, 8686, 8687) 1631.0
(3052, 3053, 3054) 2012.0
(3393, 3394, 3395) 1325.0
(9305, 9306, 9307) 1747.0
(2185, 2186, 2187) 1963.0
(9833, 9834, 9835) 1757.0
(9311, 9312, 9313) 2472.0
(5969, 5970, 5971) 1811.0
(8675, 8676, 8677) 2010.0
(4593, 4594, 4595) 1980.0
(8404, 8405, 8406) 1780.0
(1812, 1813, 1814) 1575.0
(854, 855, 856) 1824.0
(3894, 3895, 3896) 1756.0
(6311, 6312, 6313) 1822.0
(4373, 4374, 4375) 2474.0
(3689, 3690, 3691) 1820.0
(4446, 4447, 4448) 2089.0
(975, 976, 977) 2194.0
(6139, 6140, 6141) 2096.0
(7538, 7539, 7540) 1769.0
(133, 134, 135) 1643.0
(8955, 8956, 8957) 1713.0
(4715, 4716, 4717) 1790.0
(4503, 4504, 4505) 1934.0
(3570, 3571, 3572) 2298.0
(4597, 4598, 4599) 2285.0
(6929, 6930, 6931) 2007.0
(5436, 5437, 5438) 1816.0
(148, 149, 150) 1925.0
(5242, 5243, 5244) 1966.0
(6991, 6992, 6993) 1844.0
(7693, 7694, 7695) 1911.0
(4561, 4562, 4563) 2274.0
(6127, 6128, 6129) 1994.0
(8427, 8428, 8429) 1829.0
(3211, 3212, 3213) 1954.0
(7203, 7204, 7205) 1745.0
(4304, 4305, 4306) 1820.0
(8519, 8520, 8521) 1754.0
(7566, 7567, 7568) 1766.0
(3199, 3200, 3201) 1769.0
(7581, 7582, 7583) 1784.0
(2748, 2749, 2750) 1806.0
(306, 307, 308) 2208.0
(4754, 4755, 4756) 1683.0
(2165, 2166, 2167) 1835.0
(3836, 3837, 3838) 1824.0
(4740, 4741, 4742) 2083.0
(2145, 2146, 2147) 1851.0
(7370, 7371, 7372) 1960.0
(4092, 4093, 4094) 1456.0
(6529, 6530, 6531) 1802.0
(5486, 5487, 5488) 1756.0
(4109, 4110, 4111) 2275.0
