(1305, 1306, 1307) 1837.0
(2909, 2910, 2911) 2339.0
(2023, 2024, 2025) 2590.0
(850, 851, 852) 1897.0
(6500, 6501, 6502) 2171.0
(1664, 1665, 1666) 1874.0
(9993, 9994, 9995) 1924.0
(559, 560, 561) 1677.0
(2327, 2328, 2329) 2245.0
(6107, 6108, 6109) 2045.0
(2626, 2627, 2628) 2385.0
(96, 97, 98) 1788.0
(532, 533, 534) 2421.0
(2238, 2239, 2240) 1817.0
(7222, 7223, 7224) 2053.0
(1947, 1948, 1949) 1790.0
(2374, 2375, 2376) 2152.0
(6161, 6162, 6163) 2037.0
(3321, 3322, 3323) 1806.0
(2973, 2974, 2975) 1794.0
(8494, 8495, 8496) 1835.0
(7598, 7599, 7600) 1997.0
(1857, 1858, 1859) 2001.0
(2354, 2355, 2356) 1722.0
(7708, 7709, 7710) 2508.0
(961, 962, 963) 2207.0
(7373, 7374, 7375) 2062.0
(7984, 7985, 7986) 1749.0
(5000, 5001, 5002) 2255.0
(9808, 9809, 9810) 2556.0
(4034, 4035, 4036) 2058.0
(5783, 5784, 5785) 1977.0
(9089, 9090, 9091) 2545.0
(1672, 1673, 1674) 2091.0
(8764, 8765, 8766) 2387.0
(5082, 5083, 5084) 1911.0
(6966, 6967, 6968) 2137.0
(1503, 1504, 1505) 2107.0
(1040, 1041, 1042) 1923.0
(5150, 5151, 5152) 1899.0
(319, 320, 321) 1873.0
(5678, 5679, 5680) 2030.0
(9754, 9755, 9756) 2040.0
(809, 810, 811) 2017.0
(3114, 3115, 3116) 2002.0
(783, 784, 785) 2173.0
(7960, 7961, 7962) 1872.0
(4340, 4341, 4342) 1801.0
(1115, 1116, 1117) 1826.0
(7351, 7352, 7353) 2113.0
(3914, 3915, 3916) 2288.0
(7002, 7003, 7004) 2159.0
(7317, 7318, 7319) 2048.0
(1365, 1366, 1367) 2465.0
(5927, 5928, 5929) 2198.0
(4, 5, 6) 1982.0
(591, 592, 593) 1866.0
(3820, 3821, 3822) 1830.0
(3711, 3712, 3713) 1818.0
(8105, 8106, 8107) 1822.0
(1334, 1335, 1336) 2059.0
(3758, 3759, 3760) 2075.0
(3507, 3508, 3509) 1576.0
(9824, 9825, 9826) 2372.0
(5245, 5246, 5247) 2173.0
(7064, 7065, 7066) 1980.0
(8185, 8186, 8187) 1701.0
(9645, 9646, 9647) 1862.0
(3052, 3053, 3054) 2114.0
(6119, 6120, 6121) 2015.0
(9728, 9729, 9730) 2317.0
(6804, 6805, 6806) 1743.0
(7605, 7606, 7607) 1542.0
(1362, 1363, 1364) 2078.0
(8214, 8215, 8216) 2525.0
(37, 38, 39) 2073.0
(5065, 5066, 5067) 2148.0
(2076, 2077, 2078) 1639.0
(4804, 4805, 4806) 2383.0
(4420, 4421, 4422) 2033.0
(3438, 3439, 3440) 1982.0
(1174, 1175, 1176) 1746.0
(4828, 4829, 4830) 1843.0
(3690, 3691, 3692) 1822.0
(9214, 9215, 9216) 2375.0
(896, 897, 898) 1864.0
(7139, 7140, 7141) 1830.0
(3176, 3177, 3178) 2023.0
(8882, 8883, 8884) 2068.0
(2424, 2425, 2426) 1963.0
(2026, 2027, 2028) 2035.0
(1119, 1120, 1121) 2271.0
(5978, 5979, 5980) 1916.0
(8452, 8453, 8454) 1606.0
(6834, 6835, 6836) 1897.0
(6856, 6857, 6858) 1852.0
(6249, 6250, 6251) 2025.0
(2587, 2588, 2589) 2120.0
(4363, 4364, 4365) 2152.0
(5544, 5545, 5546) 1731.0
(4568, 4569, 4570) 2081.0
