(1078, 1079, 1080) 241.0
(8061, 8062, 8063) 128.0
(2645, 2646, 2647) 162.0
(9210, 9211, 9212) 191.0
(1984, 1985, 1986) 158.0
(9801, 9802, 9803) 185.0
(5784, 5785, 5786) 238.0
(2806, 2807, 2808) 132.0
(7312, 7313, 7314) 193.0
(4668, 4669, 4670) 163.0
(1397, 1398, 1399) 250.0
(6489, 6490, 6491) 253.0
(6506, 6507, 6508) 134.0
(2415, 2416, 2417) 203.0
(1793, 1794, 1795) 186.0
(5879, 5880, 5881) 325.0
(1910, 1911, 1912) 162.0
(4901, 4902, 4903) 141.0
(4120, 4121, 4122) 154.0
(3368, 3369, 3370) 194.0
(5110, 5111, 5112) 123.0
(1783, 1784, 1785) 110.0
(9901, 9902, 9903) 127.0
(3712, 3713, 3714) 184.0
(1029, 1030, 1031) 115.0
(2434, 2435, 2436) 200.0
(9499, 9500, 9501) 210.0
(355, 356, 357) 220.0
(2376, 2377, 2378) 233.0
(50, 51, 52) 177.0
(8185, 8186, 8187) 203.0
(9864, 9865, 9866) 144.0
(6595, 6596, 6597) 113.0
(2379, 2380, 2381) 98.0
(6136, 6137, 6138) 220.0
(877, 878, 879) 165.0
(8950, 8951, 8952) 178.0
(1897, 1898, 1899) 208.0
(5533, 5534, 5535) 234.0
(3181, 3182, 3183) 152.0
(5394, 5395, 5396) 147.0
(2093, 2094, 2095) 158.0
(2941, 2942, 2943) 186.0
(3399, 3400, 3401) 162.0
(7110, 7111, 7112) 360.0
(9498, 9499, 9500) 154.0
(6521, 6522, 6523) 135.0
(9514, 9515, 9516) 222.0
(2562, 2563, 2564) 82.0
(1294, 1295, 1296) 274.0
(1174, 1175, 1176) 177.0
(6463, 6464, 6465) 174.0
(2447, 2448, 2449) 178.0
(453, 454, 455) 192.0
(9300, 9301, 9302) 172.0
(5055, 5056, 5057) 177.0
(3423, 3424, 3425) 249.0
(3386, 3387, 3388) 139.0
(8168, 8169, 8170) 113.0
(1224, 1225, 1226) 290.0
(9533, 9534, 9535) 181.0
(6797, 6798, 6799) 219.0
(4199, 4200, 4201) 136.0
(4310, 4311, 4312) 160.0
(2745, 2746, 2747) 213.0
(7033, 7034, 7035) 219.0
(8544, 8545, 8546) 102.0
(612, 613, 614) 281.0
(4679, 4680, 4681) 148.0
(6351, 6352, 6353) 159.0
(4083, 4084, 4085) 169.0
(8564, 8565, 8566) 219.0
(2712, 2713, 2714) 144.0
(5901, 5902, 5903) 129.0
(996, 997, 998) 155.0
(6318, 6319, 6320) 148.0
(9196, 9197, 9198) 216.0
(8028, 8029, 8030) 135.0
(3208, 3209, 3210) 195.0
(5588, 5589, 5590) 216.0
(2369, 2370, 2371) 172.0
(5067, 5068, 5069) 275.0
(2885, 2886, 2887) 134.0
(7131, 7132, 7133) 163.0
(7958, 7959, 7960) 207.0
(5970, 5971, 5972) 218.0
(2986, 2987, 2988) 126.0
(9069, 9070, 9071) 195.0
(5415, 5416, 5417) 213.0
(5144, 5145, 5146) 145.0
(8556, 8557, 8558) 158.0
(5614, 5615, 5616) 181.0
(8909, 8910, 8911) 266.0
(9567, 9568, 9569) 204.0
(3111, 3112, 3113) 178.0
(810, 811, 812) 272.0
(6332, 6333, 6334) 134.0
(6200, 6201, 6202) 164.0
(1061, 1062, 1063) 207.0
(7005, 7006, 7007) 102.0
(2004, 2005, 2006) 185.0
