(4586, 4587, 4588) 1884.0
(4929, 4930, 4931) 1937.0
(8886, 8887, 8888) 2529.0
(2882, 2883, 2884) 1805.0
(6358, 6359, 6360) 2362.0
(2520, 2521, 2522) 1979.0
(2445, 2446, 2447) 1868.0
(949, 950, 951) 1950.0
(4401, 4402, 4403) 1863.0
(2806, 2807, 2808) 2001.0
(7425, 7426, 7427) 2128.0
(7986, 7987, 7988) 1811.0
(9239, 9240, 9241) 1945.0
(6374, 6375, 6376) 2091.0
(8114, 8115, 8116) 2038.0
(6371, 6372, 6373) 2124.0
(2106, 2107, 2108) 2378.0
(52, 53, 54) 2094.0
(9648, 9649, 9650) 2254.0
(8280, 8281, 8282) 2014.0
(9456, 9457, 9458) 2064.0
(6638, 6639, 6640) 2237.0
(2025, 2026, 2027) 2024.0
(7008, 7009, 7010) 2119.0
(6648, 6649, 6650) 1882.0
(1804, 1805, 1806) 1989.0
(8554, 8555, 8556) 2257.0
(6467, 6468, 6469) 2239.0
(981, 982, 983) 2513.0
(3784, 3785, 3786) 2157.0
(3896, 3897, 3898) 2040.0
(8665, 8666, 8667) 2079.0
(2313, 2314, 2315) 2202.0
(1066, 1067, 1068) 2160.0
(956, 957, 958) 2186.0
(413, 414, 415) 1986.0
(9808, 9809, 9810) 2444.0
(2535, 2536, 2537) 1739.0
(3097, 3098, 3099) 1991.0
(4600, 4601, 4602) 1992.0
(6780, 6781, 6782) 2329.0
(7535, 7536, 7537) 1780.0
(1145, 1146, 1147) 2183.0
(6230, 6231, 6232) 1832.0
(5896, 5897, 5898) 2201.0
(2506, 2507, 2508) 2000.0
(6020, 6021, 6022) 2277.0
(7731, 7732, 7733) 1963.0
(7664, 7665, 7666) 2094.0
(8887, 8888, 8889) 1897.0
(1304, 1305, 1306) 2010.0
(6384, 6385, 6386) 1999.0
(4232, 4233, 4234) 2564.0
(2331, 2332, 2333) 1915.0
(4898, 4899, 4900) 1836.0
(399, 400, 401) 1835.0
(5988, 5989, 5990) 1907.0
(8066, 8067, 8068) 2369.0
(4788, 4789, 4790) 2210.0
(7138, 7139, 7140) 1986.0
(4002, 4003, 4004) 2345.0
(827, 828, 829) 2485.0
(5886, 5887, 5888) 1853.0
(215, 216, 217) 2341.0
(5377, 5378, 5379) 1852.0
(940, 941, 942) 2323.0
(8249, 8250, 8251) 2040.0
(6229, 6230, 6231) 2175.0
(6750, 6751, 6752) 2350.0
(694, 695, 696) 2061.0
(4773, 4774, 4775) 2064.0
(4750, 4751, 4752) 2319.0
(9205, 9206, 9207) 2400.0
(5220, 5221, 5222) 2253.0
(2344, 2345, 2346) 2973.0
(4022, 4023, 4024) 2494.0
(324, 325, 326) 2059.0
(6719, 6720, 6721) 2370.0
(1871, 1872, 1873) 2124.0
(5009, 5010, 5011) 2243.0
(492, 493, 494) 1829.0
(6134, 6135, 6136) 2494.0
(2522, 2523, 2524) 2260.0
(2468, 2469, 2470) 2468.0
(5644, 5645, 5646) 2399.0
(9962, 9963, 9964) 2081.0
(1216, 1217, 1218) 2042.0
(5133, 5134, 5135) 2056.0
(7378, 7379, 7380) 2366.0
(8513, 8514, 8515) 2361.0
(9571, 9572, 9573) 2134.0
(6743, 6744, 6745) 1736.0
(3276, 3277, 3278) 2586.0
(2710, 2711, 2712) 2194.0
(3876, 3877, 3878) 2827.0
(8037, 8038, 8039) 2584.0
(7476, 7477, 7478) 2211.0
(4246, 4247, 4248) 2481.0
(9868, 9869, 9870) 2018.0
(4629, 4630, 4631) 2058.0
(7423, 7424, 7425) 2057.0
