(8775, 8776, 8777) 2426.0
(1987, 1988, 1989) 2171.0
(1998, 1999, 2000) 1835.0
(461, 462, 463) 1817.0
(8149, 8150, 8151) 1996.0
(6668, 6669, 6670) 2093.0
(6292, 6293, 6294) 2538.0
(3887, 3888, 3889) 1911.0
(6977, 6978, 6979) 2527.0
(2046, 2047, 2048) 1874.0
(5288, 5289, 5290) 2612.0
(3239, 3240, 3241) 2192.0
(3742, 3743, 3744) 1975.0
(4877, 4878, 4879) 2018.0
(3817, 3818, 3819) 2630.0
(2019, 2020, 2021) 2211.0
(9119, 9120, 9121) 1998.0
(163, 164, 165) 2217.0
(2148, 2149, 2150) 2041.0
(2560, 2561, 2562) 1981.0
(3444, 3445, 3446) 2600.0
(12, 13, 14) 2045.0
(7757, 7758, 7759) 2486.0
(8310, 8311, 8312) 1934.0
(5383, 5384, 5385) 1932.0
(8174, 8175, 8176) 2550.0
(6833, 6834, 6835) 2305.0
(8773, 8774, 8775) 2027.0
(6635, 6636, 6637) 1832.0
(8937, 8938, 8939) 2745.0
(2311, 2312, 2313) 1886.0
(6460, 6461, 6462) 2269.0
(568, 569, 570) 2259.0
(1566, 1567, 1568) 2165.0
(6793, 6794, 6795) 2250.0
(7669, 7670, 7671) 2590.0
(8519, 8520, 8521) 2029.0
(9864, 9865, 9866) 2034.0
(160, 161, 162) 1939.0
(9772, 9773, 9774) 2240.0
(8406, 8407, 8408) 2091.0
(3846, 3847, 3848) 1943.0
(1086, 1087, 1088) 1793.0
(8700, 8701, 8702) 2105.0
(7081, 7082, 7083) 3377.0
(6971, 6972, 6973) 1904.0
(8052, 8053, 8054) 2152.0
(2798, 2799, 2800) 2245.0
(2233, 2234, 2235) 2785.0
(4240, 4241, 4242) 2419.0
(945, 946, 947) 1935.0
(3216, 3217, 3218) 2122.0
(6866, 6867, 6868) 2443.0
(1705, 1706, 1707) 2204.0
(1324, 1325, 1326) 2265.0
(5227, 5228, 5229) 2166.0
(1885, 1886, 1887) 1941.0
(1751, 1752, 1753) 1981.0
(3289, 3290, 3291) 2000.0
(7070, 7071, 7072) 2475.0
(8708, 8709, 8710) 2000.0
(921, 922, 923) 2296.0
(1126, 1127, 1128) 1888.0
(8838, 8839, 8840) 1841.0
(8811, 8812, 8813) 1940.0
(1902, 1903, 1904) 2231.0
(5590, 5591, 5592) 2756.0
(6199, 6200, 6201) 2204.0
(3422, 3423, 3424) 1839.0
(7961, 7962, 7963) 2366.0
(6384, 6385, 6386) 2201.0
(5931, 5932, 5933) 1769.0
(3158, 3159, 3160) 1696.0
(9228, 9229, 9230) 2331.0
(9273, 9274, 9275) 2076.0
(667, 668, 669) 1942.0
(2074, 2075, 2076) 2184.0
(917, 918, 919) 2485.0
(3732, 3733, 3734) 2384.0
(894, 895, 896) 2741.0
(1104, 1105, 1106) 2190.0
(9109, 9110, 9111) 1964.0
(5169, 5170, 5171) 2246.0
(2010, 2011, 2012) 2466.0
(7374, 7375, 7376) 2395.0
(1517, 1518, 1519) 2174.0
(2564, 2565, 2566) 2229.0
(3273, 3274, 3275) 2321.0
(4413, 4414, 4415) 2129.0
(6066, 6067, 6068) 2283.0
(8784, 8785, 8786) 1867.0
(785, 786, 787) 2187.0
(9860, 9861, 9862) 2406.0
(847, 848, 849) 1984.0
(6033, 6034, 6035) 1881.0
(2449, 2450, 2451) 2788.0
(2209, 2210, 2211) 1977.0
(5938, 5939, 5940) 2478.0
(8331, 8332, 8333) 2302.0
(6862, 6863, 6864) 2078.0
(2826, 2827, 2828) 2209.0
