(8547, 8548, 8549) 2238.0
(6558, 6559, 6560) 2630.0
(5016, 5017, 5018) 2305.0
(1101, 1102, 1103) 2360.0
(5005, 5006, 5007) 2326.0
(5184, 5185, 5186) 2342.0
(7393, 7394, 7395) 2275.0
(9832, 9833, 9834) 2598.0
(2887, 2888, 2889) 2080.0
(8277, 8278, 8279) 3050.0
(2274, 2275, 2276) 2082.0
(8547, 8548, 8549) 2238.0
(6399, 6400, 6401) 1547.0
(8233, 8234, 8235) 2261.0
(1881, 1882, 1883) 2280.0
(640, 641, 642) 2348.0
(5839, 5840, 5841) 2110.0
(8576, 8577, 8578) 3135.0
(4456, 4457, 4458) 2485.0
(7709, 7710, 7711) 2484.0
(8738, 8739, 8740) 2156.0
(2818, 2819, 2820) 2178.0
(4327, 4328, 4329) 2127.0
(5113, 5114, 5115) 2167.0
(580, 581, 582) 2091.0
(1166, 1167, 1168) 2471.0
(7469, 7470, 7471) 2146.0
(1502, 1503, 1504) 2457.0
(1854, 1855, 1856) 1999.0
(2414, 2415, 2416) 2423.0
(2829, 2830, 2831) 1971.0
(7717, 7718, 7719) 2028.0
(9264, 9265, 9266) 2571.0
(9113, 9114, 9115) 2485.0
(4424, 4425, 4426) 2161.0
(7024, 7025, 7026) 2449.0
(7113, 7114, 7115) 2002.0
(7654, 7655, 7656) 2257.0
(7678, 7679, 7680) 2938.0
(7219, 7220, 7221) 2847.0
(2003, 2004, 2005) 1844.0
(3308, 3309, 3310) 2440.0
(5862, 5863, 5864) 2364.0
(8639, 8640, 8641) 1896.0
(5673, 5674, 5675) 1792.0
(892, 893, 894) 1841.0
(2566, 2567, 2568) 2093.0
(5016, 5017, 5018) 2305.0
(5384, 5385, 5386) 2162.0
(6108, 6109, 6110) 1857.0
(4467, 4468, 4469) 2330.0
(5787, 5788, 5789) 2097.0
(3986, 3987, 3988) 2227.0
(6774, 6775, 6776) 2047.0
(9567, 9568, 9569) 2884.0
(776, 777, 778) 2074.0
(1076, 1077, 1078) 2532.0
(2010, 2011, 2012) 2544.0
(4923, 4924, 4925) 1940.0
(6867, 6868, 6869) 2356.0
(4390, 4391, 4392) 2178.0
(1684, 1685, 1686) 2189.0
(1400, 1401, 1402) 2665.0
(4695, 4696, 4697) 2324.0
(3302, 3303, 3304) 2832.0
(9594, 9595, 9596) 2536.0
(166, 167, 168) 2532.0
(2096, 2097, 2098) 2474.0
(897, 898, 899) 2022.0
(5370, 5371, 5372) 2805.0
(603, 604, 605) 2290.0
(1843, 1844, 1845) 2078.0
(4793, 4794, 4795) 2547.0
(7416, 7417, 7418) 2258.0
(6866, 6867, 6868) 2529.0
(6295, 6296, 6297) 2516.0
(9416, 9417, 9418) 2503.0
(5706, 5707, 5708) 2839.0
(9646, 9647, 9648) 2385.0
(8664, 8665, 8666) 2834.0
(3020, 3021, 3022) 2146.0
(2941, 2942, 2943) 2152.0
(1303, 1304, 1305) 2056.0
(6451, 6452, 6453) 3018.0
(3430, 3431, 3432) 2526.0
(8164, 8165, 8166) 2404.0
(324, 325, 326) 2227.0
(7127, 7128, 7129) 2267.0
(36, 37, 38) 2442.0
(5714, 5715, 5716) 2538.0
(9343, 9344, 9345) 2036.0
(3517, 3518, 3519) 2210.0
(6336, 6337, 6338) 2510.0
(9837, 9838, 9839) 2135.0
(8762, 8763, 8764) 2351.0
(994, 995, 996) 2009.0
(523, 524, 525) 2566.0
(8706, 8707, 8708) 2039.0
(8419, 8420, 8421) 2378.0
(1071, 1072, 1073) 2426.0
(9541, 9542, 9543) 2200.0
