(292, 293, 294) 2083.0
(1847, 1848, 1849) 2271.0
(960, 961, 962) 2664.0
(1914, 1915, 1916) 2145.0
(613, 614, 615) 2008.0
(4669, 4670, 4671) 2401.0
(7195, 7196, 7197) 2059.0
(4074, 4075, 4076) 2330.0
(8851, 8852, 8853) 2222.0
(1283, 1284, 1285) 2109.0
(6807, 6808, 6809) 2023.0
(6442, 6443, 6444) 1934.0
(8854, 8855, 8856) 2431.0
(1204, 1205, 1206) 2362.0
(722, 723, 724) 2074.0
(1612, 1613, 1614) 2426.0
(517, 518, 519) 1852.0
(7516, 7517, 7518) 2056.0
(841, 842, 843) 1773.0
(7113, 7114, 7115) 2152.0
(6249, 6250, 6251) 2281.0
(4729, 4730, 4731) 2191.0
(3979, 3980, 3981) 2714.0
(8995, 8996, 8997) 2142.0
(2617, 2618, 2619) 2583.0
(9730, 9731, 9732) 2510.0
(8985, 8986, 8987) 2393.0
(6771, 6772, 6773) 2619.0
(2193, 2194, 2195) 1881.0
(3439, 3440, 3441) 2642.0
(5975, 5976, 5977) 2032.0
(7477, 7478, 7479) 2187.0
(6815, 6816, 6817) 2172.0
(6048, 6049, 6050) 2464.0
(6500, 6501, 6502) 2403.0
(8675, 8676, 8677) 2290.0
(1020, 1021, 1022) 2111.0
(9085, 9086, 9087) 2292.0
(7295, 7296, 7297) 2014.0
(5342, 5343, 5344) 2401.0
(1536, 1537, 1538) 2105.0
(5169, 5170, 5171) 2440.0
(3051, 3052, 3053) 2163.0
(7405, 7406, 7407) 2489.0
(9487, 9488, 9489) 2564.0
(2795, 2796, 2797) 2205.0
(1802, 1803, 1804) 2268.0
(563, 564, 565) 2517.0
(6702, 6703, 6704) 2803.0
(7127, 7128, 7129) 2329.0
(359, 360, 361) 2357.0
(4114, 4115, 4116) 2078.0
(3983, 3984, 3985) 1882.0
(1996, 1997, 1998) 3003.0
(479, 480, 481) 2154.0
(503, 504, 505) 2122.0
(6760, 6761, 6762) 2227.0
(3929, 3930, 3931) 2118.0
(6308, 6309, 6310) 2394.0
(6678, 6679, 6680) 2626.0
(2471, 2472, 2473) 2288.0
(5085, 5086, 5087) 2286.0
(8428, 8429, 8430) 2490.0
(977, 978, 979) 2341.0
(9524, 9525, 9526) 2478.0
(5029, 5030, 5031) 2357.0
(5789, 5790, 5791) 2252.0
(8569, 8570, 8571) 1985.0
(3036, 3037, 3038) 3155.0
(6094, 6095, 6096) 2416.0
(600, 601, 602) 2100.0
(3641, 3642, 3643) 2451.0
(1296, 1297, 1298) 2280.0
(5056, 5057, 5058) 2428.0
(7709, 7710, 7711) 2632.0
(8527, 8528, 8529) 2348.0
(627, 628, 629) 2133.0
(7026, 7027, 7028) 2608.0
(5968, 5969, 5970) 2476.0
(2661, 2662, 2663) 2648.0
(3066, 3067, 3068) 2039.0
(1594, 1595, 1596) 2206.0
(9876, 9877, 9878) 2553.0
(9915, 9916, 9917) 2454.0
(2857, 2858, 2859) 2069.0
(3462, 3463, 3464) 2514.0
(5597, 5598, 5599) 2000.0
(78, 79, 80) 1988.0
(7798, 7799, 7800) 2078.0
(7257, 7258, 7259) 2497.0
(6679, 6680, 6681) 2429.0
(4064, 4065, 4066) 2195.0
(3332, 3333, 3334) 2575.0
(5059, 5060, 5061) 2192.0
(8441, 8442, 8443) 2420.0
(9870, 9871, 9872) 2709.0
(9533, 9534, 9535) 2179.0
(1521, 1522, 1523) 2303.0
(4833, 4834, 4835) 2290.0
(1118, 1119, 1120) 2347.0
(8045, 8046, 8047) 2006.0
