(188, 189, 190) 3167.0
(2354, 2355, 2356) 2083.0
(8063, 8064, 8065) 2360.0
(1467, 1468, 1469) 1998.0
(1407, 1408, 1409) 2259.0
(4282, 4283, 4284) 2223.0
(804, 805, 806) 2384.0
(6780, 6781, 6782) 2770.0
(9224, 9225, 9226) 2413.0
(1116, 1117, 1118) 2275.0
(9404, 9405, 9406) 2167.0
(6078, 6079, 6080) 2705.0
(6346, 6347, 6348) 2069.0
(6192, 6193, 6194) 2656.0
(3199, 3200, 3201) 2162.0
(9566, 9567, 9568) 2566.0
(6277, 6278, 6279) 2855.0
(9975, 9976, 9977) 2251.0
(105, 106, 107) 2107.0
(1232, 1233, 1234) 2079.0
(2042, 2043, 2044) 2434.0
(3029, 3030, 3031) 3202.0
(1263, 1264, 1265) 2833.0
(2765, 2766, 2767) 2041.0
(2924, 2925, 2926) 1990.0
(2234, 2235, 2236) 2441.0
(9764, 9765, 9766) 2732.0
(8383, 8384, 8385) 3190.0
(9019, 9020, 9021) 2411.0
(654, 655, 656) 2453.0
(5786, 5787, 5788) 2567.0
(7289, 7290, 7291) 2512.0
(7327, 7328, 7329) 3181.0
(3725, 3726, 3727) 2200.0
(3701, 3702, 3703) 1960.0
(7360, 7361, 7362) 2114.0
(6741, 6742, 6743) 2126.0
(1949, 1950, 1951) 2458.0
(5276, 5277, 5278) 2540.0
(422, 423, 424) 2644.0
(212, 213, 214) 1922.0
(1473, 1474, 1475) 2202.0
(1195, 1196, 1197) 2255.0
(4051, 4052, 4053) 2431.0
(6500, 6501, 6502) 2376.0
(6769, 6770, 6771) 2451.0
(2368, 2369, 2370) 2051.0
(7997, 7998, 7999) 1966.0
(6492, 6493, 6494) 2865.0
(4164, 4165, 4166) 2611.0
(9148, 9149, 9150) 3193.0
(9439, 9440, 9441) 2678.0
(298, 299, 300) 2317.0
(18, 19, 20) 2256.0
(8318, 8319, 8320) 2909.0
(9599, 9600, 9601) 2530.0
(3154, 3155, 3156) 2355.0
(677, 678, 679) 2653.0
(1483, 1484, 1485) 2316.0
(4128, 4129, 4130) 2524.0
(7430, 7431, 7432) 2423.0
(8046, 8047, 8048) 2001.0
(8989, 8990, 8991) 2304.0
(1751, 1752, 1753) 2145.0
(4932, 4933, 4934) 2225.0
(7790, 7791, 7792) 3067.0
(489, 490, 491) 2037.0
(9451, 9452, 9453) 2245.0
(5958, 5959, 5960) 2589.0
(1204, 1205, 1206) 2456.0
(6220, 6221, 6222) 2313.0
(8153, 8154, 8155) 1948.0
(8259, 8260, 8261) 2147.0
(9396, 9397, 9398) 2164.0
(2759, 2760, 2761) 1906.0
(7002, 7003, 7004) 2732.0
(436, 437, 438) 2459.0
(5674, 5675, 5676) 2304.0
(2479, 2480, 2481) 2229.0
(2049, 2050, 2051) 2118.0
(6626, 6627, 6628) 2812.0
(959, 960, 961) 1809.0
(6251, 6252, 6253) 2582.0
(1228, 1229, 1230) 2476.0
(3278, 3279, 3280) 2841.0
(4772, 4773, 4774) 2394.0
(5637, 5638, 5639) 2296.0
(1202, 1203, 1204) 2824.0
(6509, 6510, 6511) 2325.0
(3248, 3249, 3250) 2610.0
(7458, 7459, 7460) 2165.0
(2835, 2836, 2837) 2608.0
(9488, 9489, 9490) 2902.0
(4625, 4626, 4627) 2462.0
(2870, 2871, 2872) 2459.0
(9179, 9180, 9181) 3063.0
(3004, 3005, 3006) 2176.0
(1077, 1078, 1079) 2613.0
(6229, 6230, 6231) 2537.0
(8718, 8719, 8720) 2549.0
(2872, 2873, 2874) 2481.0
