(3134, 3135, 3136) 2340.0
(8770, 8771, 8772) 2565.0
(6371, 6372, 6373) 2679.0
(5502, 5503, 5504) 2182.0
(7212, 7213, 7214) 2674.0
(4875, 4876, 4877) 2269.0
(5158, 5159, 5160) 2246.0
(6632, 6633, 6634) 2468.0
(5061, 5062, 5063) 2570.0
(7997, 7998, 7999) 2004.0
(3256, 3257, 3258) 2347.0
(4670, 4671, 4672) 2747.0
(3671, 3672, 3673) 2615.0
(3684, 3685, 3686) 2351.0
(2096, 2097, 2098) 2736.0
(3792, 3793, 3794) 1955.0
(6589, 6590, 6591) 2290.0
(4017, 4018, 4019) 2335.0
(5612, 5613, 5614) 2370.0
(7643, 7644, 7645) 2218.0
(6894, 6895, 6896) 2319.0
(6450, 6451, 6452) 2454.0
(8330, 8331, 8332) 2958.0
(5140, 5141, 5142) 2416.0
(4311, 4312, 4313) 2083.0
(8305, 8306, 8307) 2231.0
(4296, 4297, 4298) 2680.0
(8050, 8051, 8052) 2651.0
(6294, 6295, 6296) 2453.0
(4457, 4458, 4459) 2229.0
(6920, 6921, 6922) 2446.0
(2484, 2485, 2486) 2545.0
(9451, 9452, 9453) 2343.0
(5174, 5175, 5176) 2078.0
(9812, 9813, 9814) 2348.0
(4097, 4098, 4099) 2514.0
(6257, 6258, 6259) 2043.0
(858, 859, 860) 2240.0
(2474, 2475, 2476) 2661.0
(9686, 9687, 9688) 2407.0
(7873, 7874, 7875) 2149.0
(5769, 5770, 5771) 2844.0
(2780, 2781, 2782) 2517.0
(187, 188, 189) 2311.0
(2494, 2495, 2496) 2642.0
(2062, 2063, 2064) 3093.0
(4962, 4963, 4964) 2684.0
(7449, 7450, 7451) 2326.0
(6070, 6071, 6072) 2301.0
(9598, 9599, 9600) 2561.0
(978, 979, 980) 2238.0
(6904, 6905, 6906) 2446.0
(5438, 5439, 5440) 2725.0
(9890, 9891, 9892) 2322.0
(5859, 5860, 5861) 2673.0
(4522, 4523, 4524) 2788.0
(8238, 8239, 8240) 2296.0
(2319, 2320, 2321) 2168.0
(985, 986, 987) 3041.0
(4987, 4988, 4989) 2221.0
(6592, 6593, 6594) 2230.0
(9270, 9271, 9272) 2451.0
(5285, 5286, 5287) 2479.0
(5200, 5201, 5202) 2271.0
(3405, 3406, 3407) 2233.0
(8950, 8951, 8952) 2533.0
(6314, 6315, 6316) 2249.0
(7585, 7586, 7587) 1950.0
(4733, 4734, 4735) 2831.0
(9318, 9319, 9320) 2764.0
(8196, 8197, 8198) 2236.0
(805, 806, 807) 1972.0
(7386, 7387, 7388) 3153.0
(1418, 1419, 1420) 2209.0
(9829, 9830, 9831) 2143.0
(3013, 3014, 3015) 2758.0
(2816, 2817, 2818) 2615.0
(7773, 7774, 7775) 2273.0
(7928, 7929, 7930) 1961.0
(2709, 2710, 2711) 2493.0
(6258, 6259, 6260) 2180.0
(2481, 2482, 2483) 2461.0
(8941, 8942, 8943) 2323.0
(1379, 1380, 1381) 2453.0
(1273, 1274, 1275) 2450.0
(9744, 9745, 9746) 2179.0
(2993, 2994, 2995) 2562.0
(7920, 7921, 7922) 2925.0
(5669, 5670, 5671) 2441.0
(6546, 6547, 6548) 2932.0
(9926, 9927, 9928) 2390.0
(9713, 9714, 9715) 2324.0
(8159, 8160, 8161) 2304.0
(5666, 5667, 5668) 2541.0
(1522, 1523, 1524) 2293.0
(46, 47, 48) 2410.0
(7162, 7163, 7164) 2216.0
(310, 311, 312) 2290.0
(9488, 9489, 9490) 3056.0
(8550, 8551, 8552) 2281.0
(3529, 3530, 3531) 2170.0
