(5964, 5965, 5966) 2468.0
(6667, 6668, 6669) 2327.0
(328, 329, 330) 2331.0
(1008, 1009, 1010) 2813.0
(7232, 7233, 7234) 2382.0
(3407, 3408, 3409) 2472.0
(2751, 2752, 2753) 2893.0
(131, 132, 133) 2899.0
(500, 501, 502) 2391.0
(3579, 3580, 3581) 3158.0
(5961, 5962, 5963) 2701.0
(3365, 3366, 3367) 2374.0
(851, 852, 853) 2315.0
(2779, 2780, 2781) 2408.0
(1898, 1899, 1900) 2311.0
(8481, 8482, 8483) 2581.0
(3365, 3366, 3367) 2374.0
(942, 943, 944) 2819.0
(8851, 8852, 8853) 2284.0
(666, 667, 668) 2430.0
(9078, 9079, 9080) 2311.0
(9258, 9259, 9260) 2288.0
(9031, 9032, 9033) 2633.0
(7619, 7620, 7621) 2351.0
(5960, 5961, 5962) 2633.0
(9085, 9086, 9087) 2507.0
(7473, 7474, 7475) 2390.0
(6236, 6237, 6238) 3326.0
(2776, 2777, 2778) 2603.0
(8772, 8773, 8774) 2697.0
(5029, 5030, 5031) 2470.0
(2532, 2533, 2534) 2285.0
(3669, 3670, 3671) 2410.0
(7566, 7567, 7568) 2510.0
(9436, 9437, 9438) 2453.0
(1660, 1661, 1662) 2228.0
(6348, 6349, 6350) 2535.0
(7305, 7306, 7307) 2543.0
(7091, 7092, 7093) 3239.0
(9241, 9242, 9243) 3181.0
(8980, 8981, 8982) 2279.0
(1802, 1803, 1804) 2558.0
(5380, 5381, 5382) 2251.0
(4263, 4264, 4265) 2267.0
(1811, 1812, 1813) 2571.0
(4837, 4838, 4839) 2211.0
(1314, 1315, 1316) 2060.0
(8238, 8239, 8240) 2355.0
(8983, 8984, 8985) 2658.0
(3311, 3312, 3313) 2739.0
(8520, 8521, 8522) 3244.0
(4343, 4344, 4345) 2228.0
(2725, 2726, 2727) 2834.0
(4450, 4451, 4452) 3101.0
(6612, 6613, 6614) 2136.0
(4772, 4773, 4774) 2518.0
(8003, 8004, 8005) 2546.0
(1082, 1083, 1084) 2685.0
(4021, 4022, 4023) 2301.0
(1295, 1296, 1297) 2200.0
(9392, 9393, 9394) 2384.0
(9679, 9680, 9681) 2444.0
(9404, 9405, 9406) 2352.0
(9978, 9979, 9980) 2990.0
(5237, 5238, 5239) 2604.0
(7989, 7990, 7991) 2385.0
(6193, 6194, 6195) 1980.0
(318, 319, 320) 2209.0
(3776, 3777, 3778) 2217.0
(7979, 7980, 7981) 2837.0
(4767, 4768, 4769) 2405.0
(9696, 9697, 9698) 2230.0
(2101, 2102, 2103) 2566.0
(8673, 8674, 8675) 2622.0
(2358, 2359, 2360) 3070.0
(4503, 4504, 4505) 2628.0
(3312, 3313, 3314) 2651.0
(7388, 7389, 7390) 2996.0
(7922, 7923, 7924) 2591.0
(4836, 4837, 4838) 2656.0
(701, 702, 703) 2502.0
(9936, 9937, 9938) 2142.0
(7281, 7282, 7283) 2406.0
(8587, 8588, 8589) 2233.0
(4740, 4741, 4742) 2655.0
(9736, 9737, 9738) 2162.0
(5889, 5890, 5891) 2353.0
(3839, 3840, 3841) 3018.0
(2528, 2529, 2530) 2905.0
(7876, 7877, 7878) 2330.0
(3818, 3819, 3820) 2427.0
(9161, 9162, 9163) 2321.0
(8901, 8902, 8903) 2325.0
(5222, 5223, 5224) 2567.0
(2677, 2678, 2679) 2476.0
(9049, 9050, 9051) 2365.0
(1588, 1589, 1590) 2344.0
(7079, 7080, 7081) 2288.0
(8143, 8144, 8145) 2695.0
(8236, 8237, 8238) 2409.0
(1224, 1225, 1226) 2606.0
