(9026, 9027, 9028) 2565.0
(3045, 3046, 3047) 3036.0
(7041, 7042, 7043) 3062.0
(3621, 3622, 3623) 2570.0
(7622, 7623, 7624) 2557.0
(7362, 7363, 7364) 2263.0
(5153, 5154, 5155) 2380.0
(3572, 3573, 3574) 2660.0
(3578, 3579, 3580) 2637.0
(6904, 6905, 6906) 2665.0
(5158, 5159, 5160) 2405.0
(3129, 3130, 3131) 2468.0
(8863, 8864, 8865) 2493.0
(5061, 5062, 5063) 2687.0
(3769, 3770, 3771) 2372.0
(598, 599, 600) 3017.0
(6456, 6457, 6458) 2459.0
(7853, 7854, 7855) 2790.0
(5171, 5172, 5173) 2554.0
(2633, 2634, 2635) 3248.0
(3459, 3460, 3461) 2164.0
(3088, 3089, 3090) 2700.0
(5218, 5219, 5220) 2791.0
(2506, 2507, 2508) 2682.0
(7536, 7537, 7538) 2500.0
(3363, 3364, 3365) 2506.0
(5631, 5632, 5633) 3202.0
(2167, 2168, 2169) 2710.0
(5760, 5761, 5762) 2917.0
(6092, 6093, 6094) 2635.0
(9303, 9304, 9305) 2398.0
(2528, 2529, 2530) 2965.0
(5476, 5477, 5478) 2881.0
(6223, 6224, 6225) 2703.0
(1356, 1357, 1358) 2063.0
(6726, 6727, 6728) 2694.0
(5494, 5495, 5496) 2651.0
(9171, 9172, 9173) 2806.0
(6695, 6696, 6697) 2534.0
(2263, 2264, 2265) 2892.0
(770, 771, 772) 2208.0
(6956, 6957, 6958) 2279.0
(3421, 3422, 3423) 2406.0
(9156, 9157, 9158) 2601.0
(2443, 2444, 2445) 2828.0
(2543, 2544, 2545) 2345.0
(2118, 2119, 2120) 2786.0
(4374, 4375, 4376) 3057.0
(3062, 3063, 3064) 2877.0
(9170, 9171, 9172) 2765.0
(5634, 5635, 5636) 2808.0
(8302, 8303, 8304) 3021.0
(2446, 2447, 2448) 2545.0
(6482, 6483, 6484) 2452.0
(1975, 1976, 1977) 2428.0
(8515, 8516, 8517) 2540.0
(7416, 7417, 7418) 2467.0
(8364, 8365, 8366) 2354.0
(2040, 2041, 2042) 2689.0
(1338, 1339, 1340) 2785.0
(7156, 7157, 7158) 2722.0
(5450, 5451, 5452) 2509.0
(2592, 2593, 2594) 2741.0
(5053, 5054, 5055) 2829.0
(7803, 7804, 7805) 2535.0
(4758, 4759, 4760) 2463.0
(3339, 3340, 3341) 2536.0
(5953, 5954, 5955) 2337.0
(4023, 4024, 4025) 3002.0
(23, 24, 25) 2360.0
(1295, 1296, 1297) 2298.0
(1013, 1014, 1015) 2537.0
(6426, 6427, 6428) 2545.0
(2519, 2520, 2521) 2405.0
(8671, 8672, 8673) 2962.0
(3395, 3396, 3397) 2696.0
(2826, 2827, 2828) 3000.0
(735, 736, 737) 2977.0
(5597, 5598, 5599) 2363.0
(1191, 1192, 1193) 3587.0
(7162, 7163, 7164) 2370.0
(589, 590, 591) 2893.0
(8606, 8607, 8608) 3328.0
(1140, 1141, 1142) 2329.0
(8262, 8263, 8264) 2424.0
(4146, 4147, 4148) 2149.0
(1510, 1511, 1512) 2369.0
(4438, 4439, 4440) 2422.0
(1411, 1412, 1413) 2404.0
(5392, 5393, 5394) 2679.0
(4782, 4783, 4784) 2641.0
(639, 640, 641) 2443.0
(6674, 6675, 6676) 2636.0
(7206, 7207, 7208) 2419.0
(3957, 3958, 3959) 2184.0
(5664, 5665, 5666) 2592.0
(1747, 1748, 1749) 2609.0
(5445, 5446, 5447) 2356.0
(4236, 4237, 4238) 2325.0
(6982, 6983, 6984) 2359.0
(3721, 3722, 3723) 3242.0
