(8023, 8024, 8025) 3104.0
(5066, 5067, 5068) 2854.0
(6678, 6679, 6680) 2867.0
(6277, 6278, 6279) 3307.0
(4124, 4125, 4126) 2450.0
(2332, 2333, 2334) 2791.0
(2286, 2287, 2288) 2719.0
(2912, 2913, 2914) 2839.0
(318, 319, 320) 2334.0
(3789, 3790, 3791) 2607.0
(5364, 5365, 5366) 2672.0
(6988, 6989, 6990) 2658.0
(7809, 7810, 7811) 4011.0
(5745, 5746, 5747) 2121.0
(1471, 1472, 1473) 2465.0
(1628, 1629, 1630) 2448.0
(5377, 5378, 5379) 2714.0
(5850, 5851, 5852) 2639.0
(8760, 8761, 8762) 2545.0
(5609, 5610, 5611) 2931.0
(302, 303, 304) 3499.0
(10, 11, 12) 2831.0
(5892, 5893, 5894) 2297.0
(9140, 9141, 9142) 2478.0
(6854, 6855, 6856) 2695.0
(8191, 8192, 8193) 2379.0
(905, 906, 907) 2791.0
(3590, 3591, 3592) 2410.0
(2102, 2103, 2104) 2973.0
(3350, 3351, 3352) 2403.0
(6448, 6449, 6450) 3118.0
(8374, 8375, 8376) 2503.0
(6480, 6481, 6482) 2461.0
(9791, 9792, 9793) 2520.0
(7507, 7508, 7509) 2547.0
(8892, 8893, 8894) 2697.0
(3607, 3608, 3609) 3126.0
(6998, 6999, 7000) 3115.0
(1493, 1494, 1495) 2576.0
(8652, 8653, 8654) 2660.0
(3614, 3615, 3616) 2872.0
(4351, 4352, 4353) 2313.0
(251, 252, 253) 3044.0
(3034, 3035, 3036) 3327.0
(1277, 1278, 1279) 2379.0
(162, 163, 164) 2947.0
(3421, 3422, 3423) 2457.0
(8912, 8913, 8914) 2538.0
(5393, 5394, 5395) 2647.0
(3712, 3713, 3714) 2684.0
(4261, 4262, 4263) 2787.0
(4148, 4149, 4150) 2644.0
(1632, 1633, 1634) 2142.0
(6808, 6809, 6810) 3438.0
(8410, 8411, 8412) 2882.0
(1893, 1894, 1895) 2413.0
(7983, 7984, 7985) 2218.0
(6038, 6039, 6040) 2726.0
(327, 328, 329) 2784.0
(9674, 9675, 9676) 2542.0
(9072, 9073, 9074) 3189.0
(6741, 6742, 6743) 2591.0
(3354, 3355, 3356) 3117.0
(3430, 3431, 3432) 2860.0
(5074, 5075, 5076) 2644.0
(3207, 3208, 3209) 2483.0
(6398, 6399, 6400) 2423.0
(1907, 1908, 1909) 2278.0
(9147, 9148, 9149) 2620.0
(2634, 2635, 2636) 2561.0
(952, 953, 954) 2519.0
(9929, 9930, 9931) 2612.0
(3588, 3589, 3590) 2928.0
(1192, 1193, 1194) 2607.0
(3287, 3288, 3289) 2745.0
(7475, 7476, 7477) 2682.0
(2628, 2629, 2630) 2565.0
(1183, 1184, 1185) 2395.0
(6591, 6592, 6593) 2339.0
(3557, 3558, 3559) 2199.0
(2292, 2293, 2294) 2376.0
(7543, 7544, 7545) 2762.0
(6018, 6019, 6020) 3422.0
(326, 327, 328) 2686.0
(419, 420, 421) 2995.0
(205, 206, 207) 2522.0
(9207, 9208, 9209) 2917.0
(4434, 4435, 4436) 3377.0
(6517, 6518, 6519) 2349.0
(1685, 1686, 1687) 2520.0
(8545, 8546, 8547) 2485.0
(8206, 8207, 8208) 2820.0
(7011, 7012, 7013) 2494.0
(7941, 7942, 7943) 2904.0
(8235, 8236, 8237) 2552.0
(9246, 9247, 9248) 2819.0
(7144, 7145, 7146) 2453.0
(5369, 5370, 5371) 2773.0
(4925, 4926, 4927) 2190.0
(6145, 6146, 6147) 2509.0
(1272, 1273, 1274) 2617.0
