(6167, 6168, 6169) 2475.0
(9193, 9194, 9195) 3403.0
(1916, 1917, 1918) 2942.0
(5619, 5620, 5621) 2408.0
(4416, 4417, 4418) 2871.0
(3383, 3384, 3385) 3302.0
(4189, 4190, 4191) 2620.0
(5126, 5127, 5128) 2499.0
(75, 76, 77) 2808.0
(7660, 7661, 7662) 3408.0
(4422, 4423, 4424) 2386.0
(682, 683, 684) 2903.0
(6455, 6456, 6457) 2716.0
(2263, 2264, 2265) 3024.0
(4470, 4471, 4472) 2812.0
(2574, 2575, 2576) 2440.0
(3412, 3413, 3414) 2390.0
(7823, 7824, 7825) 2526.0
(3019, 3020, 3021) 2673.0
(7671, 7672, 7673) 2884.0
(1698, 1699, 1700) 2696.0
(1780, 1781, 1782) 2513.0
(2657, 2658, 2659) 2744.0
(2537, 2538, 2539) 2418.0
(463, 464, 465) 2509.0
(7931, 7932, 7933) 2935.0
(8353, 8354, 8355) 2899.0
(4599, 4600, 4601) 2287.0
(1247, 1248, 1249) 2447.0
(3485, 3486, 3487) 2605.0
(9268, 9269, 9270) 2711.0
(8023, 8024, 8025) 3098.0
(9, 10, 11) 2443.0
(3798, 3799, 3800) 2570.0
(8044, 8045, 8046) 2453.0
(9931, 9932, 9933) 2988.0
(6576, 6577, 6578) 2525.0
(1981, 1982, 1983) 3290.0
(1938, 1939, 1940) 3389.0
(9042, 9043, 9044) 2481.0
(4315, 4316, 4317) 2608.0
(9325, 9326, 9327) 2084.0
(585, 586, 587) 2432.0
(688, 689, 690) 2349.0
(8609, 8610, 8611) 2815.0
(4688, 4689, 4690) 2741.0
(7815, 7816, 7817) 2620.0
(8585, 8586, 8587) 2887.0
(4128, 4129, 4130) 2879.0
(9741, 9742, 9743) 2378.0
(1368, 1369, 1370) 2459.0
(7245, 7246, 7247) 2725.0
(8202, 8203, 8204) 2410.0
(8982, 8983, 8984) 2654.0
(1016, 1017, 1018) 2532.0
(3829, 3830, 3831) 2593.0
(6595, 6596, 6597) 3340.0
(8262, 8263, 8264) 2549.0
(5546, 5547, 5548) 2556.0
(6413, 6414, 6415) 2899.0
(8142, 8143, 8144) 2795.0
(6222, 6223, 6224) 2456.0
(2516, 2517, 2518) 2747.0
(2341, 2342, 2343) 2374.0
(9366, 9367, 9368) 2784.0
(5461, 5462, 5463) 2859.0
(4062, 4063, 4064) 2484.0
(56, 57, 58) 2640.0
(5637, 5638, 5639) 2644.0
(4719, 4720, 4721) 2818.0
(5292, 5293, 5294) 2563.0
(9045, 9046, 9047) 2980.0
(5222, 5223, 5224) 2815.0
(9971, 9972, 9973) 3031.0
(3470, 3471, 3472) 3319.0
(6117, 6118, 6119) 2946.0
(5761, 5762, 5763) 3009.0
(967, 968, 969) 2633.0
(4780, 4781, 4782) 2483.0
(699, 700, 701) 3243.0
(5072, 5073, 5074) 2328.0
(4100, 4101, 4102) 2208.0
(6134, 6135, 6136) 2895.0
(556, 557, 558) 2773.0
(4124, 4125, 4126) 2582.0
(315, 316, 317) 3581.0
(1027, 1028, 1029) 2662.0
(5135, 5136, 5137) 3516.0
(4056, 4057, 4058) 2615.0
(5926, 5927, 5928) 2680.0
(6815, 6816, 6817) 2736.0
(2292, 2293, 2294) 2461.0
(5853, 5854, 5855) 3274.0
(1962, 1963, 1964) 2535.0
(457, 458, 459) 2914.0
(42, 43, 44) 2706.0
(7882, 7883, 7884) 2809.0
(3056, 3057, 3058) 3486.0
(4292, 4293, 4294) 2505.0
(9411, 9412, 9413) 2844.0
(2254, 2255, 2256) 2928.0
