(8486, 8487, 8488) 2361.0
(2617, 2618, 2619) 2962.0
(8130, 8131, 8132) 2626.0
(1696, 1697, 1698) 2774.0
(9285, 9286, 9287) 2341.0
(6297, 6298, 6299) 3094.0
(832, 833, 834) 3328.0
(375, 376, 377) 2805.0
(6216, 6217, 6218) 2885.0
(3971, 3972, 3973) 2817.0
(8794, 8795, 8796) 3245.0
(4671, 4672, 4673) 2518.0
(2203, 2204, 2205) 2679.0
(62, 63, 64) 2493.0
(8993, 8994, 8995) 2168.0
(3401, 3402, 3403) 2893.0
(1420, 1421, 1422) 2619.0
(4161, 4162, 4163) 3111.0
(7843, 7844, 7845) 2843.0
(6803, 6804, 6805) 2448.0
(832, 833, 834) 3328.0
(7778, 7779, 7780) 3463.0
(5875, 5876, 5877) 2848.0
(2105, 2106, 2107) 2726.0
(4223, 4224, 4225) 2532.0
(1341, 1342, 1343) 3002.0
(5506, 5507, 5508) 3016.0
(2692, 2693, 2694) 2574.0
(4474, 4475, 4476) 3012.0
(4237, 4238, 4239) 2723.0
(1885, 1886, 1887) 2989.0
(6833, 6834, 6835) 2657.0
(3639, 3640, 3641) 3158.0
(9257, 9258, 9259) 2984.0
(1693, 1694, 1695) 2440.0
(1421, 1422, 1423) 2830.0
(1455, 1456, 1457) 2881.0
(2654, 2655, 2656) 2530.0
(7593, 7594, 7595) 2862.0
(5154, 5155, 5156) 3092.0
(5878, 5879, 5880) 2999.0
(9262, 9263, 9264) 2861.0
(4020, 4021, 4022) 2568.0
(2794, 2795, 2796) 2740.0
(4949, 4950, 4951) 2431.0
(8725, 8726, 8727) 2635.0
(3287, 3288, 3289) 2917.0
(3687, 3688, 3689) 2848.0
(3532, 3533, 3534) 2689.0
(6684, 6685, 6686) 2835.0
(5438, 5439, 5440) 3088.0
(3323, 3324, 3325) 2859.0
(6203, 6204, 6205) 3112.0
(2369, 2370, 2371) 2958.0
(2519, 2520, 2521) 2594.0
(2777, 2778, 2779) 2627.0
(1827, 1828, 1829) 2497.0
(7227, 7228, 7229) 3015.0
(7126, 7127, 7128) 2991.0
(6568, 6569, 6570) 2469.0
(7249, 7250, 7251) 2511.0
(9946, 9947, 9948) 2700.0
(5770, 5771, 5772) 3052.0
(8556, 8557, 8558) 3083.0
(2720, 2721, 2722) 2637.0
(3799, 3800, 3801) 2850.0
(4919, 4920, 4921) 3156.0
(9079, 9080, 9081) 2572.0
(8353, 8354, 8355) 2946.0
(4534, 4535, 4536) 3129.0
(1933, 1934, 1935) 2774.0
(4771, 4772, 4773) 2616.0
(3665, 3666, 3667) 2824.0
(4477, 4478, 4479) 2429.0
(818, 819, 820) 3100.0
(2506, 2507, 2508) 2805.0
(5807, 5808, 5809) 2701.0
(7718, 7719, 7720) 3737.0
(4147, 4148, 4149) 3027.0
(5243, 5244, 5245) 2251.0
(708, 709, 710) 2409.0
(4913, 4914, 4915) 2678.0
(3632, 3633, 3634) 2367.0
(1234, 1235, 1236) 2589.0
(9556, 9557, 9558) 2847.0
(2117, 2118, 2119) 2708.0
(1233, 1234, 1235) 2410.0
(2594, 2595, 2596) 2519.0
(6093, 6094, 6095) 2666.0
(801, 802, 803) 2402.0
(9752, 9753, 9754) 2098.0
(7061, 7062, 7063) 3440.0
(5557, 5558, 5559) 3071.0
(8576, 8577, 8578) 3402.0
(2574, 2575, 2576) 2607.0
(1190, 1191, 1192) 2423.0
(3921, 3922, 3923) 3815.0
(8663, 8664, 8665) 2688.0
(5517, 5518, 5519) 2837.0
(7087, 7088, 7089) 2531.0
(511, 512, 513) 2172.0
