(1193, 1194, 1195) 224.0
(4235, 4236, 4237) 255.0
(6632, 6633, 6634) 260.0
(8331, 8332, 8333) 247.0
(5074, 5075, 5076) 273.0
(4064, 4065, 4066) 275.0
(2520, 2521, 2522) 162.0
(8617, 8618, 8619) 321.0
(3350, 3351, 3352) 268.0
(6149, 6150, 6151) 192.0
(2868, 2869, 2870) 257.0
(3906, 3907, 3908) 296.0
(7237, 7238, 7239) 387.0
(9764, 9765, 9766) 443.0
(6488, 6489, 6490) 295.0
(9440, 9441, 9442) 332.0
(2784, 2785, 2786) 267.0
(7297, 7298, 7299) 283.0
(2073, 2074, 2075) 311.0
(1221, 1222, 1223) 417.0
(8530, 8531, 8532) 277.0
(9315, 9316, 9317) 254.0
(7243, 7244, 7245) 390.0
(3182, 3183, 3184) 243.0
(8165, 8166, 8167) 336.0
(6541, 6542, 6543) 320.0
(1481, 1482, 1483) 457.0
(8126, 8127, 8128) 253.0
(4893, 4894, 4895) 262.0
(850, 851, 852) 230.0
(3603, 3604, 3605) 357.0
(2720, 2721, 2722) 231.0
(7884, 7885, 7886) 196.0
(6217, 6218, 6219) 233.0
(921, 922, 923) 384.0
(1622, 1623, 1624) 214.0
(1966, 1967, 1968) 236.0
(494, 495, 496) 207.0
(1751, 1752, 1753) 229.0
(3754, 3755, 3756) 327.0
(8596, 8597, 8598) 193.0
(4121, 4122, 4123) 230.0
(18, 19, 20) 292.0
(3736, 3737, 3738) 326.0
(5512, 5513, 5514) 335.0
(3877, 3878, 3879) 227.0
(6149, 6150, 6151) 192.0
(3690, 3691, 3692) 227.0
(6113, 6114, 6115) 234.0
(4683, 4684, 4685) 419.0
(1874, 1875, 1876) 203.0
(3042, 3043, 3044) 212.0
(8092, 8093, 8094) 396.0
(2935, 2936, 2937) 311.0
(5580, 5581, 5582) 291.0
(7245, 7246, 7247) 257.0
(1371, 1372, 1373) 201.0
(3873, 3874, 3875) 299.0
(7192, 7193, 7194) 375.0
(3535, 3536, 3537) 216.0
(8846, 8847, 8848) 280.0
(3013, 3014, 3015) 222.0
(1766, 1767, 1768) 183.0
(4540, 4541, 4542) 149.0
(2347, 2348, 2349) 311.0
(9718, 9719, 9720) 262.0
(1704, 1705, 1706) 225.0
(1070, 1071, 1072) 225.0
(826, 827, 828) 217.0
(3662, 3663, 3664) 277.0
(535, 536, 537) 268.0
(3800, 3801, 3802) 403.0
(9860, 9861, 9862) 293.0
(8904, 8905, 8906) 188.0
(9548, 9549, 9550) 206.0
(463, 464, 465) 350.0
(4997, 4998, 4999) 230.0
(9322, 9323, 9324) 248.0
(3192, 3193, 3194) 171.0
(5002, 5003, 5004) 221.0
(8101, 8102, 8103) 207.0
(8351, 8352, 8353) 264.0
(5624, 5625, 5626) 329.0
(5241, 5242, 5243) 247.0
(5834, 5835, 5836) 249.0
(7796, 7797, 7798) 384.0
(6991, 6992, 6993) 200.0
(9054, 9055, 9056) 155.0
(2667, 2668, 2669) 363.0
(4761, 4762, 4763) 403.0
(4477, 4478, 4479) 318.0
(900, 901, 902) 255.0
(6771, 6772, 6773) 272.0
(3468, 3469, 3470) 224.0
(5017, 5018, 5019) 193.0
(586, 587, 588) 260.0
(6800, 6801, 6802) 357.0
(4398, 4399, 4400) 212.0
(4093, 4094, 4095) 275.0
(9570, 9571, 9572) 288.0
(9516, 9517, 9518) 221.0
