(1514, 1515, 1516) 2523.0
(4072, 4073, 4074) 2503.0
(4725, 4726, 4727) 2414.0
(7467, 7468, 7469) 2428.0
(2936, 2937, 2938) 2947.0
(5109, 5110, 5111) 2846.0
(6585, 6586, 6587) 3084.0
(9435, 9436, 9437) 3079.0
(7760, 7761, 7762) 3203.0
(490, 491, 492) 2532.0
(2884, 2885, 2886) 3417.0
(6576, 6577, 6578) 2737.0
(6682, 6683, 6684) 3164.0
(9546, 9547, 9548) 2812.0
(281, 282, 283) 2645.0
(5494, 5495, 5496) 2937.0
(8998, 8999, 9000) 3739.0
(770, 771, 772) 2556.0
(3501, 3502, 3503) 3067.0
(9384, 9385, 9386) 2394.0
(2339, 2340, 2341) 3059.0
(6879, 6880, 6881) 2691.0
(5794, 5795, 5796) 2548.0
(854, 855, 856) 2948.0
(2099, 2100, 2101) 3086.0
(6941, 6942, 6943) 3127.0
(5108, 5109, 5110) 2905.0
(8797, 8798, 8799) 3093.0
(7049, 7050, 7051) 3074.0
(9428, 9429, 9430) 2699.0
(8585, 8586, 8587) 3024.0
(4679, 4680, 4681) 2956.0
(2386, 2387, 2388) 2836.0
(2755, 2756, 2757) 2766.0
(8062, 8063, 8064) 2794.0
(5185, 5186, 5187) 2649.0
(9948, 9949, 9950) 3393.0
(6119, 6120, 6121) 3142.0
(8944, 8945, 8946) 2863.0
(2649, 2650, 2651) 2964.0
(1537, 1538, 1539) 2782.0
(9588, 9589, 9590) 3286.0
(749, 750, 751) 2610.0
(2365, 2366, 2367) 2670.0
(9994, 9995, 9996) 3015.0
(8761, 8762, 8763) 2723.0
(6875, 6876, 6877) 3479.0
(5765, 5766, 5767) 3428.0
(6674, 6675, 6676) 2960.0
(6427, 6428, 6429) 3005.0
(7868, 7869, 7870) 2903.0
(1327, 1328, 1329) 3051.0
(9621, 9622, 9623) 3167.0
(963, 964, 965) 2798.0
(3552, 3553, 3554) 2714.0
(7293, 7294, 7295) 2620.0
(8487, 8488, 8489) 3109.0
(3893, 3894, 3895) 2652.0
(8408, 8409, 8410) 2665.0
(5908, 5909, 5910) 2666.0
(7727, 7728, 7729) 2553.0
(1004, 1005, 1006) 2782.0
(4337, 4338, 4339) 2791.0
(5056, 5057, 5058) 2895.0
(9335, 9336, 9337) 3108.0
(1739, 1740, 1741) 2902.0
(4406, 4407, 4408) 3066.0
(9025, 9026, 9027) 2818.0
(367, 368, 369) 3007.0
(897, 898, 899) 2666.0
(3330, 3331, 3332) 2802.0
(5531, 5532, 5533) 3348.0
(1730, 1731, 1732) 3437.0
(5698, 5699, 5700) 2906.0
(5879, 5880, 5881) 3353.0
(7205, 7206, 7207) 3478.0
(878, 879, 880) 2685.0
(8399, 8400, 8401) 3156.0
(6425, 6426, 6427) 3070.0
(304, 305, 306) 2911.0
(7350, 7351, 7352) 3011.0
(9718, 9719, 9720) 3217.0
(1665, 1666, 1667) 2788.0
(8512, 8513, 8514) 2876.0
(1653, 1654, 1655) 3008.0
(7230, 7231, 7232) 2938.0
(842, 843, 844) 2637.0
(1175, 1176, 1177) 3377.0
(2885, 2886, 2887) 3302.0
(5617, 5618, 5619) 2795.0
(5878, 5879, 5880) 2941.0
(7503, 7504, 7505) 3440.0
(3606, 3607, 3608) 2829.0
(8716, 8717, 8718) 3189.0
(1014, 1015, 1016) 2989.0
(1747, 1748, 1749) 2858.0
(7990, 7991, 7992) 3268.0
(511, 512, 513) 2232.0
(4459, 4460, 4461) 3343.0
(6114, 6115, 6116) 2538.0
(284, 285, 286) 3037.0
