(9358, 9359, 9360) 3016.0
(9853, 9854, 9855) 3164.0
(7617, 7618, 7619) 2739.0
(2329, 2330, 2331) 2627.0
(5753, 5754, 5755) 2920.0
(7990, 7991, 7992) 3302.0
(6575, 6576, 6577) 2593.0
(1278, 1279, 1280) 3209.0
(5695, 5696, 5697) 2664.0
(9565, 9566, 9567) 3198.0
(9879, 9880, 9881) 2969.0
(5730, 5731, 5732) 3359.0
(2054, 2055, 2056) 2840.0
(9297, 9298, 9299) 2687.0
(3722, 3723, 3724) 3355.0
(8152, 8153, 8154) 3161.0
(1290, 1291, 1292) 2872.0
(5414, 5415, 5416) 3149.0
(9075, 9076, 9077) 3646.0
(7803, 7804, 7805) 3019.0
(3676, 3677, 3678) 2867.0
(6232, 6233, 6234) 2766.0
(4608, 4609, 4610) 2920.0
(1729, 1730, 1731) 2966.0
(1276, 1277, 1278) 3082.0
(5131, 5132, 5133) 2933.0
(8521, 8522, 8523) 2631.0
(634, 635, 636) 2802.0
(349, 350, 351) 2945.0
(1130, 1131, 1132) 2213.0
(3917, 3918, 3919) 2901.0
(3474, 3475, 3476) 3472.0
(5393, 5394, 5395) 2782.0
(8463, 8464, 8465) 2531.0
(371, 372, 373) 2598.0
(8773, 8774, 8775) 2839.0
(1713, 1714, 1715) 2741.0
(60, 61, 62) 2884.0
(5970, 5971, 5972) 3198.0
(1192, 1193, 1194) 2925.0
(3501, 3502, 3503) 3106.0
(2532, 2533, 2534) 2628.0
(4246, 4247, 4248) 3618.0
(6628, 6629, 6630) 3111.0
(2774, 2775, 2776) 3161.0
(3061, 3062, 3063) 3067.0
(2069, 2070, 2071) 2844.0
(200, 201, 202) 3469.0
(2887, 2888, 2889) 2854.0
(6971, 6972, 6973) 2523.0
(2373, 2374, 2375) 3400.0
(1172, 1173, 1174) 2781.0
(746, 747, 748) 3629.0
(5256, 5257, 5258) 2960.0
(4214, 4215, 4216) 2660.0
(3759, 3760, 3761) 2856.0
(3357, 3358, 3359) 3076.0
(8494, 8495, 8496) 3091.0
(1463, 1464, 1465) 2578.0
(9357, 9358, 9359) 2777.0
(5385, 5386, 5387) 3244.0
(3309, 3310, 3311) 2880.0
(4112, 4113, 4114) 2541.0
(5557, 5558, 5559) 3103.0
(3440, 3441, 3442) 2837.0
(1837, 1838, 1839) 2802.0
(5515, 5516, 5517) 3127.0
(6907, 6908, 6909) 2864.0
(8966, 8967, 8968) 3090.0
(8938, 8939, 8940) 2974.0
(1622, 1623, 1624) 3008.0
(4319, 4320, 4321) 2571.0
(9322, 9323, 9324) 3374.0
(9815, 9816, 9817) 2819.0
(6190, 6191, 6192) 2589.0
(3246, 3247, 3248) 3229.0
(8053, 8054, 8055) 3324.0
(1849, 1850, 1851) 2758.0
(4195, 4196, 4197) 2747.0
(4282, 4283, 4284) 2714.0
(5152, 5153, 5154) 2904.0
(474, 475, 476) 3006.0
(6825, 6826, 6827) 2661.0
(888, 889, 890) 3344.0
(2220, 2221, 2222) 2864.0
(1953, 1954, 1955) 2748.0
(3033, 3034, 3035) 2679.0
(6041, 6042, 6043) 2885.0
(2497, 2498, 2499) 2848.0
(5200, 5201, 5202) 2740.0
(1655, 1656, 1657) 2825.0
(7203, 7204, 7205) 2532.0
(1618, 1619, 1620) 3131.0
(182, 183, 184) 3775.0
(9522, 9523, 9524) 2728.0
(5124, 5125, 5126) 2758.0
(9840, 9841, 9842) 2862.0
(4302, 4303, 4304) 3063.0
(981, 982, 983) 3502.0
(4636, 4637, 4638) 2656.0
(3194, 3195, 3196) 2933.0
