(7952, 7953, 7954) 2781.0
(1268, 1269, 1270) 3293.0
(850, 851, 852) 2897.0
(578, 579, 580) 2771.0
(1096, 1097, 1098) 2982.0
(6521, 6522, 6523) 2756.0
(8618, 8619, 8620) 3010.0
(7560, 7561, 7562) 2780.0
(2791, 2792, 2793) 2926.0
(7481, 7482, 7483) 2764.0
(7437, 7438, 7439) 2934.0
(4306, 4307, 4308) 2732.0
(7722, 7723, 7724) 3050.0
(3560, 3561, 3562) 3676.0
(7603, 7604, 7605) 2578.0
(631, 632, 633) 3315.0
(4413, 4414, 4415) 2955.0
(5840, 5841, 5842) 2876.0
(5231, 5232, 5233) 2771.0
(8903, 8904, 8905) 2872.0
(1163, 1164, 1165) 3094.0
(7677, 7678, 7679) 3229.0
(2911, 2912, 2913) 2896.0
(937, 938, 939) 2711.0
(6682, 6683, 6684) 3164.0
(1204, 1205, 1206) 3219.0
(5094, 5095, 5096) 2920.0
(575, 576, 577) 2601.0
(477, 478, 479) 2993.0
(698, 699, 700) 3269.0
(9901, 9902, 9903) 2565.0
(5587, 5588, 5589) 2886.0
(9562, 9563, 9564) 2804.0
(4829, 4830, 4831) 2725.0
(6753, 6754, 6755) 3096.0
(4429, 4430, 4431) 3205.0
(5102, 5103, 5104) 2669.0
(6690, 6691, 6692) 3382.0
(8204, 8205, 8206) 3308.0
(5534, 5535, 5536) 2644.0
(3388, 3389, 3390) 2879.0
(3307, 3308, 3309) 3469.0
(5688, 5689, 5690) 3685.0
(8185, 8186, 8187) 2527.0
(9778, 9779, 9780) 3048.0
(8216, 8217, 8218) 3159.0
(1, 2, 3) 3672.0
(8643, 8644, 8645) 2545.0
(3395, 3396, 3397) 3184.0
(743, 744, 745) 2624.0
(8518, 8519, 8520) 2843.0
(1108, 1109, 1110) 2711.0
(4220, 4221, 4222) 2719.0
(1373, 1374, 1375) 2710.0
(9949, 9950, 9951) 3444.0
(8682, 8683, 8684) 3123.0
(4714, 4715, 4716) 2906.0
(1331, 1332, 1333) 2473.0
(551, 552, 553) 3221.0
(9361, 9362, 9363) 2964.0
(4373, 4374, 4375) 3756.0
(8361, 8362, 8363) 2931.0
(2377, 2378, 2379) 3535.0
(8585, 8586, 8587) 3216.0
(9347, 9348, 9349) 3063.0
(4368, 4369, 4370) 3040.0
(4593, 4594, 4595) 3233.0
(6806, 6807, 6808) 3016.0
(605, 606, 607) 2795.0
(9392, 9393, 9394) 3048.0
(7093, 7094, 7095) 2604.0
(6180, 6181, 6182) 3754.0
(409, 410, 411) 3161.0
(8048, 8049, 8050) 2611.0
(356, 357, 358) 3036.0
(9946, 9947, 9948) 3085.0
(7111, 7112, 7113) 3129.0
(6417, 6418, 6419) 3895.0
(4635, 4636, 4637) 3634.0
(1206, 1207, 1208) 3479.0
(2756, 2757, 2758) 2942.0
(399, 400, 401) 2763.0
(8894, 8895, 8896) 3036.0
(2013, 2014, 2015) 2814.0
(6322, 6323, 6324) 2911.0
(3471, 3472, 3473) 3285.0
(286, 287, 288) 2633.0
(7282, 7283, 7284) 3827.0
(3483, 3484, 3485) 2516.0
(1983, 1984, 1985) 3009.0
(3884, 3885, 3886) 3335.0
(5446, 5447, 5448) 3518.0
(5038, 5039, 5040) 3040.0
(6292, 6293, 6294) 3673.0
(1840, 1841, 1842) 3933.0
(6038, 6039, 6040) 3044.0
(4242, 4243, 4244) 2667.0
(8729, 8730, 8731) 2823.0
(8284, 8285, 8286) 2887.0
(4382, 4383, 4384) 2969.0
(8087, 8088, 8089) 2932.0
