(2112, 2113, 2114) 3036.0
(8367, 8368, 8369) 3903.0
(2995, 2996, 2997) 2899.0
(9763, 9764, 9765) 3598.0
(1382, 1383, 1384) 3113.0
(9547, 9548, 9549) 2724.0
(7111, 7112, 7113) 3211.0
(8938, 8939, 8940) 3086.0
(7639, 7640, 7641) 2989.0
(6747, 6748, 6749) 3214.0
(4135, 4136, 4137) 2777.0
(6542, 6543, 6544) 3140.0
(8928, 8929, 8930) 2848.0
(6943, 6944, 6945) 2986.0
(7500, 7501, 7502) 2811.0
(4339, 4340, 4341) 3006.0
(7044, 7045, 7046) 3386.0
(323, 324, 325) 3794.0
(7414, 7415, 7416) 2926.0
(3134, 3135, 3136) 2808.0
(4975, 4976, 4977) 3124.0
(9799, 9800, 9801) 3200.0
(1848, 1849, 1850) 2932.0
(5958, 5959, 5960) 3225.0
(3552, 3553, 3554) 2869.0
(9525, 9526, 9527) 3407.0
(196, 197, 198) 2937.0
(4188, 4189, 4190) 3304.0
(2474, 2475, 2476) 3197.0
(2957, 2958, 2959) 2774.0
(8077, 8078, 8079) 3846.0
(9021, 9022, 9023) 2646.0
(1336, 1337, 1338) 3135.0
(2662, 2663, 2664) 3025.0
(6176, 6177, 6178) 3346.0
(880, 881, 882) 3683.0
(5460, 5461, 5462) 2691.0
(602, 603, 604) 2867.0
(4513, 4514, 4515) 3012.0
(1860, 1861, 1862) 3103.0
(9590, 9591, 9592) 3349.0
(3741, 3742, 3743) 3286.0
(9662, 9663, 9664) 2871.0
(3631, 3632, 3633) 3598.0
(8722, 8723, 8724) 3439.0
(676, 677, 678) 3045.0
(6861, 6862, 6863) 2886.0
(6163, 6164, 6165) 3016.0
(3436, 3437, 3438) 2856.0
(211, 212, 213) 2611.0
(376, 377, 378) 3259.0
(666, 667, 668) 2860.0
(2043, 2044, 2045) 2996.0
(3141, 3142, 3143) 3833.0
(1408, 1409, 1410) 3866.0
(7882, 7883, 7884) 3193.0
(6731, 6732, 6733) 3311.0
(996, 997, 998) 3091.0
(3108, 3109, 3110) 3332.0
(5085, 5086, 5087) 2702.0
(7288, 7289, 7290) 3383.0
(1835, 1836, 1837) 3695.0
(6981, 6982, 6983) 3105.0
(708, 709, 710) 2611.0
(9660, 9661, 9662) 3623.0
(6514, 6515, 6516) 3650.0
(4304, 4305, 4306) 3174.0
(8148, 8149, 8150) 2981.0
(6016, 6017, 6018) 2894.0
(202, 203, 204) 2484.0
(247, 248, 249) 3727.0
(973, 974, 975) 2805.0
(4687, 4688, 4689) 2711.0
(5101, 5102, 5103) 3170.0
(6756, 6757, 6758) 3067.0
(2670, 2671, 2672) 3151.0
(5470, 5471, 5472) 2847.0
(9757, 9758, 9759) 3047.0
(7304, 7305, 7306) 3206.0
(7963, 7964, 7965) 3271.0
(6217, 6218, 6219) 3123.0
(1020, 1021, 1022) 3134.0
(5494, 5495, 5496) 3089.0
(5396, 5397, 5398) 2735.0
(5068, 5069, 5070) 3456.0
(2852, 2853, 2854) 3063.0
(2365, 2366, 2367) 2799.0
(7862, 7863, 7864) 3907.0
(1532, 1533, 1534) 2701.0
(2015, 2016, 2017) 3267.0
(9834, 9835, 9836) 3299.0
(4637, 4638, 4639) 2859.0
(9000, 9001, 9002) 2974.0
(7788, 7789, 7790) 3630.0
(5068, 5069, 5070) 3456.0
(1679, 1680, 1681) 2874.0
(9780, 9781, 9782) 4306.0
(2951, 2952, 2953) 3266.0
(8106, 8107, 8108) 3194.0
(6669, 6670, 6671) 2628.0
(733, 734, 735) 3158.0
