(7076, 7077, 7078) 3469.0
(6328, 6329, 6330) 3330.0
(3384, 3385, 3386) 3021.0
(6802, 6803, 6804) 3567.0
(280, 281, 282) 4079.0
(2884, 2885, 2886) 3650.0
(2977, 2978, 2979) 2793.0
(2205, 2206, 2207) 3536.0
(1585, 1586, 1587) 2979.0
(408, 409, 410) 4385.0
(2034, 2035, 2036) 3012.0
(9003, 9004, 9005) 3570.0
(230, 231, 232) 3555.0
(5457, 5458, 5459) 3393.0
(4253, 4254, 4255) 2849.0
(8570, 8571, 8572) 2836.0
(2404, 2405, 2406) 3261.0
(6994, 6995, 6996) 3152.0
(9699, 9700, 9701) 3558.0
(4218, 4219, 4220) 3013.0
(4785, 4786, 4787) 3012.0
(6818, 6819, 6820) 3115.0
(2395, 2396, 2397) 2937.0
(1094, 1095, 1096) 3408.0
(8206, 8207, 8208) 3201.0
(9020, 9021, 9022) 2644.0
(9484, 9485, 9486) 3129.0
(3231, 3232, 3233) 3355.0
(9232, 9233, 9234) 3632.0
(8716, 8717, 8718) 3372.0
(5493, 5494, 5495) 3369.0
(3388, 3389, 3390) 3093.0
(9300, 9301, 9302) 3104.0
(9153, 9154, 9155) 3126.0
(8093, 8094, 8095) 3149.0
(9496, 9497, 9498) 3297.0
(641, 642, 643) 2950.0
(4303, 4304, 4305) 3205.0
(3825, 3826, 3827) 2847.0
(5143, 5144, 5145) 3600.0
(9886, 9887, 9888) 3324.0
(8342, 8343, 8344) 2951.0
(51, 52, 53) 3663.0
(8503, 8504, 8505) 3475.0
(2791, 2792, 2793) 3016.0
(7315, 7316, 7317) 3244.0
(3163, 3164, 3165) 3542.0
(3132, 3133, 3134) 3683.0
(6565, 6566, 6567) 3336.0
(4503, 4504, 4505) 3289.0
(6708, 6709, 6710) 3128.0
(1146, 1147, 1148) 3511.0
(5268, 5269, 5270) 3345.0
(7469, 7470, 7471) 3185.0
(4583, 4584, 4585) 2870.0
(1924, 1925, 1926) 2460.0
(7096, 7097, 7098) 3285.0
(6540, 6541, 6542) 3143.0
(1442, 1443, 1444) 3650.0
(2342, 2343, 2344) 2775.0
(9328, 9329, 9330) 3228.0
(9312, 9313, 9314) 2836.0
(5279, 5280, 5281) 2727.0
(7800, 7801, 7802) 2706.0
(5693, 5694, 5695) 3339.0
(8363, 8364, 8365) 2740.0
(8531, 8532, 8533) 3241.0
(1538, 1539, 1540) 2961.0
(5911, 5912, 5913) 3074.0
(2968, 2969, 2970) 3841.0
(7398, 7399, 7400) 2783.0
(7680, 7681, 7682) 2929.0
(3818, 3819, 3820) 3148.0
(4234, 4235, 4236) 2960.0
(4456, 4457, 4458) 3369.0
(6864, 6865, 6866) 3111.0
(9950, 9951, 9952) 3082.0
(2221, 2222, 2223) 2938.0
(6191, 6192, 6193) 3318.0
(6260, 6261, 6262) 2892.0
(2567, 2568, 2569) 3800.0
(7265, 7266, 7267) 2849.0
(9677, 9678, 9679) 4134.0
(5729, 5730, 5731) 3271.0
(213, 214, 215) 3727.0
(417, 418, 419) 3859.0
(7291, 7292, 7293) 3777.0
(9199, 9200, 9201) 3302.0
(7462, 7463, 7464) 2422.0
(9771, 9772, 9773) 3068.0
(2379, 2380, 2381) 3311.0
(1876, 1877, 1878) 3031.0
(5735, 5736, 5737) 3186.0
(2470, 2471, 2472) 2734.0
(1853, 1854, 1855) 3024.0
(444, 445, 446) 3751.0
(8711, 8712, 8713) 2922.0
(8085, 8086, 8087) 3438.0
(2883, 2884, 2885) 3326.0
(4113, 4114, 4115) 2654.0
(2854, 2855, 2856) 2817.0
