(5653, 5654, 5655) 3722.0
(9712, 9713, 9714) 3662.0
(5097, 5098, 5099) 2642.0
(7984, 7985, 7986) 2792.0
(458, 459, 460) 2630.0
(2142, 2143, 2144) 2940.0
(7981, 7982, 7983) 3017.0
(4328, 4329, 4330) 2887.0
(392, 393, 394) 3151.0
(4037, 4038, 4039) 3223.0
(5977, 5978, 5979) 2875.0
(5281, 5282, 5283) 3875.0
(2692, 2693, 2694) 2873.0
(3695, 3696, 3697) 3103.0
(525, 526, 527) 2926.0
(6, 7, 8) 3445.0
(6664, 6665, 6666) 3291.0
(3244, 3245, 3246) 2890.0
(1176, 1177, 1178) 3368.0
(6828, 6829, 6830) 3114.0
(1854, 1855, 1856) 2837.0
(4631, 4632, 4633) 3045.0
(7055, 7056, 7057) 3779.0
(4389, 4390, 4391) 3019.0
(8927, 8928, 8929) 3132.0
(8544, 8545, 8546) 3008.0
(4594, 4595, 4596) 3125.0
(7460, 7461, 7462) 2751.0
(8380, 8381, 8382) 3155.0
(5861, 5862, 5863) 2638.0
(6713, 6714, 6715) 3541.0
(315, 316, 317) 4002.0
(3434, 3435, 3436) 3857.0
(8065, 8066, 8067) 3306.0
(8530, 8531, 8532) 3446.0
(1654, 1655, 1656) 3272.0
(8686, 8687, 8688) 3181.0
(6696, 6697, 6698) 3568.0
(5840, 5841, 5842) 3139.0
(5887, 5888, 5889) 3188.0
(6391, 6392, 6393) 2864.0
(9357, 9358, 9359) 3066.0
(6206, 6207, 6208) 2958.0
(7318, 7319, 7320) 3575.0
(718, 719, 720) 3617.0
(5195, 5196, 5197) 3049.0
(3240, 3241, 3242) 2818.0
(8342, 8343, 8344) 3022.0
(6574, 6575, 6576) 2677.0
(9865, 9866, 9867) 3101.0
(6273, 6274, 6275) 2932.0
(1374, 1375, 1376) 3555.0
(9200, 9201, 9202) 2927.0
(3632, 3633, 3634) 2606.0
(5116, 5117, 5118) 3200.0
(4848, 4849, 4850) 3130.0
(865, 866, 867) 3156.0
(2827, 2828, 2829) 3608.0
(8947, 8948, 8949) 3574.0
(1642, 1643, 1644) 3128.0
(5980, 5981, 5982) 3481.0
(5138, 5139, 5140) 3929.0
(5397, 5398, 5399) 3371.0
(1885, 1886, 1887) 3390.0
(236, 237, 238) 3649.0
(5247, 5248, 5249) 3303.0
(2405, 2406, 2407) 2459.0
(1737, 1738, 1739) 2747.0
(4733, 4734, 4735) 3490.0
(8371, 8372, 8373) 2677.0
(3245, 3246, 3247) 3539.0
(9404, 9405, 9406) 2972.0
(3598, 3599, 3600) 3229.0
(7115, 7116, 7117) 2631.0
(9746, 9747, 9748) 3307.0
(5037, 5038, 5039) 3007.0
(5854, 5855, 5856) 3317.0
(6921, 6922, 6923) 3098.0
(1462, 1463, 1464) 2923.0
(2310, 2311, 2312) 3918.0
(5287, 5288, 5289) 3340.0
(3016, 3017, 3018) 3209.0
(4859, 4860, 4861) 3099.0
(887, 888, 889) 3709.0
(8492, 8493, 8494) 2892.0
(3, 4, 5) 3543.0
(1445, 1446, 1447) 3034.0
(3229, 3230, 3231) 3113.0
(2492, 2493, 2494) 3082.0
(5458, 5459, 5460) 3925.0
(7997, 7998, 7999) 2603.0
(298, 299, 300) 3164.0
(9800, 9801, 9802) 3114.0
(2251, 2252, 2253) 3161.0
(6096, 6097, 6098) 3029.0
(4705, 4706, 4707) 3091.0
(6178, 6179, 6180) 3797.0
(3818, 3819, 3820) 3238.0
(8083, 8084, 8085) 3271.0
(9035, 9036, 9037) 3540.0
(3298, 3299, 3300) 2871.0
