(3381, 3382, 3383) 3502.0
(1702, 1703, 1704) 3312.0
(2447, 2448, 2449) 2929.0
(569, 570, 571) 3388.0
(6763, 6764, 6765) 3362.0
(1705, 1706, 1707) 3172.0
(8016, 8017, 8018) 3221.0
(8515, 8516, 8517) 3167.0
(4885, 4886, 4887) 2914.0
(565, 566, 567) 3669.0
(2483, 2484, 2485) 3816.0
(6003, 6004, 6005) 2896.0
(4769, 4770, 4771) 3241.0
(6328, 6329, 6330) 3470.0
(9435, 9436, 9437) 3662.0
(4077, 4078, 4079) 3402.0
(3569, 3570, 3571) 3135.0
(7884, 7885, 7886) 3096.0
(6043, 6044, 6045) 3413.0
(4133, 4134, 4135) 3257.0
(5167, 5168, 5169) 3137.0
(960, 961, 962) 3406.0
(2169, 2170, 2171) 2922.0
(5660, 5661, 5662) 3447.0
(6984, 6985, 6986) 3406.0
(3809, 3810, 3811) 3522.0
(9104, 9105, 9106) 3346.0
(1192, 1193, 1194) 3480.0
(2146, 2147, 2148) 3829.0
(4334, 4335, 4336) 3401.0
(3805, 3806, 3807) 3277.0
(6418, 6419, 6420) 3609.0
(2327, 2328, 2329) 3325.0
(3395, 3396, 3397) 3557.0
(223, 224, 225) 3659.0
(8351, 8352, 8353) 3111.0
(2541, 2542, 2543) 3021.0
(5032, 5033, 5034) 3350.0
(7869, 7870, 7871) 3975.0
(2030, 2031, 2032) 3582.0
(5936, 5937, 5938) 3164.0
(3843, 3844, 3845) 3171.0
(8866, 8867, 8868) 3354.0
(8743, 8744, 8745) 3212.0
(1857, 1858, 1859) 3005.0
(6506, 6507, 6508) 3164.0
(876, 877, 878) 3283.0
(2064, 2065, 2066) 3383.0
(8628, 8629, 8630) 3825.0
(7859, 7860, 7861) 2999.0
(8880, 8881, 8882) 3443.0
(7097, 7098, 7099) 3614.0
(4134, 4135, 4136) 3027.0
(7413, 7414, 7415) 3319.0
(541, 542, 543) 2856.0
(5217, 5218, 5219) 3958.0
(8481, 8482, 8483) 3425.0
(3448, 3449, 3450) 3314.0
(3364, 3365, 3366) 4082.0
(3032, 3033, 3034) 3021.0
(1973, 1974, 1975) 3011.0
(2711, 2712, 2713) 2878.0
(7544, 7545, 7546) 3276.0
(4915, 4916, 4917) 3109.0
(8546, 8547, 8548) 3578.0
(7220, 7221, 7222) 3344.0
(9776, 9777, 9778) 2944.0
(1322, 1323, 1324) 3236.0
(2543, 2544, 2545) 3261.0
(3868, 3869, 3870) 3481.0
(8260, 8261, 8262) 3557.0
(8113, 8114, 8115) 2923.0
(5017, 5018, 5019) 3196.0
(4171, 4172, 4173) 3585.0
(7325, 7326, 7327) 2851.0
(322, 323, 324) 3259.0
(8364, 8365, 8366) 3131.0
(223, 224, 225) 3659.0
(5182, 5183, 5184) 3905.0
(74, 75, 76) 3291.0
(3442, 3443, 3444) 3344.0
(3092, 3093, 3094) 3098.0
(1663, 1664, 1665) 3325.0
(9312, 9313, 9314) 2973.0
(228, 229, 230) 2980.0
(8346, 8347, 8348) 3267.0
(1114, 1115, 1116) 3629.0
(8594, 8595, 8596) 3117.0
(6978, 6979, 6980) 3457.0
(8329, 8330, 8331) 4311.0
(3323, 3324, 3325) 3203.0
(1, 2, 3) 4109.0
(3983, 3984, 3985) 2940.0
(5605, 5606, 5607) 3970.0
(7038, 7039, 7040) 3696.0
(8742, 8743, 8744) 3225.0
(5532, 5533, 5534) 2964.0
(7180, 7181, 7182) 3089.0
(8300, 8301, 8302) 3948.0
(2597, 2598, 2599) 3326.0
(7610, 7611, 7612) 3311.0
