(5434, 5435, 5436) 3500.0
(6151, 6152, 6153) 2736.0
(1085, 1086, 1087) 3473.0
(1059, 1060, 1061) 3754.0
(5122, 5123, 5124) 3381.0
(6245, 6246, 6247) 3185.0
(1825, 1826, 1827) 4146.0
(6815, 6816, 6817) 3448.0
(922, 923, 924) 2992.0
(8948, 8949, 8950) 3892.0
(239, 240, 241) 3559.0
(2489, 2490, 2491) 2928.0
(2249, 2250, 2251) 3671.0
(4702, 4703, 4704) 3287.0
(1837, 1838, 1839) 3171.0
(3292, 3293, 3294) 2829.0
(7627, 7628, 7629) 3751.0
(646, 647, 648) 3566.0
(8211, 8212, 8213) 3341.0
(5534, 5535, 5536) 2955.0
(8651, 8652, 8653) 3328.0
(7636, 7637, 7638) 3392.0
(8317, 8318, 8319) 3758.0
(3404, 3405, 3406) 3602.0
(8098, 8099, 8100) 3217.0
(7019, 7020, 7021) 3945.0
(5724, 5725, 5726) 3191.0
(3730, 3731, 3732) 3503.0
(6509, 6510, 6511) 3507.0
(9409, 9410, 9411) 3249.0
(9299, 9300, 9301) 3316.0
(8042, 8043, 8044) 3323.0
(4770, 4771, 4772) 3663.0
(8803, 8804, 8805) 3597.0
(2314, 2315, 2316) 3138.0
(4958, 4959, 4960) 3607.0
(6572, 6573, 6574) 3039.0
(9255, 9256, 9257) 3049.0
(9812, 9813, 9814) 3619.0
(9981, 9982, 9983) 3298.0
(3388, 3389, 3390) 3301.0
(1843, 1844, 1845) 3358.0
(5403, 5404, 5405) 3321.0
(6365, 6366, 6367) 3627.0
(3636, 3637, 3638) 3152.0
(4709, 4710, 4711) 3238.0
(9367, 9368, 9369) 3787.0
(9460, 9461, 9462) 3150.0
(9435, 9436, 9437) 3797.0
(75, 76, 77) 3454.0
(7851, 7852, 7853) 4155.0
(7452, 7453, 7454) 3421.0
(1724, 1725, 1726) 3244.0
(7644, 7645, 7646) 3146.0
(4907, 4908, 4909) 3228.0
(3086, 3087, 3088) 3211.0
(8033, 8034, 8035) 3184.0
(733, 734, 735) 3361.0
(7064, 7065, 7066) 3211.0
(3698, 3699, 3700) 3589.0
(1344, 1345, 1346) 2992.0
(5383, 5384, 5385) 3170.0
(3526, 3527, 3528) 3109.0
(3118, 3119, 3120) 3590.0
(6839, 6840, 6841) 3348.0
(8075, 8076, 8077) 3593.0
(1956, 1957, 1958) 3496.0
(1008, 1009, 1010) 3662.0
(9379, 9380, 9381) 3529.0
(3350, 3351, 3352) 2956.0
(6374, 6375, 6376) 3029.0
(6243, 6244, 6245) 3182.0
(7781, 7782, 7783) 3324.0
(8775, 8776, 8777) 3409.0
(8257, 8258, 8259) 3103.0
(4512, 4513, 4514) 3321.0
(6237, 6238, 6239) 3876.0
(2442, 2443, 2444) 4978.0
(8411, 8412, 8413) 3096.0
(4187, 4188, 4189) 3040.0
(1146, 1147, 1148) 3819.0
(1831, 1832, 1833) 2982.0
(2727, 2728, 2729) 3549.0
(716, 717, 718) 3517.0
(3432, 3433, 3434) 3909.0
(6816, 6817, 6818) 3099.0
(3909, 3910, 3911) 3021.0
(8992, 8993, 8994) 3939.0
(2360, 2361, 2362) 3069.0
(7364, 7365, 7366) 3416.0
(7925, 7926, 7927) 3462.0
(6542, 6543, 6544) 3404.0
(1389, 1390, 1391) 4418.0
(8820, 8821, 8822) 3265.0
(2968, 2969, 2970) 4149.0
(331, 332, 333) 3599.0
(7144, 7145, 7146) 3178.0
(719, 720, 721) 3624.0
(5132, 5133, 5134) 3234.0
(3017, 3018, 3019) 3066.0
(4630, 4631, 4632) 3186.0
