(5488, 5489, 5490) 3946.0
(6402, 6403, 6404) 2936.0
(8721, 8722, 8723) 3427.0
(1644, 1645, 1646) 3339.0
(666, 667, 668) 3524.0
(3435, 3436, 3437) 3829.0
(6787, 6788, 6789) 3545.0
(6362, 6363, 6364) 3701.0
(5776, 5777, 5778) 3346.0
(6588, 6589, 6590) 3579.0
(5165, 5166, 5167) 3284.0
(5425, 5426, 5427) 2902.0
(667, 668, 669) 3084.0
(8390, 8391, 8392) 2869.0
(4560, 4561, 4562) 3630.0
(7080, 7081, 7082) 3685.0
(3207, 3208, 3209) 3068.0
(4509, 4510, 4511) 3513.0
(8735, 8736, 8737) 3422.0
(4895, 4896, 4897) 3064.0
(2489, 2490, 2491) 3325.0
(3479, 3480, 3481) 3401.0
(6548, 6549, 6550) 3151.0
(145, 146, 147) 3248.0
(7543, 7544, 7545) 3502.0
(6120, 6121, 6122) 3427.0
(5671, 5672, 5673) 3371.0
(2607, 2608, 2609) 4967.0
(5665, 5666, 5667) 3457.0
(920, 921, 922) 3625.0
(7497, 7498, 7499) 2881.0
(2760, 2761, 2762) 3588.0
(4384, 4385, 4386) 3186.0
(318, 319, 320) 3280.0
(464, 465, 466) 3737.0
(7105, 7106, 7107) 4239.0
(4542, 4543, 4544) 3256.0
(5625, 5626, 5627) 3433.0
(5258, 5259, 5260) 3270.0
(1670, 1671, 1672) 3023.0
(1041, 1042, 1043) 3629.0
(4790, 4791, 4792) 3173.0
(4242, 4243, 4244) 3080.0
(8883, 8884, 8885) 3374.0
(891, 892, 893) 3353.0
(3107, 3108, 3109) 3763.0
(7823, 7824, 7825) 3179.0
(2189, 2190, 2191) 3225.0
(3438, 3439, 3440) 3452.0
(7197, 7198, 7199) 3484.0
(8334, 8335, 8336) 3081.0
(7058, 7059, 7060) 3096.0
(172, 173, 174) 3496.0
(5018, 5019, 5020) 3933.0
(7618, 7619, 7620) 3324.0
(3875, 3876, 3877) 3343.0
(8072, 8073, 8074) 3325.0
(2774, 2775, 2776) 3532.0
(3928, 3929, 3930) 3500.0
(1047, 1048, 1049) 5082.0
(6296, 6297, 6298) 3319.0
(2011, 2012, 2013) 3973.0
(1026, 1027, 1028) 3509.0
(573, 574, 575) 2688.0
(7873, 7874, 7875) 3094.0
(9742, 9743, 9744) 2979.0
(2406, 2407, 2408) 3858.0
(6044, 6045, 6046) 3011.0
(8075, 8076, 8077) 3661.0
(8317, 8318, 8319) 3745.0
(8067, 8068, 8069) 3926.0
(6626, 6627, 6628) 3683.0
(4186, 4187, 4188) 3156.0
(6299, 6300, 6301) 3719.0
(1046, 1047, 1048) 3254.0
(1161, 1162, 1163) 3295.0
(3185, 3186, 3187) 3759.0
(7248, 7249, 7250) 3363.0
(8446, 8447, 8448) 3700.0
(1181, 1182, 1183) 3376.0
(75, 76, 77) 3460.0
(3025, 3026, 3027) 3699.0
(5191, 5192, 5193) 3711.0
(8221, 8222, 8223) 3087.0
(3940, 3941, 3942) 3497.0
(6045, 6046, 6047) 3493.0
(488, 489, 490) 3165.0
(6855, 6856, 6857) 4001.0
(8013, 8014, 8015) 3857.0
(7712, 7713, 7714) 3419.0
(7141, 7142, 7143) 3643.0
(4825, 4826, 4827) 3400.0
(5373, 5374, 5375) 3700.0
(8367, 8368, 8369) 4489.0
(2370, 2371, 2372) 3184.0
(9094, 9095, 9096) 4172.0
(1664, 1665, 1666) 2806.0
(2546, 2547, 2548) 3375.0
(8690, 8691, 8692) 3930.0
(2596, 2597, 2598) 3231.0
(507, 508, 509) 3464.0
