(7931, 7932, 7933) 3812.0
(7544, 7545, 7546) 3346.0
(8389, 8390, 8391) 3078.0
(5109, 5110, 5111) 3572.0
(4788, 4789, 4790) 3724.0
(4821, 4822, 4823) 3655.0
(4198, 4199, 4200) 3938.0
(7050, 7051, 7052) 3591.0
(8889, 8890, 8891) 3751.0
(9176, 9177, 9178) 3531.0
(6858, 6859, 6860) 3742.0
(6140, 6141, 6142) 3194.0
(6326, 6327, 6328) 4064.0
(5754, 5755, 5756) 3308.0
(9461, 9462, 9463) 3563.0
(294, 295, 296) 4080.0
(9663, 9664, 9665) 3474.0
(3871, 3872, 3873) 3798.0
(6277, 6278, 6279) 3935.0
(8694, 8695, 8696) 3222.0
(7107, 7108, 7109) 3696.0
(4681, 4682, 4683) 3489.0
(4379, 4380, 4381) 3830.0
(7067, 7068, 7069) 3915.0
(467, 468, 469) 2998.0
(9806, 9807, 9808) 3081.0
(2566, 2567, 2568) 2983.0
(4741, 4742, 4743) 4137.0
(7518, 7519, 7520) 3740.0
(2352, 2353, 2354) 3820.0
(9729, 9730, 9731) 2999.0
(2194, 2195, 2196) 3704.0
(6207, 6208, 6209) 3450.0
(8708, 8709, 8710) 3589.0
(8964, 8965, 8966) 3453.0
(8210, 8211, 8212) 4229.0
(6609, 6610, 6611) 2923.0
(1732, 1733, 1734) 3146.0
(4753, 4754, 4755) 3389.0
(6545, 6546, 6547) 3523.0
(9397, 9398, 9399) 3266.0
(3035, 3036, 3037) 3973.0
(47, 48, 49) 3465.0
(1206, 1207, 1208) 3784.0
(5018, 5019, 5020) 4123.0
(5002, 5003, 5004) 3000.0
(7774, 7775, 7776) 3364.0
(4623, 4624, 4625) 3600.0
(8536, 8537, 8538) 3290.0
(5309, 5310, 5311) 3592.0
(5964, 5965, 5966) 3301.0
(8804, 8805, 8806) 3247.0
(7554, 7555, 7556) 4528.0
(2622, 2623, 2624) 3470.0
(9808, 9809, 9810) 3924.0
(5658, 5659, 5660) 3242.0
(1991, 1992, 1993) 3280.0
(5741, 5742, 5743) 3325.0
(2759, 2760, 2761) 3005.0
(2402, 2403, 2404) 4462.0
(8275, 8276, 8277) 3267.0
(5827, 5828, 5829) 3758.0
(8312, 8313, 8314) 3788.0
(5505, 5506, 5507) 3098.0
(1046, 1047, 1048) 3379.0
(8395, 8396, 8397) 3262.0
(8618, 8619, 8620) 3980.0
(1939, 1940, 1941) 4288.0
(5495, 5496, 5497) 3584.0
(7080, 7081, 7082) 3772.0
(3042, 3043, 3044) 3233.0
(1502, 1503, 1504) 3715.0
(7145, 7146, 7147) 3709.0
(4540, 4541, 4542) 2845.0
(9020, 9021, 9022) 2907.0
(2720, 2721, 2722) 3305.0
(3, 4, 5) 3946.0
(1686, 1687, 1688) 3761.0
(2637, 2638, 2639) 3681.0
(7994, 7995, 7996) 3265.0
(7816, 7817, 7818) 3508.0
(8058, 8059, 8060) 3675.0
(9082, 9083, 9084) 3144.0
(1275, 1276, 1277) 3214.0
(1861, 1862, 1863) 3488.0
(9855, 9856, 9857) 3132.0
(7823, 7824, 7825) 3281.0
(1392, 1393, 1394) 3494.0
(9895, 9896, 9897) 3427.0
(9644, 9645, 9646) 3391.0
(9228, 9229, 9230) 3534.0
(1973, 1974, 1975) 3177.0
(598, 599, 600) 3806.0
(3040, 3041, 3042) 3670.0
(1675, 1676, 1677) 3877.0
(4680, 4681, 4682) 3691.0
(3800, 3801, 3802) 3716.0
(9872, 9873, 9874) 3602.0
(2455, 2456, 2457) 4306.0
(2022, 2023, 2024) 3215.0
(4714, 4715, 4716) 3568.0
