(1531, 1532, 1533) 297.0
(1408, 1409, 1410) 450.0
(2183, 2184, 2185) 211.0
(8076, 8077, 8078) 203.0
(488, 489, 490) 303.0
(4475, 4476, 4477) 223.0
(8146, 8147, 8148) 314.0
(2486, 2487, 2488) 325.0
(3188, 3189, 3190) 347.0
(6953, 6954, 6955) 270.0
(8440, 8441, 8442) 406.0
(8359, 8360, 8361) 421.0
(7043, 7044, 7045) 396.0
(3082, 3083, 3084) 209.0
(1533, 1534, 1535) 312.0
(2296, 2297, 2298) 291.0
(9549, 9550, 9551) 309.0
(5342, 5343, 5344) 268.0
(7321, 7322, 7323) 325.0
(1220, 1221, 1222) 319.0
(2961, 2962, 2963) 310.0
(9813, 9814, 9815) 211.0
(788, 789, 790) 253.0
(1615, 1616, 1617) 288.0
(9067, 9068, 9069) 412.0
(7383, 7384, 7385) 305.0
(2547, 2548, 2549) 368.0
(9759, 9760, 9761) 275.0
(4707, 4708, 4709) 390.0
(7233, 7234, 7235) 277.0
(7846, 7847, 7848) 300.0
(7681, 7682, 7683) 376.0
(8332, 8333, 8334) 361.0
(7314, 7315, 7316) 437.0
(2460, 2461, 2462) 274.0
(23, 24, 25) 359.0
(8119, 8120, 8121) 393.0
(8802, 8803, 8804) 197.0
(8062, 8063, 8064) 311.0
(8580, 8581, 8582) 391.0
(7185, 7186, 7187) 361.0
(715, 716, 717) 325.0
(7402, 7403, 7404) 307.0
(5456, 5457, 5458) 415.0
(2729, 2730, 2731) 342.0
(4385, 4386, 4387) 393.0
(8839, 8840, 8841) 250.0
(9452, 9453, 9454) 273.0
(3393, 3394, 3395) 280.0
(549, 550, 551) 544.0
(802, 803, 804) 374.0
(3842, 3843, 3844) 383.0
(4089, 4090, 4091) 406.0
(5598, 5599, 5600) 296.0
(736, 737, 738) 445.0
(6673, 6674, 6675) 279.0
(4680, 4681, 4682) 259.0
(3574, 3575, 3576) 400.0
(564, 565, 566) 328.0
(5710, 5711, 5712) 184.0
(276, 277, 278) 305.0
(7670, 7671, 7672) 288.0
(5939, 5940, 5941) 327.0
(7617, 7618, 7619) 287.0
(3194, 3195, 3196) 288.0
(6908, 6909, 6910) 317.0
(8847, 8848, 8849) 304.0
(3217, 3218, 3219) 349.0
(555, 556, 557) 414.0
(7106, 7107, 7108) 301.0
(6803, 6804, 6805) 338.0
(7779, 7780, 7781) 280.0
(2605, 2606, 2607) 191.0
(699, 700, 701) 391.0
(8631, 8632, 8633) 297.0
(5957, 5958, 5959) 311.0
(1861, 1862, 1863) 278.0
(167, 168, 169) 394.0
(7093, 7094, 7095) 431.0
(900, 901, 902) 475.0
(2654, 2655, 2656) 350.0
(7901, 7902, 7903) 256.0
(5389, 5390, 5391) 284.0
(3379, 3380, 3381) 284.0
(2705, 2706, 2707) 378.0
(9854, 9855, 9856) 270.0
(1943, 1944, 1945) 344.0
(9967, 9968, 9969) 277.0
(7029, 7030, 7031) 382.0
(5448, 5449, 5450) 399.0
(3348, 3349, 3350) 346.0
(5997, 5998, 5999) 539.0
(1676, 1677, 1678) 301.0
(2434, 2435, 2436) 295.0
(7206, 7207, 7208) 238.0
(5592, 5593, 5594) 431.0
(1044, 1045, 1046) 345.0
(6743, 6744, 6745) 305.0
(6052, 6053, 6054) 353.0
(4852, 4853, 4854) 418.0
(9974, 9975, 9976) 292.0
