(9093, 9094, 9095) 3033.0
(3040, 3041, 3042) 3726.0
(4610, 4611, 4612) 3942.0
(7956, 7957, 7958) 4259.0
(8354, 8355, 8356) 3856.0
(1269, 1270, 1271) 3482.0
(2246, 2247, 2248) 3594.0
(7443, 7444, 7445) 3687.0
(7310, 7311, 7312) 3452.0
(9041, 9042, 9043) 3662.0
(108, 109, 110) 3376.0
(7020, 7021, 7022) 3646.0
(8629, 8630, 8631) 3646.0
(1204, 1205, 1206) 3808.0
(5787, 5788, 5789) 3320.0
(1360, 1361, 1362) 4174.0
(6948, 6949, 6950) 3593.0
(1565, 1566, 1567) 3493.0
(7925, 7926, 7927) 3579.0
(6619, 6620, 6621) 3751.0
(833, 834, 835) 3364.0
(67, 68, 69) 4810.0
(334, 335, 336) 3764.0
(6241, 6242, 6243) 3793.0
(374, 375, 376) 3420.0
(3808, 3809, 3810) 4031.0
(6798, 6799, 6800) 3368.0
(5341, 5342, 5343) 3116.0
(5249, 5250, 5251) 3678.0
(6751, 6752, 6753) 4083.0
(9721, 9722, 9723) 3872.0
(1915, 1916, 1917) 3469.0
(5325, 5326, 5327) 3105.0
(6850, 6851, 6852) 3071.0
(3135, 3136, 3137) 3383.0
(8499, 8500, 8501) 4908.0
(9125, 9126, 9127) 3180.0
(7379, 7380, 7381) 3483.0
(6406, 6407, 6408) 3388.0
(9161, 9162, 9163) 3225.0
(995, 996, 997) 3297.0
(2727, 2728, 2729) 3793.0
(1561, 1562, 1563) 3825.0
(1503, 1504, 1505) 3291.0
(7629, 7630, 7631) 3561.0
(7819, 7820, 7821) 3306.0
(1649, 1650, 1651) 3194.0
(8439, 8440, 8441) 3409.0
(2123, 2124, 2125) 3772.0
(3229, 3230, 3231) 3527.0
(6326, 6327, 6328) 4079.0
(766, 767, 768) 3237.0
(2439, 2440, 2441) 2925.0
(4814, 4815, 4816) 3707.0
(1114, 1115, 1116) 3814.0
(6099, 6100, 6101) 3293.0
(8011, 8012, 8013) 3330.0
(83, 84, 85) 3156.0
(7330, 7331, 7332) 4368.0
(1348, 1349, 1350) 3675.0
(5239, 5240, 5241) 3809.0
(7944, 7945, 7946) 3345.0
(918, 919, 920) 3684.0
(7891, 7892, 7893) 3633.0
(2232, 2233, 2234) 3817.0
(6258, 6259, 6260) 3385.0
(7547, 7548, 7549) 3467.0
(1690, 1691, 1692) 3879.0
(423, 424, 425) 3960.0
(2317, 2318, 2319) 3630.0
(1413, 1414, 1415) 3474.0
(6960, 6961, 6962) 3885.0
(7067, 7068, 7069) 3945.0
(3554, 3555, 3556) 3734.0
(6170, 6171, 6172) 3234.0
(5831, 5832, 5833) 3708.0
(916, 917, 918) 3255.0
(3079, 3080, 3081) 3320.0
(9633, 9634, 9635) 3445.0
(9755, 9756, 9757) 3456.0
(5239, 5240, 5241) 3809.0
(6900, 6901, 6902) 2980.0
(393, 394, 395) 2957.0
(862, 863, 864) 3397.0
(4887, 4888, 4889) 3569.0
(1605, 1606, 1607) 3454.0
(4153, 4154, 4155) 3359.0
(3376, 3377, 3378) 4039.0
(8198, 8199, 8200) 3610.0
(2472, 2473, 2474) 4194.0
(9479, 9480, 9481) 4056.0
(1980, 1981, 1982) 3902.0
(4690, 4691, 4692) 3033.0
(2627, 2628, 2629) 3502.0
(5723, 5724, 5725) 4007.0
(6365, 6366, 6367) 3835.0
(8209, 8210, 8211) 3779.0
(1668, 1669, 1670) 3649.0
(9545, 9546, 9547) 3963.0
(2398, 2399, 2400) 3540.0
(7966, 7967, 7968) 4549.0
