(5505, 5506, 5507) 3268.0
(9597, 9598, 9599) 3747.0
(9524, 9525, 9526) 3406.0
(504, 505, 506) 3348.0
(5926, 5927, 5928) 3196.0
(911, 912, 913) 3794.0
(8846, 8847, 8848) 3520.0
(3924, 3925, 3926) 3503.0
(1526, 1527, 1528) 3366.0
(638, 639, 640) 3427.0
(298, 299, 300) 3565.0
(3951, 3952, 3953) 4062.0
(3932, 3933, 3934) 3686.0
(8191, 8192, 8193) 3277.0
(6004, 6005, 6006) 3512.0
(6278, 6279, 6280) 4338.0
(6404, 6405, 6406) 3594.0
(6236, 6237, 6238) 4518.0
(6606, 6607, 6608) 3018.0
(4763, 4764, 4765) 3367.0
(823, 824, 825) 3929.0
(3869, 3870, 3871) 3778.0
(1761, 1762, 1763) 3580.0
(6064, 6065, 6066) 3766.0
(1260, 1261, 1262) 4131.0
(1156, 1157, 1158) 3556.0
(4220, 4221, 4222) 3412.0
(4821, 4822, 4823) 3724.0
(6046, 6047, 6048) 3309.0
(2163, 2164, 2165) 3469.0
(3073, 3074, 3075) 3941.0
(9424, 9425, 9426) 3320.0
(7107, 7108, 7109) 3760.0
(9514, 9515, 9516) 3996.0
(2724, 2725, 2726) 3441.0
(8631, 8632, 8633) 3431.0
(4147, 4148, 4149) 3912.0
(5063, 5064, 5065) 3743.0
(776, 777, 778) 3500.0
(4005, 4006, 4007) 2958.0
(7756, 7757, 7758) 3463.0
(3033, 3034, 3035) 3397.0
(9563, 9564, 9565) 4467.0
(9987, 9988, 9989) 3435.0
(4291, 4292, 4293) 3790.0
(4920, 4921, 4922) 4150.0
(6341, 6342, 6343) 3765.0
(5951, 5952, 5953) 4082.0
(8309, 8310, 8311) 3154.0
(7596, 7597, 7598) 3738.0
(9793, 9794, 9795) 3371.0
(1967, 1968, 1969) 3945.0
(7987, 7988, 7989) 3987.0
(4971, 4972, 4973) 3534.0
(2750, 2751, 2752) 3535.0
(5667, 5668, 5669) 3447.0
(2277, 2278, 2279) 4041.0
(5044, 5045, 5046) 3389.0
(4352, 4353, 4354) 3638.0
(8601, 8602, 8603) 4250.0
(2413, 2414, 2415) 3067.0
(6606, 6607, 6608) 3018.0
(2971, 2972, 2973) 3692.0
(1132, 1133, 1134) 3475.0
(8487, 8488, 8489) 3844.0
(8020, 8021, 8022) 3360.0
(6377, 6378, 6379) 3912.0
(7406, 7407, 7408) 3369.0
(7498, 7499, 7500) 3967.0
(4780, 4781, 4782) 3386.0
(7987, 7988, 7989) 3987.0
(8353, 8354, 8355) 3788.0
(764, 765, 766) 3548.0
(7333, 7334, 7335) 3977.0
(6446, 6447, 6448) 3774.0
(6075, 6076, 6077) 3890.0
(284, 285, 286) 4237.0
(8977, 8978, 8979) 3655.0
(2213, 2214, 2215) 3413.0
(6985, 6986, 6987) 3224.0
(3089, 3090, 3091) 4763.0
(7411, 7412, 7413) 3634.0
(8770, 8771, 8772) 3720.0
(8377, 8378, 8379) 3636.0
(7132, 7133, 7134) 3403.0
(7924, 7925, 7926) 3697.0
(6211, 6212, 6213) 3359.0
(6863, 6864, 6865) 4138.0
(2317, 2318, 2319) 3773.0
(59, 60, 61) 3236.0
(8754, 8755, 8756) 3639.0
(4895, 4896, 4897) 3204.0
(1099, 1100, 1101) 3248.0
(8741, 8742, 8743) 3965.0
(1612, 1613, 1614) 5308.0
(5300, 5301, 5302) 3109.0
(9028, 9029, 9030) 3213.0
(4846, 4847, 4848) 4038.0
(3463, 3464, 3465) 3238.0
(5980, 5981, 5982) 4056.0
(219, 220, 221) 3557.0
