(7412, 7413, 7414) 3471.0
(3070, 3071, 3072) 3087.0
(5881, 5882, 5883) 3967.0
(8898, 8899, 8900) 3970.0
(7250, 7251, 7252) 3293.0
(7044, 7045, 7046) 4222.0
(141, 142, 143) 3126.0
(5697, 5698, 5699) 3920.0
(3162, 3163, 3164) 3417.0
(2985, 2986, 2987) 3924.0
(8801, 8802, 8803) 3729.0
(7418, 7419, 7420) 3371.0
(6862, 6863, 6864) 3963.0
(4994, 4995, 4996) 4190.0
(1957, 1958, 1959) 4140.0
(6529, 6530, 6531) 3930.0
(5637, 5638, 5639) 3415.0
(5905, 5906, 5907) 3686.0
(1184, 1185, 1186) 3987.0
(2337, 2338, 2339) 4267.0
(989, 990, 991) 3387.0
(4433, 4434, 4435) 3238.0
(3787, 3788, 3789) 3710.0
(1355, 1356, 1357) 3822.0
(3559, 3560, 3561) 3399.0
(9805, 9806, 9807) 3280.0
(9810, 9811, 9812) 3821.0
(1172, 1173, 1174) 3563.0
(7796, 7797, 7798) 3567.0
(6367, 6368, 6369) 3612.0
(1088, 1089, 1090) 3716.0
(17, 18, 19) 3907.0
(3530, 3531, 3532) 3309.0
(5973, 5974, 5975) 3635.0
(7331, 7332, 7333) 3289.0
(8161, 8162, 8163) 3619.0
(6348, 6349, 6350) 3858.0
(311, 312, 313) 3741.0
(9436, 9437, 9438) 3806.0
(9461, 9462, 9463) 3774.0
(2110, 2111, 2112) 3769.0
(3259, 3260, 3261) 3383.0
(866, 867, 868) 3818.0
(6080, 6081, 6082) 3750.0
(3579, 3580, 3581) 4224.0
(7306, 7307, 7308) 3779.0
(1968, 1969, 1970) 4320.0
(8364, 8365, 8366) 3526.0
(4617, 4618, 4619) 3755.0
(1179, 1180, 1181) 3433.0
(3794, 3795, 3796) 3453.0
(642, 643, 644) 3581.0
(9695, 9696, 9697) 3254.0
(7102, 7103, 7104) 4086.0
(7101, 7102, 7103) 3744.0
(5567, 5568, 5569) 3432.0
(4398, 4399, 4400) 3391.0
(5237, 5238, 5239) 3792.0
(8359, 8360, 8361) 4484.0
(5195, 5196, 5197) 3672.0
(1315, 1316, 1317) 3492.0
(76, 77, 78) 3644.0
(9855, 9856, 9857) 3334.0
(6383, 6384, 6385) 3817.0
(6210, 6211, 6212) 3868.0
(9365, 9366, 9367) 3941.0
(4291, 4292, 4293) 3903.0
(4273, 4274, 4275) 3821.0
(3900, 3901, 3902) 4019.0
(5667, 5668, 5669) 3509.0
(8007, 8008, 8009) 3784.0
(6496, 6497, 6498) 3522.0
(3160, 3161, 3162) 3598.0
(4164, 4165, 4166) 3867.0
(2986, 2987, 2988) 3570.0
(5016, 5017, 5018) 3703.0
(1998, 1999, 2000) 3446.0
(8282, 8283, 8284) 3637.0
(3283, 3284, 3285) 3593.0
(7539, 7540, 7541) 3396.0
(6031, 6032, 6033) 3869.0
(1101, 1102, 1103) 4064.0
(342, 343, 344) 4069.0
(5130, 5131, 5132) 3598.0
(6823, 6824, 6825) 3357.0
(432, 433, 434) 3629.0
(2148, 2149, 2150) 3721.0
(1570, 1571, 1572) 3834.0
(8797, 8798, 8799) 4031.0
(657, 658, 659) 4011.0
(3656, 3657, 3658) 3779.0
(5836, 5837, 5838) 4515.0
(7976, 7977, 7978) 3246.0
(1470, 1471, 1472) 3366.0
(5231, 5232, 5233) 3291.0
(9838, 9839, 9840) 3726.0
(892, 893, 894) 3297.0
(4754, 4755, 4756) 3904.0
(9302, 9303, 9304) 3285.0
(3650, 3651, 3652) 3666.0
(1255, 1256, 1257) 3252.0
