(8370, 8371, 8372) 3310.0
(5272, 5273, 5274) 3901.0
(3880, 3881, 3882) 4112.0
(6620, 6621, 6622) 3579.0
(7333, 7334, 7335) 4198.0
(9808, 9809, 9810) 4113.0
(6601, 6602, 6603) 3687.0
(3790, 3791, 3792) 3818.0
(3658, 3659, 3660) 4085.0
(9161, 9162, 9163) 3371.0
(5663, 5664, 5665) 3440.0
(8334, 8335, 8336) 3312.0
(3192, 3193, 3194) 4038.0
(6460, 6461, 6462) 3664.0
(2197, 2198, 2199) 3577.0
(3754, 3755, 3756) 5288.0
(6089, 6090, 6091) 4347.0
(6860, 6861, 6862) 3951.0
(4675, 4676, 4677) 3650.0
(8154, 8155, 8156) 3802.0
(4143, 4144, 4145) 3975.0
(9634, 9635, 9636) 4282.0
(7769, 7770, 7771) 3485.0
(8690, 8691, 8692) 4243.0
(606, 607, 608) 3215.0
(906, 907, 908) 4301.0
(1917, 1918, 1919) 3741.0
(5470, 5471, 5472) 3648.0
(7932, 7933, 7934) 3469.0
(889, 890, 891) 4607.0
(715, 716, 717) 3631.0
(7079, 7080, 7081) 3345.0
(7440, 7441, 7442) 3343.0
(9859, 9860, 9861) 3791.0
(8677, 8678, 8679) 4609.0
(9850, 9851, 9852) 3322.0
(1537, 1538, 1539) 3876.0
(9215, 9216, 9217) 3735.0
(7059, 7060, 7061) 4774.0
(5430, 5431, 5432) 3925.0
(1089, 1090, 1091) 3832.0
(1556, 1557, 1558) 4379.0
(4747, 4748, 4749) 3983.0
(7394, 7395, 7396) 3768.0
(141, 142, 143) 3232.0
(1388, 1389, 1390) 4029.0
(1108, 1109, 1110) 3624.0
(5102, 5103, 5104) 3481.0
(1875, 1876, 1877) 3899.0
(5214, 5215, 5216) 3724.0
(2009, 2010, 2011) 4804.0
(7272, 7273, 7274) 3819.0
(8644, 8645, 8646) 3468.0
(5392, 5393, 5394) 3781.0
(6893, 6894, 6895) 3369.0
(7626, 7627, 7628) 3375.0
(800, 801, 802) 3637.0
(4570, 4571, 4572) 3160.0
(4834, 4835, 4836) 4250.0
(5819, 5820, 5821) 3998.0
(6960, 6961, 6962) 4144.0
(8076, 8077, 8078) 3515.0
(3058, 3059, 3060) 3574.0
(9338, 9339, 9340) 3689.0
(1276, 1277, 1278) 3847.0
(2864, 2865, 2866) 3367.0
(7697, 7698, 7699) 3349.0
(8397, 8398, 8399) 3912.0
(7857, 7858, 7859) 3488.0
(1094, 1095, 1096) 3956.0
(7442, 7443, 7444) 3814.0
(9544, 9545, 9546) 3829.0
(9959, 9960, 9961) 3787.0
(431, 432, 433) 3158.0
(612, 613, 614) 3342.0
(7131, 7132, 7133) 3763.0
(1625, 1626, 1627) 3996.0
(3641, 3642, 3643) 4452.0
(2119, 2120, 2121) 3248.0
(6453, 6454, 6455) 3180.0
(1758, 1759, 1760) 4469.0
(1175, 1176, 1177) 4283.0
(1908, 1909, 1910) 4130.0
(7496, 7497, 7498) 3586.0
(9595, 9596, 9597) 3576.0
(9479, 9480, 9481) 4216.0
(2642, 2643, 2644) 3785.0
(1821, 1822, 1823) 3636.0
(2508, 2509, 2510) 3793.0
(2722, 2723, 2724) 3595.0
(956, 957, 958) 3712.0
(142, 143, 144) 4391.0
(8911, 8912, 8913) 3798.0
(6121, 6122, 6123) 4042.0
(5868, 5869, 5870) 3795.0
(8948, 8949, 8950) 4394.0
(5206, 5207, 5208) 3418.0
(5738, 5739, 5740) 3816.0
(8062, 8063, 8064) 3602.0
(1810, 1811, 1812) 4173.0
(2593, 2594, 2595) 3558.0
