(2666, 2667, 2668) 3675.0
(9017, 9018, 9019) 3455.0
(2707, 2708, 2709) 3440.0
(1126, 1127, 1128) 3440.0
(3066, 3067, 3068) 3519.0
(3663, 3664, 3665) 3754.0
(1695, 1696, 1697) 3665.0
(7870, 7871, 7872) 3916.0
(6179, 6180, 6181) 4299.0
(134, 135, 136) 4239.0
(9414, 9415, 9416) 3991.0
(3699, 3700, 3701) 4547.0
(5098, 5099, 5100) 3770.0
(8213, 8214, 8215) 3998.0
(6440, 6441, 6442) 4247.0
(6002, 6003, 6004) 4138.0
(6605, 6606, 6607) 4685.0
(5937, 5938, 5939) 4379.0
(1016, 1017, 1018) 3700.0
(2369, 2370, 2371) 3818.0
(1848, 1849, 1850) 3931.0
(3058, 3059, 3060) 3665.0
(1748, 1749, 1750) 3891.0
(7277, 7278, 7279) 4354.0
(2153, 2154, 2155) 4043.0
(5310, 5311, 5312) 4344.0
(6308, 6309, 6310) 3362.0
(9128, 9129, 9130) 4312.0
(5899, 5900, 5901) 4371.0
(5759, 5760, 5761) 3376.0
(4092, 4093, 4094) 3159.0
(3052, 3053, 3054) 4049.0
(8287, 8288, 8289) 3648.0
(8581, 8582, 8583) 4453.0
(3815, 3816, 3817) 4164.0
(4008, 4009, 4010) 4253.0
(8424, 8425, 8426) 3266.0
(961, 962, 963) 3952.0
(2793, 2794, 2795) 3407.0
(6799, 6800, 6801) 3646.0
(2517, 2518, 2519) 4478.0
(9879, 9880, 9881) 3833.0
(8288, 8289, 8290) 4675.0
(686, 687, 688) 3727.0
(3075, 3076, 3077) 4020.0
(4950, 4951, 4952) 3872.0
(5414, 5415, 5416) 4067.0
(6006, 6007, 6008) 3997.0
(595, 596, 597) 3923.0
(3510, 3511, 3512) 3950.0
(4404, 4405, 4406) 3300.0
(7276, 7277, 7278) 4359.0
(4133, 4134, 4135) 3572.0
(1003, 1004, 1005) 3957.0
(8718, 8719, 8720) 3757.0
(3856, 3857, 3858) 3713.0
(626, 627, 628) 4169.0
(2114, 2115, 2116) 3810.0
(114, 115, 116) 4100.0
(5349, 5350, 5351) 3940.0
(6448, 6449, 6450) 4353.0
(6598, 6599, 6600) 3993.0
(3400, 3401, 3402) 3641.0
(5767, 5768, 5769) 3761.0
(2101, 2102, 2103) 3985.0
(5680, 5681, 5682) 3605.0
(9084, 9085, 9086) 3716.0
(3982, 3983, 3984) 4242.0
(8160, 8161, 8162) 3229.0
(7610, 7611, 7612) 3869.0
(5238, 5239, 5240) 3457.0
(8262, 8263, 8264) 3618.0
(5200, 5201, 5202) 3501.0
(5020, 5021, 5022) 4318.0
(9097, 9098, 9099) 3752.0
(8385, 8386, 8387) 3831.0
(1999, 2000, 2001) 4716.0
(8985, 8986, 8987) 3498.0
(4554, 4555, 4556) 4224.0
(5620, 5621, 5622) 3643.0
(2217, 2218, 2219) 3209.0
(8702, 8703, 8704) 3500.0
(2003, 2004, 2005) 3466.0
(8686, 8687, 8688) 3853.0
(1527, 1528, 1529) 3750.0
(2312, 2313, 2314) 3853.0
(6188, 6189, 6190) 3608.0
(9146, 9147, 9148) 3846.0
(8464, 8465, 8466) 3406.0
(5838, 5839, 5840) 3775.0
(9879, 9880, 9881) 3833.0
(8062, 8063, 8064) 3735.0
(3794, 3795, 3796) 3578.0
(2384, 2385, 2386) 3387.0
(2962, 2963, 2964) 3843.0
(3771, 3772, 3773) 3459.0
(8711, 8712, 8713) 4217.0
(3568, 3569, 3570) 3703.0
(8257, 8258, 8259) 3546.0
(6697, 6698, 6699) 3988.0
(4146, 4147, 4148) 3404.0
