(4164, 4165, 4166) 4018.0
(6897, 6898, 6899) 3972.0
(4073, 4074, 4075) 3524.0
(1442, 1443, 1444) 4077.0
(7202, 7203, 7204) 3793.0
(9534, 9535, 9536) 4207.0
(1498, 1499, 1500) 3672.0
(8842, 8843, 8844) 3572.0
(8520, 8521, 8522) 4316.0
(8070, 8071, 8072) 3872.0
(6010, 6011, 6012) 3741.0
(4769, 4770, 4771) 4611.0
(3829, 3830, 3831) 4013.0
(7293, 7294, 7295) 3839.0
(2649, 2650, 2651) 4723.0
(6163, 6164, 6165) 4079.0
(1643, 1644, 1645) 3854.0
(3085, 3086, 3087) 4026.0
(8751, 8752, 8753) 4174.0
(5028, 5029, 5030) 3920.0
(2121, 2122, 2123) 3496.0
(6131, 6132, 6133) 3667.0
(4911, 4912, 4913) 3690.0
(3807, 3808, 3809) 4167.0
(5978, 5979, 5980) 3684.0
(748, 749, 750) 3348.0
(7836, 7837, 7838) 4164.0
(4383, 4384, 4385) 4705.0
(4303, 4304, 4305) 4119.0
(5178, 5179, 5180) 3719.0
(7066, 7067, 7068) 4203.0
(4794, 4795, 4796) 4192.0
(168, 169, 170) 4005.0
(4000, 4001, 4002) 5145.0
(9527, 9528, 9529) 5341.0
(7794, 7795, 7796) 3795.0
(9979, 9980, 9981) 4160.0
(5062, 5063, 5064) 3929.0
(3993, 3994, 3995) 3869.0
(6293, 6294, 6295) 4651.0
(2810, 2811, 2812) 3946.0
(4512, 4513, 4514) 3886.0
(7389, 7390, 7391) 3990.0
(1101, 1102, 1103) 4313.0
(5420, 5421, 5422) 3249.0
(7610, 7611, 7612) 3935.0
(883, 884, 885) 5139.0
(8513, 8514, 8515) 3515.0
(9360, 9361, 9362) 4094.0
(2626, 2627, 2628) 4108.0
(8987, 8988, 8989) 3950.0
(143, 144, 145) 4129.0
(8162, 8163, 8164) 3477.0
(1312, 1313, 1314) 3830.0
(8913, 8914, 8915) 4045.0
(9227, 9228, 9229) 3805.0
(8745, 8746, 8747) 3966.0
(4405, 4406, 4407) 4493.0
(3131, 3132, 3133) 4094.0
(1356, 1357, 1358) 3284.0
(758, 759, 760) 3690.0
(3482, 3483, 3484) 3594.0
(6314, 6315, 6316) 3951.0
(4437, 4438, 4439) 4443.0
(7202, 7203, 7204) 3793.0
(9655, 9656, 9657) 3652.0
(8859, 8860, 8861) 5403.0
(6536, 6537, 6538) 5161.0
(7046, 7047, 7048) 3669.0
(2854, 2855, 2856) 3486.0
(2073, 2074, 2075) 4087.0
(9630, 9631, 9632) 3698.0
(268, 269, 270) 3970.0
(974, 975, 976) 3682.0
(6708, 6709, 6710) 4147.0
(2205, 2206, 2207) 4214.0
(5900, 5901, 5902) 3922.0
(6285, 6286, 6287) 4961.0
(2859, 2860, 2861) 3454.0
(1253, 1254, 1255) 3826.0
(9757, 9758, 9759) 3781.0
(212, 213, 214) 3218.0
(6197, 6198, 6199) 3683.0
(7948, 7949, 7950) 3673.0
(9933, 9934, 9935) 4066.0
(1558, 1559, 1560) 4068.0
(1523, 1524, 1525) 4596.0
(5225, 5226, 5227) 3829.0
(22, 23, 24) 3554.0
(1991, 1992, 1993) 3830.0
(2441, 2442, 2443) 3334.0
(5794, 5795, 5796) 3866.0
(6921, 6922, 6923) 3551.0
(4439, 4440, 4441) 3924.0
(6533, 6534, 6535) 4415.0
(4241, 4242, 4243) 4347.0
(9492, 9493, 9494) 3902.0
(3311, 3312, 3313) 4183.0
(9836, 9837, 9838) 3909.0
(2830, 2831, 2832) 3915.0
(2070, 2071, 2072) 4154.0
