(5371, 5372, 5373) 4095.0
(5478, 5479, 5480) 3830.0
(2891, 2892, 2893) 4003.0
(5014, 5015, 5016) 3726.0
(373, 374, 375) 3943.0
(5865, 5866, 5867) 3501.0
(5329, 5330, 5331) 3743.0
(1134, 1135, 1136) 4094.0
(7158, 7159, 7160) 3965.0
(5881, 5882, 5883) 4277.0
(889, 890, 891) 4797.0
(5256, 5257, 5258) 4292.0
(6057, 6058, 6059) 4335.0
(5200, 5201, 5202) 3658.0
(5942, 5943, 5944) 4643.0
(3988, 3989, 3990) 3825.0
(9302, 9303, 9304) 3511.0
(3962, 3963, 3964) 4155.0
(4429, 4430, 4431) 4152.0
(6787, 6788, 6789) 4029.0
(215, 216, 217) 4205.0
(3589, 3590, 3591) 4191.0
(6279, 6280, 6281) 4218.0
(9310, 9311, 9312) 4558.0
(4623, 4624, 4625) 4117.0
(5040, 5041, 5042) 3918.0
(3576, 3577, 3578) 4731.0
(3305, 3306, 3307) 4426.0
(643, 644, 645) 4640.0
(131, 132, 133) 4560.0
(9887, 9888, 9889) 4957.0
(9066, 9067, 9068) 3858.0
(3988, 3989, 3990) 3825.0
(9342, 9343, 9344) 3695.0
(6498, 6499, 6500) 3675.0
(8258, 8259, 8260) 3356.0
(9106, 9107, 9108) 3367.0
(6119, 6120, 6121) 4099.0
(3736, 3737, 3738) 3787.0
(6860, 6861, 6862) 4152.0
(9123, 9124, 9125) 4030.0
(2770, 2771, 2772) 4568.0
(6121, 6122, 6123) 4208.0
(497, 498, 499) 3771.0
(6342, 6343, 6344) 4162.0
(2089, 2090, 2091) 4036.0
(8718, 8719, 8720) 3962.0
(9558, 9559, 9560) 4473.0
(2823, 2824, 2825) 3593.0
(7370, 7371, 7372) 3860.0
(9746, 9747, 9748) 4310.0
(8573, 8574, 8575) 3943.0
(4692, 4693, 4694) 4248.0
(3157, 3158, 3159) 4174.0
(4918, 4919, 4920) 4136.0
(8603, 8604, 8605) 3818.0
(1098, 1099, 1100) 4148.0
(1513, 1514, 1515) 3411.0
(2263, 2264, 2265) 4587.0
(5656, 5657, 5658) 3995.0
(7289, 7290, 7291) 3957.0
(870, 871, 872) 4269.0
(7458, 7459, 7460) 3561.0
(4757, 4758, 4759) 3873.0
(3707, 3708, 3709) 3508.0
(6487, 6488, 6489) 4620.0
(8292, 8293, 8294) 4653.0
(1751, 1752, 1753) 3848.0
(3878, 3879, 3880) 3479.0
(1153, 1154, 1155) 3903.0
(7061, 7062, 7063) 5274.0
(2454, 2455, 2456) 3581.0
(8416, 8417, 8418) 4192.0
(3945, 3946, 3947) 4256.0
(4177, 4178, 4179) 3955.0
(2388, 2389, 2390) 3709.0
(3002, 3003, 3004) 3752.0
(6852, 6853, 6854) 3996.0
(3378, 3379, 3380) 3889.0
(5073, 5074, 5075) 4101.0
(7095, 7096, 7097) 4083.0
(6199, 6200, 6201) 4681.0
(2794, 2795, 2796) 3582.0
(2200, 2201, 2202) 3577.0
(1169, 1170, 1171) 3471.0
(6790, 6791, 6792) 3650.0
(6882, 6883, 6884) 3570.0
(5789, 5790, 5791) 3739.0
(9262, 9263, 9264) 3924.0
(1099, 1100, 1101) 3678.0
(8776, 8777, 8778) 4527.0
(1215, 1216, 1217) 3805.0
(8871, 8872, 8873) 3916.0
(3345, 3346, 3347) 4259.0
(1146, 1147, 1148) 4489.0
(5936, 5937, 5938) 3597.0
(3224, 3225, 3226) 4033.0
(6788, 6789, 6790) 3948.0
(1539, 1540, 1541) 3786.0
(168, 169, 170) 4114.0
(3007, 3008, 3009) 4477.0
