(3370, 3371, 3372) 4470.0
(7402, 7403, 7404) 4729.0
(3911, 3912, 3913) 4309.0
(1667, 1668, 1669) 4148.0
(2397, 2398, 2399) 3935.0
(2223, 2224, 2225) 4134.0
(7012, 7013, 7014) 3971.0
(6931, 6932, 6933) 4567.0
(8691, 8692, 8693) 3861.0
(6084, 6085, 6086) 4213.0
(5234, 5235, 5236) 4047.0
(7397, 7398, 7399) 4295.0
(4068, 4069, 4070) 4464.0
(7197, 7198, 7199) 4116.0
(1491, 1492, 1493) 3869.0
(9995, 9996, 9997) 3791.0
(3510, 3511, 3512) 4150.0
(5643, 5644, 5645) 3916.0
(8936, 8937, 8938) 3636.0
(1474, 1475, 1476) 4321.0
(5120, 5121, 5122) 3711.0
(5485, 5486, 5487) 6251.0
(3176, 3177, 3178) 4358.0
(7667, 7668, 7669) 4106.0
(4435, 4436, 4437) 3596.0
(6237, 6238, 6239) 4478.0
(337, 338, 339) 3991.0
(1800, 1801, 1802) 3923.0
(9605, 9606, 9607) 3534.0
(196, 197, 198) 3741.0
(6273, 6274, 6275) 4165.0
(3890, 3891, 3892) 3857.0
(56, 57, 58) 4408.0
(6600, 6601, 6602) 4344.0
(1432, 1433, 1434) 3722.0
(6106, 6107, 6108) 4372.0
(9713, 9714, 9715) 4281.0
(2504, 2505, 2506) 3519.0
(1588, 1589, 1590) 3932.0
(3325, 3326, 3327) 3892.0
(1741, 1742, 1743) 3524.0
(1587, 1588, 1589) 4430.0
(8549, 8550, 8551) 3954.0
(1999, 2000, 2001) 4935.0
(2239, 2240, 2241) 4388.0
(4462, 4463, 4464) 4018.0
(1451, 1452, 1453) 4490.0
(976, 977, 978) 3900.0
(3930, 3931, 3932) 4363.0
(5839, 5840, 5841) 4028.0
(610, 611, 612) 3903.0
(6090, 6091, 6092) 3591.0
(4533, 4534, 4535) 5223.0
(8731, 8732, 8733) 4269.0
(8610, 8611, 8612) 3927.0
(6949, 6950, 6951) 3368.0
(3165, 3166, 3167) 3773.0
(7945, 7946, 7947) 4632.0
(2391, 2392, 2393) 4063.0
(8241, 8242, 8243) 3278.0
(2852, 2853, 2854) 3767.0
(2559, 2560, 2561) 3986.0
(7803, 7804, 7805) 4373.0
(8892, 8893, 8894) 3781.0
(6828, 6829, 6830) 4267.0
(2428, 2429, 2430) 4042.0
(5428, 5429, 5430) 4087.0
(8292, 8293, 8294) 4751.0
(7877, 7878, 7879) 4034.0
(721, 722, 723) 3779.0
(5006, 5007, 5008) 4176.0
(7290, 7291, 7292) 4158.0
(8436, 8437, 8438) 4152.0
(9086, 9087, 9088) 4254.0
(5615, 5616, 5617) 3722.0
(5885, 5886, 5887) 4018.0
(4878, 4879, 4880) 4943.0
(2899, 2900, 2901) 4128.0
(7228, 7229, 7230) 4169.0
(5119, 5120, 5121) 4279.0
(1845, 1846, 1847) 4563.0
(9759, 9760, 9761) 4017.0
(2019, 2020, 2021) 4410.0
(624, 625, 626) 4080.0
(2525, 2526, 2527) 4507.0
(199, 200, 201) 3623.0
(2891, 2892, 2893) 4377.0
(6374, 6375, 6376) 4157.0
(7636, 7637, 7638) 3729.0
(1371, 1372, 1373) 4771.0
(6172, 6173, 6174) 4055.0
(172, 173, 174) 4012.0
(4305, 4306, 4307) 3513.0
(3768, 3769, 3770) 3760.0
(3729, 3730, 3731) 3589.0
(1516, 1517, 1518) 4011.0
(9136, 9137, 9138) 3891.0
(9352, 9353, 9354) 3962.0
(526, 527, 528) 4209.0
(2858, 2859, 2860) 3964.0
(3607, 3608, 3609) 5202.0
