(515, 516, 517) 4421.0
(4228, 4229, 4230) 4257.0
(5306, 5307, 5308) 4437.0
(2868, 2869, 2870) 4628.0
(4196, 4197, 4198) 3838.0
(8041, 8042, 8043) 4584.0
(3005, 3006, 3007) 3918.0
(1956, 1957, 1958) 4230.0
(5856, 5857, 5858) 4385.0
(2101, 2102, 2103) 4324.0
(434, 435, 436) 4537.0
(9596, 9597, 9598) 4088.0
(9822, 9823, 9824) 4090.0
(8060, 8061, 8062) 4088.0
(8368, 8369, 8370) 3582.0
(1534, 1535, 1536) 3876.0
(4061, 4062, 4063) 4055.0
(9186, 9187, 9188) 4282.0
(6550, 6551, 6552) 4034.0
(3151, 3152, 3153) 4031.0
(287, 288, 289) 4556.0
(3053, 3054, 3055) 3843.0
(3602, 3603, 3604) 4022.0
(2524, 2525, 2526) 4741.0
(3165, 3166, 3167) 3807.0
(6213, 6214, 6215) 3635.0
(3104, 3105, 3106) 4027.0
(2456, 2457, 2458) 4174.0
(849, 850, 851) 3862.0
(1015, 1016, 1017) 4193.0
(5695, 5696, 5697) 3669.0
(627, 628, 629) 4021.0
(418, 419, 420) 5159.0
(551, 552, 553) 4195.0
(9642, 9643, 9644) 4183.0
(9906, 9907, 9908) 3815.0
(2790, 2791, 2792) 4314.0
(6136, 6137, 6138) 3992.0
(5423, 5424, 5425) 4908.0
(9293, 9294, 9295) 4193.0
(3413, 3414, 3415) 4418.0
(9493, 9494, 9495) 3993.0
(9225, 9226, 9227) 3887.0
(9330, 9331, 9332) 4053.0
(6110, 6111, 6112) 4708.0
(63, 64, 65) 3884.0
(458, 459, 460) 3741.0
(9655, 9656, 9657) 4039.0
(910, 911, 912) 3901.0
(2722, 2723, 2724) 3882.0
(4094, 4095, 4096) 4030.0
(6049, 6050, 6051) 4474.0
(2392, 2393, 2394) 4522.0
(3195, 3196, 3197) 4117.0
(1873, 1874, 1875) 4404.0
(2146, 2147, 2148) 4883.0
(5867, 5868, 5869) 4151.0
(9420, 9421, 9422) 4868.0
(7961, 7962, 7963) 4238.0
(1101, 1102, 1103) 4387.0
(5350, 5351, 5352) 4077.0
(4181, 4182, 4183) 3942.0
(2057, 2058, 2059) 3676.0
(7559, 7560, 7561) 4849.0
(7032, 7033, 7034) 4465.0
(681, 682, 683) 4150.0
(5729, 5730, 5731) 4138.0
(9822, 9823, 9824) 4090.0
(9814, 9815, 9816) 4718.0
(1313, 1314, 1315) 3663.0
(7439, 7440, 7441) 4581.0
(9236, 9237, 9238) 3809.0
(1267, 1268, 1269) 4383.0
(9771, 9772, 9773) 3766.0
(4373, 4374, 4375) 4912.0
(8593, 8594, 8595) 4036.0
(9801, 9802, 9803) 4304.0
(6715, 6716, 6717) 4347.0
(1282, 1283, 1284) 3668.0
(2609, 2610, 2611) 4221.0
(1405, 1406, 1407) 3528.0
(1521, 1522, 1523) 3787.0
(9708, 9709, 9710) 3883.0
(7025, 7026, 7027) 4343.0
(8851, 8852, 8853) 3998.0
(756, 757, 758) 4013.0
(5691, 5692, 5693) 3893.0
(5797, 5798, 5799) 3503.0
(2462, 2463, 2464) 3772.0
(9703, 9704, 9705) 4571.0
(9604, 9605, 9606) 3780.0
(8322, 8323, 8324) 4831.0
(1580, 1581, 1582) 4396.0
(443, 444, 445) 4013.0
(1734, 1735, 1736) 4685.0
(9743, 9744, 9745) 4387.0
(7781, 7782, 7783) 4334.0
(6351, 6352, 6353) 4214.0
(3535, 3536, 3537) 3794.0
(5139, 5140, 5141) 3866.0
(105, 106, 107) 3814.0
