(9660, 9661, 9662) 401.0
(2290, 2291, 2292) 263.0
(7700, 7701, 7702) 371.0
(1805, 1806, 1807) 382.0
(1417, 1418, 1419) 335.0
(1830, 1831, 1832) 328.0
(7235, 7236, 7237) 544.0
(5464, 5465, 5466) 193.0
(9923, 9924, 9925) 414.0
(8228, 8229, 8230) 375.0
(4396, 4397, 4398) 537.0
(5593, 5594, 5595) 370.0
(5704, 5705, 5706) 329.0
(93, 94, 95) 471.0
(3433, 3434, 3435) 341.0
(5228, 5229, 5230) 312.0
(4024, 4025, 4026) 295.0
(6884, 6885, 6886) 404.0
(7842, 7843, 7844) 313.0
(4567, 4568, 4569) 421.0
(6300, 6301, 6302) 477.0
(5688, 5689, 5690) 529.0
(8148, 8149, 8150) 342.0
(9587, 9588, 9589) 315.0
(9501, 9502, 9503) 441.0
(5292, 5293, 5294) 490.0
(1283, 1284, 1285) 356.0
(6507, 6508, 6509) 493.0
(6172, 6173, 6174) 444.0
(5294, 5295, 5296) 327.0
(4742, 4743, 4744) 352.0
(4707, 4708, 4709) 533.0
(8797, 8798, 8799) 405.0
(1177, 1178, 1179) 432.0
(7763, 7764, 7765) 386.0
(4092, 4093, 4094) 332.0
(8397, 8398, 8399) 385.0
(1833, 1834, 1835) 344.0
(5750, 5751, 5752) 434.0
(4091, 4092, 4093) 399.0
(2227, 2228, 2229) 269.0
(8022, 8023, 8024) 539.0
(7491, 7492, 7493) 336.0
(7155, 7156, 7157) 501.0
(1300, 1301, 1302) 373.0
(2621, 2622, 2623) 405.0
(2184, 2185, 2186) 516.0
(2940, 2941, 2942) 329.0
(3294, 3295, 3296) 502.0
(737, 738, 739) 368.0
(9088, 9089, 9090) 339.0
(107, 108, 109) 355.0
(3494, 3495, 3496) 275.0
(4132, 4133, 4134) 362.0
(8353, 8354, 8355) 434.0
(7929, 7930, 7931) 416.0
(3001, 3002, 3003) 528.0
(6305, 6306, 6307) 426.0
(2473, 2474, 2475) 431.0
(8881, 8882, 8883) 254.0
(507, 508, 509) 303.0
(4063, 4064, 4065) 340.0
(8658, 8659, 8660) 378.0
(3786, 3787, 3788) 396.0
(4462, 4463, 4464) 415.0
(2191, 2192, 2193) 315.0
(6196, 6197, 6198) 424.0
(1495, 1496, 1497) 385.0
(3946, 3947, 3948) 322.0
(2230, 2231, 2232) 395.0
(7489, 7490, 7491) 370.0
(7985, 7986, 7987) 412.0
(2449, 2450, 2451) 450.0
(2447, 2448, 2449) 341.0
(8004, 8005, 8006) 471.0
(2202, 2203, 2204) 408.0
(325, 326, 327) 356.0
(4306, 4307, 4308) 362.0
(4644, 4645, 4646) 333.0
(9298, 9299, 9300) 591.0
(5098, 5099, 5100) 433.0
(4802, 4803, 4804) 347.0
(2275, 2276, 2277) 591.0
(9443, 9444, 9445) 427.0
(704, 705, 706) 333.0
(9993, 9994, 9995) 432.0
(8140, 8141, 8142) 387.0
(7153, 7154, 7155) 312.0
(5892, 5893, 5894) 304.0
(9770, 9771, 9772) 415.0
(1054, 1055, 1056) 343.0
(4829, 4830, 4831) 351.0
(447, 448, 449) 362.0
(2725, 2726, 2727) 290.0
(6940, 6941, 6942) 405.0
(8031, 8032, 8033) 385.0
(3971, 3972, 3973) 526.0
(9544, 9545, 9546) 353.0
(1525, 1526, 1527) 402.0
(8275, 8276, 8277) 290.0
(8776, 8777, 8778) 406.0
