(4929, 4930, 4931) 4323.0
(8018, 8019, 8020) 4325.0
(665, 666, 667) 4217.0
(1722, 1723, 1724) 4849.0
(5777, 5778, 5779) 4520.0
(313, 314, 315) 4112.0
(2081, 2082, 2083) 3455.0
(1871, 1872, 1873) 4425.0
(9587, 9588, 9589) 5056.0
(9354, 9355, 9356) 4466.0
(871, 872, 873) 3646.0
(6184, 6185, 6186) 4141.0
(6889, 6890, 6891) 4416.0
(2401, 2402, 2403) 4031.0
(5468, 5469, 5470) 4548.0
(6358, 6359, 6360) 4751.0
(1755, 1756, 1757) 4206.0
(6909, 6910, 6911) 4349.0
(9969, 9970, 9971) 3861.0
(7631, 7632, 7633) 4748.0
(3120, 3121, 3122) 5098.0
(8277, 8278, 8279) 6165.0
(2826, 2827, 2828) 5177.0
(6521, 6522, 6523) 3817.0
(8620, 8621, 8622) 5309.0
(4745, 4746, 4747) 4431.0
(368, 369, 370) 3787.0
(9250, 9251, 9252) 3908.0
(5746, 5747, 5748) 3925.0
(314, 315, 316) 4010.0
(574, 575, 576) 4137.0
(4151, 4152, 4153) 3711.0
(4434, 4435, 4436) 5084.0
(284, 285, 286) 4697.0
(6950, 6951, 6952) 3730.0
(7699, 7700, 7701) 3949.0
(7876, 7877, 7878) 4437.0
(9108, 9109, 9110) 5063.0
(1494, 1495, 1496) 4113.0
(4512, 4513, 4514) 3910.0
(312, 313, 314) 4829.0
(9727, 9728, 9729) 3851.0
(901, 902, 903) 3845.0
(9938, 9939, 9940) 4653.0
(1349, 1350, 1351) 3748.0
(2642, 2643, 2644) 3954.0
(7267, 7268, 7269) 3945.0
(7337, 7338, 7339) 4024.0
(1064, 1065, 1066) 3717.0
(61, 62, 63) 3902.0
(5248, 5249, 5250) 3798.0
(5611, 5612, 5613) 5375.0
(1, 2, 3) 4992.0
(4240, 4241, 4242) 4294.0
(8384, 8385, 8386) 4155.0
(6021, 6022, 6023) 4541.0
(1787, 1788, 1789) 3758.0
(2674, 2675, 2676) 4080.0
(9104, 9105, 9106) 4369.0
(8142, 8143, 8144) 4320.0
(6852, 6853, 6854) 4065.0
(4261, 4262, 4263) 4112.0
(8442, 8443, 8444) 4864.0
(1892, 1893, 1894) 3981.0
(5194, 5195, 5196) 3915.0
(7249, 7250, 7251) 3753.0
(5409, 5410, 5411) 4267.0
(6367, 6368, 6369) 3984.0
(6005, 6006, 6007) 4598.0
(3536, 3537, 3538) 4435.0
(1717, 1718, 1719) 3521.0
(5415, 5416, 5417) 4439.0
(5376, 5377, 5378) 4355.0
(3881, 3882, 3883) 3743.0
(2465, 2466, 2467) 5043.0
(2941, 2942, 2943) 4475.0
(583, 584, 585) 4330.0
(996, 997, 998) 4211.0
(8687, 8688, 8689) 4278.0
(7066, 7067, 7068) 4372.0
(9215, 9216, 9217) 4277.0
(6564, 6565, 6566) 4706.0
(2312, 2313, 2314) 4516.0
(9771, 9772, 9773) 3812.0
(846, 847, 848) 4854.0
(3629, 3630, 3631) 3907.0
(1260, 1261, 1262) 4531.0
(2588, 2589, 2590) 4102.0
(4464, 4465, 4466) 3706.0
(2976, 2977, 2978) 4564.0
(8410, 8411, 8412) 4661.0
(965, 966, 967) 3979.0
(3084, 3085, 3086) 3900.0
(5374, 5375, 5376) 4552.0
(295, 296, 297) 5073.0
(608, 609, 610) 4016.0
(2687, 2688, 2689) 4570.0
(1907, 1908, 1909) 4393.0
(1636, 1637, 1638) 4277.0
(2800, 2801, 2802) 4250.0
(7132, 7133, 7134) 4096.0
