(835, 836, 837) 4438.0
(8339, 8340, 8341) 4112.0
(3694, 3695, 3696) 4494.0
(3981, 3982, 3983) 4197.0
(1373, 1374, 1375) 3781.0
(6948, 6949, 6950) 4186.0
(8291, 8292, 8293) 4191.0
(4396, 4397, 4398) 5696.0
(6120, 6121, 6122) 4119.0
(615, 616, 617) 4277.0
(1433, 1434, 1435) 4006.0
(5566, 5567, 5568) 5155.0
(4102, 4103, 4104) 4383.0
(457, 458, 459) 4290.0
(5173, 5174, 5175) 3921.0
(1853, 1854, 1855) 4356.0
(339, 340, 341) 3997.0
(6592, 6593, 6594) 4380.0
(849, 850, 851) 4076.0
(790, 791, 792) 3946.0
(5501, 5502, 5503) 4041.0
(7713, 7714, 7715) 4496.0
(1977, 1978, 1979) 4783.0
(1524, 1525, 1526) 3545.0
(7848, 7849, 7850) 4726.0
(9328, 9329, 9330) 4474.0
(1645, 1646, 1647) 3946.0
(6696, 6697, 6698) 4943.0
(4038, 4039, 4040) 4452.0
(895, 896, 897) 3547.0
(6186, 6187, 6188) 3814.0
(418, 419, 420) 5345.0
(3296, 3297, 3298) 4436.0
(9417, 9418, 9419) 3717.0
(6079, 6080, 6081) 4337.0
(7464, 7465, 7466) 3986.0
(5687, 5688, 5689) 4493.0
(2672, 2673, 2674) 4315.0
(1174, 1175, 1176) 4113.0
(3476, 3477, 3478) 4000.0
(3391, 3392, 3393) 3993.0
(7173, 7174, 7175) 3568.0
(3827, 3828, 3829) 4415.0
(3700, 3701, 3702) 3919.0
(7123, 7124, 7125) 4438.0
(2784, 2785, 2786) 4342.0
(9582, 9583, 9584) 3761.0
(1077, 1078, 1079) 5198.0
(4910, 4911, 4912) 4385.0
(7956, 7957, 7958) 5053.0
(8651, 8652, 8653) 4618.0
(1782, 1783, 1784) 4283.0
(1595, 1596, 1597) 5532.0
(1296, 1297, 1298) 4599.0
(1078, 1079, 1080) 4254.0
(5466, 5467, 5468) 4088.0
(7161, 7162, 7163) 4532.0
(3877, 3878, 3879) 4090.0
(9952, 9953, 9954) 4305.0
(2162, 2163, 2164) 4566.0
(7970, 7971, 7972) 4388.0
(271, 272, 273) 4398.0
(580, 581, 582) 3952.0
(9278, 9279, 9280) 4412.0
(7415, 7416, 7417) 3956.0
(198, 199, 200) 4105.0
(369, 370, 371) 4070.0
(1865, 1866, 1867) 4329.0
(1703, 1704, 1705) 3501.0
(5398, 5399, 5400) 5364.0
(3899, 3900, 3901) 4208.0
(5415, 5416, 5417) 4579.0
(2558, 2559, 2560) 4089.0
(3876, 3877, 3878) 4862.0
(4086, 4087, 4088) 4105.0
(613, 614, 615) 4137.0
(3538, 3539, 3540) 3736.0
(3254, 3255, 3256) 4140.0
(9747, 9748, 9749) 4511.0
(5533, 5534, 5535) 4951.0
(3, 4, 5) 4627.0
(9961, 9962, 9963) 4754.0
(4424, 4425, 4426) 4216.0
(5763, 5764, 5765) 4849.0
(8899, 8900, 8901) 3854.0
(9352, 9353, 9354) 4188.0
(2562, 2563, 2564) 3788.0
(2790, 2791, 2792) 4532.0
(1371, 1372, 1373) 5206.0
(9070, 9071, 9072) 4676.0
(2588, 2589, 2590) 4175.0
(2173, 2174, 2175) 4151.0
(8933, 8934, 8935) 3965.0
(87, 88, 89) 4217.0
(4021, 4022, 4023) 4306.0
(1288, 1289, 1290) 4224.0
(2013, 2014, 2015) 4494.0
(6556, 6557, 6558) 4330.0
(8842, 8843, 8844) 3807.0
(2530, 2531, 2532) 4561.0
(5367, 5368, 5369) 4367.0
