(8779, 8780, 8781) 4600.0
(6137, 6138, 6139) 3794.0
(3961, 3962, 3963) 4376.0
(9021, 9022, 9023) 4016.0
(3351, 3352, 3353) 4895.0
(6348, 6349, 6350) 4860.0
(9187, 9188, 9189) 5604.0
(9406, 9407, 9408) 4721.0
(7255, 7256, 7257) 4326.0
(6299, 6300, 6301) 5263.0
(1306, 1307, 1308) 5237.0
(5505, 5506, 5507) 3847.0
(7749, 7750, 7751) 4595.0
(4688, 4689, 4690) 4421.0
(1254, 1255, 1256) 4485.0
(4822, 4823, 4824) 4396.0
(4887, 4888, 4889) 3986.0
(9278, 9279, 9280) 4341.0
(6181, 6182, 6183) 4327.0
(4021, 4022, 4023) 4418.0
(7247, 7248, 7249) 4112.0
(5258, 5259, 5260) 4188.0
(135, 136, 137) 4615.0
(4872, 4873, 4874) 5010.0
(7833, 7834, 7835) 4918.0
(8932, 8933, 8934) 5340.0
(1767, 1768, 1769) 5025.0
(554, 555, 556) 4169.0
(1509, 1510, 1511) 4025.0
(2309, 2310, 2311) 4023.0
(6159, 6160, 6161) 3871.0
(216, 217, 218) 3593.0
(2611, 2612, 2613) 4168.0
(2880, 2881, 2882) 4107.0
(8786, 8787, 8788) 4128.0
(8985, 8986, 8987) 4089.0
(8933, 8934, 8935) 4014.0
(2938, 2939, 2940) 4747.0
(8973, 8974, 8975) 4197.0
(6051, 6052, 6053) 4207.0
(8050, 8051, 8052) 4229.0
(6758, 6759, 6760) 4977.0
(3367, 3368, 3369) 4719.0
(7640, 7641, 7642) 4525.0
(7083, 7084, 7085) 5397.0
(4437, 4438, 4439) 5074.0
(4768, 4769, 4770) 5412.0
(9152, 9153, 9154) 4722.0
(6378, 6379, 6380) 3775.0
(8747, 8748, 8749) 4112.0
(2459, 2460, 2461) 3933.0
(1392, 1393, 1394) 4192.0
(7106, 7107, 7108) 5150.0
(7885, 7886, 7887) 4376.0
(4170, 4171, 4172) 4024.0
(3131, 3132, 3133) 4586.0
(7042, 7043, 7044) 4140.0
(3325, 3326, 3327) 4213.0
(1838, 1839, 1840) 4318.0
(1735, 1736, 1737) 4144.0
(2281, 2282, 2283) 4020.0
(6379, 6380, 6381) 4391.0
(9180, 9181, 9182) 4182.0
(4307, 4308, 4309) 4183.0
(5746, 5747, 5748) 4150.0
(3095, 3096, 3097) 4455.0
(8793, 8794, 8795) 4627.0
(1700, 1701, 1702) 4428.0
(7468, 7469, 7470) 3682.0
(9008, 9009, 9010) 4167.0
(7801, 7802, 7803) 4080.0
(4140, 4141, 4142) 4706.0
(493, 494, 495) 4099.0
(376, 377, 378) 4568.0
(3370, 3371, 3372) 4843.0
(1548, 1549, 1550) 3860.0
(6713, 6714, 6715) 4554.0
(1835, 1836, 1837) 5042.0
(9593, 9594, 9595) 4986.0
(6483, 6484, 6485) 4368.0
(6180, 6181, 6182) 4680.0
(6634, 6635, 6636) 4761.0
(7127, 7128, 7129) 4893.0
(2679, 2680, 2681) 4582.0
(6469, 6470, 6471) 4135.0
(3957, 3958, 3959) 4129.0
(8035, 8036, 8037) 4253.0
(5910, 5911, 5912) 4505.0
(3193, 3194, 3195) 4249.0
(9975, 9976, 9977) 4073.0
(6632, 6633, 6634) 4051.0
(8543, 8544, 8545) 5121.0
(9005, 9006, 9007) 5379.0
(4353, 4354, 4355) 3884.0
(9099, 9100, 9101) 5026.0
(9571, 9572, 9573) 3956.0
(6793, 6794, 6795) 4472.0
(5961, 5962, 5963) 4698.0
(6376, 6377, 6378) 4234.0
(3889, 3890, 3891) 3919.0
(4556, 4557, 4558) 4967.0
