(2181, 2182, 2183) 5558.0
(3111, 3112, 3113) 4640.0
(3265, 3266, 3267) 4457.0
(2096, 2097, 2098) 4981.0
(5702, 5703, 5704) 4278.0
(9324, 9325, 9326) 4668.0
(3509, 3510, 3511) 4751.0
(4547, 4548, 4549) 4364.0
(3704, 3705, 3706) 4410.0
(7385, 7386, 7387) 4278.0
(4185, 4186, 4187) 5522.0
(1348, 1349, 1350) 4692.0
(3617, 3618, 3619) 4423.0
(556, 557, 558) 4531.0
(5496, 5497, 5498) 5267.0
(8913, 8914, 8915) 4413.0
(9045, 9046, 9047) 4707.0
(6469, 6470, 6471) 4085.0
(4496, 4497, 4498) 4201.0
(6439, 6440, 6441) 4128.0
(2700, 2701, 2702) 4425.0
(9519, 9520, 9521) 5270.0
(6778, 6779, 6780) 4635.0
(241, 242, 243) 4818.0
(2614, 2615, 2616) 4969.0
(9940, 9941, 9942) 4085.0
(9244, 9245, 9246) 4243.0
(207, 208, 209) 4927.0
(1942, 1943, 1944) 3961.0
(429, 430, 431) 5191.0
(2790, 2791, 2792) 4618.0
(1639, 1640, 1641) 4131.0
(8363, 8364, 8365) 4364.0
(1773, 1774, 1775) 4385.0
(6509, 6510, 6511) 4522.0
(6101, 6102, 6103) 4691.0
(5721, 5722, 5723) 3980.0
(1013, 1014, 1015) 4623.0
(4877, 4878, 4879) 4326.0
(6345, 6346, 6347) 4087.0
(6405, 6406, 6407) 4465.0
(7820, 7821, 7822) 5694.0
(3363, 3364, 3365) 3932.0
(3607, 3608, 3609) 5463.0
(3690, 3691, 3692) 4243.0
(3826, 3827, 3828) 5117.0
(6366, 6367, 6368) 3854.0
(8226, 8227, 8228) 4317.0
(7207, 7208, 7209) 4684.0
(432, 433, 434) 4352.0
(5164, 5165, 5166) 4539.0
(6231, 6232, 6233) 4500.0
(5287, 5288, 5289) 4739.0
(3824, 3825, 3826) 4874.0
(9065, 9066, 9067) 4826.0
(5788, 5789, 5790) 4298.0
(3261, 3262, 3263) 4393.0
(1434, 1435, 1436) 4399.0
(8336, 8337, 8338) 4502.0
(9869, 9870, 9871) 4189.0
(361, 362, 363) 4939.0
(8741, 8742, 8743) 4608.0
(6985, 6986, 6987) 4020.0
(9456, 9457, 9458) 4717.0
(4534, 4535, 4536) 5050.0
(4582, 4583, 4584) 5324.0
(9015, 9016, 9017) 4812.0
(6071, 6072, 6073) 3843.0
(4482, 4483, 4484) 3873.0
(3879, 3880, 3881) 3982.0
(5077, 5078, 5079) 4897.0
(3800, 3801, 3802) 4439.0
(570, 571, 572) 4467.0
(8418, 8419, 8420) 4760.0
(6957, 6958, 6959) 4575.0
(4949, 4950, 4951) 4110.0
(7307, 7308, 7309) 4157.0
(5226, 5227, 5228) 4270.0
(2143, 2144, 2145) 4448.0
(9376, 9377, 9378) 4317.0
(9500, 9501, 9502) 4866.0
(6492, 6493, 6494) 4721.0
(3056, 3057, 3058) 5523.0
(8692, 8693, 8694) 4896.0
(925, 926, 927) 4498.0
(8931, 8932, 8933) 4176.0
(9970, 9971, 9972) 4316.0
(2652, 2653, 2654) 4392.0
(397, 398, 399) 5766.0
(3449, 3450, 3451) 4520.0
(8555, 8556, 8557) 4313.0
(4321, 4322, 4323) 4338.0
(1840, 1841, 1842) 5162.0
(9616, 9617, 9618) 4587.0
(4489, 4490, 4491) 4606.0
(3557, 3558, 3559) 4236.0
(515, 516, 517) 4807.0
(604, 605, 606) 5075.0
(3675, 3676, 3677) 4200.0
(8440, 8441, 8442) 5241.0
(3167, 3168, 3169) 5303.0
