(3824, 3825, 3826) 4890.0
(2075, 2076, 2077) 4090.0
(2397, 2398, 2399) 4347.0
(9775, 9776, 9777) 4680.0
(7268, 7269, 7270) 4011.0
(1486, 1487, 1488) 4770.0
(9555, 9556, 9557) 5256.0
(6875, 6876, 6877) 4935.0
(1100, 1101, 1102) 4283.0
(29, 30, 31) 4671.0
(2883, 2884, 2885) 4638.0
(8453, 8454, 8455) 4436.0
(5520, 5521, 5522) 4616.0
(8872, 8873, 8874) 3735.0
(4235, 4236, 4237) 4941.0
(1918, 1919, 1920) 4537.0
(1504, 1505, 1506) 4157.0
(1722, 1723, 1724) 5210.0
(7724, 7725, 7726) 4444.0
(7500, 7501, 7502) 4747.0
(5071, 5072, 5073) 4660.0
(7477, 7478, 7479) 4903.0
(1894, 1895, 1896) 3899.0
(7893, 7894, 7895) 4907.0
(1557, 1558, 1559) 4247.0
(4148, 4149, 4150) 4354.0
(8598, 8599, 8600) 4283.0
(1682, 1683, 1684) 3899.0
(5100, 5101, 5102) 3843.0
(5209, 5210, 5211) 3839.0
(1315, 1316, 1317) 4361.0
(9675, 9676, 9677) 4259.0
(985, 986, 987) 4455.0
(1939, 1940, 1941) 5430.0
(3420, 3421, 3422) 4387.0
(7409, 7410, 7411) 4201.0
(1457, 1458, 1459) 4434.0
(5042, 5043, 5044) 4897.0
(2537, 2538, 2539) 4190.0
(1515, 1516, 1517) 4514.0
(3867, 3868, 3869) 4378.0
(2670, 2671, 2672) 4910.0
(7917, 7918, 7919) 4056.0
(3535, 3536, 3537) 4082.0
(819, 820, 821) 4959.0
(1710, 1711, 1712) 4710.0
(1339, 1340, 1341) 3792.0
(8766, 8767, 8768) 4054.0
(7654, 7655, 7656) 4436.0
(8408, 8409, 8410) 4199.0
(8505, 8506, 8507) 4517.0
(7712, 7713, 7714) 4939.0
(4609, 4610, 4611) 4425.0
(2785, 2786, 2787) 4506.0
(6974, 6975, 6976) 4431.0
(6189, 6190, 6191) 4468.0
(4735, 4736, 4737) 4279.0
(6859, 6860, 6861) 4435.0
(4936, 4937, 4938) 4240.0
(128, 129, 130) 4689.0
(746, 747, 748) 5005.0
(546, 547, 548) 5484.0
(2652, 2653, 2654) 4308.0
(5374, 5375, 5376) 4765.0
(6327, 6328, 6329) 4191.0
(6746, 6747, 6748) 4421.0
(7318, 7319, 7320) 4892.0
(4619, 4620, 4621) 3853.0
(141, 142, 143) 3883.0
(8428, 8429, 8430) 4476.0
(6995, 6996, 6997) 4127.0
(3837, 3838, 3839) 4757.0
(4002, 4003, 4004) 4738.0
(2620, 2621, 2622) 4330.0
(6220, 6221, 6222) 4420.0
(3524, 3525, 3526) 4404.0
(4287, 4288, 4289) 5325.0
(5297, 5298, 5299) 6006.0
(974, 975, 976) 4276.0
(3405, 3406, 3407) 3753.0
(7480, 7481, 7482) 4643.0
(7036, 7037, 7038) 3876.0
(3575, 3576, 3577) 4662.0
(2496, 2497, 2498) 4688.0
(7584, 7585, 7586) 4452.0
(4451, 4452, 4453) 4205.0
(3344, 3345, 3346) 4041.0
(7386, 7387, 7388) 5115.0
(7774, 7775, 7776) 4314.0
(8100, 8101, 8102) 4785.0
(2237, 2238, 2239) 4031.0
(9326, 9327, 9328) 4746.0
(2511, 2512, 2513) 4503.0
(1236, 1237, 1238) 4248.0
(2064, 2065, 2066) 4934.0
(834, 835, 836) 4258.0
(5541, 5542, 5543) 4238.0
(6034, 6035, 6036) 4547.0
(6418, 6419, 6420) 4711.0
(7303, 7304, 7305) 4341.0
(2349, 2350, 2351) 5172.0
