(9213, 9214, 9215) 4896.0
(1742, 1743, 1744) 4214.0
(1393, 1394, 1395) 4698.0
(4332, 4333, 4334) 4266.0
(379, 380, 381) 5989.0
(9542, 9543, 9544) 4396.0
(343, 344, 345) 5828.0
(3438, 3439, 3440) 4569.0
(5692, 5693, 5694) 4195.0
(2720, 2721, 2722) 4260.0
(4580, 4581, 4582) 5046.0
(8138, 8139, 8140) 4578.0
(3035, 3036, 3037) 4735.0
(4887, 4888, 4889) 4321.0
(2697, 2698, 2699) 5563.0
(3902, 3903, 3904) 4980.0
(7885, 7886, 7887) 4626.0
(6478, 6479, 6480) 5320.0
(8048, 8049, 8050) 4267.0
(5751, 5752, 5753) 4229.0
(5295, 5296, 5297) 5656.0
(8417, 8418, 8419) 4529.0
(8427, 8428, 8429) 4093.0
(7057, 7058, 7059) 5467.0
(5712, 5713, 5714) 4266.0
(7651, 7652, 7653) 5867.0
(8382, 8383, 8384) 4239.0
(3038, 3039, 3040) 5631.0
(6655, 6656, 6657) 4058.0
(1884, 1885, 1886) 4056.0
(2945, 2946, 2947) 4462.0
(4681, 4682, 4683) 4588.0
(9684, 9685, 9686) 4601.0
(6770, 6771, 6772) 4919.0
(3152, 3153, 3154) 5101.0
(3512, 3513, 3514) 3977.0
(8928, 8929, 8930) 4460.0
(6906, 6907, 6908) 4508.0
(6896, 6897, 6898) 5119.0
(2753, 2754, 2755) 5233.0
(3206, 3207, 3208) 4452.0
(3355, 3356, 3357) 4986.0
(13, 14, 15) 4918.0
(2598, 2599, 2600) 4625.0
(3808, 3809, 3810) 5054.0
(7080, 7081, 7082) 4892.0
(114, 115, 116) 4936.0
(2117, 2118, 2119) 5053.0
(4773, 4774, 4775) 5377.0
(9017, 9018, 9019) 4339.0
(3672, 3673, 3674) 4574.0
(112, 113, 114) 4648.0
(2175, 2176, 2177) 4945.0
(8467, 8468, 8469) 4333.0
(4640, 4641, 4642) 3875.0
(6601, 6602, 6603) 4324.0
(5235, 5236, 5237) 5057.0
(949, 950, 951) 4472.0
(2658, 2659, 2660) 4408.0
(4180, 4181, 4182) 4481.0
(9515, 9516, 9517) 4584.0
(1114, 1115, 1116) 4871.0
(4919, 4920, 4921) 5573.0
(2670, 2671, 2672) 4967.0
(3553, 3554, 3555) 4446.0
(2620, 2621, 2622) 4329.0
(5954, 5955, 5956) 4414.0
(4200, 4201, 4202) 5298.0
(3229, 3230, 3231) 4740.0
(151, 152, 153) 4299.0
(1316, 1317, 1318) 4431.0
(2206, 2207, 2208) 4270.0
(3839, 3840, 3841) 5561.0
(2381, 2382, 2383) 5211.0
(797, 798, 799) 4486.0
(1130, 1131, 1132) 5186.0
(2790, 2791, 2792) 4992.0
(3313, 3314, 3315) 4193.0
(5815, 5816, 5817) 3689.0
(43, 44, 45) 4429.0
(417, 418, 419) 5100.0
(5914, 5915, 5916) 4335.0
(8353, 8354, 8355) 4973.0
(5517, 5518, 5519) 4048.0
(6065, 6066, 6067) 4983.0
(8731, 8732, 8733) 4739.0
(3012, 3013, 3014) 4673.0
(9055, 9056, 9057) 5167.0
(7076, 7077, 7078) 4520.0
(1509, 1510, 1511) 4344.0
(1844, 1845, 1846) 5124.0
(9650, 9651, 9652) 4670.0
(2375, 2376, 2377) 4453.0
(1164, 1165, 1166) 4895.0
(8240, 8241, 8242) 5088.0
(4778, 4779, 4780) 5142.0
(8777, 8778, 8779) 4774.0
(655, 656, 657) 5123.0
(2334, 2335, 2336) 4803.0
(2714, 2715, 2716) 5025.0
(6750, 6751, 6752) 4498.0
