(9787, 9788, 9789) 4411.0
(2348, 2349, 2350) 4579.0
(6519, 6520, 6521) 4087.0
(2446, 2447, 2448) 4510.0
(3802, 3803, 3804) 4504.0
(4191, 4192, 4193) 4333.0
(6203, 6204, 6205) 4639.0
(884, 885, 886) 4895.0
(8008, 8009, 8010) 4689.0
(842, 843, 844) 4989.0
(1468, 1469, 1470) 4890.0
(723, 724, 725) 5409.0
(3708, 3709, 3710) 5779.0
(667, 668, 669) 5628.0
(5777, 5778, 5779) 5006.0
(3812, 3813, 3814) 4829.0
(1442, 1443, 1444) 4876.0
(6262, 6263, 6264) 4465.0
(4008, 4009, 4010) 4890.0
(5833, 5834, 5835) 4401.0
(9269, 9270, 9271) 4676.0
(2961, 2962, 2963) 4738.0
(1971, 1972, 1973) 4906.0
(2924, 2925, 2926) 5132.0
(3965, 3966, 3967) 4625.0
(3332, 3333, 3334) 4900.0
(2365, 2366, 2367) 4466.0
(4585, 4586, 4587) 4335.0
(5673, 5674, 5675) 4256.0
(5563, 5564, 5565) 4763.0
(978, 979, 980) 4356.0
(7340, 7341, 7342) 4505.0
(1601, 1602, 1603) 4842.0
(875, 876, 877) 3954.0
(1903, 1904, 1905) 4481.0
(9955, 9956, 9957) 5013.0
(3031, 3032, 3033) 5235.0
(1118, 1119, 1120) 4885.0
(5319, 5320, 5321) 4611.0
(7747, 7748, 7749) 4779.0
(5476, 5477, 5478) 4779.0
(5467, 5468, 5469) 4650.0
(2481, 2482, 2483) 4401.0
(4896, 4897, 4898) 4748.0
(8831, 8832, 8833) 4542.0
(8341, 8342, 8343) 4413.0
(2815, 2816, 2817) 4666.0
(2746, 2747, 2748) 4936.0
(5384, 5385, 5386) 4549.0
(1177, 1178, 1179) 4785.0
(1049, 1050, 1051) 4489.0
(3744, 3745, 3746) 4432.0
(6010, 6011, 6012) 4569.0
(7432, 7433, 7434) 4268.0
(3287, 3288, 3289) 4507.0
(6647, 6648, 6649) 4594.0
(4890, 4891, 4892) 5319.0
(116, 117, 118) 4910.0
(5690, 5691, 5692) 4600.0
(5111, 5112, 5113) 4303.0
(6419, 6420, 6421) 6204.0
(9962, 9963, 9964) 4674.0
(9948, 9949, 9950) 5167.0
(1240, 1241, 1242) 4317.0
(9944, 9945, 9946) 4130.0
(42, 43, 44) 4433.0
(3529, 3530, 3531) 4465.0
(9073, 9074, 9075) 4675.0
(926, 927, 928) 4557.0
(1501, 1502, 1503) 4417.0
(4610, 4611, 4612) 4925.0
(7866, 7867, 7868) 4665.0
(181, 182, 183) 5117.0
(8663, 8664, 8665) 4441.0
(3503, 3504, 3505) 4495.0
(1087, 1088, 1089) 4462.0
(2235, 2236, 2237) 4492.0
(9663, 9664, 9665) 5013.0
(2992, 2993, 2994) 4870.0
(8044, 8045, 8046) 4176.0
(1627, 1628, 1629) 4171.0
(5622, 5623, 5624) 4785.0
(1496, 1497, 1498) 4771.0
(2015, 2016, 2017) 4628.0
(3660, 3661, 3662) 4738.0
(2756, 2757, 2758) 4685.0
(6402, 6403, 6404) 4223.0
(956, 957, 958) 4396.0
(595, 596, 597) 4536.0
(860, 861, 862) 4553.0
(6145, 6146, 6147) 4686.0
(7624, 7625, 7626) 4937.0
(9745, 9746, 9747) 4754.0
(930, 931, 932) 5237.0
(7516, 7517, 7518) 5038.0
(5682, 5683, 5684) 4535.0
(2716, 2717, 2718) 4583.0
(9232, 9233, 9234) 6201.0
(5437, 5438, 5439) 3973.0
(5467, 5468, 5469) 4650.0
(9479, 9480, 9481) 5205.0
