(1003, 1004, 1005) 4694.0
(9430, 9431, 9432) 4969.0
(6740, 6741, 6742) 4537.0
(1198, 1199, 1200) 4637.0
(8769, 8770, 8771) 4812.0
(7231, 7232, 7233) 3687.0
(1712, 1713, 1714) 4777.0
(3343, 3344, 3345) 4437.0
(9624, 9625, 9626) 5278.0
(959, 960, 961) 3786.0
(638, 639, 640) 4618.0
(6855, 6856, 6857) 5082.0
(3786, 3787, 3788) 5308.0
(4084, 4085, 4086) 5342.0
(4524, 4525, 4526) 5597.0
(9523, 9524, 9525) 4523.0
(4094, 4095, 4096) 4594.0
(133, 134, 135) 4330.0
(247, 248, 249) 5011.0
(74, 75, 76) 5034.0
(2043, 2044, 2045) 5339.0
(783, 784, 785) 4727.0
(3499, 3500, 3501) 5475.0
(9873, 9874, 9875) 4955.0
(4611, 4612, 4613) 4408.0
(2584, 2585, 2586) 5030.0
(6543, 6544, 6545) 4523.0
(601, 602, 603) 4900.0
(1790, 1791, 1792) 4902.0
(1995, 1996, 1997) 4289.0
(5440, 5441, 5442) 6227.0
(745, 746, 747) 5073.0
(5916, 5917, 5918) 5018.0
(7529, 7530, 7531) 5067.0
(6190, 6191, 6192) 4674.0
(1969, 1970, 1971) 4465.0
(5832, 5833, 5834) 5128.0
(9329, 9330, 9331) 4268.0
(204, 205, 206) 4064.0
(4658, 4659, 4660) 5348.0
(365, 366, 367) 4413.0
(6726, 6727, 6728) 4807.0
(6658, 6659, 6660) 4666.0
(3190, 3191, 3192) 5072.0
(5952, 5953, 5954) 4543.0
(2127, 2128, 2129) 4677.0
(2560, 2561, 2562) 4256.0
(880, 881, 882) 5544.0
(5563, 5564, 5565) 4785.0
(9863, 9864, 9865) 4573.0
(3837, 3838, 3839) 4978.0
(9881, 9882, 9883) 4128.0
(632, 633, 634) 4741.0
(2652, 2653, 2654) 4589.0
(843, 844, 845) 4478.0
(2750, 2751, 2752) 5042.0
(9095, 9096, 9097) 5071.0
(8171, 8172, 8173) 4394.0
(7937, 7938, 7939) 3993.0
(1181, 1182, 1183) 4800.0
(9050, 9051, 9052) 4690.0
(3047, 3048, 3049) 4507.0
(2571, 2572, 2573) 4522.0
(5530, 5531, 5532) 4481.0
(5114, 5115, 5116) 4816.0
(4903, 4904, 4905) 4209.0
(1670, 1671, 1672) 4938.0
(3824, 3825, 3826) 5079.0
(48, 49, 50) 5116.0
(9251, 9252, 9253) 4379.0
(902, 903, 904) 4228.0
(8399, 8400, 8401) 4982.0
(5754, 5755, 5756) 4658.0
(8305, 8306, 8307) 4436.0
(1343, 1344, 1345) 4435.0
(8118, 8119, 8120) 4440.0
(2446, 2447, 2448) 4495.0
(2014, 2015, 2016) 4464.0
(4749, 4750, 4751) 4445.0
(9928, 9929, 9930) 4450.0
(5715, 5716, 5717) 4968.0
(8522, 8523, 8524) 4790.0
(4605, 4606, 4607) 4531.0
(3346, 3347, 3348) 4465.0
(8735, 8736, 8737) 4505.0
(9538, 9539, 9540) 5814.0
(3533, 3534, 3535) 4956.0
(6893, 6894, 6895) 4524.0
(147, 148, 149) 4572.0
(4655, 4656, 4657) 4357.0
(2137, 2138, 2139) 4562.0
(7330, 7331, 7332) 5730.0
(208, 209, 210) 4956.0
(4161, 4162, 4163) 5078.0
(5834, 5835, 5836) 4894.0
(5437, 5438, 5439) 3943.0
(4014, 4015, 4016) 4891.0
(1373, 1374, 1375) 4207.0
(6920, 6921, 6922) 5043.0
(9423, 9424, 9425) 5291.0
(2965, 2966, 2967) 4521.0
