(5607, 5608, 5609) 5157.0
(479, 480, 481) 4433.0
(986, 987, 988) 4909.0
(611, 612, 613) 5546.0
(9906, 9907, 9908) 4378.0
(2746, 2747, 2748) 5081.0
(1816, 1817, 1818) 4465.0
(7499, 7500, 7501) 4471.0
(1736, 1737, 1738) 4769.0
(978, 979, 980) 4488.0
(3069, 3070, 3071) 4982.0
(8228, 8229, 8230) 4861.0
(9868, 9869, 9870) 4535.0
(8610, 8611, 8612) 4670.0
(4756, 4757, 4758) 4400.0
(1507, 1508, 1509) 4714.0
(857, 858, 859) 5393.0
(6318, 6319, 6320) 4756.0
(6122, 6123, 6124) 4355.0
(5747, 5748, 5749) 5315.0
(512, 513, 514) 4891.0
(3512, 3513, 3514) 4075.0
(2587, 2588, 2589) 5327.0
(295, 296, 297) 5573.0
(4271, 4272, 4273) 4526.0
(5755, 5756, 5757) 4750.0
(1860, 1861, 1862) 5261.0
(2215, 2216, 2217) 4777.0
(7459, 7460, 7461) 3995.0
(3225, 3226, 3227) 4370.0
(9581, 9582, 9583) 4514.0
(2920, 2921, 2922) 4521.0
(6105, 6106, 6107) 4791.0
(1204, 1205, 1206) 5297.0
(2913, 2914, 2915) 5035.0
(7723, 7724, 7725) 4466.0
(8433, 8434, 8435) 4386.0
(4834, 4835, 4836) 5382.0
(1440, 1441, 1442) 5145.0
(6494, 6495, 6496) 3774.0
(2602, 2603, 2604) 4356.0
(5051, 5052, 5053) 5200.0
(6121, 6122, 6123) 5077.0
(7449, 7450, 7451) 4454.0
(3576, 3577, 3578) 5546.0
(3637, 3638, 3639) 5202.0
(1624, 1625, 1626) 4397.0
(3311, 3312, 3313) 5240.0
(2418, 2419, 2420) 4787.0
(8410, 8411, 8412) 5838.0
(8918, 8919, 8920) 6306.0
(4350, 4351, 4352) 4617.0
(1930, 1931, 1932) 4814.0
(8855, 8856, 8857) 5184.0
(4932, 4933, 4934) 4012.0
(7757, 7758, 7759) 5402.0
(5032, 5033, 5034) 4521.0
(8448, 8449, 8450) 4611.0
(4189, 4190, 4191) 5689.0
(4697, 4698, 4699) 5139.0
(1011, 1012, 1013) 4610.0
(8193, 8194, 8195) 4281.0
(6525, 6526, 6527) 4581.0
(7573, 7574, 7575) 4189.0
(9387, 9388, 9389) 5026.0
(2778, 2779, 2780) 5279.0
(9137, 9138, 9139) 4898.0
(3594, 3595, 3596) 4036.0
(8991, 8992, 8993) 4158.0
(9964, 9965, 9966) 4630.0
(4273, 4274, 4275) 4624.0
(7518, 7519, 7520) 4780.0
(3027, 3028, 3029) 5468.0
(8000, 8001, 8002) 4665.0
(9039, 9040, 9041) 5303.0
(5689, 5690, 5691) 4482.0
(4256, 4257, 4258) 4092.0
(5623, 5624, 5625) 4004.0
(9249, 9250, 9251) 4513.0
(365, 366, 367) 4408.0
(8931, 8932, 8933) 4365.0
(5944, 5945, 5946) 7047.0
(8950, 8951, 8952) 4868.0
(6782, 6783, 6784) 4809.0
(3213, 3214, 3215) 4407.0
(4391, 4392, 4393) 4577.0
(3094, 3095, 3096) 4868.0
(9117, 9118, 9119) 4336.0
(9088, 9089, 9090) 4229.0
(9678, 9679, 9680) 5400.0
(5822, 5823, 5824) 5064.0
(6124, 6125, 6126) 4317.0
(3918, 3919, 3920) 5163.0
(9984, 9985, 9986) 4603.0
(1477, 1478, 1479) 4671.0
(2991, 2992, 2993) 4718.0
(4641, 4642, 4643) 4824.0
(2702, 2703, 2704) 5153.0
(1991, 1992, 1993) 4581.0
(1434, 1435, 1436) 4714.0
(1640, 1641, 1642) 5842.0
