(4294, 4295, 4296) 5370.0
(5754, 5755, 5756) 4679.0
(2652, 2653, 2654) 4711.0
(965, 966, 967) 4641.0
(2070, 2071, 2072) 4729.0
(9616, 9617, 9618) 5013.0
(5108, 5109, 5110) 4445.0
(8545, 8546, 8547) 4439.0
(8801, 8802, 8803) 4546.0
(2029, 2030, 2031) 5322.0
(7283, 7284, 7285) 4926.0
(1075, 1076, 1077) 4688.0
(8722, 8723, 8724) 5070.0
(7869, 7870, 7871) 5406.0
(4501, 4502, 4503) 4443.0
(1591, 1592, 1593) 4612.0
(2080, 2081, 2082) 4874.0
(6970, 6971, 6972) 4892.0
(4908, 4909, 4910) 4446.0
(5134, 5135, 5136) 5510.0
(7093, 7094, 7095) 4924.0
(5956, 5957, 5958) 4521.0
(9500, 9501, 9502) 5423.0
(2549, 2550, 2551) 5485.0
(6063, 6064, 6065) 4654.0
(9122, 9123, 9124) 4883.0
(905, 906, 907) 5007.0
(1253, 1254, 1255) 5025.0
(233, 234, 235) 4902.0
(9714, 9715, 9716) 5132.0
(2042, 2043, 2044) 4886.0
(9868, 9869, 9870) 4582.0
(7794, 7795, 7796) 4931.0
(8726, 8727, 8728) 4519.0
(9328, 9329, 9330) 5015.0
(7519, 7520, 7521) 4664.0
(2208, 2209, 2210) 5102.0
(9707, 9708, 9709) 4541.0
(34, 35, 36) 5249.0
(7393, 7394, 7395) 4698.0
(7729, 7730, 7731) 4728.0
(3978, 3979, 3980) 5051.0
(8359, 8360, 8361) 5471.0
(6973, 6974, 6975) 4521.0
(8958, 8959, 8960) 4276.0
(6923, 6924, 6925) 4744.0
(8503, 8504, 8505) 5066.0
(1098, 1099, 1100) 5218.0
(2767, 2768, 2769) 4897.0
(2677, 2678, 2679) 4735.0
(7893, 7894, 7895) 5425.0
(7701, 7702, 7703) 4571.0
(4919, 4920, 4921) 5752.0
(7404, 7405, 7406) 5165.0
(2347, 2348, 2349) 4419.0
(4961, 4962, 4963) 4781.0
(2209, 2210, 2211) 4384.0
(9948, 9949, 9950) 5460.0
(5173, 5174, 5175) 4242.0
(3141, 3142, 3143) 5626.0
(5318, 5319, 5320) 7433.0
(8540, 8541, 8542) 4771.0
(9663, 9664, 9665) 5194.0
(473, 474, 475) 4260.0
(9345, 9346, 9347) 4303.0
(1351, 1352, 1353) 5487.0
(8323, 8324, 8325) 5065.0
(4308, 4309, 4310) 4602.0
(9841, 9842, 9843) 4596.0
(5420, 5421, 5422) 4087.0
(7185, 7186, 7187) 5119.0
(7641, 7642, 7643) 4638.0
(6577, 6578, 6579) 4862.0
(3495, 3496, 3497) 4619.0
(4600, 4601, 4602) 4816.0
(3326, 3327, 3328) 4791.0
(3549, 3550, 3551) 4256.0
(7603, 7604, 7605) 4268.0
(6666, 6667, 6668) 4734.0
(8309, 8310, 8311) 4402.0
(2495, 2496, 2497) 5986.0
(8342, 8343, 8344) 4771.0
(66, 67, 68) 4753.0
(2301, 2302, 2303) 6004.0
(8715, 8716, 8717) 4202.0
(4361, 4362, 4363) 5383.0
(2840, 2841, 2842) 4154.0
(3437, 3438, 3439) 4780.0
(3294, 3295, 3296) 5278.0
(701, 702, 703) 5440.0
(999, 1000, 1001) 4815.0
(3760, 3761, 3762) 4759.0
(4211, 4212, 4213) 4809.0
(5625, 5626, 5627) 5104.0
(867, 868, 869) 5931.0
(5978, 5979, 5980) 4599.0
(4065, 4066, 4067) 4478.0
(4855, 4856, 4857) 4674.0
(7399, 7400, 7401) 4775.0
(7226, 7227, 7228) 5369.0
(5695, 5696, 5697) 4060.0
