(5768, 5769, 5770) 459.0
(2361, 2362, 2363) 389.0
(9980, 9981, 9982) 415.0
(3505, 3506, 3507) 385.0
(4971, 4972, 4973) 366.0
(6076, 6077, 6078) 526.0
(3643, 3644, 3645) 392.0
(5508, 5509, 5510) 562.0
(7149, 7150, 7151) 668.0
(2995, 2996, 2997) 586.0
(7381, 7382, 7383) 333.0
(2308, 2309, 2310) 473.0
(671, 672, 673) 542.0
(9510, 9511, 9512) 589.0
(8689, 8690, 8691) 453.0
(9046, 9047, 9048) 710.0
(9214, 9215, 9216) 528.0
(3497, 3498, 3499) 445.0
(253, 254, 255) 442.0
(8131, 8132, 8133) 341.0
(5142, 5143, 5144) 508.0
(6428, 6429, 6430) 503.0
(2813, 2814, 2815) 414.0
(9966, 9967, 9968) 587.0
(9455, 9456, 9457) 430.0
(6535, 6536, 6537) 523.0
(4500, 4501, 4502) 503.0
(9671, 9672, 9673) 463.0
(7015, 7016, 7017) 750.0
(7298, 7299, 7300) 574.0
(5309, 5310, 5311) 457.0
(416, 417, 418) 478.0
(4838, 4839, 4840) 298.0
(2368, 2369, 2370) 519.0
(422, 423, 424) 437.0
(9535, 9536, 9537) 414.0
(1653, 1654, 1655) 338.0
(1226, 1227, 1228) 546.0
(5865, 5866, 5867) 348.0
(5039, 5040, 5041) 475.0
(2424, 2425, 2426) 413.0
(4244, 4245, 4246) 443.0
(9076, 9077, 9078) 518.0
(6268, 6269, 6270) 380.0
(287, 288, 289) 397.0
(905, 906, 907) 361.0
(2885, 2886, 2887) 477.0
(7174, 7175, 7176) 512.0
(5717, 5718, 5719) 637.0
(4048, 4049, 4050) 367.0
(150, 151, 152) 351.0
(2241, 2242, 2243) 455.0
(7644, 7645, 7646) 345.0
(5118, 5119, 5120) 414.0
(7892, 7893, 7894) 424.0
(7739, 7740, 7741) 359.0
(2639, 2640, 2641) 563.0
(246, 247, 248) 644.0
(5666, 5667, 5668) 359.0
(4305, 4306, 4307) 415.0
(3609, 3610, 3611) 470.0
(8019, 8020, 8021) 476.0
(4516, 4517, 4518) 429.0
(8634, 8635, 8636) 556.0
(2217, 2218, 2219) 472.0
(7971, 7972, 7973) 350.0
(9403, 9404, 9405) 442.0
(6627, 6628, 6629) 573.0
(2095, 2096, 2097) 399.0
(7854, 7855, 7856) 443.0
(9739, 9740, 9741) 396.0
(5516, 5517, 5518) 352.0
(8250, 8251, 8252) 528.0
(5854, 5855, 5856) 483.0
(7177, 7178, 7179) 657.0
(4921, 4922, 4923) 358.0
(7492, 7493, 7494) 534.0
(7505, 7506, 7507) 393.0
(6541, 6542, 6543) 466.0
(7937, 7938, 7939) 375.0
(8396, 8397, 8398) 449.0
(9237, 9238, 9239) 479.0
(5362, 5363, 5364) 372.0
(4067, 4068, 4069) 419.0
(2561, 2562, 2563) 564.0
(9331, 9332, 9333) 305.0
(225, 226, 227) 329.0
(5763, 5764, 5765) 496.0
(6766, 6767, 6768) 439.0
(3207, 3208, 3209) 483.0
(2097, 2098, 2099) 383.0
(4906, 4907, 4908) 514.0
(430, 431, 432) 379.0
(844, 845, 846) 396.0
(8959, 8960, 8961) 462.0
(7823, 7824, 7825) 458.0
(4627, 4628, 4629) 572.0
(3181, 3182, 3183) 391.0
(991, 992, 993) 622.0
(1641, 1642, 1643) 342.0
(1991, 1992, 1993) 389.0
