(9564, 9565, 9566) 5164.0
(1871, 1872, 1873) 5208.0
(9477, 9478, 9479) 4953.0
(2401, 2402, 2403) 5103.0
(1701, 1702, 1703) 4642.0
(8794, 8795, 8796) 5695.0
(3811, 3812, 3813) 5121.0
(4107, 4108, 4109) 4849.0
(9595, 9596, 9597) 4524.0
(5782, 5783, 5784) 4725.0
(1704, 1705, 1706) 4895.0
(7253, 7254, 7255) 4769.0
(2830, 2831, 2832) 4696.0
(6027, 6028, 6029) 4466.0
(1464, 1465, 1466) 4663.0
(9421, 9422, 9423) 5292.0
(3374, 3375, 3376) 5067.0
(6481, 6482, 6483) 4777.0
(1152, 1153, 1154) 4648.0
(3210, 3211, 3212) 4533.0
(4075, 4076, 4077) 5076.0
(4346, 4347, 4348) 4692.0
(3089, 3090, 3091) 5802.0
(9729, 9730, 9731) 4551.0
(8681, 8682, 8683) 4329.0
(4928, 4929, 4930) 4769.0
(8074, 8075, 8076) 4776.0
(913, 914, 915) 5675.0
(1225, 1226, 1227) 5896.0
(7900, 7901, 7902) 4994.0
(1368, 1369, 1370) 4851.0
(9454, 9455, 9456) 4760.0
(7448, 7449, 7450) 5335.0
(5869, 5870, 5871) 4752.0
(3733, 3734, 3735) 4835.0
(6142, 6143, 6144) 4402.0
(4821, 4822, 4823) 4761.0
(2344, 2345, 2346) 5560.0
(4332, 4333, 4334) 4556.0
(645, 646, 647) 4830.0
(6106, 6107, 6108) 4992.0
(3929, 3930, 3931) 4919.0
(4012, 4013, 4014) 5744.0
(7939, 7940, 7941) 5194.0
(7811, 7812, 7813) 4601.0
(1708, 1709, 1710) 5139.0
(4990, 4991, 4992) 4346.0
(9553, 9554, 9555) 4145.0
(5550, 5551, 5552) 5450.0
(4580, 4581, 4582) 5459.0
(1419, 1420, 1421) 4293.0
(6834, 6835, 6836) 4640.0
(5499, 5500, 5501) 5109.0
(6874, 6875, 6876) 5463.0
(2007, 2008, 2009) 5514.0
(7673, 7674, 7675) 5094.0
(3141, 3142, 3143) 5733.0
(7186, 7187, 7188) 4978.0
(9490, 9491, 9492) 5185.0
(3846, 3847, 3848) 4821.0
(6385, 6386, 6387) 4720.0
(9410, 9411, 9412) 5640.0
(8838, 8839, 8840) 3895.0
(7034, 7035, 7036) 4793.0
(6720, 6721, 6722) 4567.0
(1971, 1972, 1973) 5368.0
(2668, 2669, 2670) 5131.0
(6949, 6950, 6951) 4229.0
(4439, 4440, 4441) 5120.0
(274, 275, 276) 4527.0
(2297, 2298, 2299) 4577.0
(6476, 6477, 6478) 4872.0
(8181, 8182, 8183) 5437.0
(5679, 5680, 5681) 5636.0
(2757, 2758, 2759) 4619.0
(970, 971, 972) 4864.0
(9043, 9044, 9045) 5841.0
(7499, 7500, 7501) 4719.0
(6048, 6049, 6050) 5083.0
(9132, 9133, 9134) 5296.0
(1172, 1173, 1174) 4793.0
(4635, 4636, 4637) 5493.0
(7094, 7095, 7096) 4388.0
(9115, 9116, 9117) 4185.0
(7104, 7105, 7106) 4600.0
(6375, 6376, 6377) 4881.0
(8388, 8389, 8390) 4988.0
(2697, 2698, 2699) 5729.0
(6133, 6134, 6135) 4675.0
(7770, 7771, 7772) 5273.0
(2918, 2919, 2920) 4403.0
(3020, 3021, 3022) 4412.0
(6162, 6163, 6164) 4749.0
(9629, 9630, 9631) 5451.0
(3232, 3233, 3234) 5615.0
(9533, 9534, 9535) 4630.0
(5483, 5484, 5485) 4597.0
(7879, 7880, 7881) 4601.0
(6571, 6572, 6573) 4489.0
(9684, 9685, 9686) 5022.0
(8513, 8514, 8515) 4511.0
