(9375, 9376, 9377) 4636.0
(7530, 7531, 7532) 5701.0
(937, 938, 939) 4746.0
(6709, 6710, 6711) 4959.0
(5670, 5671, 5672) 5077.0
(7568, 7569, 7570) 4699.0
(7229, 7230, 7231) 5655.0
(6029, 6030, 6031) 4693.0
(3385, 3386, 3387) 5141.0
(1858, 1859, 1860) 4914.0
(6616, 6617, 6618) 5094.0
(9262, 9263, 9264) 5399.0
(647, 648, 649) 4899.0
(6687, 6688, 6689) 5271.0
(5623, 5624, 5625) 4025.0
(3619, 3620, 3621) 4919.0
(306, 307, 308) 5223.0
(8127, 8128, 8129) 5107.0
(5523, 5524, 5525) 4742.0
(8475, 8476, 8477) 4723.0
(1298, 1299, 1300) 4987.0
(2452, 2453, 2454) 4615.0
(222, 223, 224) 4680.0
(2644, 2645, 2646) 5219.0
(1953, 1954, 1955) 5264.0
(7641, 7642, 7643) 4891.0
(1020, 1021, 1022) 4670.0
(1042, 1043, 1044) 5323.0
(8628, 8629, 8630) 5425.0
(6733, 6734, 6735) 4882.0
(1778, 1779, 1780) 5344.0
(422, 423, 424) 4908.0
(1229, 1230, 1231) 5183.0
(4552, 4553, 4554) 5014.0
(1992, 1993, 1994) 5102.0
(54, 55, 56) 4318.0
(7376, 7377, 7378) 4742.0
(3536, 3537, 3538) 5369.0
(5234, 5235, 5236) 4718.0
(1292, 1293, 1294) 4652.0
(2480, 2481, 2482) 5165.0
(4949, 4950, 4951) 4389.0
(3390, 3391, 3392) 4699.0
(8439, 8440, 8441) 5063.0
(8402, 8403, 8404) 4949.0
(4375, 4376, 4377) 5194.0
(3187, 3188, 3189) 4576.0
(8707, 8708, 8709) 5836.0
(6092, 6093, 6094) 4960.0
(2296, 2297, 2298) 4823.0
(6925, 6926, 6927) 4498.0
(665, 666, 667) 4971.0
(1899, 1900, 1901) 4855.0
(1212, 1213, 1214) 5011.0
(8865, 8866, 8867) 4431.0
(8782, 8783, 8784) 5470.0
(2769, 2770, 2771) 5112.0
(4805, 4806, 4807) 4777.0
(1253, 1254, 1255) 5140.0
(7621, 7622, 7623) 5068.0
(947, 948, 949) 4615.0
(6445, 6446, 6447) 4678.0
(5767, 5768, 5769) 5077.0
(8016, 8017, 8018) 4727.0
(3959, 3960, 3961) 4289.0
(1352, 1353, 1354) 4669.0
(2481, 2482, 2483) 4881.0
(4775, 4776, 4777) 5292.0
(7075, 7076, 7077) 4923.0
(9240, 9241, 9242) 5083.0
(6458, 6459, 6460) 5166.0
(7882, 7883, 7884) 4937.0
(5826, 5827, 5828) 4888.0
(7168, 7169, 7170) 5267.0
(8329, 8330, 8331) 6402.0
(2323, 2324, 2325) 4975.0
(4778, 4779, 4780) 5734.0
(5984, 5985, 5986) 4936.0
(1845, 1846, 1847) 5696.0
(9403, 9404, 9405) 5280.0
(5689, 5690, 5691) 4703.0
(1974, 1975, 1976) 4974.0
(1043, 1044, 1045) 4648.0
(5825, 5826, 5827) 4900.0
(5140, 5141, 5142) 5043.0
(1989, 1990, 1991) 5169.0
(631, 632, 633) 4961.0
(3151, 3152, 3153) 4920.0
(9280, 9281, 9282) 4932.0
(6438, 6439, 6440) 4407.0
(1003, 1004, 1005) 4822.0
(2933, 2934, 2935) 4840.0
(5317, 5318, 5319) 4695.0
(5543, 5544, 5545) 4766.0
(2649, 2650, 2651) 6205.0
(5398, 5399, 5400) 5894.0
(9898, 9899, 9900) 5244.0
(3633, 3634, 3635) 4510.0
(3700, 3701, 3702) 4626.0
(8149, 8150, 8151) 4627.0
(4851, 4852, 4853) 4808.0
