(8054, 8055, 8056) 4963.0
(6200, 6201, 6202) 4777.0
(2511, 2512, 2513) 5079.0
(3165, 3166, 3167) 4590.0
(3733, 3734, 3735) 4967.0
(2801, 2802, 2803) 5455.0
(9574, 9575, 9576) 5166.0
(5871, 5872, 5873) 5308.0
(9567, 9568, 9569) 5633.0
(6126, 6127, 6128) 4562.0
(901, 902, 903) 4516.0
(3813, 3814, 3815) 4985.0
(4993, 4994, 4995) 4876.0
(4625, 4626, 4627) 5635.0
(1702, 1703, 1704) 5165.0
(9439, 9440, 9441) 5899.0
(3357, 3358, 3359) 5503.0
(4717, 4718, 4719) 5543.0
(7488, 7489, 7490) 4977.0
(6751, 6752, 6753) 5708.0
(5079, 5080, 5081) 4575.0
(2578, 2579, 2580) 5741.0
(9406, 9407, 9408) 5053.0
(5047, 5048, 5049) 5387.0
(3868, 3869, 3870) 5341.0
(7077, 7078, 7079) 4446.0
(1262, 1263, 1264) 5639.0
(4772, 4773, 4774) 5600.0
(9976, 9977, 9978) 4816.0
(2843, 2844, 2845) 4946.0
(718, 719, 720) 5444.0
(2123, 2124, 2125) 5168.0
(6442, 6443, 6444) 5524.0
(8787, 8788, 8789) 5210.0
(3132, 3133, 3134) 5537.0
(7775, 7776, 7777) 4861.0
(2292, 2293, 2294) 5103.0
(8931, 8932, 8933) 4601.0
(5808, 5809, 5810) 5387.0
(4056, 4057, 4058) 4581.0
(7292, 7293, 7294) 4655.0
(2188, 2189, 2190) 5508.0
(2732, 2733, 2734) 5401.0
(5534, 5535, 5536) 4528.0
(1674, 1675, 1676) 5277.0
(2622, 2623, 2624) 5236.0
(262, 263, 264) 5209.0
(7741, 7742, 7743) 4195.0
(1543, 1544, 1545) 4625.0
(7473, 7474, 7475) 4549.0
(6232, 6233, 6234) 4461.0
(6532, 6533, 6534) 4779.0
(25, 26, 27) 5570.0
(9615, 9616, 9617) 4286.0
(3221, 3222, 3223) 5532.0
(594, 595, 596) 5732.0
(21, 22, 23) 4592.0
(2611, 2612, 2613) 4757.0
(8375, 8376, 8377) 5605.0
(4201, 4202, 4203) 4824.0
(4778, 4779, 4780) 5704.0
(2510, 2511, 2512) 5059.0
(964, 965, 966) 4878.0
(2274, 2275, 2276) 4868.0
(1667, 1668, 1669) 5021.0
(2290, 2291, 2292) 6548.0
(3221, 3222, 3223) 5532.0
(8363, 8364, 8365) 5027.0
(531, 532, 533) 5289.0
(2034, 2035, 2036) 5073.0
(5616, 5617, 5618) 5690.0
(4875, 4876, 4877) 4518.0
(4706, 4707, 4708) 4863.0
(5460, 5461, 5462) 4587.0
(4112, 4113, 4114) 4774.0
(4718, 4719, 4720) 5694.0
(4859, 4860, 4861) 5245.0
(2250, 2251, 2252) 5009.0
(8613, 8614, 8615) 5198.0
(6720, 6721, 6722) 5014.0
(5984, 5985, 5986) 4979.0
(7557, 7558, 7559) 4436.0
(2581, 2582, 2583) 4898.0
(1146, 1147, 1148) 5508.0
(6165, 6166, 6167) 4442.0
(7737, 7738, 7739) 5985.0
(4660, 4661, 4662) 5251.0
(2495, 2496, 2497) 6058.0
(1668, 1669, 1670) 5083.0
(2370, 2371, 2372) 5169.0
(1614, 1615, 1616) 5497.0
(4051, 4052, 4053) 5108.0
(471, 472, 473) 4798.0
(3958, 3959, 3960) 4602.0
(5092, 5093, 5094) 4346.0
(4222, 4223, 4224) 4830.0
(8584, 8585, 8586) 5766.0
(144, 145, 146) 4854.0
(6611, 6612, 6613) 5113.0
(9345, 9346, 9347) 4603.0
(360, 361, 362) 5472.0
