(9817, 9818, 9819) 5754.0
(9380, 9381, 9382) 5289.0
(3493, 3494, 3495) 4650.0
(5610, 5611, 5612) 4594.0
(1061, 1062, 1063) 5641.0
(5414, 5415, 5416) 5376.0
(9891, 9892, 9893) 5714.0
(9051, 9052, 9053) 5064.0
(6649, 6650, 6651) 5296.0
(1462, 1463, 1464) 4894.0
(5203, 5204, 5205) 5748.0
(4082, 4083, 4084) 4693.0
(9594, 9595, 9596) 4583.0
(5882, 5883, 5884) 4649.0
(5474, 5475, 5476) 5140.0
(930, 931, 932) 5856.0
(887, 888, 889) 5969.0
(7491, 7492, 7493) 4972.0
(3710, 3711, 3712) 6027.0
(8668, 8669, 8670) 4498.0
(3657, 3658, 3659) 5800.0
(4006, 4007, 4008) 4810.0
(2244, 2245, 2246) 4637.0
(4733, 4734, 4735) 6109.0
(3994, 3995, 3996) 5307.0
(4964, 4965, 4966) 5349.0
(1705, 1706, 1707) 5417.0
(2567, 2568, 2569) 5895.0
(7259, 7260, 7261) 6097.0
(2144, 2145, 2146) 5574.0
(1850, 1851, 1852) 5708.0
(8225, 8226, 8227) 5872.0
(1874, 1875, 1876) 5762.0
(7956, 7957, 7958) 5888.0
(1961, 1962, 1963) 5564.0
(2144, 2145, 2146) 5574.0
(2601, 2602, 2603) 6699.0
(867, 868, 869) 6448.0
(3343, 3344, 3345) 5077.0
(9222, 9223, 9224) 5957.0
(5433, 5434, 5435) 4979.0
(6202, 6203, 6204) 5064.0
(4332, 4333, 4334) 4870.0
(9205, 9206, 9207) 5307.0
(5632, 5633, 5634) 5513.0
(2184, 2185, 2186) 5474.0
(3320, 3321, 3322) 5324.0
(9929, 9930, 9931) 5434.0
(8727, 8728, 8729) 5579.0
(9294, 9295, 9296) 5006.0
(1528, 1529, 1530) 4672.0
(9794, 9795, 9796) 5490.0
(8001, 8002, 8003) 5002.0
(1546, 1547, 1548) 4642.0
(4403, 4404, 4405) 5403.0
(705, 706, 707) 4699.0
(8753, 8754, 8755) 4782.0
(8530, 8531, 8532) 5153.0
(2111, 2112, 2113) 5123.0
(8657, 8658, 8659) 5287.0
(5313, 5314, 5315) 4820.0
(4707, 4708, 4709) 5238.0
(4304, 4305, 4306) 5197.0
(3761, 3762, 3763) 5054.0
(4461, 4462, 4463) 5619.0
(5394, 5395, 5396) 5409.0
(3611, 3612, 3613) 4770.0
(3310, 3311, 3312) 5799.0
(8041, 8042, 8043) 5638.0
(754, 755, 756) 5174.0
(5567, 5568, 5569) 4874.0
(2708, 2709, 2710) 5389.0
(5577, 5578, 5579) 5339.0
(6980, 6981, 6982) 6041.0
(8792, 8793, 8794) 5292.0
(6427, 6428, 6429) 5265.0
(998, 999, 1000) 4709.0
(1757, 1758, 1759) 4695.0
(3493, 3494, 3495) 4650.0
(7984, 7985, 7986) 4660.0
(3909, 3910, 3911) 4629.0
(7696, 7697, 7698) 4994.0
(7609, 7610, 7611) 6155.0
(8038, 8039, 8040) 5098.0
(7655, 7656, 7657) 4900.0
(9890, 9891, 9892) 4775.0
(2631, 2632, 2633) 5863.0
(8818, 8819, 8820) 5006.0
(3565, 3566, 3567) 6066.0
(7940, 7941, 7942) 4988.0
(7659, 7660, 7661) 4593.0
(192, 193, 194) 6343.0
(5737, 5738, 5739) 6160.0
(7014, 7015, 7016) 6034.0
(1720, 1721, 1722) 4438.0
(7628, 7629, 7630) 4940.0
(8448, 8449, 8450) 5042.0
(1226, 1227, 1228) 5618.0
(1010, 1011, 1012) 5004.0
(3698, 3699, 3700) 5091.0
(5267, 5268, 5269) 4778.0
