(2399, 2400, 2401) 5370.0
(172, 173, 174) 4849.0
(149, 150, 151) 5462.0
(5487, 5488, 5489) 5441.0
(6376, 6377, 6378) 4997.0
(8278, 8279, 8280) 5794.0
(3002, 3003, 3004) 4478.0
(3169, 3170, 3171) 5626.0
(6174, 6175, 6176) 5115.0
(1707, 1708, 1709) 4541.0
(2134, 2135, 2136) 6905.0
(8317, 8318, 8319) 5712.0
(8419, 8420, 8421) 5056.0
(822, 823, 824) 5787.0
(5127, 5128, 5129) 5645.0
(8120, 8121, 8122) 5410.0
(3921, 3922, 3923) 5706.0
(1186, 1187, 1188) 5532.0
(8316, 8317, 8318) 5730.0
(5653, 5654, 5655) 5186.0
(2026, 2027, 2028) 5368.0
(187, 188, 189) 4602.0
(8997, 8998, 8999) 5958.0
(3203, 3204, 3205) 4266.0
(597, 598, 599) 4834.0
(8487, 8488, 8489) 5721.0
(2529, 2530, 2531) 6178.0
(4605, 4606, 4607) 5249.0
(583, 584, 585) 4935.0
(536, 537, 538) 5860.0
(4303, 4304, 4305) 5493.0
(1231, 1232, 1233) 5375.0
(1228, 1229, 1230) 5174.0
(6264, 6265, 6266) 4941.0
(5929, 5930, 5931) 5119.0
(5766, 5767, 5768) 5071.0
(682, 683, 684) 5097.0
(588, 589, 590) 5730.0
(3248, 3249, 3250) 5393.0
(4010, 4011, 4012) 4849.0
(1506, 1507, 1508) 5727.0
(4149, 4150, 4151) 5012.0
(8776, 8777, 8778) 5997.0
(7728, 7729, 7730) 5132.0
(4494, 4495, 4496) 5560.0
(9006, 9007, 9008) 4925.0
(85, 86, 87) 5560.0
(6677, 6678, 6679) 5024.0
(7254, 7255, 7256) 5108.0
(6698, 6699, 6700) 5066.0
(7048, 7049, 7050) 5580.0
(4159, 4160, 4161) 5099.0
(5551, 5552, 5553) 5675.0
(3642, 3643, 3644) 4744.0
(6392, 6393, 6394) 6552.0
(9682, 9683, 9684) 5344.0
(994, 995, 996) 5331.0
(2835, 2836, 2837) 5296.0
(8980, 8981, 8982) 4542.0
(8053, 8054, 8055) 5668.0
(9040, 9041, 9042) 4601.0
(4665, 4666, 4667) 5666.0
(5601, 5602, 5603) 5059.0
(620, 621, 622) 4924.0
(3389, 3390, 3391) 5223.0
(9521, 9522, 9523) 4273.0
(5050, 5051, 5052) 5094.0
(4207, 4208, 4209) 4566.0
(8389, 8390, 8391) 4503.0
(3219, 3220, 3221) 5460.0
(9840, 9841, 9842) 4651.0
(6066, 6067, 6068) 5210.0
(434, 435, 436) 5643.0
(3933, 3934, 3935) 4748.0
(4306, 4307, 4308) 4763.0
(3480, 3481, 3482) 5409.0
(9696, 9697, 9698) 5066.0
(1724, 1725, 1726) 5859.0
(9851, 9852, 9853) 4465.0
(341, 342, 343) 6008.0
(4881, 4882, 4883) 5000.0
(4719, 4720, 4721) 4666.0
(1735, 1736, 1737) 5015.0
(2814, 2815, 2816) 5803.0
(1906, 1907, 1908) 5264.0
(1872, 1873, 1874) 4963.0
(7325, 7326, 7327) 4568.0
(1081, 1082, 1083) 5065.0
(2856, 2857, 2858) 5349.0
(1843, 1844, 1845) 5051.0
(6939, 6940, 6941) 5123.0
(433, 434, 435) 6202.0
(2999, 3000, 3001) 5846.0
(2576, 2577, 2578) 5439.0
(2518, 2519, 2520) 5960.0
(9433, 9434, 9435) 6209.0
(569, 570, 571) 5225.0
(2967, 2968, 2969) 5520.0
(5686, 5687, 5688) 5634.0
(4051, 4052, 4053) 5381.0
(1005, 1006, 1007) 4832.0
