(5670, 5671, 5672) 5303.0
(48, 49, 50) 5434.0
(2196, 2197, 2198) 5566.0
(8849, 8850, 8851) 5508.0
(9259, 9260, 9261) 5795.0
(5109, 5110, 5111) 5551.0
(3455, 3456, 3457) 5636.0
(966, 967, 968) 4782.0
(6361, 6362, 6363) 5804.0
(2040, 2041, 2042) 5532.0
(6416, 6417, 6418) 4917.0
(8729, 8730, 8731) 5230.0
(5845, 5846, 5847) 5603.0
(9161, 9162, 9163) 4898.0
(3697, 3698, 3699) 5280.0
(7122, 7123, 7124) 4848.0
(3879, 3880, 3881) 4833.0
(485, 486, 487) 5890.0
(2070, 2071, 2072) 5041.0
(1272, 1273, 1274) 5668.0
(5723, 5724, 5725) 5277.0
(531, 532, 533) 5781.0
(1612, 1613, 1614) 7160.0
(8428, 8429, 8430) 5498.0
(3482, 3483, 3484) 4707.0
(4120, 4121, 4122) 5318.0
(602, 603, 604) 5306.0
(4141, 4142, 4143) 5501.0
(257, 258, 259) 5118.0
(87, 88, 89) 5346.0
(5306, 5307, 5308) 5652.0
(9096, 9097, 9098) 6325.0
(8763, 8764, 8765) 4286.0
(9355, 9356, 9357) 4870.0
(4321, 4322, 4323) 5496.0
(5116, 5117, 5118) 5183.0
(7951, 7952, 7953) 4654.0
(4613, 4614, 4615) 5784.0
(9111, 9112, 9113) 5745.0
(4773, 4774, 4775) 6168.0
(2188, 2189, 2190) 5584.0
(4012, 4013, 4014) 6303.0
(1502, 1503, 1504) 5181.0
(100, 101, 102) 5660.0
(720, 721, 722) 5494.0
(435, 436, 437) 4830.0
(7383, 7384, 7385) 5392.0
(7609, 7610, 7611) 6260.0
(2251, 2252, 2253) 4851.0
(5269, 5270, 5271) 4994.0
(4101, 4102, 4103) 5131.0
(9142, 9143, 9144) 5253.0
(3202, 3203, 3204) 6042.0
(399, 400, 401) 5021.0
(5498, 5499, 5500) 5370.0
(6427, 6428, 6429) 5312.0
(19, 20, 21) 5074.0
(9648, 9649, 9650) 5651.0
(5087, 5088, 5089) 5375.0
(8083, 8084, 8085) 5568.0
(3392, 3393, 3394) 5358.0
(5097, 5098, 5099) 5139.0
(6802, 6803, 6804) 6054.0
(6460, 6461, 6462) 5251.0
(7003, 7004, 7005) 5150.0
(3942, 3943, 3944) 4927.0
(321, 322, 323) 5268.0
(1848, 1849, 1850) 5098.0
(1471, 1472, 1473) 5684.0
(4580, 4581, 4582) 6157.0
(9155, 9156, 9157) 5024.0
(9707, 9708, 9709) 5162.0
(606, 607, 608) 4299.0
(3723, 3724, 3725) 5390.0
(3178, 3179, 3180) 4869.0
(9698, 9699, 9700) 4902.0
(8901, 8902, 8903) 5121.0
(1275, 1276, 1277) 4957.0
(3178, 3179, 3180) 4869.0
(4089, 4090, 4091) 5111.0
(272, 273, 274) 4838.0
(1986, 1987, 1988) 5493.0
(2122, 2123, 2124) 5170.0
(2994, 2995, 2996) 4952.0
(4446, 4447, 4448) 5284.0
(8889, 8890, 8891) 5041.0
(601, 602, 603) 5440.0
(4359, 4360, 4361) 5276.0
(4852, 4853, 4854) 5155.0
(2160, 2161, 2162) 5410.0
(1096, 1097, 1098) 5157.0
(29, 30, 31) 5623.0
(882, 883, 884) 4635.0
(8710, 8711, 8712) 5262.0
(351, 352, 353) 5089.0
(5283, 5284, 5285) 4822.0
(7666, 7667, 7668) 4919.0
(7348, 7349, 7350) 5362.0
(6650, 6651, 6652) 5078.0
(6249, 6250, 6251) 5611.0
(8044, 8045, 8046) 4552.0
