(1761, 1762, 1763) 5240.0
(7675, 7676, 7677) 4979.0
(6915, 6916, 6917) 5222.0
(8940, 8941, 8942) 5602.0
(7836, 7837, 7838) 6002.0
(65, 66, 67) 5378.0
(2326, 2327, 2328) 4997.0
(9102, 9103, 9104) 4662.0
(1173, 1174, 1175) 4522.0
(7731, 7732, 7733) 5164.0
(1830, 1831, 1832) 6054.0
(4076, 4077, 4078) 4988.0
(4103, 4104, 4105) 5417.0
(8476, 8477, 8478) 5611.0
(1127, 1128, 1129) 5042.0
(7168, 7169, 7170) 5479.0
(3336, 3337, 3338) 5107.0
(1939, 1940, 1941) 6446.0
(7134, 7135, 7136) 4906.0
(585, 586, 587) 5443.0
(2678, 2679, 2680) 5623.0
(5071, 5072, 5073) 5722.0
(2212, 2213, 2214) 5461.0
(1470, 1471, 1472) 4941.0
(3955, 3956, 3957) 5355.0
(774, 775, 776) 6270.0
(8510, 8511, 8512) 6262.0
(7335, 7336, 7337) 5432.0
(1118, 1119, 1120) 5594.0
(1440, 1441, 1442) 5497.0
(629, 630, 631) 5450.0
(4416, 4417, 4418) 5173.0
(8883, 8884, 8885) 5195.0
(6264, 6265, 6266) 5189.0
(3761, 3762, 3763) 5184.0
(2890, 2891, 2892) 5251.0
(325, 326, 327) 4995.0
(849, 850, 851) 4941.0
(1492, 1493, 1494) 6152.0
(452, 453, 454) 5553.0
(8182, 8183, 8184) 5133.0
(2779, 2780, 2781) 5319.0
(5065, 5066, 5067) 5741.0
(6825, 6826, 6827) 4621.0
(2422, 2423, 2424) 6119.0
(4199, 4200, 4201) 4915.0
(7168, 7169, 7170) 5479.0
(1863, 1864, 1865) 5198.0
(1854, 1855, 1856) 4720.0
(5910, 5911, 5912) 5474.0
(9818, 9819, 9820) 5491.0
(5239, 5240, 5241) 5797.0
(5728, 5729, 5730) 5286.0
(9258, 9259, 9260) 6084.0
(1460, 1461, 1462) 4750.0
(8474, 8475, 8476) 5457.0
(5419, 5420, 5421) 5581.0
(9778, 9779, 9780) 5607.0
(3391, 3392, 3393) 5068.0
(1543, 1544, 1545) 4787.0
(6610, 6611, 6612) 5209.0
(3501, 3502, 3503) 5358.0
(1384, 1385, 1386) 4740.0
(8440, 8441, 8442) 6209.0
(8407, 8408, 8409) 4709.0
(1116, 1117, 1118) 5276.0
(2486, 2487, 2488) 5362.0
(2319, 2320, 2321) 5226.0
(7409, 7410, 7411) 4885.0
(3320, 3321, 3322) 5427.0
(3334, 3335, 3336) 5075.0
(539, 540, 541) 5755.0
(787, 788, 789) 5389.0
(4779, 4780, 4781) 5657.0
(9499, 9500, 9501) 5294.0
(2455, 2456, 2457) 6406.0
(5518, 5519, 5520) 5777.0
(6720, 6721, 6722) 5249.0
(655, 656, 657) 5939.0
(9767, 9768, 9769) 5378.0
(790, 791, 792) 4924.0
(799, 800, 801) 6001.0
(5934, 5935, 5936) 6066.0
(5450, 5451, 5452) 5481.0
(4769, 4770, 4771) 5750.0
(5954, 5955, 5956) 5448.0
(438, 439, 440) 4968.0
(1135, 1136, 1137) 5405.0
(649, 650, 651) 5753.0
(6914, 6915, 6916) 5451.0
(9584, 9585, 9586) 5567.0
(6926, 6927, 6928) 5003.0
(7845, 7846, 7847) 5265.0
(217, 218, 219) 5400.0
(6897, 6898, 6899) 6148.0
(8851, 8852, 8853) 5409.0
(1409, 1410, 1411) 4961.0
(2712, 2713, 2714) 4849.0
(1973, 1974, 1975) 5254.0
(5803, 5804, 5805) 5805.0
(2587, 2588, 2589) 5954.0
