(7709, 7710, 7711) 5545.0
(8813, 8814, 8815) 6812.0
(4575, 4576, 4577) 5177.0
(4446, 4447, 4448) 5302.0
(3416, 3417, 3418) 5136.0
(145, 146, 147) 5405.0
(7316, 7317, 7318) 4929.0
(5461, 5462, 5463) 5287.0
(1953, 1954, 1955) 5722.0
(4898, 4899, 4900) 5244.0
(663, 664, 665) 5067.0
(1448, 1449, 1450) 5626.0
(23, 24, 25) 5489.0
(6306, 6307, 6308) 5589.0
(2966, 2967, 2968) 5530.0
(8446, 8447, 8448) 6306.0
(8076, 8077, 8078) 5144.0
(1987, 1988, 1989) 5559.0
(2388, 2389, 2390) 5516.0
(4990, 4991, 4992) 4697.0
(6666, 6667, 6668) 5396.0
(7907, 7908, 7909) 5695.0
(1773, 1774, 1775) 5609.0
(9675, 9676, 9677) 5209.0
(7217, 7218, 7219) 5599.0
(4724, 4725, 4726) 6685.0
(5243, 5244, 5245) 5139.0
(5355, 5356, 5357) 5394.0
(3793, 3794, 3795) 5516.0
(8175, 8176, 8177) 4751.0
(6366, 6367, 6368) 4873.0
(2714, 2715, 2716) 5814.0
(4502, 4503, 4504) 5544.0
(9614, 9615, 9616) 6148.0
(3669, 3670, 3671) 4979.0
(4007, 4008, 4009) 5025.0
(1186, 1187, 1188) 5773.0
(4028, 4029, 4030) 5905.0
(1221, 1222, 1223) 6125.0
(8219, 8220, 8221) 5222.0
(9020, 9021, 9022) 4687.0
(42, 43, 44) 5132.0
(9770, 9771, 9772) 5617.0
(4918, 4919, 4920) 5847.0
(1332, 1333, 1334) 5223.0
(1357, 1358, 1359) 5610.0
(2950, 2951, 2952) 6206.0
(4301, 4302, 4303) 5573.0
(3516, 3517, 3518) 7471.0
(8037, 8038, 8039) 6020.0
(7218, 7219, 7220) 5084.0
(2184, 2185, 2186) 5784.0
(1417, 1418, 1419) 4717.0
(6769, 6770, 6771) 4851.0
(6212, 6213, 6214) 5391.0
(71, 72, 73) 5973.0
(1999, 2000, 2001) 6272.0
(8706, 8707, 8708) 5897.0
(1614, 1615, 1616) 6085.0
(9909, 9910, 9911) 5656.0
(2531, 2532, 2533) 5138.0
(4527, 4528, 4529) 4911.0
(880, 881, 882) 6087.0
(6340, 6341, 6342) 6622.0
(1536, 1537, 1538) 4976.0
(4485, 4486, 4487) 6501.0
(9331, 9332, 9333) 6051.0
(3507, 3508, 3509) 4684.0
(1777, 1778, 1779) 5604.0
(1970, 1971, 1972) 5164.0
(6856, 6857, 6858) 5046.0
(4911, 4912, 4913) 4795.0
(1775, 1776, 1777) 5298.0
(3126, 3127, 3128) 4759.0
(5974, 5975, 5976) 5662.0
(6399, 6400, 6401) 4789.0
(2444, 2445, 2446) 6267.0
(1081, 1082, 1083) 5207.0
(5289, 5290, 5291) 5305.0
(1259, 1260, 1261) 5162.0
(748, 749, 750) 4954.0
(2880, 2881, 2882) 5049.0
(2997, 2998, 2999) 5446.0
(733, 734, 735) 5005.0
(7779, 7780, 7781) 5361.0
(2058, 2059, 2060) 5675.0
(8757, 8758, 8759) 4780.0
(4906, 4907, 4908) 4748.0
(1512, 1513, 1514) 5112.0
(6790, 6791, 6792) 5038.0
(9148, 9149, 9150) 5808.0
(2029, 2030, 2031) 5864.0
(8020, 8021, 8022) 5609.0
(5927, 5928, 5929) 5356.0
(1746, 1747, 1748) 5645.0
(3686, 3687, 3688) 4944.0
(5445, 5446, 5447) 5142.0
(9169, 9170, 9171) 5650.0
(5960, 5961, 5962) 6137.0
(3769, 3770, 3771) 5387.0
(6170, 6171, 6172) 5169.0
