(4543, 4544, 4545) 5431.0
(1754, 1755, 1756) 7448.0
(4511, 4512, 4513) 5816.0
(9019, 9020, 9021) 5569.0
(8846, 8847, 8848) 5223.0
(3225, 3226, 3227) 5287.0
(7235, 7236, 7237) 5333.0
(7922, 7923, 7924) 6015.0
(453, 454, 455) 5881.0
(4393, 4394, 4395) 4905.0
(2271, 2272, 2273) 5554.0
(3438, 3439, 3440) 5394.0
(6315, 6316, 6317) 5268.0
(8757, 8758, 8759) 4837.0
(9514, 9515, 9516) 6263.0
(4358, 4359, 4360) 5043.0
(5498, 5499, 5500) 5419.0
(492, 493, 494) 6080.0
(2163, 2164, 2165) 5123.0
(111, 112, 113) 6937.0
(9204, 9205, 9206) 5699.0
(9700, 9701, 9702) 4757.0
(5425, 5426, 5427) 4938.0
(8414, 8415, 8416) 5912.0
(9896, 9897, 9898) 4803.0
(4583, 4584, 4585) 4824.0
(6915, 6916, 6917) 5312.0
(5128, 5129, 5130) 5480.0
(6764, 6765, 6766) 4876.0
(2002, 2003, 2004) 5046.0
(7696, 7697, 7698) 5696.0
(4549, 4550, 4551) 5413.0
(329, 330, 331) 5749.0
(5777, 5778, 5779) 5843.0
(3339, 3340, 3341) 5041.0
(2757, 2758, 2759) 5260.0
(976, 977, 978) 4875.0
(3157, 3158, 3159) 5454.0
(3234, 3235, 3236) 5637.0
(2711, 2712, 2713) 5419.0
(7948, 7949, 7950) 5264.0
(9220, 9221, 9222) 5815.0
(7371, 7372, 7373) 5401.0
(6428, 6429, 6430) 4568.0
(7487, 7488, 7489) 5629.0
(5677, 5678, 5679) 7085.0
(7975, 7976, 7977) 4815.0
(6534, 6535, 6536) 5339.0
(8504, 8505, 8506) 6105.0
(4590, 4591, 4592) 5486.0
(5006, 5007, 5008) 5298.0
(358, 359, 360) 6067.0
(9994, 9995, 9996) 5489.0
(5354, 5355, 5356) 4950.0
(2114, 2115, 2116) 5559.0
(5324, 5325, 5326) 5720.0
(1907, 1908, 1909) 6146.0
(9313, 9314, 9315) 5681.0
(5785, 5786, 5787) 4772.0
(6650, 6651, 6652) 5195.0
(7218, 7219, 7220) 5160.0
(5053, 5054, 5055) 5696.0
(6841, 6842, 6843) 4693.0
(7472, 7473, 7474) 5500.0
(3169, 3170, 3171) 5833.0
(5674, 5675, 5676) 4790.0
(2277, 2278, 2279) 5686.0
(2015, 2016, 2017) 5562.0
(2043, 2044, 2045) 6116.0
(3813, 3814, 3815) 5211.0
(267, 268, 269) 5662.0
(1123, 1124, 1125) 5313.0
(2400, 2401, 2402) 5560.0
(273, 274, 275) 5194.0
(4613, 4614, 4615) 5888.0
(66, 67, 68) 5675.0
(7848, 7849, 7850) 5555.0
(4452, 4453, 4454) 4888.0
(5988, 5989, 5990) 5140.0
(7502, 7503, 7504) 5483.0
(5179, 5180, 5181) 5435.0
(4299, 4300, 4301) 5491.0
(9776, 9777, 9778) 5233.0
(9992, 9993, 9994) 5041.0
(3675, 3676, 3677) 5267.0
(3218, 3219, 3220) 7047.0
(6107, 6108, 6109) 6061.0
(1345, 1346, 1347) 5052.0
(1968, 1969, 1970) 6058.0
(9926, 9927, 9928) 5456.0
(956, 957, 958) 5448.0
(5391, 5392, 5393) 5236.0
(9168, 9169, 9170) 5456.0
(2192, 2193, 2194) 5427.0
(65, 66, 67) 5632.0
(4318, 4319, 4320) 5418.0
(3640, 3641, 3642) 5867.0
(8321, 8322, 8323) 4683.0
(6167, 6168, 6169) 5310.0
(1218, 1219, 1220) 5055.0
(1884, 1885, 1886) 5683.0
