(5920, 5921, 5922) 5775.0
(8399, 8400, 8401) 5786.0
(3437, 3438, 3439) 5556.0
(736, 737, 738) 5300.0
(6796, 6797, 6798) 5499.0
(6122, 6123, 6124) 4796.0
(498, 499, 500) 5314.0
(360, 361, 362) 5916.0
(6884, 6885, 6886) 5190.0
(1641, 1642, 1643) 4852.0
(8588, 8589, 8590) 6384.0
(7160, 7161, 7162) 5592.0
(9901, 9902, 9903) 5202.0
(4608, 4609, 4610) 6199.0
(3733, 3734, 3735) 5652.0
(3092, 3093, 3094) 5458.0
(192, 193, 194) 6670.0
(4549, 4550, 4551) 5558.0
(3986, 3987, 3988) 6093.0
(7376, 7377, 7378) 5263.0
(5440, 5441, 5442) 6884.0
(810, 811, 812) 5603.0
(8090, 8091, 8092) 5013.0
(8158, 8159, 8160) 5801.0
(1470, 1471, 1472) 5196.0
(2896, 2897, 2898) 5768.0
(9316, 9317, 9318) 5823.0
(132, 133, 134) 5985.0
(9206, 9207, 9208) 6052.0
(9682, 9683, 9684) 5661.0
(3976, 3977, 3978) 5789.0
(5049, 5050, 5051) 4725.0
(8606, 8607, 8608) 6041.0
(1884, 1885, 1886) 5855.0
(9285, 9286, 9287) 4959.0
(9942, 9943, 9944) 5415.0
(900, 901, 902) 4786.0
(7713, 7714, 7715) 5604.0
(3569, 3570, 3571) 5454.0
(7037, 7038, 7039) 5565.0
(8641, 8642, 8643) 5700.0
(3890, 3891, 3892) 5361.0
(6537, 6538, 6539) 5693.0
(1642, 1643, 1644) 5885.0
(2376, 2377, 2378) 7211.0
(7922, 7923, 7924) 5971.0
(2388, 2389, 2390) 5635.0
(5367, 5368, 5369) 5697.0
(3413, 3414, 3415) 6244.0
(8854, 8855, 8856) 5466.0
(9676, 9677, 9678) 5309.0
(4848, 4849, 4850) 5574.0
(7908, 7909, 7910) 6051.0
(6749, 6750, 6751) 5736.0
(6802, 6803, 6804) 6668.0
(421, 422, 423) 5510.0
(8671, 8672, 8673) 6386.0
(2297, 2298, 2299) 5267.0
(2801, 2802, 2803) 6175.0
(1168, 1169, 1170) 5483.0
(185, 186, 187) 5987.0
(5180, 5181, 5182) 5636.0
(7287, 7288, 7289) 6108.0
(4644, 4645, 4646) 5976.0
(5901, 5902, 5903) 5419.0
(413, 414, 415) 5297.0
(338, 339, 340) 5300.0
(1889, 1890, 1891) 6627.0
(8728, 8729, 8730) 5372.0
(8286, 8287, 8288) 5296.0
(4742, 4743, 4744) 5743.0
(8156, 8157, 8158) 6209.0
(5260, 5261, 5262) 5490.0
(8719, 8720, 8721) 5259.0
(1597, 1598, 1599) 6236.0
(2123, 2124, 2125) 5750.0
(3774, 3775, 3776) 5581.0
(8152, 8153, 8154) 5812.0
(9031, 9032, 9033) 6466.0
(8902, 8903, 8904) 5313.0
(7321, 7322, 7323) 5229.0
(1482, 1483, 1484) 6723.0
(1412, 1413, 1414) 5042.0
(3524, 3525, 3526) 5024.0
(642, 643, 644) 5579.0
(426, 427, 428) 6385.0
(7324, 7325, 7326) 5370.0
(2706, 2707, 2708) 5060.0
(2174, 2175, 2176) 5380.0
(7172, 7173, 7174) 4823.0
(2967, 2968, 2969) 5895.0
(4655, 4656, 4657) 5312.0
(8299, 8300, 8301) 5485.0
(2769, 2770, 2771) 5535.0
(9270, 9271, 9272) 6121.0
(1974, 1975, 1976) 5486.0
(8159, 8160, 8161) 5949.0
(9028, 9029, 9030) 5828.0
(3856, 3857, 3858) 5543.0
(7875, 7876, 7877) 5135.0
(9961, 9962, 9963) 5627.0
