(2087, 2088, 2089) 506.0
(9079, 9080, 9081) 486.0
(2573, 2574, 2575) 447.0
(3519, 3520, 3521) 466.0
(4779, 4780, 4781) 598.0
(6312, 6313, 6314) 472.0
(7357, 7358, 7359) 606.0
(303, 304, 305) 509.0
(5939, 5940, 5941) 438.0
(4433, 4434, 4435) 592.0
(5948, 5949, 5950) 597.0
(2606, 2607, 2608) 496.0
(5068, 5069, 5070) 488.0
(6681, 6682, 6683) 501.0
(2741, 2742, 2743) 387.0
(2110, 2111, 2112) 512.0
(654, 655, 656) 570.0
(5094, 5095, 5096) 466.0
(5118, 5119, 5120) 533.0
(9053, 9054, 9055) 499.0
(7239, 7240, 7241) 822.0
(5918, 5919, 5920) 448.0
(4346, 4347, 4348) 518.0
(9351, 9352, 9353) 507.0
(1790, 1791, 1792) 556.0
(3356, 3357, 3358) 418.0
(7491, 7492, 7493) 505.0
(6992, 6993, 6994) 657.0
(782, 783, 784) 367.0
(5063, 5064, 5065) 720.0
(9259, 9260, 9261) 504.0
(2235, 2236, 2237) 594.0
(6133, 6134, 6135) 433.0
(8310, 8311, 8312) 527.0
(2445, 2446, 2447) 542.0
(1242, 1243, 1244) 541.0
(4807, 4808, 4809) 501.0
(6618, 6619, 6620) 559.0
(300, 301, 302) 412.0
(7225, 7226, 7227) 568.0
(5186, 5187, 5188) 604.0
(3399, 3400, 3401) 626.0
(7911, 7912, 7913) 533.0
(7300, 7301, 7302) 804.0
(656, 657, 658) 445.0
(318, 319, 320) 512.0
(3113, 3114, 3115) 510.0
(3031, 3032, 3033) 609.0
(2188, 2189, 2190) 533.0
(4819, 4820, 4821) 642.0
(4978, 4979, 4980) 499.0
(4728, 4729, 4730) 640.0
(3248, 3249, 3250) 443.0
(3507, 3508, 3509) 400.0
(4947, 4948, 4949) 666.0
(7654, 7655, 7656) 613.0
(9618, 9619, 9620) 496.0
(3149, 3150, 3151) 391.0
(5220, 5221, 5222) 379.0
(2647, 2648, 2649) 575.0
(6707, 6708, 6709) 679.0
(8037, 8038, 8039) 390.0
(2148, 2149, 2150) 472.0
(6404, 6405, 6406) 449.0
(1484, 1485, 1486) 425.0
(7637, 7638, 7639) 528.0
(3904, 3905, 3906) 387.0
(7215, 7216, 7217) 401.0
(1565, 1566, 1567) 453.0
(7317, 7318, 7319) 496.0
(6041, 6042, 6043) 506.0
(628, 629, 630) 644.0
(3366, 3367, 3368) 559.0
(2702, 2703, 2704) 543.0
(9769, 9770, 9771) 625.0
(932, 933, 934) 418.0
(1621, 1622, 1623) 530.0
(6815, 6816, 6817) 479.0
(6779, 6780, 6781) 668.0
(4269, 4270, 4271) 588.0
(1538, 1539, 1540) 423.0
(4370, 4371, 4372) 395.0
(3237, 3238, 3239) 439.0
(9662, 9663, 9664) 541.0
(899, 900, 901) 428.0
(3079, 3080, 3081) 592.0
(5639, 5640, 5641) 405.0
(529, 530, 531) 724.0
(8623, 8624, 8625) 552.0
(5777, 5778, 5779) 417.0
(6811, 6812, 6813) 703.0
(2467, 2468, 2469) 604.0
(1682, 1683, 1684) 415.0
(5916, 5917, 5918) 1084.0
(8650, 8651, 8652) 450.0
(4297, 4298, 4299) 695.0
(9328, 9329, 9330) 637.0
(1898, 1899, 1900) 456.0
(546, 547, 548) 696.0
(5178, 5179, 5180) 682.0
(5946, 5947, 5948) 709.0
