(1584, 1585, 1586) 6291.0
(5895, 5896, 5897) 5338.0
(3977, 3978, 3979) 5351.0
(5852, 5853, 5854) 5132.0
(2817, 2818, 2819) 5302.0
(9553, 9554, 9555) 4757.0
(3592, 3593, 3594) 7857.0
(5520, 5521, 5522) 5691.0
(6823, 6824, 6825) 5312.0
(1122, 1123, 1124) 5525.0
(7705, 7706, 7707) 5689.0
(6392, 6393, 6394) 7212.0
(9535, 9536, 9537) 5689.0
(5545, 5546, 5547) 5513.0
(7793, 7794, 7795) 5438.0
(8494, 8495, 8496) 5164.0
(2134, 2135, 2136) 7388.0
(7603, 7604, 7605) 5480.0
(4714, 4715, 4716) 5620.0
(1035, 1036, 1037) 6186.0
(2616, 2617, 2618) 4878.0
(1870, 1871, 1872) 5848.0
(9453, 9454, 9455) 5140.0
(7127, 7128, 7129) 6214.0
(8023, 8024, 8025) 6367.0
(1437, 1438, 1439) 6000.0
(7638, 7639, 7640) 5570.0
(4218, 4219, 4220) 5404.0
(1511, 1512, 1513) 5091.0
(4640, 4641, 4642) 4821.0
(536, 537, 538) 6049.0
(2232, 2233, 2234) 6203.0
(5918, 5919, 5920) 5163.0
(219, 220, 221) 5513.0
(808, 809, 810) 5554.0
(1702, 1703, 1704) 5698.0
(1099, 1100, 1101) 5508.0
(1935, 1936, 1937) 5317.0
(9736, 9737, 9738) 5614.0
(2273, 2274, 2275) 5255.0
(6676, 6677, 6678) 6204.0
(5232, 5233, 5234) 5869.0
(1453, 1454, 1455) 5554.0
(9165, 9166, 9167) 5279.0
(4374, 4375, 4376) 6018.0
(7020, 7021, 7022) 5753.0
(8444, 8445, 8446) 6015.0
(1496, 1497, 1498) 6144.0
(9715, 9716, 9717) 6370.0
(6221, 6222, 6223) 4877.0
(1876, 1877, 1878) 5229.0
(451, 452, 453) 5028.0
(844, 845, 846) 7130.0
(662, 663, 664) 5658.0
(2244, 2245, 2246) 5028.0
(8807, 8808, 8809) 5941.0
(2864, 2865, 2866) 5672.0
(9439, 9440, 9441) 6451.0
(3331, 3332, 3333) 5675.0
(3027, 3028, 3029) 6431.0
(5179, 5180, 5181) 5571.0
(5050, 5051, 5052) 5800.0
(9605, 9606, 9607) 5314.0
(9111, 9112, 9113) 6237.0
(8025, 8026, 8027) 6925.0
(845, 846, 847) 5586.0
(9453, 9454, 9455) 5140.0
(6863, 6864, 6865) 5961.0
(6946, 6947, 6948) 5787.0
(7809, 7810, 7811) 8175.0
(7999, 8000, 8001) 6542.0
(8628, 8629, 8630) 5775.0
(9745, 9746, 9747) 5573.0
(5610, 5611, 5612) 5074.0
(7312, 7313, 7314) 6274.0
(9987, 9988, 9989) 5489.0
(4864, 4865, 4866) 5442.0
(8421, 8422, 8423) 5372.0
(9124, 9125, 9126) 6255.0
(5888, 5889, 5890) 5249.0
(8547, 8548, 8549) 5679.0
(3220, 3221, 3222) 5091.0
(230, 231, 232) 6732.0
(8209, 8210, 8211) 6050.0
(199, 200, 201) 4997.0
(5648, 5649, 5650) 6580.0
(5937, 5938, 5939) 6207.0
(5375, 5376, 5377) 5059.0
(2029, 2030, 2031) 6206.0
(8351, 8352, 8353) 5510.0
(9153, 9154, 9155) 5907.0
(7382, 7383, 7384) 6029.0
(8288, 8289, 8290) 6315.0
(8675, 8676, 8677) 5591.0
(1193, 1194, 1195) 6228.0
(4515, 4516, 4517) 5429.0
(4026, 4027, 4028) 6005.0
(7610, 7611, 7612) 5181.0
(7933, 7934, 7935) 6599.0
(8633, 8634, 8635) 5479.0
(1843, 1844, 1845) 5630.0
