(1138, 1139, 1140) 5352.0
(4011, 4012, 4013) 5290.0
(8097, 8098, 8099) 4888.0
(8278, 8279, 8280) 6342.0
(3669, 3670, 3671) 5305.0
(8014, 8015, 8016) 6445.0
(4113, 4114, 4115) 4960.0
(4044, 4045, 4046) 5763.0
(531, 532, 533) 6284.0
(6571, 6572, 6573) 5167.0
(3485, 3486, 3487) 5459.0
(5274, 5275, 5276) 4995.0
(5547, 5548, 5549) 5915.0
(2251, 2252, 2253) 5598.0
(8648, 8649, 8650) 5529.0
(6032, 6033, 6034) 6322.0
(3122, 3123, 3124) 5123.0
(3379, 3380, 3381) 5829.0
(2577, 2578, 2579) 5274.0
(2490, 2491, 2492) 7261.0
(2251, 2252, 2253) 5598.0
(9997, 9998, 9999) 6093.0
(917, 918, 919) 5842.0
(122, 123, 124) 5584.0
(5261, 5262, 5263) 5098.0
(9058, 9059, 9060) 5227.0
(1619, 1620, 1621) 5605.0
(8741, 8742, 8743) 6211.0
(7723, 7724, 7725) 5158.0
(1377, 1378, 1379) 6458.0
(965, 966, 967) 5549.0
(9746, 9747, 9748) 5661.0
(7696, 7697, 7698) 5950.0
(938, 939, 940) 6077.0
(4808, 4809, 4810) 5271.0
(678, 679, 680) 5779.0
(4428, 4429, 4430) 5433.0
(6424, 6425, 6426) 5964.0
(5530, 5531, 5532) 6454.0
(3647, 3648, 3649) 5510.0
(4382, 4383, 4384) 5987.0
(8129, 8130, 8131) 5508.0
(4789, 4790, 4791) 5858.0
(8451, 8452, 8453) 6071.0
(2396, 2397, 2398) 6098.0
(3643, 3644, 3645) 5658.0
(2400, 2401, 2402) 5876.0
(6872, 6873, 6874) 5886.0
(34, 35, 36) 5971.0
(6582, 6583, 6584) 6509.0
(7214, 7215, 7216) 6436.0
(2657, 2658, 2659) 5493.0
(4599, 4600, 4601) 5569.0
(6184, 6185, 6186) 5549.0
(3955, 3956, 3957) 5681.0
(9176, 9177, 9178) 6089.0
(9850, 9851, 9852) 5663.0
(867, 868, 869) 7176.0
(1488, 1489, 1490) 5157.0
(8877, 8878, 8879) 5379.0
(9426, 9427, 9428) 5526.0
(991, 992, 993) 5691.0
(6395, 6396, 6397) 6336.0
(7947, 7948, 7949) 5476.0
(40, 41, 42) 6289.0
(2657, 2658, 2659) 5493.0
(9638, 9639, 9640) 6137.0
(1645, 1646, 1647) 5399.0
(6325, 6326, 6327) 5895.0
(5762, 5763, 5764) 5589.0
(7972, 7973, 7974) 5921.0
(2514, 2515, 2516) 5488.0
(9704, 9705, 9706) 5662.0
(9658, 9659, 9660) 5803.0
(6580, 6581, 6582) 5699.0
(5887, 5888, 5889) 5828.0
(8530, 8531, 8532) 5856.0
(2253, 2254, 2255) 5219.0
(4445, 4446, 4447) 5310.0
(8652, 8653, 8654) 6058.0
(3867, 3868, 3869) 5716.0
(528, 529, 530) 5612.0
(3986, 3987, 3988) 6083.0
(1801, 1802, 1803) 5755.0
(4742, 4743, 4744) 5834.0
(1976, 1977, 1978) 5281.0
(140, 141, 142) 5258.0
(3330, 3331, 3332) 5276.0
(2446, 2447, 2448) 5606.0
(5229, 5230, 5231) 6203.0
(3703, 3704, 3705) 5321.0
(3160, 3161, 3162) 5903.0
(8454, 8455, 8456) 5329.0
(7865, 7866, 7867) 5811.0
(5650, 5651, 5652) 5941.0
(8713, 8714, 8715) 5965.0
(4553, 4554, 4555) 5581.0
(7939, 7940, 7941) 5828.0
(3831, 3832, 3833) 5572.0
(6488, 6489, 6490) 5263.0
(6895, 6896, 6897) 5695.0
