(8278, 8279, 8280) 6307.0
(3045, 3046, 3047) 7039.0
(7054, 7055, 7056) 5985.0
(4340, 4341, 4342) 5499.0
(668, 669, 670) 5552.0
(7264, 7265, 7266) 5513.0
(6317, 6318, 6319) 5473.0
(8854, 8855, 8856) 5521.0
(6262, 6263, 6264) 5938.0
(62, 63, 64) 5444.0
(5433, 5434, 5435) 5711.0
(5775, 5776, 5777) 5390.0
(6624, 6625, 6626) 5968.0
(8866, 8867, 8868) 5805.0
(985, 986, 987) 6060.0
(8075, 8076, 8077) 5698.0
(9232, 9233, 9234) 7641.0
(7426, 7427, 7428) 5481.0
(1758, 1759, 1760) 5562.0
(47, 48, 49) 5411.0
(7328, 7329, 7330) 5604.0
(8479, 8480, 8481) 6317.0
(7554, 7555, 7556) 6805.0
(1391, 1392, 1393) 6001.0
(9501, 9502, 9503) 5686.0
(5350, 5351, 5352) 5490.0
(4165, 4166, 4167) 5619.0
(7455, 7456, 7457) 6398.0
(4176, 4177, 4178) 5708.0
(6991, 6992, 6993) 5889.0
(2885, 2886, 2887) 6093.0
(8112, 8113, 8114) 8548.0
(9500, 9501, 9502) 6539.0
(3276, 3277, 3278) 5445.0
(2445, 2446, 2447) 5533.0
(4377, 4378, 4379) 5687.0
(7829, 7830, 7831) 5849.0
(4565, 4566, 4567) 5559.0
(9537, 9538, 9539) 5516.0
(1461, 1462, 1463) 5859.0
(4677, 4678, 4679) 5523.0
(2887, 2888, 2889) 6710.0
(8330, 8331, 8332) 6456.0
(6549, 6550, 6551) 7310.0
(3818, 3819, 3820) 6122.0
(9333, 9334, 9335) 5647.0
(6352, 6353, 6354) 5670.0
(8637, 8638, 8639) 5867.0
(7203, 7204, 7205) 5535.0
(6466, 6467, 6468) 6222.0
(1331, 1332, 1333) 5012.0
(4700, 4701, 4702) 5324.0
(5934, 5935, 5936) 6289.0
(1758, 1759, 1760) 5562.0
(7, 8, 9) 6237.0
(4234, 4235, 4236) 5498.0
(6070, 6071, 6072) 5907.0
(8896, 8897, 8898) 5305.0
(6429, 6430, 6431) 5818.0
(214, 215, 216) 5391.0
(8694, 8695, 8696) 5292.0
(2364, 2365, 2366) 6020.0
(5115, 5116, 5117) 5807.0
(8374, 8375, 8376) 5575.0
(9165, 9166, 9167) 5411.0
(4311, 4312, 4313) 5421.0
(4361, 4362, 4363) 6632.0
(2282, 2283, 2284) 6048.0
(4875, 4876, 4877) 5269.0
(4061, 4062, 4063) 5842.0
(3293, 3294, 3295) 6005.0
(4982, 4983, 4984) 5844.0
(6391, 6392, 6393) 5343.0
(9874, 9875, 9876) 6852.0
(3465, 3466, 3467) 5589.0
(6087, 6088, 6089) 5255.0
(4384, 4385, 4386) 5414.0
(9948, 9949, 9950) 6084.0
(5256, 5257, 5258) 5909.0
(398, 399, 400) 5590.0
(5665, 5666, 5667) 5821.0
(2533, 2534, 2535) 5753.0
(2306, 2307, 2308) 5352.0
(2785, 2786, 2787) 5713.0
(5403, 5404, 5405) 5921.0
(1101, 1102, 1103) 6271.0
(1044, 1045, 1046) 6022.0
(4374, 4375, 4376) 6145.0
(1471, 1472, 1473) 6120.0
(1950, 1951, 1952) 6364.0
(8462, 8463, 8464) 5572.0
(6395, 6396, 6397) 6399.0
(1859, 1860, 1861) 5429.0
(8739, 8740, 8741) 6200.0
(3817, 3818, 3819) 6219.0
(7682, 7683, 7684) 5075.0
(4950, 4951, 4952) 5685.0
(3995, 3996, 3997) 5532.0
(1068, 1069, 1070) 5298.0
(8069, 8070, 8071) 5014.0
(4056, 4057, 4058) 5375.0
