(7429, 7430, 7431) 6889.0
(6376, 6377, 6378) 5774.0
(996, 997, 998) 5527.0
(6292, 6293, 6294) 6445.0
(3896, 3897, 3898) 5740.0
(7347, 7348, 7349) 5177.0
(149, 150, 151) 5726.0
(3565, 3566, 3567) 6625.0
(9596, 9597, 9598) 6101.0
(772, 773, 774) 5692.0
(3862, 3863, 3864) 5871.0
(6170, 6171, 6172) 5782.0
(5498, 5499, 5500) 5765.0
(8818, 8819, 8820) 5736.0
(4228, 4229, 4230) 5729.0
(7066, 7067, 7068) 5764.0
(8638, 8639, 8640) 6335.0
(112, 113, 114) 5785.0
(2178, 2179, 2180) 6107.0
(3588, 3589, 3590) 6044.0
(8674, 8675, 8676) 4849.0
(4185, 4186, 4187) 7209.0
(2859, 2860, 2861) 5460.0
(9311, 9312, 9313) 6959.0
(4530, 4531, 4532) 6215.0
(1821, 1822, 1823) 5768.0
(6893, 6894, 6895) 5661.0
(8182, 8183, 8184) 5621.0
(4725, 4726, 4727) 5972.0
(9755, 9756, 9757) 5737.0
(3055, 3056, 3057) 5018.0
(9053, 9054, 9055) 5858.0
(5644, 5645, 5646) 6963.0
(4988, 4989, 4990) 5553.0
(5626, 5627, 5628) 7581.0
(7854, 7855, 7856) 5757.0
(5320, 5321, 5322) 5874.0
(5849, 5850, 5851) 5658.0
(8890, 8891, 8892) 5663.0
(9042, 9043, 9044) 5788.0
(9000, 9001, 9002) 6616.0
(5723, 5724, 5725) 5850.0
(632, 633, 634) 5666.0
(4345, 4346, 4347) 5310.0
(1053, 1054, 1055) 5807.0
(1326, 1327, 1328) 5419.0
(3175, 3176, 3177) 6287.0
(8783, 8784, 8785) 5348.0
(5535, 5536, 5537) 5156.0
(922, 923, 924) 5250.0
(3903, 3904, 3905) 5938.0
(1071, 1072, 1073) 6224.0
(4539, 4540, 4541) 6692.0
(8002, 8003, 8004) 5549.0
(4127, 4128, 4129) 5352.0
(0, 1, 2) 5571.0
(2739, 2740, 2741) 6219.0
(9465, 9466, 9467) 7406.0
(2479, 2480, 2481) 5298.0
(9693, 9694, 9695) 5921.0
(624, 625, 626) 6033.0
(8971, 8972, 8973) 6058.0
(5219, 5220, 5221) 6169.0
(2823, 2824, 2825) 6077.0
(7017, 7018, 7019) 6109.0
(4687, 4688, 4689) 5480.0
(6600, 6601, 6602) 5890.0
(9857, 9858, 9859) 6056.0
(6212, 6213, 6214) 5882.0
(3905, 3906, 3907) 5337.0
(8662, 8663, 8664) 6176.0
(1436, 1437, 1438) 5798.0
(9119, 9120, 9121) 7708.0
(2440, 2441, 2442) 6014.0
(3560, 3561, 3562) 7326.0
(7379, 7380, 7381) 5405.0
(4440, 4441, 4442) 6189.0
(302, 303, 304) 6236.0
(671, 672, 673) 6346.0
(9002, 9003, 9004) 6181.0
(2840, 2841, 2842) 5480.0
(252, 253, 254) 6175.0
(1955, 1956, 1957) 6703.0
(3668, 3669, 3670) 5482.0
(7967, 7968, 7969) 6971.0
(2109, 2110, 2111) 6059.0
(281, 282, 283) 6179.0
(1619, 1620, 1621) 5731.0
(4581, 4582, 4583) 5700.0
(6422, 6423, 6424) 5075.0
(9521, 9522, 9523) 4888.0
(4897, 4898, 4899) 6085.0
(6902, 6903, 6904) 5844.0
(7680, 7681, 7682) 5774.0
(7266, 7267, 7268) 6012.0
(8216, 8217, 8218) 5911.0
(8564, 8565, 8566) 6475.0
(4689, 4690, 4691) 5332.0
(759, 760, 761) 5195.0
(8551, 8552, 8553) 6611.0
(9464, 9465, 9466) 5632.0
