(6822, 6823, 6824) 6361.0
(9584, 9585, 9586) 6015.0
(2411, 2412, 2413) 5404.0
(5174, 5175, 5176) 4856.0
(5199, 5200, 5201) 5568.0
(9788, 9789, 9790) 5470.0
(4882, 4883, 4884) 6203.0
(6615, 6616, 6617) 5558.0
(297, 298, 299) 6221.0
(7918, 7919, 7920) 6305.0
(1630, 1631, 1632) 6696.0
(5579, 5580, 5581) 6152.0
(2755, 2756, 2757) 5930.0
(5126, 5127, 5128) 5557.0
(4859, 4860, 4861) 6218.0
(6180, 6181, 6182) 5980.0
(2957, 2958, 2959) 5962.0
(4716, 4717, 4718) 6265.0
(5894, 5895, 5896) 5370.0
(6202, 6203, 6204) 6107.0
(6417, 6418, 6419) 6030.0
(3518, 3519, 3520) 5587.0
(7004, 7005, 7006) 6588.0
(9892, 9893, 9894) 5892.0
(2316, 2317, 2318) 6785.0
(6361, 6362, 6363) 6191.0
(3065, 3066, 3067) 5181.0
(3870, 3871, 3872) 5968.0
(1903, 1904, 1905) 5639.0
(9024, 9025, 9026) 6098.0
(5493, 5494, 5495) 6439.0
(3303, 3304, 3305) 7573.0
(4264, 4265, 4266) 5459.0
(9075, 9076, 9077) 7050.0
(9141, 9142, 9143) 6816.0
(7261, 7262, 7263) 6877.0
(9358, 9359, 9360) 5683.0
(8901, 8902, 8903) 5751.0
(8070, 8071, 8072) 5435.0
(9630, 9631, 9632) 5518.0
(1834, 1835, 1836) 5547.0
(8855, 8856, 8857) 6938.0
(6182, 6183, 6184) 5138.0
(4185, 4186, 4187) 7216.0
(3094, 3095, 3096) 6250.0
(1277, 1278, 1279) 5671.0
(9641, 9642, 9643) 7254.0
(4731, 4732, 4733) 6452.0
(323, 324, 325) 6090.0
(9045, 9046, 9047) 6155.0
(6083, 6084, 6085) 5463.0
(909, 910, 911) 5950.0
(8386, 8387, 8388) 6217.0
(1888, 1889, 1890) 6154.0
(5072, 5073, 5074) 5719.0
(9358, 9359, 9360) 5683.0
(1955, 1956, 1957) 6702.0
(2320, 2321, 2322) 5847.0
(1260, 1261, 1262) 6530.0
(31, 32, 33) 5950.0
(7581, 7582, 7583) 5262.0
(9788, 9789, 9790) 5470.0
(2252, 2253, 2254) 5761.0
(2219, 2220, 2221) 5832.0
(4902, 4903, 4904) 5713.0
(5623, 5624, 5625) 5014.0
(6941, 6942, 6943) 6724.0
(2568, 2569, 2570) 6338.0
(2415, 2416, 2417) 5866.0
(8208, 8209, 8210) 6701.0
(1867, 1868, 1869) 6424.0
(6995, 6996, 6997) 5850.0
(4092, 4093, 4094) 5590.0
(4710, 4711, 4712) 5660.0
(9579, 9580, 9581) 7192.0
(2413, 2414, 2415) 5555.0
(9300, 9301, 9302) 6371.0
(5113, 5114, 5115) 5619.0
(1086, 1087, 1088) 5749.0
(6876, 6877, 6878) 5887.0
(7453, 7454, 7455) 5166.0
(5549, 5550, 5551) 5622.0
(2929, 2930, 2931) 6981.0
(865, 866, 867) 6490.0
(7973, 7974, 7975) 6728.0
(4756, 4757, 4758) 5344.0
(4340, 4341, 4342) 5642.0
(703, 704, 705) 5989.0
(247, 248, 249) 5902.0
(3700, 3701, 3702) 5785.0
(2192, 2193, 2194) 5934.0
(173, 174, 175) 6955.0
(3486, 3487, 3488) 6304.0
(5395, 5396, 5397) 6195.0
(4760, 4761, 4762) 5924.0
(3622, 3623, 3624) 6002.0
(2772, 2773, 2774) 6249.0
(6541, 6542, 6543) 5641.0
(3397, 3398, 3399) 5676.0
(5910, 5911, 5912) 6027.0
(7318, 7319, 7320) 6331.0
