(6176, 6177, 6178) 6193.0
(9201, 9202, 9203) 6060.0
(8283, 8284, 8285) 5654.0
(5754, 5755, 5756) 5860.0
(8035, 8036, 8037) 5825.0
(8260, 8261, 8262) 6716.0
(689, 690, 691) 6618.0
(7623, 7624, 7625) 5690.0
(7840, 7841, 7842) 6231.0
(7740, 7741, 7742) 5809.0
(4381, 4382, 4383) 6247.0
(628, 629, 630) 5683.0
(4802, 4803, 4804) 8179.0
(2971, 2972, 2973) 6542.0
(969, 970, 971) 6495.0
(7389, 7390, 7391) 5559.0
(240, 241, 242) 5826.0
(1462, 1463, 1464) 5747.0
(4514, 4515, 4516) 5896.0
(2022, 2023, 2024) 5800.0
(3436, 3437, 3438) 6015.0
(3075, 3076, 3077) 5931.0
(6270, 6271, 6272) 5156.0
(1749, 1750, 1751) 5852.0
(9488, 9489, 9490) 7094.0
(4388, 4389, 4390) 6315.0
(5102, 5103, 5104) 5468.0
(8852, 8853, 8854) 5564.0
(40, 41, 42) 6708.0
(6724, 6725, 6726) 5553.0
(3241, 3242, 3243) 6038.0
(5260, 5261, 5262) 5722.0
(2983, 2984, 2985) 5719.0
(4407, 4408, 4409) 6327.0
(1118, 1119, 1120) 6199.0
(5901, 5902, 5903) 5734.0
(7215, 7216, 7217) 6229.0
(4737, 4738, 4739) 6534.0
(3120, 3121, 3122) 7043.0
(6909, 6910, 6911) 6345.0
(1491, 1492, 1493) 5578.0
(1003, 1004, 1005) 5698.0
(6538, 6539, 6540) 5975.0
(7491, 7492, 7493) 6111.0
(8, 9, 10) 6255.0
(6235, 6236, 6237) 6599.0
(9019, 9020, 9021) 6094.0
(6603, 6604, 6605) 5795.0
(1118, 1119, 1120) 6199.0
(9177, 9178, 9179) 5772.0
(4250, 4251, 4252) 6600.0
(8395, 8396, 8397) 5963.0
(2607, 2608, 2609) 8557.0
(2147, 2148, 2149) 5889.0
(6363, 6364, 6365) 5823.0
(6947, 6948, 6949) 5331.0
(400, 401, 402) 5387.0
(643, 644, 645) 6531.0
(5442, 5443, 5444) 5445.0
(5835, 5836, 5837) 5597.0
(4981, 4982, 4983) 5865.0
(9204, 9205, 9206) 6346.0
(7604, 7605, 7606) 6135.0
(7702, 7703, 7704) 6070.0
(2263, 2264, 2265) 6106.0
(9242, 9243, 9244) 6237.0
(6816, 6817, 6818) 5234.0
(1166, 1167, 1168) 6063.0
(9314, 9315, 9316) 6928.0
(9753, 9754, 9755) 5592.0
(4588, 4589, 4590) 5784.0
(4334, 4335, 4336) 5490.0
(9692, 9693, 9694) 7449.0
(5378, 5379, 5380) 5825.0
(5207, 5208, 5209) 6081.0
(5972, 5973, 5974) 6528.0
(9873, 9874, 9875) 6786.0
(2094, 2095, 2096) 6621.0
(5545, 5546, 5547) 5860.0
(8242, 8243, 8244) 5639.0
(984, 985, 986) 5424.0
(1874, 1875, 1876) 6737.0
(4883, 4884, 4885) 6049.0
(9376, 9377, 9378) 5618.0
(7276, 7277, 7278) 6032.0
(314, 315, 316) 5955.0
(7154, 7155, 7156) 6917.0
(7049, 7050, 7051) 7213.0
(4402, 4403, 4404) 6933.0
(4582, 4583, 4584) 7302.0
(7171, 7172, 7173) 5649.0
(8768, 8769, 8770) 5442.0
(1710, 1711, 1712) 6292.0
(3538, 3539, 3540) 5231.0
(1613, 1614, 1615) 5951.0
(113, 114, 115) 6408.0
(8238, 8239, 8240) 5753.0
(5411, 5412, 5413) 5589.0
(1520, 1521, 1522) 6304.0
(7285, 7286, 7287) 5619.0
(7042, 7043, 7044) 6066.0
