(9609, 9610, 9611) 5553.0
(2174, 2175, 2176) 5934.0
(6655, 6656, 6657) 5553.0
(797, 798, 799) 6486.0
(4956, 4957, 4958) 6421.0
(3482, 3483, 3484) 5516.0
(2623, 2624, 2625) 6041.0
(1747, 1748, 1749) 5689.0
(6909, 6910, 6911) 6418.0
(3618, 3619, 3620) 6636.0
(5769, 5770, 5771) 6815.0
(6837, 6838, 6839) 5749.0
(5506, 5507, 5508) 6612.0
(4085, 4086, 4087) 6135.0
(7092, 7093, 7094) 6139.0
(8080, 8081, 8082) 5855.0
(5718, 5719, 5720) 6255.0
(2880, 2881, 2882) 5816.0
(5811, 5812, 5813) 6355.0
(3899, 3900, 3901) 5893.0
(1449, 1450, 1451) 6863.0
(2579, 2580, 2581) 6466.0
(129, 130, 131) 5764.0
(987, 988, 989) 5858.0
(353, 354, 355) 6032.0
(5640, 5641, 5642) 6328.0
(6434, 6435, 6436) 5972.0
(8889, 8890, 8891) 5949.0
(3276, 3277, 3278) 5673.0
(838, 839, 840) 4836.0
(7223, 7224, 7225) 7334.0
(2093, 2094, 2095) 6139.0
(1994, 1995, 1996) 6457.0
(1071, 1072, 1073) 6518.0
(3096, 3097, 3098) 6011.0
(8333, 8334, 8335) 6581.0
(2295, 2296, 2297) 6321.0
(8784, 8785, 8786) 5714.0
(9209, 9210, 9211) 5950.0
(3762, 3763, 3764) 5908.0
(4618, 4619, 4620) 5671.0
(3716, 3717, 3718) 6024.0
(1000, 1001, 1002) 6044.0
(1637, 1638, 1639) 6017.0
(9515, 9516, 9517) 5826.0
(9548, 9549, 9550) 5298.0
(4000, 4001, 4002) 8588.0
(4702, 4703, 4704) 5776.0
(4590, 4591, 4592) 5977.0
(6024, 6025, 6026) 6538.0
(3343, 3344, 3345) 5880.0
(9164, 9165, 9166) 6364.0
(8602, 8603, 8604) 5795.0
(8664, 8665, 8666) 6349.0
(1153, 1154, 1155) 5555.0
(3766, 3767, 3768) 6273.0
(7377, 7378, 7379) 5884.0
(4681, 4682, 4683) 6072.0
(5015, 5016, 5017) 5968.0
(5637, 5638, 5639) 5695.0
(6064, 6065, 6066) 5745.0
(5293, 5294, 5295) 5314.0
(5062, 5063, 5064) 5897.0
(4886, 4887, 4888) 7618.0
(7451, 7452, 7453) 5407.0
(5834, 5835, 5836) 6202.0
(6121, 6122, 6123) 6411.0
(5003, 5004, 5005) 6286.0
(1286, 1287, 1288) 5936.0
(8747, 8748, 8749) 6013.0
(6372, 6373, 6374) 5261.0
(5004, 5005, 5006) 5622.0
(8941, 8942, 8943) 6740.0
(3400, 3401, 3402) 5800.0
(1618, 1619, 1620) 6418.0
(352, 353, 354) 6125.0
(5590, 5591, 5592) 6262.0
(5408, 5409, 5410) 5704.0
(8791, 8792, 8793) 7028.0
(5705, 5706, 5707) 5932.0
(2550, 2551, 2552) 5827.0
(9935, 9936, 9937) 7402.0
(6043, 6044, 6045) 5948.0
(1777, 1778, 1779) 6031.0
(527, 528, 529) 7151.0
(1415, 1416, 1417) 5943.0
(16, 17, 18) 6313.0
(3916, 3917, 3918) 6619.0
(777, 778, 779) 6764.0
(1730, 1731, 1732) 7287.0
(6868, 6869, 6870) 6014.0
(1902, 1903, 1904) 5746.0
(7052, 7053, 7054) 5706.0
(4221, 4222, 4223) 5981.0
(4907, 4908, 4909) 5758.0
(205, 206, 207) 5881.0
(6270, 6271, 6272) 5159.0
(3083, 3084, 3085) 5541.0
(1196, 1197, 1198) 6153.0
(8395, 8396, 8397) 5999.0
(1093, 1094, 1095) 5468.0
