(3663, 3664, 3665) 5921.0
(7175, 7176, 7177) 5685.0
(8166, 8167, 8168) 6623.0
(1889, 1890, 1891) 7534.0
(9865, 9866, 9867) 5757.0
(7612, 7613, 7614) 5748.0
(9463, 9464, 9465) 6136.0
(227, 228, 229) 5945.0
(3822, 3823, 3824) 6326.0
(5145, 5146, 5147) 6314.0
(5222, 5223, 5224) 6226.0
(6199, 6200, 6201) 7218.0
(5421, 5422, 5423) 6127.0
(4550, 4551, 4552) 5762.0
(2555, 2556, 2557) 6348.0
(3218, 3219, 3220) 7397.0
(3931, 3932, 3933) 5886.0
(5896, 5897, 5898) 6613.0
(4613, 4614, 4615) 6856.0
(1074, 1075, 1076) 5927.0
(2196, 2197, 2198) 6259.0
(7883, 7884, 7885) 6540.0
(920, 921, 922) 5822.0
(3433, 3434, 3435) 5849.0
(5075, 5076, 5077) 7149.0
(7616, 7617, 7618) 6313.0
(3585, 3586, 3587) 5885.0
(4989, 4990, 4991) 5986.0
(6700, 6701, 6702) 6050.0
(1985, 1986, 1987) 5608.0
(6676, 6677, 6678) 6685.0
(7069, 7070, 7071) 6026.0
(4452, 4453, 4454) 5517.0
(5875, 5876, 5877) 5632.0
(8438, 8439, 8440) 5906.0
(2903, 2904, 2905) 6152.0
(7912, 7913, 7914) 6705.0
(4466, 4467, 4468) 6129.0
(1401, 1402, 1403) 6907.0
(238, 239, 240) 7500.0
(8553, 8554, 8555) 6087.0
(2199, 2200, 2201) 6112.0
(8310, 8311, 8312) 6505.0
(2930, 2931, 2932) 6360.0
(5928, 5929, 5930) 6164.0
(4728, 4729, 4730) 6588.0
(3394, 3395, 3396) 5731.0
(1692, 1693, 1694) 6691.0
(9123, 9124, 9125) 6972.0
(3817, 3818, 3819) 6712.0
(3107, 3108, 3109) 6810.0
(9702, 9703, 9704) 5424.0
(7386, 7387, 7388) 7139.0
(3046, 3047, 3048) 7034.0
(995, 996, 997) 5858.0
(7694, 7695, 7696) 5646.0
(4496, 4497, 4498) 5857.0
(4227, 4228, 4229) 5828.0
(8812, 8813, 8814) 7087.0
(2341, 2342, 2343) 5395.0
(5770, 5771, 5772) 6160.0
(1122, 1123, 1124) 5965.0
(8670, 8671, 8672) 6118.0
(6125, 6126, 6127) 6225.0
(5739, 5740, 5741) 6272.0
(2310, 2311, 2312) 7303.0
(2402, 2403, 2404) 6906.0
(6060, 6061, 6062) 7565.0
(4332, 4333, 4334) 6031.0
(3357, 3358, 3359) 6373.0
(9586, 9587, 9588) 6371.0
(9954, 9955, 9956) 6669.0
(2134, 2135, 2136) 8053.0
(8086, 8087, 8088) 5737.0
(6490, 6491, 6492) 5914.0
(4029, 4030, 4031) 5411.0
(2209, 2210, 2211) 5933.0
(2926, 2927, 2928) 5841.0
(8037, 8038, 8039) 6887.0
(5139, 5140, 5141) 5899.0
(9749, 9750, 9751) 6058.0
(3285, 3286, 3287) 5924.0
(8037, 8038, 8039) 6887.0
(2321, 2322, 2323) 6138.0
(5096, 5097, 5098) 7245.0
(8347, 8348, 8349) 6227.0
(7053, 7054, 7055) 5976.0
(5235, 5236, 5237) 6282.0
(7478, 7479, 7480) 6388.0
(1998, 1999, 2000) 5719.0
(4004, 4005, 4006) 6309.0
(3297, 3298, 3299) 5581.0
(3970, 3971, 3972) 6148.0
(5978, 5979, 5980) 5469.0
(9505, 9506, 9507) 6135.0
(4397, 4398, 4399) 7016.0
(8995, 8996, 8997) 6473.0
(6949, 6950, 6951) 5490.0
(2166, 2167, 2168) 5872.0
(8411, 8412, 8413) 7072.0
(8961, 8962, 8963) 7062.0
