(3208, 3209, 3210) 6944.0
(518, 519, 520) 6176.0
(3257, 3258, 3259) 6773.0
(5500, 5501, 5502) 5665.0
(2868, 2869, 2870) 7155.0
(8628, 8629, 8630) 6433.0
(4488, 4489, 4490) 6102.0
(8233, 8234, 8235) 6059.0
(2030, 2031, 2032) 6728.0
(8625, 8626, 8627) 5879.0
(3538, 3539, 3540) 5526.0
(6325, 6326, 6327) 6340.0
(7099, 7100, 7101) 6862.0
(5495, 5496, 5497) 6233.0
(7282, 7283, 7284) 7313.0
(4538, 4539, 4540) 6227.0
(3513, 3514, 3515) 8547.0
(6549, 6550, 6551) 7667.0
(8406, 8407, 8408) 5836.0
(8722, 8723, 8724) 6184.0
(7854, 7855, 7856) 6545.0
(8559, 8560, 8561) 5679.0
(2193, 2194, 2195) 5578.0
(8206, 8207, 8208) 6411.0
(3222, 3223, 3224) 6635.0
(4968, 4969, 4970) 6797.0
(210, 211, 212) 6293.0
(232, 233, 234) 6237.0
(4853, 4854, 4855) 6082.0
(2732, 2733, 2734) 6719.0
(3562, 3563, 3564) 6617.0
(7522, 7523, 7524) 6495.0
(7450, 7451, 7452) 6909.0
(143, 144, 145) 6593.0
(7182, 7183, 7184) 6160.0
(7860, 7861, 7862) 6342.0
(6351, 6352, 6353) 6377.0
(1813, 1814, 1815) 5699.0
(6993, 6994, 6995) 5743.0
(3809, 3810, 3811) 6330.0
(1920, 1921, 1922) 6931.0
(8835, 8836, 8837) 5650.0
(188, 189, 190) 6367.0
(739, 740, 741) 6071.0
(6840, 6841, 6842) 6131.0
(8333, 8334, 8335) 6717.0
(5172, 5173, 5174) 6618.0
(3071, 3072, 3073) 5973.0
(2253, 2254, 2255) 5811.0
(9518, 9519, 9520) 5825.0
(338, 339, 340) 6053.0
(8343, 8344, 8345) 5298.0
(8222, 8223, 8224) 6460.0
(6154, 6155, 6156) 5991.0
(6995, 6996, 6997) 6130.0
(7414, 7415, 7416) 6172.0
(176, 177, 178) 6376.0
(3832, 3833, 3834) 6643.0
(3615, 3616, 3617) 5759.0
(2694, 2695, 2696) 6207.0
(5755, 5756, 5757) 6014.0
(1925, 1926, 1927) 7521.0
(7416, 7417, 7418) 5922.0
(3395, 3396, 3397) 6803.0
(4080, 4081, 4082) 6490.0
(9834, 9835, 9836) 6224.0
(7739, 7740, 7741) 5491.0
(7496, 7497, 7498) 5797.0
(5975, 5976, 5977) 6190.0
(9608, 9609, 9610) 6509.0
(4801, 4802, 4803) 5961.0
(4338, 4339, 4340) 6667.0
(3619, 3620, 3621) 6330.0
(4623, 4624, 4625) 5956.0
(8303, 8304, 8305) 5924.0
(2458, 2459, 2460) 6280.0
(8594, 8595, 8596) 6094.0
(9167, 9168, 9169) 5947.0
(5561, 5562, 5563) 5560.0
(3061, 3062, 3063) 5932.0
(1911, 1912, 1913) 6279.0
(9183, 9184, 9185) 6213.0
(9411, 9412, 9413) 6072.0
(3780, 3781, 3782) 5351.0
(7677, 7678, 7679) 6823.0
(6099, 6100, 6101) 6209.0
(878, 879, 880) 6163.0
(786, 787, 788) 7398.0
(4794, 4795, 4796) 6255.0
(4175, 4176, 4177) 6612.0
(5667, 5668, 5669) 5625.0
(4375, 4376, 4377) 6545.0
(5931, 5932, 5933) 6248.0
(9657, 9658, 9659) 5699.0
(7366, 7367, 7368) 6000.0
(1970, 1971, 1972) 5927.0
(6943, 6944, 6945) 6093.0
(1398, 1399, 1400) 6302.0
(3383, 3384, 3385) 7257.0
(8328, 8329, 8330) 6209.0
(1782, 1783, 1784) 6522.0
