(9213, 9214, 9215) 7159.0
(6754, 6755, 6756) 6386.0
(3606, 3607, 3608) 6175.0
(5919, 5920, 5921) 6644.0
(957, 958, 959) 6845.0
(7497, 7498, 7499) 6123.0
(7483, 7484, 7485) 6287.0
(8928, 8929, 8930) 6445.0
(7831, 7832, 7833) 6115.0
(1352, 1353, 1354) 5923.0
(5057, 5058, 5059) 6455.0
(6065, 6066, 6067) 6398.0
(9691, 9692, 9693) 6237.0
(3130, 3131, 3132) 5629.0
(5424, 5425, 5426) 6599.0
(6544, 6545, 6546) 6589.0
(5005, 5006, 5007) 6346.0
(549, 550, 551) 6088.0
(3170, 3171, 3172) 6660.0
(7646, 7647, 7648) 6639.0
(2211, 2212, 2213) 7491.0
(8554, 8555, 8556) 6512.0
(4580, 4581, 4582) 6842.0
(2756, 2757, 2758) 7089.0
(4103, 4104, 4105) 6393.0
(6148, 6149, 6150) 6189.0
(5425, 5426, 5427) 5829.0
(1927, 1928, 1929) 6281.0
(211, 212, 213) 5954.0
(3731, 3732, 3733) 5444.0
(5656, 5657, 5658) 6342.0
(7878, 7879, 7880) 6264.0
(8332, 8333, 8334) 6102.0
(7360, 7361, 7362) 6564.0
(3889, 3890, 3891) 6565.0
(5645, 5646, 5647) 6222.0
(8387, 8388, 8389) 5778.0
(7047, 7048, 7049) 5944.0
(1592, 1593, 1594) 6056.0
(2148, 2149, 2150) 5948.0
(7223, 7224, 7225) 7453.0
(6073, 6074, 6075) 5820.0
(9982, 9983, 9984) 5967.0
(7142, 7143, 7144) 5970.0
(1943, 1944, 1945) 5830.0
(2442, 2443, 2444) 7633.0
(9225, 9226, 9227) 6085.0
(4292, 4293, 4294) 5953.0
(5182, 5183, 5184) 6793.0
(792, 793, 794) 5653.0
(2707, 2708, 2709) 5512.0
(2236, 2237, 2238) 6191.0
(3501, 3502, 3503) 6218.0
(6944, 6945, 6946) 6381.0
(1350, 1351, 1352) 7114.0
(1416, 1417, 1418) 6331.0
(3029, 3030, 3031) 8201.0
(6254, 6255, 6256) 6908.0
(9150, 9151, 9152) 5716.0
(9639, 9640, 9641) 5780.0
(1254, 1255, 1256) 6324.0
(1082, 1083, 1084) 6578.0
(4843, 4844, 4845) 6939.0
(540, 541, 542) 7022.0
(8086, 8087, 8088) 5735.0
(67, 68, 69) 7789.0
(1340, 1341, 1342) 5507.0
(9269, 9270, 9271) 6438.0
(1907, 1908, 1909) 6749.0
(2561, 2562, 2563) 6020.0
(4248, 4249, 4250) 6642.0
(4580, 4581, 4582) 6842.0
(8725, 8726, 8727) 6005.0
(404, 405, 406) 6151.0
(5044, 5045, 5046) 6785.0
(1105, 1106, 1107) 5795.0
(933, 934, 935) 6335.0
(611, 612, 613) 7450.0
(5942, 5943, 5944) 6950.0
(1942, 1943, 1944) 5764.0
(3514, 3515, 3516) 6786.0
(1628, 1629, 1630) 6471.0
(7103, 7104, 7105) 5621.0
(6213, 6214, 6215) 6083.0
(7451, 7452, 7453) 5451.0
(4696, 4697, 4698) 6687.0
(9193, 9194, 9195) 6961.0
(1760, 1761, 1762) 5585.0
(9090, 9091, 9092) 6569.0
(489, 490, 491) 5641.0
(424, 425, 426) 6042.0
(5861, 5862, 5863) 6006.0
(7347, 7348, 7349) 5628.0
(2532, 2533, 2534) 6113.0
(63, 64, 65) 6170.0
(9653, 9654, 9655) 6980.0
(7773, 7774, 7775) 6548.0
(3901, 3902, 3903) 6308.0
(6213, 6214, 6215) 6083.0
(7356, 7357, 7358) 5706.0
(978, 979, 980) 5637.0
