(3175, 3176, 3177) 6641.0
(7667, 7668, 7669) 6607.0
(2321, 2322, 2323) 6315.0
(8213, 8214, 8215) 6436.0
(1415, 1416, 1417) 6282.0
(6084, 6085, 6086) 6783.0
(1015, 1016, 1017) 7148.0
(1649, 1650, 1651) 5886.0
(2482, 2483, 2484) 6438.0
(6659, 6660, 6661) 6259.0
(1851, 1852, 1853) 8084.0
(8322, 8323, 8324) 7700.0
(9010, 9011, 9012) 6547.0
(964, 965, 966) 6328.0
(3459, 3460, 3461) 6832.0
(1178, 1179, 1180) 6004.0
(6204, 6205, 6206) 7086.0
(9273, 9274, 9275) 6431.0
(1518, 1519, 1520) 6254.0
(5309, 5310, 5311) 5892.0
(3566, 3567, 3568) 7050.0
(4225, 4226, 4227) 7700.0
(4173, 4174, 4175) 5946.0
(7568, 7569, 7570) 6063.0
(7097, 7098, 7099) 6710.0
(8461, 8462, 8463) 6388.0
(1241, 1242, 1243) 6659.0
(9817, 9818, 9819) 6621.0
(7665, 7666, 7667) 6566.0
(4997, 4998, 4999) 6720.0
(4694, 4695, 4696) 6519.0
(1601, 1602, 1603) 7080.0
(7103, 7104, 7105) 5560.0
(5309, 5310, 5311) 5892.0
(5249, 5250, 5251) 6411.0
(8316, 8317, 8318) 6746.0
(7049, 7050, 7051) 7501.0
(1944, 1945, 1946) 5962.0
(6873, 6874, 6875) 6650.0
(7262, 7263, 7264) 6112.0
(3524, 3525, 3526) 5708.0
(137, 138, 139) 6114.0
(4147, 4148, 4149) 6990.0
(239, 240, 241) 7333.0
(9691, 9692, 9693) 6228.0
(2922, 2923, 2924) 7870.0
(846, 847, 848) 7497.0
(4924, 4925, 4926) 6031.0
(9731, 9732, 9733) 5894.0
(8463, 8464, 8465) 5008.0
(1769, 1770, 1771) 5946.0
(7121, 7122, 7123) 5678.0
(4903, 4904, 4905) 5791.0
(1786, 1787, 1788) 6614.0
(8144, 8145, 8146) 6909.0
(8189, 8190, 8191) 7102.0
(8770, 8771, 8772) 6906.0
(9035, 9036, 9037) 6273.0
(9093, 9094, 9095) 6346.0
(8194, 8195, 8196) 5886.0
(1011, 1012, 1013) 6239.0
(9684, 9685, 9686) 6252.0
(2649, 2650, 2651) 7221.0
(4840, 4841, 4842) 5369.0
(8745, 8746, 8747) 6846.0
(4374, 4375, 4376) 6816.0
(1025, 1026, 1027) 5825.0
(8370, 8371, 8372) 5946.0
(7753, 7754, 7755) 5804.0
(8316, 8317, 8318) 6746.0
(8719, 8720, 8721) 6115.0
(6154, 6155, 6156) 6230.0
(9934, 9935, 9936) 5864.0
(2575, 2576, 2577) 6661.0
(7352, 7353, 7354) 5613.0
(1701, 1702, 1703) 6133.0
(5911, 5912, 5913) 5976.0
(8942, 8943, 8944) 6517.0
(7314, 7315, 7316) 6543.0
(2383, 2384, 2385) 6187.0
(6774, 6775, 6776) 5844.0
(9935, 9936, 9937) 7587.0
(5800, 5801, 5802) 6191.0
(9091, 9092, 9093) 6118.0
(4688, 4689, 4690) 6549.0
(440, 441, 442) 7395.0
(1200, 1201, 1202) 6018.0
(1681, 1682, 1683) 6865.0
(3851, 3852, 3853) 7485.0
(8777, 8778, 8779) 6195.0
(1699, 1700, 1701) 6233.0
(2900, 2901, 2902) 6131.0
(1383, 1384, 1385) 6622.0
(5324, 5325, 5326) 6569.0
(6124, 6125, 6126) 5685.0
(1493, 1494, 1495) 6780.0
(337, 338, 339) 6101.0
(7497, 7498, 7499) 6091.0
(345, 346, 347) 6500.0
(7843, 7844, 7845) 6858.0
(8930, 8931, 8932) 6198.0
