(5684, 5685, 5686) 542.0
(6105, 6106, 6107) 510.0
(7960, 7961, 7962) 457.0
(6078, 6079, 6080) 609.0
(4073, 4074, 4075) 675.0
(826, 827, 828) 505.0
(4910, 4911, 4912) 486.0
(182, 183, 184) 559.0
(1392, 1393, 1394) 544.0
(1101, 1102, 1103) 635.0
(8190, 8191, 8192) 576.0
(8553, 8554, 8555) 687.0
(5481, 5482, 5483) 548.0
(1386, 1387, 1388) 583.0
(9739, 9740, 9741) 442.0
(8905, 8906, 8907) 596.0
(1711, 1712, 1713) 661.0
(115, 116, 117) 599.0
(4920, 4921, 4922) 571.0
(7981, 7982, 7983) 462.0
(6919, 6920, 6921) 605.0
(7538, 7539, 7540) 461.0
(6447, 6448, 6449) 595.0
(2795, 2796, 2797) 640.0
(9186, 9187, 9188) 540.0
(2959, 2960, 2961) 674.0
(7586, 7587, 7588) 641.0
(1932, 1933, 1934) 850.0
(1285, 1286, 1287) 564.0
(9858, 9859, 9860) 505.0
(8378, 8379, 8380) 595.0
(341, 342, 343) 541.0
(4243, 4244, 4245) 516.0
(2982, 2983, 2984) 784.0
(8864, 8865, 8866) 588.0
(4464, 4465, 4466) 466.0
(152, 153, 154) 811.0
(7157, 7158, 7159) 436.0
(7745, 7746, 7747) 489.0
(5199, 5200, 5201) 524.0
(8897, 8898, 8899) 557.0
(4109, 4110, 4111) 983.0
(8979, 8980, 8981) 656.0
(2713, 2714, 2715) 611.0
(3965, 3966, 3967) 573.0
(4971, 4972, 4973) 543.0
(4608, 4609, 4610) 631.0
(1521, 1522, 1523) 571.0
(1586, 1587, 1588) 529.0
(8826, 8827, 8828) 666.0
(6717, 6718, 6719) 619.0
(7510, 7511, 7512) 739.0
(6198, 6199, 6200) 642.0
(8481, 8482, 8483) 640.0
(5392, 5393, 5394) 1011.0
(7624, 7625, 7626) 640.0
(9458, 9459, 9460) 498.0
(8867, 8868, 8869) 515.0
(2834, 2835, 2836) 827.0
(1905, 1906, 1907) 584.0
(4222, 4223, 4224) 501.0
(7440, 7441, 7442) 494.0
(6470, 6471, 6472) 833.0
(9390, 9391, 9392) 635.0
(9739, 9740, 9741) 442.0
(7683, 7684, 7685) 562.0
(8756, 8757, 8758) 560.0
(7453, 7454, 7455) 534.0
(7737, 7738, 7739) 616.0
(2776, 2777, 2778) 544.0
(3351, 3352, 3353) 814.0
(884, 885, 886) 549.0
(937, 938, 939) 765.0
(529, 530, 531) 896.0
(6771, 6772, 6773) 470.0
(555, 556, 557) 701.0
(3896, 3897, 3898) 596.0
(9630, 9631, 9632) 601.0
(4799, 4800, 4801) 855.0
(6521, 6522, 6523) 488.0
(156, 157, 158) 607.0
(7356, 7357, 7358) 638.0
(901, 902, 903) 603.0
(7974, 7975, 7976) 614.0
(4246, 4247, 4248) 687.0
(7599, 7600, 7601) 622.0
(3019, 3020, 3021) 577.0
(6072, 6073, 6074) 653.0
(5679, 5680, 5681) 489.0
(4896, 4897, 4898) 658.0
(7781, 7782, 7783) 657.0
(5264, 5265, 5266) 848.0
(7820, 7821, 7822) 658.0
(2565, 2566, 2567) 597.0
(2859, 2860, 2861) 679.0
(4632, 4633, 4634) 523.0
(8089, 8090, 8091) 640.0
(6389, 6390, 6391) 537.0
(149, 150, 151) 652.0
(2768, 2769, 2770) 427.0
(7639, 7640, 7641) 503.0
