(5235, 5236, 5237) 6680.0
(8131, 8132, 8133) 6390.0
(3492, 3493, 3494) 6562.0
(1921, 1922, 1923) 6078.0
(5741, 5742, 5743) 6026.0
(6571, 6572, 6573) 6099.0
(7695, 7696, 7697) 6789.0
(7161, 7162, 7163) 6367.0
(3607, 3608, 3609) 7447.0
(6293, 6294, 6295) 7185.0
(6582, 6583, 6584) 7178.0
(3838, 3839, 3840) 6059.0
(9503, 9504, 9505) 6252.0
(6080, 6081, 6082) 7196.0
(2694, 2695, 2696) 6334.0
(8067, 8068, 8069) 6258.0
(4918, 4919, 4920) 6776.0
(9766, 9767, 9768) 6349.0
(5537, 5538, 5539) 6073.0
(5086, 5087, 5088) 5744.0
(8392, 8393, 8394) 6166.0
(6400, 6401, 6402) 7034.0
(1523, 1524, 1525) 6852.0
(2400, 2401, 2402) 6675.0
(8969, 8970, 8971) 5949.0
(930, 931, 932) 6949.0
(12, 13, 14) 5547.0
(5609, 5610, 5611) 5934.0
(3058, 3059, 3060) 6995.0
(8731, 8732, 8733) 6937.0
(7036, 7037, 7038) 5806.0
(8385, 8386, 8387) 6133.0
(5115, 5116, 5117) 6741.0
(539, 540, 541) 6928.0
(149, 150, 151) 6332.0
(7031, 7032, 7033) 5985.0
(5526, 5527, 5528) 6769.0
(1095, 1096, 1097) 6583.0
(5760, 5761, 5762) 7045.0
(9457, 9458, 9459) 8936.0
(4750, 4751, 4752) 7214.0
(9903, 9904, 9905) 6117.0
(3857, 3858, 3859) 6758.0
(5293, 5294, 5295) 5955.0
(1204, 1205, 1206) 6490.0
(6076, 6077, 6078) 6611.0
(9202, 9203, 9204) 6646.0
(7973, 7974, 7975) 7254.0
(3184, 3185, 3186) 5968.0
(9191, 9192, 9193) 6788.0
(3395, 3396, 3397) 7137.0
(3895, 3896, 3897) 6490.0
(5253, 5254, 5255) 6496.0
(3424, 3425, 3426) 6303.0
(3245, 3246, 3247) 6455.0
(3657, 3658, 3659) 7217.0
(6879, 6880, 6881) 5895.0
(143, 144, 145) 7193.0
(2716, 2717, 2718) 6184.0
(1882, 1883, 1884) 6354.0
(416, 417, 418) 6763.0
(1227, 1228, 1229) 6730.0
(5751, 5752, 5753) 5832.0
(7252, 7253, 7254) 6759.0
(848, 849, 850) 5660.0
(4342, 4343, 4344) 6092.0
(8964, 8965, 8966) 5680.0
(6884, 6885, 6886) 6065.0
(9091, 9092, 9093) 6177.0
(3702, 3703, 3704) 6396.0
(6106, 6107, 6108) 6500.0
(4437, 4438, 4439) 6816.0
(2112, 2113, 2114) 6743.0
(961, 962, 963) 6059.0
(5770, 5771, 5772) 6381.0
(9639, 9640, 9641) 5853.0
(204, 205, 206) 5896.0
(3368, 3369, 3370) 6110.0
(752, 753, 754) 6381.0
(578, 579, 580) 6112.0
(5823, 5824, 5825) 6739.0
(5643, 5644, 5645) 6559.0
(2446, 2447, 2448) 6426.0
(3846, 3847, 3848) 6888.0
(1676, 1677, 1678) 6530.0
(988, 989, 990) 6332.0
(5225, 5226, 5227) 6488.0
(9359, 9360, 9361) 6150.0
(6981, 6982, 6983) 6040.0
(8522, 8523, 8524) 6793.0
(1613, 1614, 1615) 6393.0
(1672, 1673, 1674) 5979.0
(5555, 5556, 5557) 6775.0
(6435, 6436, 6437) 5936.0
(1607, 1608, 1609) 6379.0
(4460, 4461, 4462) 6505.0
(4161, 4162, 4163) 6542.0
(2310, 2311, 2312) 7692.0
(7691, 7692, 7693) 6136.0
(9394, 9395, 9396) 5781.0
(2691, 2692, 2693) 7452.0
