(6768, 6769, 6770) 6164.0
(5302, 5303, 5304) 7636.0
(1574, 1575, 1576) 6166.0
(9366, 9367, 9368) 6388.0
(2797, 2798, 2799) 6854.0
(7793, 7794, 7795) 6210.0
(8806, 8807, 8808) 6752.0
(9433, 9434, 9435) 7328.0
(5294, 5295, 5296) 6931.0
(8521, 8522, 8523) 6878.0
(416, 417, 418) 6987.0
(3676, 3677, 3678) 6107.0
(8160, 8161, 8162) 5961.0
(5909, 5910, 5911) 6339.0
(7814, 7815, 7816) 6693.0
(3291, 3292, 3293) 6734.0
(9596, 9597, 9598) 6662.0
(4823, 4824, 4825) 6625.0
(6993, 6994, 6995) 6221.0
(3849, 3850, 3851) 6650.0
(9745, 9746, 9747) 6413.0
(2580, 2581, 2582) 6488.0
(305, 306, 307) 6592.0
(2212, 2213, 2214) 6837.0
(628, 629, 630) 6107.0
(5236, 5237, 5238) 6774.0
(4828, 4829, 4830) 6902.0
(3746, 3747, 3748) 6612.0
(6913, 6914, 6915) 6232.0
(6050, 6051, 6052) 7407.0
(2487, 2488, 2489) 6784.0
(8216, 8217, 8218) 6286.0
(3027, 3028, 3029) 7142.0
(3987, 3988, 3989) 6372.0
(283, 284, 285) 6859.0
(9665, 9666, 9667) 6308.0
(3558, 3559, 3560) 6412.0
(3488, 3489, 3490) 5920.0
(8227, 8228, 8229) 6800.0
(8839, 8840, 8841) 7087.0
(9514, 9515, 9516) 7346.0
(4082, 4083, 4084) 5978.0
(993, 994, 995) 6323.0
(8949, 8950, 8951) 6791.0
(3195, 3196, 3197) 5863.0
(5195, 5196, 5197) 6485.0
(4326, 4327, 4328) 7100.0
(7746, 7747, 7748) 6399.0
(927, 928, 929) 8660.0
(9872, 9873, 9874) 6312.0
(1136, 1137, 1138) 6184.0
(8817, 8818, 8819) 6761.0
(1208, 1209, 1210) 6926.0
(826, 827, 828) 8297.0
(8091, 8092, 8093) 6810.0
(7131, 7132, 7133) 6211.0
(3735, 3736, 3737) 5994.0
(9772, 9773, 9774) 7015.0
(94, 95, 96) 7158.0
(4260, 4261, 4262) 6243.0
(4184, 4185, 4186) 6171.0
(522, 523, 524) 6716.0
(3618, 3619, 3620) 7322.0
(8906, 8907, 8908) 6090.0
(1244, 1245, 1246) 5917.0
(2640, 2641, 2642) 6863.0
(784, 785, 786) 6214.0
(9962, 9963, 9964) 6855.0
(178, 179, 180) 6129.0
(574, 575, 576) 6344.0
(274, 275, 276) 6908.0
(2167, 2168, 2169) 6373.0
(2411, 2412, 2413) 5804.0
(3111, 3112, 3113) 6627.0
(2615, 2616, 2617) 6731.0
(2373, 2374, 2375) 7325.0
(1897, 1898, 1899) 6485.0
(8337, 8338, 8339) 6266.0
(5778, 5779, 5780) 5436.0
(2706, 2707, 2708) 5999.0
(3610, 3611, 3612) 6726.0
(8838, 8839, 8840) 5945.0
(8280, 8281, 8282) 5414.0
(6937, 6938, 6939) 6044.0
(7174, 7175, 7176) 6961.0
(2, 3, 4) 6998.0
(4053, 4054, 4055) 5623.0
(5995, 5996, 5997) 6702.0
(2987, 2988, 2989) 6947.0
(4574, 4575, 4576) 7441.0
(1532, 1533, 1534) 6817.0
(1648, 1649, 1650) 7480.0
(7215, 7216, 7217) 6828.0
(8555, 8556, 8557) 6476.0
(9146, 9147, 9148) 6373.0
(3105, 3106, 3107) 6210.0
(2550, 2551, 2552) 6065.0
(4199, 4200, 4201) 6009.0
(7276, 7277, 7278) 6639.0
(3558, 3559, 3560) 6412.0
(1236, 1237, 1238) 6018.0
