(6199, 6200, 6201) 7366.0
(6139, 6140, 6141) 6798.0
(7028, 7029, 7030) 6637.0
(6022, 6023, 6024) 6106.0
(3379, 3380, 3381) 6820.0
(2144, 2145, 2146) 6601.0
(2003, 2004, 2005) 6497.0
(6497, 6498, 6499) 6496.0
(368, 369, 370) 6374.0
(8867, 8868, 8869) 6197.0
(3939, 3940, 3941) 6083.0
(5989, 5990, 5991) 6528.0
(4891, 4892, 4893) 8568.0
(2630, 2631, 2632) 7297.0
(4183, 4184, 4185) 6510.0
(4523, 4524, 4525) 5969.0
(3617, 3618, 3619) 7072.0
(6036, 6037, 6038) 7840.0
(310, 311, 312) 7645.0
(902, 903, 904) 5932.0
(5391, 5392, 5393) 6181.0
(4743, 4744, 4745) 6924.0
(3100, 3101, 3102) 6870.0
(6514, 6515, 6516) 7332.0
(8730, 8731, 8732) 6592.0
(4095, 4096, 4097) 7281.0
(6908, 6909, 6910) 6505.0
(9897, 9898, 9899) 7184.0
(4787, 4788, 4789) 6412.0
(2667, 2668, 2669) 7424.0
(5383, 5384, 5385) 7728.0
(2645, 2646, 2647) 6722.0
(5937, 5938, 5939) 7568.0
(7096, 7097, 7098) 6217.0
(6997, 6998, 6999) 8313.0
(3635, 3636, 3637) 8028.0
(7255, 7256, 7257) 7525.0
(27, 28, 29) 6537.0
(9163, 9164, 9165) 7258.0
(8747, 8748, 8749) 6927.0
(4932, 4933, 4934) 5851.0
(4295, 4296, 4297) 6822.0
(4266, 4267, 4268) 5801.0
(3253, 3254, 3255) 6632.0
(951, 952, 953) 6884.0
(1928, 1929, 1930) 6524.0
(5715, 5716, 5717) 6426.0
(8752, 8753, 8754) 5752.0
(5923, 5924, 5925) 6847.0
(8643, 8644, 8645) 5810.0
(5582, 5583, 5584) 7210.0
(2132, 2133, 2134) 5991.0
(7291, 7292, 7293) 8069.0
(6291, 6292, 6293) 6802.0
(5851, 5852, 5853) 6248.0
(3566, 3567, 3568) 7433.0
(2916, 2917, 2918) 5855.0
(9788, 9789, 9790) 5863.0
(9565, 9566, 9567) 6790.0
(8839, 8840, 8841) 7098.0
(598, 599, 600) 6622.0
(7194, 7195, 7196) 6154.0
(8716, 8717, 8718) 7178.0
(2466, 2467, 2468) 6483.0
(6587, 6588, 6589) 7029.0
(1472, 1473, 1474) 7046.0
(975, 976, 977) 6470.0
(7955, 7956, 7957) 6194.0
(1119, 1120, 1121) 6518.0
(576, 577, 578) 6618.0
(143, 144, 145) 7266.0
(4363, 4364, 4365) 7538.0
(5078, 5079, 5080) 6406.0
(2882, 2883, 2884) 6083.0
(1986, 1987, 1988) 6463.0
(9457, 9458, 9459) 8861.0
(7244, 7245, 7246) 7145.0
(8083, 8084, 8085) 6650.0
(2607, 2608, 2609) 9314.0
(7238, 7239, 7240) 7294.0
(4883, 4884, 4885) 6498.0
(4544, 4545, 4546) 6016.0
(9686, 9687, 9688) 6259.0
(1316, 1317, 1318) 5746.0
(6618, 6619, 6620) 8129.0
(8653, 8654, 8655) 5956.0
(8920, 8921, 8922) 5738.0
(3542, 3543, 3544) 5894.0
(2303, 2304, 2305) 6205.0
(7956, 7957, 7958) 7178.0
(947, 948, 949) 6168.0
(5474, 5475, 5476) 6581.0
(1852, 1853, 1854) 6924.0
(3247, 3248, 3249) 7355.0
(7567, 7568, 7569) 6111.0
(9985, 9986, 9987) 5716.0
(2869, 2870, 2871) 6030.0
(5805, 5806, 5807) 5750.0
(5265, 5266, 5267) 6357.0
(3121, 3122, 3123) 6209.0
(2946, 2947, 2948) 6147.0
