(7468, 7469, 7470) 6729.0
(2544, 2545, 2546) 7146.0
(9722, 9723, 9724) 6693.0
(7529, 7530, 7531) 8804.0
(7870, 7871, 7872) 7354.0
(146, 147, 148) 6368.0
(3220, 3221, 3222) 6013.0
(996, 997, 998) 6175.0
(3433, 3434, 3435) 6310.0
(3382, 3383, 3384) 7007.0
(3516, 3517, 3518) 9009.0
(9497, 9498, 9499) 5764.0
(5607, 5608, 5609) 7037.0
(2992, 2993, 2994) 6618.0
(7640, 7641, 7642) 6944.0
(943, 944, 945) 6795.0
(5281, 5282, 5283) 6927.0
(1858, 1859, 1860) 6600.0
(8477, 8478, 8479) 6249.0
(2226, 2227, 2228) 7357.0
(4203, 4204, 4205) 6338.0
(4811, 4812, 4813) 7379.0
(7993, 7994, 7995) 7321.0
(7781, 7782, 7783) 6990.0
(673, 674, 675) 6164.0
(3485, 3486, 3487) 6398.0
(6700, 6701, 6702) 6562.0
(8809, 8810, 8811) 7046.0
(2159, 2160, 2161) 7653.0
(7343, 7344, 7345) 7205.0
(8456, 8457, 8458) 6688.0
(8711, 8712, 8713) 7002.0
(7561, 7562, 7563) 6374.0
(1760, 1761, 1762) 6095.0
(9886, 9887, 9888) 7107.0
(8414, 8415, 8416) 6894.0
(8615, 8616, 8617) 6187.0
(4501, 4502, 4503) 5987.0
(7033, 7034, 7035) 6341.0
(1651, 1652, 1653) 7522.0
(7395, 7396, 7397) 7250.0
(2461, 2462, 2463) 6664.0
(8953, 8954, 8955) 7436.0
(322, 323, 324) 6399.0
(9459, 9460, 9461) 8329.0
(9616, 9617, 9618) 6936.0
(3558, 3559, 3560) 6706.0
(8507, 8508, 8509) 6508.0
(7305, 7306, 7307) 6962.0
(1013, 1014, 1015) 6707.0
(5105, 5106, 5107) 6822.0
(5075, 5076, 5077) 7691.0
(4312, 4313, 4314) 7242.0
(7833, 7834, 7835) 7316.0
(7795, 7796, 7797) 6043.0
(293, 294, 295) 6716.0
(6990, 6991, 6992) 6205.0
(2782, 2783, 2784) 6592.0
(2807, 2808, 2809) 6763.0
(4778, 4779, 4780) 7520.0
(6701, 6702, 6703) 7008.0
(9158, 9159, 9160) 6433.0
(7683, 7684, 7685) 6578.0
(7323, 7324, 7325) 6652.0
(3813, 3814, 3815) 6286.0
(6169, 6170, 6171) 7116.0
(9565, 9566, 9567) 6967.0
(4305, 4306, 4307) 5665.0
(1038, 1039, 1040) 7157.0
(8576, 8577, 8578) 6443.0
(8381, 8382, 8383) 6529.0
(50, 51, 52) 6654.0
(7170, 7171, 7172) 7525.0
(2579, 2580, 2581) 7067.0
(4820, 4821, 4822) 7149.0
(6295, 6296, 6297) 6597.0
(9504, 9505, 9506) 6145.0
(9031, 9032, 9033) 7535.0
(5288, 5289, 5290) 8835.0
(3288, 3289, 3290) 6334.0
(7356, 7357, 7358) 6016.0
(3630, 3631, 3632) 6697.0
(457, 458, 459) 6403.0
(1352, 1353, 1354) 6196.0
(1769, 1770, 1771) 6389.0
(8096, 8097, 8098) 6052.0
(7226, 7227, 7228) 6706.0
(5833, 5834, 5835) 6294.0
(1342, 1343, 1344) 6162.0
(1849, 1850, 1851) 6662.0
(6619, 6620, 6621) 6352.0
(5466, 5467, 5468) 6485.0
(8640, 8641, 8642) 8838.0
(4166, 4167, 4168) 6637.0
(8939, 8940, 8941) 6411.0
(5060, 5061, 5062) 6583.0
(8864, 8865, 8866) 7020.0
(3752, 3753, 3754) 7043.0
(218, 219, 220) 6320.0
(5418, 5419, 5420) 6579.0
(5636, 5637, 5638) 6901.0
