(2309, 2310, 2311) 6481.0
(2518, 2519, 2520) 7325.0
(3490, 3491, 3492) 6410.0
(8732, 8733, 8734) 7474.0
(8102, 8103, 8104) 6830.0
(3078, 3079, 3080) 6563.0
(1456, 1457, 1458) 7056.0
(5204, 5205, 5206) 6484.0
(9397, 9398, 9399) 6081.0
(403, 404, 405) 7231.0
(3553, 3554, 3555) 7056.0
(5083, 5084, 5085) 6021.0
(4512, 4513, 4514) 6250.0
(8211, 8212, 8213) 6966.0
(6173, 6174, 6175) 6632.0
(3904, 3905, 3906) 6608.0
(4110, 4111, 4112) 6817.0
(1789, 1790, 1791) 7394.0
(6194, 6195, 6196) 6341.0
(2658, 2659, 2660) 7118.0
(9670, 9671, 9672) 7367.0
(451, 452, 453) 6532.0
(2349, 2350, 2351) 7433.0
(9581, 9582, 9583) 7072.0
(6745, 6746, 6747) 6731.0
(2391, 2392, 2393) 6308.0
(5860, 5861, 5862) 6738.0
(9618, 9619, 9620) 7579.0
(9238, 9239, 9240) 6721.0
(2352, 2353, 2354) 6787.0
(4225, 4226, 4227) 8211.0
(3537, 3538, 3539) 7061.0
(7918, 7919, 7920) 7227.0
(1384, 1385, 1386) 6601.0
(9639, 9640, 9641) 6263.0
(6792, 6793, 6794) 6523.0
(437, 438, 439) 7270.0
(2245, 2246, 2247) 6434.0
(7117, 7118, 7119) 6992.0
(7495, 7496, 7497) 6172.0
(9473, 9474, 9475) 7118.0
(8388, 8389, 8390) 6468.0
(6379, 6380, 6381) 6688.0
(945, 946, 947) 7314.0
(7998, 7999, 8000) 6167.0
(5332, 5333, 5334) 7020.0
(354, 355, 356) 6487.0
(1051, 1052, 1053) 6472.0
(8848, 8849, 8850) 6195.0
(1056, 1057, 1058) 7413.0
(4228, 4229, 4230) 6571.0
(736, 737, 738) 6187.0
(5432, 5433, 5434) 6193.0
(9960, 9961, 9962) 7149.0
(689, 690, 691) 7225.0
(9843, 9844, 9845) 6861.0
(4970, 4971, 4972) 6878.0
(440, 441, 442) 7731.0
(7311, 7312, 7313) 7111.0
(8409, 8410, 8411) 6720.0
(3037, 3038, 3039) 6331.0
(9591, 9592, 9593) 7147.0
(2399, 2400, 2401) 6579.0
(9643, 9644, 9645) 6889.0
(1854, 1855, 1856) 6336.0
(7692, 7693, 7694) 7640.0
(4762, 4763, 4764) 6843.0
(1301, 1302, 1303) 6726.0
(6551, 6552, 6553) 7388.0
(1981, 1982, 1983) 7107.0
(7311, 7312, 7313) 7111.0
(4987, 4988, 4989) 7146.0
(6923, 6924, 6925) 6675.0
(3067, 3068, 3069) 7403.0
(6216, 6217, 6218) 6449.0
(314, 315, 316) 7220.0
(8946, 8947, 8948) 7020.0
(1800, 1801, 1802) 6117.0
(2505, 2506, 2507) 7307.0
(5167, 5168, 5169) 6324.0
(7741, 7742, 7743) 5526.0
(5099, 5100, 5101) 5807.0
(5935, 5936, 5937) 6839.0
(7062, 7063, 7064) 6757.0
(8676, 8677, 8678) 6802.0
(663, 664, 665) 6309.0
(4798, 4799, 4800) 6299.0
(6697, 6698, 6699) 6750.0
(7717, 7718, 7719) 5639.0
(8353, 8354, 8355) 6798.0
(6350, 6351, 6352) 7473.0
(4396, 4397, 4398) 7945.0
(1262, 1263, 1264) 7187.0
(8023, 8024, 8025) 7170.0
(9163, 9164, 9165) 7365.0
(4000, 4001, 4002) 9195.0
(1570, 1571, 1572) 7103.0
(1267, 1268, 1269) 6375.0
(323, 324, 325) 7040.0
(8883, 8884, 8885) 6319.0
(5638, 5639, 5640) 7271.0
