(4476, 4477, 4478) 5834.0
(4245, 4246, 4247) 7381.0
(8429, 8430, 8431) 7437.0
(9179, 9180, 9181) 7376.0
(889, 890, 891) 7504.0
(2600, 2601, 2602) 7296.0
(6759, 6760, 6761) 7307.0
(7442, 7443, 7444) 6261.0
(1491, 1492, 1493) 6385.0
(157, 158, 159) 6006.0
(6843, 6844, 6845) 7626.0
(199, 200, 201) 6212.0
(6017, 6018, 6019) 6055.0
(9493, 9494, 9495) 6621.0
(4969, 4970, 4971) 6369.0
(402, 403, 404) 6476.0
(2088, 2089, 2090) 6616.0
(7461, 7462, 7463) 6176.0
(3510, 3511, 3512) 7162.0
(106, 107, 108) 6599.0
(7080, 7081, 7082) 6877.0
(5649, 5650, 5651) 7990.0
(2842, 2843, 2844) 6557.0
(5733, 5734, 5735) 5969.0
(6806, 6807, 6808) 6927.0
(1575, 1576, 1577) 7353.0
(4317, 4318, 4319) 7163.0
(6859, 6860, 6861) 6736.0
(6518, 6519, 6520) 6135.0
(2007, 2008, 2009) 7553.0
(1121, 1122, 1123) 6740.0
(966, 967, 968) 6404.0
(2749, 2750, 2751) 7137.0
(6309, 6310, 6311) 6538.0
(9244, 9245, 9246) 6620.0
(9936, 9937, 9938) 6178.0
(2074, 2075, 2076) 6521.0
(1376, 1377, 1378) 7277.0
(5589, 5590, 5591) 6105.0
(1684, 1685, 1686) 6663.0
(8482, 8483, 8484) 6923.0
(7738, 7739, 7740) 7716.0
(5181, 5182, 5183) 6271.0
(6571, 6572, 6573) 6222.0
(5901, 5902, 5903) 6571.0
(9279, 9280, 9281) 6540.0
(4980, 4981, 4982) 6957.0
(6773, 6774, 6775) 7417.0
(1342, 1343, 1344) 6334.0
(940, 941, 942) 6346.0
(9083, 9084, 9085) 7141.0
(3668, 3669, 3670) 6270.0
(465, 466, 467) 6425.0
(1777, 1778, 1779) 6390.0
(2579, 2580, 2581) 7321.0
(1892, 1893, 1894) 7024.0
(2256, 2257, 2258) 7070.0
(4666, 4667, 4668) 6459.0
(1141, 1142, 1143) 7110.0
(8810, 8811, 8812) 6277.0
(2503, 2504, 2505) 6379.0
(4773, 4774, 4775) 7947.0
(9821, 9822, 9823) 7073.0
(1949, 1950, 1951) 7367.0
(1394, 1395, 1396) 6943.0
(3563, 3564, 3565) 6767.0
(4954, 4955, 4956) 6422.0
(444, 445, 446) 7637.0
(3614, 3615, 3616) 8035.0
(570, 571, 572) 6639.0
(7500, 7501, 7502) 7084.0
(7127, 7128, 7129) 7160.0
(1057, 1058, 1059) 6682.0
(2332, 2333, 2334) 7387.0
(9821, 9822, 9823) 7073.0
(19, 20, 21) 6298.0
(9600, 9601, 9602) 6335.0
(4326, 4327, 4328) 7306.0
(2507, 2508, 2509) 6875.0
(5219, 5220, 5221) 6808.0
(8810, 8811, 8812) 6277.0
(6097, 6098, 6099) 6809.0
(4096, 4097, 4098) 6404.0
(769, 770, 771) 6437.0
(6654, 6655, 6656) 6598.0
(349, 350, 351) 7093.0
(2115, 2116, 2117) 6870.0
(3838, 3839, 3840) 6436.0
(2779, 2780, 2781) 6910.0
(3078, 3079, 3080) 6675.0
(3962, 3963, 3964) 7073.0
(5228, 5229, 5230) 7500.0
(3793, 3794, 3795) 7364.0
(748, 749, 750) 6265.0
(1853, 1854, 1855) 6955.0
(8827, 8828, 8829) 6502.0
(7586, 7587, 7588) 6452.0
(838, 839, 840) 5767.0
(9989, 9990, 9991) 6608.0
(3899, 3900, 3901) 6600.0
(5770, 5771, 5772) 6694.0
