(9519, 9520, 9521) 7777.0
(8580, 8581, 8582) 6977.0
(1385, 1386, 1387) 6580.0
(2549, 2550, 2551) 7497.0
(6637, 6638, 6639) 7056.0
(7637, 7638, 7639) 7813.0
(1557, 1558, 1559) 6317.0
(2241, 2242, 2243) 7097.0
(2447, 2448, 2449) 7182.0
(7179, 7180, 7181) 7037.0
(3381, 3382, 3383) 6848.0
(4049, 4050, 4051) 7522.0
(8956, 8957, 8958) 6931.0
(8005, 8006, 8007) 7400.0
(6540, 6541, 6542) 6986.0
(3484, 3485, 3486) 6619.0
(7525, 7526, 7527) 6404.0
(6636, 6637, 6638) 7337.0
(9377, 9378, 9379) 6528.0
(9350, 9351, 9352) 7395.0
(3979, 3980, 3981) 7697.0
(7678, 7679, 7680) 7409.0
(2386, 2387, 2388) 6434.0
(753, 754, 755) 6859.0
(5218, 5219, 5220) 6969.0
(7657, 7658, 7659) 6160.0
(6493, 6494, 6495) 7188.0
(9616, 9617, 9618) 7349.0
(1559, 1560, 1561) 6729.0
(5369, 5370, 5371) 6380.0
(8044, 8045, 8046) 6415.0
(5678, 5679, 5680) 6675.0
(7559, 7560, 7561) 6888.0
(1018, 1019, 1020) 6836.0
(1246, 1247, 1248) 7385.0
(4390, 4391, 4392) 6264.0
(6033, 6034, 6035) 6243.0
(6117, 6118, 6119) 6783.0
(1752, 1753, 1754) 6829.0
(1724, 1725, 1726) 7706.0
(46, 47, 48) 7230.0
(5315, 5316, 5317) 7008.0
(437, 438, 439) 7187.0
(1562, 1563, 1564) 6899.0
(9867, 9868, 9869) 6501.0
(4669, 4670, 4671) 6836.0
(3731, 3732, 3733) 6121.0
(3805, 3806, 3807) 6650.0
(4172, 4173, 4174) 6677.0
(4574, 4575, 4576) 7837.0
(2349, 2350, 2351) 7665.0
(3974, 3975, 3976) 6668.0
(3241, 3242, 3243) 6670.0
(9663, 9664, 9665) 6820.0
(7443, 7444, 7445) 6920.0
(9771, 9772, 9773) 7685.0
(6846, 6847, 6848) 7342.0
(6620, 6621, 6622) 6356.0
(5040, 5041, 5042) 6546.0
(5512, 5513, 5514) 6859.0
(153, 154, 155) 6891.0
(156, 157, 158) 6299.0
(2250, 2251, 2252) 6212.0
(3235, 3236, 3237) 6447.0
(3983, 3984, 3985) 6717.0
(6854, 6855, 6856) 6822.0
(6143, 6144, 6145) 7293.0
(4042, 4043, 4044) 6759.0
(8989, 8990, 8991) 7217.0
(6494, 6495, 6496) 5762.0
(2429, 2430, 2431) 7361.0
(1484, 1485, 1486) 7417.0
(4753, 4754, 4755) 6802.0
(1692, 1693, 1694) 7566.0
(8315, 8316, 8317) 7643.0
(8633, 8634, 8635) 6579.0
(1317, 1318, 1319) 6309.0
(3660, 3661, 3662) 6988.0
(6967, 6968, 6969) 6808.0
(8216, 8217, 8218) 6844.0
(7139, 7140, 7141) 6047.0
(9033, 9034, 9035) 6640.0
(5421, 5422, 5423) 7015.0
(1016, 1017, 1018) 6599.0
(8249, 8250, 8251) 6895.0
(8956, 8957, 8958) 6931.0
(7093, 7094, 7095) 7014.0
(1655, 1656, 1657) 6454.0
(6933, 6934, 6935) 7304.0
(3612, 3613, 3614) 7895.0
(3049, 3050, 3051) 6236.0
(5496, 5497, 5498) 7458.0
(28, 29, 30) 6062.0
(675, 676, 677) 7271.0
(7548, 7549, 7550) 6237.0
(2448, 2449, 2450) 6214.0
(7421, 7422, 7423) 7196.0
(3285, 3286, 3287) 6343.0
(900, 901, 902) 6010.0
(1721, 1722, 1723) 6614.0
(4901, 4902, 4903) 6727.0
