(5057, 5058, 5059) 6913.0
(4569, 4570, 4571) 6455.0
(5374, 5375, 5376) 6740.0
(9287, 9288, 9289) 6068.0
(17, 18, 19) 8536.0
(9014, 9015, 9016) 6234.0
(859, 860, 861) 6796.0
(5528, 5529, 5530) 6534.0
(5600, 5601, 5602) 7666.0
(6175, 6176, 6177) 8293.0
(3938, 3939, 3940) 6736.0
(4365, 4366, 4367) 7330.0
(4268, 4269, 4270) 6501.0
(1799, 1800, 1801) 6800.0
(4446, 4447, 4448) 7077.0
(7526, 7527, 7528) 6568.0
(3654, 3655, 3656) 6132.0
(9791, 9792, 9793) 7353.0
(8261, 8262, 8263) 7425.0
(9691, 9692, 9693) 6754.0
(5666, 5667, 5668) 8320.0
(6419, 6420, 6421) 8203.0
(7706, 7707, 7708) 7430.0
(6228, 6229, 6230) 6571.0
(824, 825, 826) 6896.0
(140, 141, 142) 6925.0
(8705, 8706, 8707) 7049.0
(8689, 8690, 8691) 8128.0
(4267, 4268, 4269) 8547.0
(5686, 5687, 5688) 7437.0
(6884, 6885, 6886) 6331.0
(1986, 1987, 1988) 6921.0
(4330, 4331, 4332) 7307.0
(4719, 4720, 4721) 6008.0
(2897, 2898, 2899) 6475.0
(7696, 7697, 7698) 7136.0
(9020, 9021, 9022) 6156.0
(770, 771, 772) 6895.0
(3548, 3549, 3550) 6481.0
(8770, 8771, 8772) 7393.0
(7165, 7166, 7167) 7097.0
(1440, 1441, 1442) 6912.0
(5634, 5635, 5636) 7096.0
(7596, 7597, 7598) 7185.0
(3052, 3053, 3054) 6743.0
(431, 432, 433) 6122.0
(4945, 4946, 4947) 6893.0
(6744, 6745, 6746) 7240.0
(6447, 6448, 6449) 7418.0
(4745, 4746, 4747) 6952.0
(5762, 5763, 5764) 7293.0
(710, 711, 712) 7371.0
(9700, 9701, 9702) 6386.0
(1567, 1568, 1569) 6387.0
(1824, 1825, 1826) 6851.0
(488, 489, 490) 6706.0
(5232, 5233, 5234) 6847.0
(9382, 9383, 9384) 7066.0
(3670, 3671, 3672) 6651.0
(499, 500, 501) 7583.0
(7937, 7938, 7939) 5946.0
(8298, 8299, 8300) 6340.0
(9222, 9223, 9224) 8109.0
(315, 316, 317) 8482.0
(2440, 2441, 2442) 6984.0
(8045, 8046, 8047) 6282.0
(5598, 5599, 5600) 7697.0
(1773, 1774, 1775) 7659.0
(4308, 4309, 4310) 6804.0
(1189, 1190, 1191) 6923.0
(2702, 2703, 2704) 7442.0
(578, 579, 580) 6617.0
(6274, 6275, 6276) 6946.0
(151, 152, 153) 6285.0
(9841, 9842, 9843) 6095.0
(1653, 1654, 1655) 6961.0
(3944, 3945, 3946) 7178.0
(4038, 4039, 4040) 6626.0
(8683, 8684, 8685) 7090.0
(3702, 3703, 3704) 6942.0
(8677, 8678, 8679) 7677.0
(4366, 4367, 4368) 6592.0
(3377, 3378, 3379) 8193.0
(9508, 9509, 9510) 6724.0
(7901, 7902, 7903) 6452.0
(2893, 2894, 2895) 6441.0
(4276, 4277, 4278) 6559.0
(2175, 2176, 2177) 7245.0
(6647, 6648, 6649) 6796.0
(4036, 4037, 4038) 7967.0
(6537, 6538, 6539) 7161.0
(3288, 3289, 3290) 6782.0
(4266, 4267, 4268) 6147.0
(2805, 2806, 2807) 7966.0
(8297, 8298, 8299) 6918.0
(8401, 8402, 8403) 7231.0
(581, 582, 583) 7632.0
(8333, 8334, 8335) 7516.0
(9110, 9111, 9112) 6653.0
(7773, 7774, 7775) 7437.0
(9682, 9683, 9684) 6878.0
