(9376, 9377, 9378) 7086.0
(478, 479, 480) 7562.0
(7269, 7270, 7271) 6860.0
(1677, 1678, 1679) 6773.0
(8875, 8876, 8877) 6390.0
(2655, 2656, 2657) 7199.0
(1626, 1627, 1628) 7189.0
(444, 445, 446) 7846.0
(569, 570, 571) 7270.0
(1900, 1901, 1902) 7735.0
(5918, 5919, 5920) 6413.0
(4239, 4240, 4241) 6688.0
(6697, 6698, 6699) 6982.0
(3494, 3495, 3496) 7252.0
(2749, 2750, 2751) 7331.0
(895, 896, 897) 6639.0
(3838, 3839, 3840) 6574.0
(6577, 6578, 6579) 6943.0
(2526, 2527, 2528) 6589.0
(2566, 2567, 2568) 7159.0
(5378, 5379, 5380) 6546.0
(2030, 2031, 2032) 7474.0
(6923, 6924, 6925) 7012.0
(1749, 1750, 1751) 6591.0
(4005, 4006, 4007) 6146.0
(1449, 1450, 1451) 7489.0
(1869, 1870, 1871) 6919.0
(7898, 7899, 7900) 6584.0
(2807, 2808, 2809) 7165.0
(1433, 1434, 1435) 6919.0
(7266, 7267, 7268) 7296.0
(5825, 5826, 5827) 6243.0
(5061, 5062, 5063) 7384.0
(3929, 3930, 3931) 6952.0
(1916, 1917, 1918) 6705.0
(7225, 7226, 7227) 7202.0
(7233, 7234, 7235) 6533.0
(4445, 4446, 4447) 6464.0
(1917, 1918, 1919) 6937.0
(6037, 6038, 6039) 7150.0
(2134, 2135, 2136) 8868.0
(394, 395, 396) 7226.0
(5580, 5581, 5582) 6870.0
(4035, 4036, 4037) 7104.0
(7143, 7144, 7145) 7050.0
(4799, 4800, 4801) 8093.0
(8506, 8507, 8508) 7037.0
(5586, 5587, 5588) 6985.0
(4964, 4965, 4966) 6744.0
(7217, 7218, 7219) 8013.0
(3337, 3338, 3339) 6604.0
(1117, 1118, 1119) 6356.0
(7895, 7896, 7897) 7433.0
(8674, 8675, 8676) 5688.0
(2532, 2533, 2534) 6891.0
(5776, 5777, 5778) 7166.0
(2778, 2779, 2780) 7353.0
(4584, 4585, 4586) 8023.0
(6276, 6277, 6278) 7049.0
(6553, 6554, 6555) 7022.0
(7229, 7230, 7231) 7204.0
(2984, 2985, 2986) 7049.0
(8621, 8622, 8623) 7019.0
(7305, 7306, 7307) 7123.0
(8319, 8320, 8321) 6322.0
(3304, 3305, 3306) 6621.0
(264, 265, 266) 6758.0
(8242, 8243, 8244) 6744.0
(4239, 4240, 4241) 6688.0
(3693, 3694, 3695) 6278.0
(4384, 4385, 4386) 6592.0
(6114, 6115, 6116) 6332.0
(2868, 2869, 2870) 7960.0
(2443, 2444, 2445) 7445.0
(52, 53, 54) 7517.0
(6957, 6958, 6959) 6679.0
(9178, 9179, 9180) 7259.0
(9144, 9145, 9146) 6989.0
(2573, 2574, 2575) 6264.0
(4207, 4208, 4209) 6506.0
(6158, 6159, 6160) 7216.0
(9626, 9627, 9628) 7603.0
(7055, 7056, 7057) 8233.0
(5778, 5779, 5780) 5888.0
(7505, 7506, 7507) 7386.0
(8524, 8525, 8526) 7463.0
(5365, 5366, 5367) 7724.0
(5539, 5540, 5541) 6827.0
(9319, 9320, 9321) 8205.0
(4697, 4698, 4699) 7032.0
(901, 902, 903) 6666.0
(4091, 4092, 4093) 7200.0
(2471, 2472, 2473) 6329.0
(9831, 9832, 9833) 7142.0
(9453, 9454, 9455) 6342.0
(8518, 8519, 8520) 6992.0
(1379, 1380, 1381) 8377.0
(61, 62, 63) 6392.0
(3269, 3270, 3271) 7053.0
(1200, 1201, 1202) 6551.0
(2660, 2661, 2662) 6813.0
