(6226, 6227, 6228) 391.0
(3491, 3492, 3493) 257.0
(2281, 2282, 2283) 362.0
(6516, 6517, 6518) 283.0
(7341, 7342, 7343) 657.0
(7861, 7862, 7863) 628.0
(7545, 7546, 7547) 427.0
(112, 113, 114) 329.0
(2167, 2168, 2169) 412.0
(2481, 2482, 2483) 280.0
(6525, 6526, 6527) 320.0
(4473, 4474, 4475) 368.0
(8478, 8479, 8480) 490.0
(7328, 7329, 7330) 483.0
(204, 205, 206) 317.0
(9913, 9914, 9915) 404.0
(246, 247, 248) 461.0
(9652, 9653, 9654) 214.0
(354, 355, 356) 410.0
(8750, 8751, 8752) 358.0
(3134, 3135, 3136) 205.0
(1161, 1162, 1163) 196.0
(2302, 2303, 2304) 490.0
(2214, 2215, 2216) 484.0
(215, 216, 217) 384.0
(7717, 7718, 7719) 317.0
(2465, 2466, 2467) 225.0
(9172, 9173, 9174) 291.0
(140, 141, 142) 360.0
(4545, 4546, 4547) 275.0
(4775, 4776, 4777) 325.0
(4552, 4553, 4554) 511.0
(9774, 9775, 9776) 495.0
(4756, 4757, 4758) 271.0
(7055, 7056, 7057) 263.0
(4236, 4237, 4238) 424.0
(9524, 9525, 9526) 434.0
(3717, 3718, 3719) 372.0
(5889, 5890, 5891) 432.0
(6641, 6642, 6643) 434.0
(7895, 7896, 7897) 439.0
(8542, 8543, 8544) 567.0
(2801, 2802, 2803) 583.0
(8461, 8462, 8463) 338.0
(9440, 9441, 9442) 300.0
(4356, 4357, 4358) 265.0
(2970, 2971, 2972) 562.0
(719, 720, 721) 523.0
(580, 581, 582) 473.0
(7100, 7101, 7102) 283.0
(9196, 9197, 9198) 379.0
(7078, 7079, 7080) 346.0
(7517, 7518, 7519) 439.0
(3012, 3013, 3014) 586.0
(5513, 5514, 5515) 444.0
(2899, 2900, 2901) 661.0
(5676, 5677, 5678) 460.0
(9854, 9855, 9856) 301.0
(6031, 6032, 6033) 276.0
(5104, 5105, 5106) 452.0
(7974, 7975, 7976) 335.0
(2458, 2459, 2460) 322.0
(9973, 9974, 9975) 305.0
(9365, 9366, 9367) 279.0
(8116, 8117, 8118) 420.0
(974, 975, 976) 435.0
(6765, 6766, 6767) 324.0
(5118, 5119, 5120) 401.0
(661, 662, 663) 224.0
(2987, 2988, 2989) 241.0
(2939, 2940, 2941) 504.0
(8682, 8683, 8684) 657.0
(6238, 6239, 6240) 294.0
(3634, 3635, 3636) 195.0
(8799, 8800, 8801) 330.0
(8431, 8432, 8433) 300.0
(3345, 3346, 3347) 375.0
(4402, 4403, 4404) 285.0
(7833, 7834, 7835) 527.0
(3320, 3321, 3322) 425.0
(5476, 5477, 5478) 354.0
(883, 884, 885) 711.0
(9371, 9372, 9373) 240.0
(4539, 4540, 4541) 251.0
(4842, 4843, 4844) 257.0
(1269, 1270, 1271) 381.0
(720, 721, 722) 327.0
(4749, 4750, 4751) 354.0
(9131, 9132, 9133) 386.0
(5332, 5333, 5334) 184.0
(6001, 6002, 6003) 373.0
(6621, 6622, 6623) 390.0
(24, 25, 26) 345.0
(3464, 3465, 3466) 779.0
(9637, 9638, 9639) 692.0
(8227, 8228, 8229) 707.0
(4888, 4889, 4890) 454.0
(4392, 4393, 4394) 482.0
(6484, 6485, 6486) 428.0
(712, 713, 714) 543.0
(8462, 8463, 8464) 504.0
