(200, 201, 202) 259635.0
(608, 609, 610) 263573.0
(380, 381, 382) 280063.0
(6720, 6721, 6722) 237345.0
(2116, 2117, 2118) 218671.0
(7998, 7999, 8000) 204329.0
(7066, 7067, 7068) 269912.0
(4556, 4557, 4558) 270717.0
(9055, 9056, 9057) 291032.0
(4044, 4045, 4046) 219729.0
(8698, 8699, 8700) 261314.0
(8334, 8335, 8336) 228908.0
(6792, 6793, 6794) 237806.0
(6587, 6588, 6589) 263455.0
(1636, 1637, 1638) 246589.0
(876, 877, 878) 210469.0
(3325, 3326, 3327) 260272.0
(2569, 2570, 2571) 255410.0
(6259, 6260, 6261) 280063.0
(509, 510, 511) 337195.0
(246, 247, 248) 282575.0
(975, 976, 977) 250864.0
(7846, 7847, 7848) 244504.0
(521, 522, 523) 279228.0
(2468, 2469, 2470) 284508.0
(7463, 7464, 7465) 238702.0
(2043, 2044, 2045) 288127.0
(9515, 9516, 9517) 311377.0
(2727, 2728, 2729) 245122.0
(3204, 3205, 3206) 269761.0
(711, 712, 713) 287443.0
(1392, 1393, 1394) 250900.0
(185, 186, 187) 249481.0
(5514, 5515, 5516) 320284.0
(9353, 9354, 9355) 285857.0
(907, 908, 909) 254499.0
(6356, 6357, 6358) 200545.0
(5724, 5725, 5726) 216197.0
(4100, 4101, 4102) 255527.0
(1846, 1847, 1848) 257842.0
(2939, 2940, 2941) 219181.0
(3671, 3672, 3673) 229140.0
(9694, 9695, 9696) 321406.0
(677, 678, 679) 267939.0
(2739, 2740, 2741) 212965.0
(6084, 6085, 6086) 301035.0
(9285, 9286, 9287) 225671.0
(3028, 3029, 3030) 281428.0
(3295, 3296, 3297) 235350.0
(951, 952, 953) 276829.0
(1334, 1335, 1336) 230143.0
(1223, 1224, 1225) 242375.0
(7538, 7539, 7540) 248117.0
(143, 144, 145) 313625.0
(8332, 8333, 8334) 257664.0
(4928, 4929, 4930) 260608.0
(6983, 6984, 6985) 265574.0
(4570, 4571, 4572) 209780.0
(3755, 3756, 3757) 241963.0
(3337, 3338, 3339) 265734.0
(1066, 1067, 1068) 251165.0
(3197, 3198, 3199) 196671.0
(1391, 1392, 1393) 271436.0
(1469, 1470, 1471) 218042.0
(6106, 6107, 6108) 291092.0
(256, 257, 258) 245612.0
(1344, 1345, 1346) 212528.0
(4359, 4360, 4361) 223438.0
(9188, 9189, 9190) 211506.0
(2199, 2200, 2201) 248370.0
(9359, 9360, 9361) 298379.0
(3474, 3475, 3476) 248694.0
(2639, 2640, 2641) 260364.0
(2884, 2885, 2886) 265421.0
(957, 958, 959) 284157.0
(605, 606, 607) 233720.0
(4610, 4611, 4612) 272460.0
(8172, 8173, 8174) 250428.0
(7577, 7578, 7579) 182641.0
(8833, 8834, 8835) 306314.0
(6742, 6743, 6744) 243371.0
(8275, 8276, 8277) 290538.0
(6928, 6929, 6930) 305178.0
(673, 674, 675) 240599.0
(4065, 4066, 4067) 283721.0
(8798, 8799, 8800) 247173.0
(4834, 4835, 4836) 309265.0
(3446, 3447, 3448) 207155.0
(5218, 5219, 5220) 255708.0
(6727, 6728, 6729) 195302.0
(3581, 3582, 3583) 249861.0
(8931, 8932, 8933) 249411.0
(4710, 4711, 4712) 242918.0
(4074, 4075, 4076) 317073.0
(3665, 3666, 3667) 237313.0
(2120, 2121, 2122) 207471.0
(8965, 8966, 8967) 250410.0
(2801, 2802, 2803) 283713.0
(6771, 6772, 6773) 293100.0
(1375, 1376, 1377) 196639.0
(2029, 2030, 2031) 264749.0
