(6462, 6463, 6464) 10961.0
(4204, 4205, 4206) 5839.0
(1219, 1220, 1221) 11950.0
(1816, 1817, 1818) 11606.0
(425, 426, 427) 11058.0
(5598, 5599, 5600) 9816.0
(2815, 2816, 2817) 13398.0
(7504, 7505, 7506) 8638.0
(1022, 1023, 1024) 11716.0
(8574, 8575, 8576) 8252.0
(5935, 5936, 5937) 11367.0
(4536, 4537, 4538) 13949.0
(7884, 7885, 7886) 13084.0
(3179, 3180, 3181) 11348.0
(4580, 4581, 4582) 10801.0
(5604, 5605, 5606) 9091.0
(3248, 3249, 3250) 11508.0
(3656, 3657, 3658) 12993.0
(956, 957, 958) 10058.0
(5005, 5006, 5007) 10847.0
(9445, 9446, 9447) 11056.0
(7800, 7801, 7802) 10811.0
(1972, 1973, 1974) 8384.0
(7465, 7466, 7467) 10422.0
(2250, 2251, 2252) 11368.0
(3813, 3814, 3815) 10573.0
(5294, 5295, 5296) 11420.0
(3683, 3684, 3685) 10938.0
(1084, 1085, 1086) 15799.0
(4611, 4612, 4613) 9088.0
(1490, 1491, 1492) 12715.0
(3029, 3030, 3031) 12889.0
(6783, 6784, 6785) 11319.0
(8418, 8419, 8420) 10378.0
(6371, 6372, 6373) 10356.0
(9608, 9609, 9610) 11370.0
(1569, 1570, 1571) 12257.0
(7734, 7735, 7736) 10697.0
(8546, 8547, 8548) 9842.0
(6534, 6535, 6536) 12837.0
(3555, 3556, 3557) 12109.0
(9902, 9903, 9904) 13501.0
(6980, 6981, 6982) 15893.0
(7701, 7702, 7703) 14864.0
(9621, 9622, 9623) 12091.0
(5061, 5062, 5063) 11555.0
(4606, 4607, 4608) 11274.0
(6575, 6576, 6577) 13338.0
(6132, 6133, 6134) 14785.0
(8027, 8028, 8029) 12350.0
(7532, 7533, 7534) 11771.0
(2560, 2561, 2562) 9166.0
(4110, 4111, 4112) 13163.0
(4966, 4967, 4968) 12515.0
(773, 774, 775) 10966.0
(7695, 7696, 7697) 11993.0
(4970, 4971, 4972) 12654.0
(1700, 1701, 1702) 13539.0
(5878, 5879, 5880) 11693.0
(7981, 7982, 7983) 9211.0
(8321, 8322, 8323) 8418.0
(4294, 4295, 4296) 8201.0
(7984, 7985, 7986) 8604.0
(8270, 8271, 8272) 8891.0
(4466, 4467, 4468) 9711.0
(2934, 2935, 2936) 8648.0
(2148, 2149, 2150) 9103.0
(5064, 5065, 5066) 13298.0
(528, 529, 530) 14572.0
(4981, 4982, 4983) 15286.0
(3728, 3729, 3730) 8626.0
(8372, 8373, 8374) 13359.0
(779, 780, 781) 12767.0
(568, 569, 570) 8687.0
(4931, 4932, 4933) 8878.0
(6166, 6167, 6168) 12619.0
(5962, 5963, 5964) 11559.0
(5851, 5852, 5853) 11614.0
(8323, 8324, 8325) 14452.0
(644, 645, 646) 7719.0
(3941, 3942, 3943) 13028.0
(3419, 3420, 3421) 14910.0
(6272, 6273, 6274) 11896.0
(780, 781, 782) 10881.0
(6607, 6608, 6609) 10222.0
(2261, 2262, 2263) 7454.0
(3543, 3544, 3545) 6244.0
(5259, 5260, 5261) 8757.0
(6982, 6983, 6984) 13918.0
(4329, 4330, 4331) 14837.0
(816, 817, 818) 12724.0
(7681, 7682, 7683) 9435.0
(6658, 6659, 6660) 11576.0
(2388, 2389, 2390) 10588.0
(8340, 8341, 8342) 10752.0
(6921, 6922, 6923) 11373.0
(7017, 7018, 7019) 12921.0
(2367, 2368, 2369) 10828.0
(469, 470, 471) 17575.0
(9707, 9708, 9709) 8041.0
(4412, 4413, 4414) 11702.0
