(156, 157, 158) 15174.0
(3127, 3128, 3129) 12127.0
(1826, 1827, 1828) 14101.0
(5885, 5886, 5887) 16687.0
(6844, 6845, 6846) 18074.0
(7186, 7187, 7188) 18424.0
(7037, 7038, 7039) 16177.0
(8317, 8318, 8319) 13696.0
(9993, 9994, 9995) 16923.0
(3354, 3355, 3356) 19078.0
(398, 399, 400) 17041.0
(7316, 7317, 7318) 14433.0
(9770, 9771, 9772) 19975.0
(9598, 9599, 9600) 16867.0
(6043, 6044, 6045) 20801.0
(5415, 5416, 5417) 18207.0
(7029, 7030, 7031) 19661.0
(4037, 4038, 4039) 13148.0
(7984, 7985, 7986) 14569.0
(5840, 5841, 5842) 18253.0
(8209, 8210, 8211) 15768.0
(5892, 5893, 5894) 12546.0
(5068, 5069, 5070) 15851.0
(2898, 2899, 2900) 19064.0
(2278, 2279, 2280) 14496.0
(271, 272, 273) 17796.0
(2307, 2308, 2309) 13927.0
(5381, 5382, 5383) 15116.0
(2172, 2173, 2174) 15149.0
(5097, 5098, 5099) 13481.0
(9880, 9881, 9882) 14513.0
(7321, 7322, 7323) 14998.0
(4300, 4301, 4302) 15610.0
(3623, 3624, 3625) 15293.0
(7526, 7527, 7528) 15568.0
(5961, 5962, 5963) 18618.0
(891, 892, 893) 19285.0
(215, 216, 217) 15297.0
(4243, 4244, 4245) 17699.0
(4812, 4813, 4814) 14216.0
(4360, 4361, 4362) 14750.0
(7792, 7793, 7794) 14458.0
(4971, 4972, 4973) 14519.0
(1127, 1128, 1129) 17912.0
(7993, 7994, 7995) 15900.0
(8677, 8678, 8679) 13886.0
(6672, 6673, 6674) 17383.0
(8020, 8021, 8022) 14872.0
(4004, 4005, 4006) 14815.0
(5193, 5194, 5195) 13256.0
(6894, 6895, 6896) 12652.0
(9502, 9503, 9504) 17179.0
(1683, 1684, 1685) 12185.0
(104, 105, 106) 17886.0
(4750, 4751, 4752) 14188.0
(4716, 4717, 4718) 14821.0
(2747, 2748, 2749) 13265.0
(4988, 4989, 4990) 13460.0
(6031, 6032, 6033) 14629.0
(7121, 7122, 7123) 16329.0
(3148, 3149, 3150) 22836.0
(3518, 3519, 3520) 12942.0
(2918, 2919, 2920) 17434.0
(5038, 5039, 5040) 15202.0
(1099, 1100, 1101) 14522.0
(8338, 8339, 8340) 13847.0
(6795, 6796, 6797) 18643.0
(4895, 4896, 4897) 17415.0
(7871, 7872, 7873) 16746.0
(2071, 2072, 2073) 16917.0
(2503, 2504, 2505) 20418.0
(7109, 7110, 7111) 13026.0
(3915, 3916, 3917) 14490.0
(5623, 5624, 5625) 20229.0
(9766, 9767, 9768) 14629.0
(1263, 1264, 1265) 18897.0
(1906, 1907, 1908) 15044.0
(3540, 3541, 3542) 12936.0
(7044, 7045, 7046) 19838.0
(8301, 8302, 8303) 17942.0
(7174, 7175, 7176) 16416.0
(9081, 9082, 9083) 17075.0
(6097, 6098, 6099) 17553.0
(1523, 1524, 1525) 16145.0
(6422, 6423, 6424) 14786.0
(6102, 6103, 6104) 17287.0
(3796, 3797, 3798) 16874.0
(8460, 8461, 8462) 18763.0
(8872, 8873, 8874) 14042.0
(2475, 2476, 2477) 12690.0
(8792, 8793, 8794) 9689.0
(7488, 7489, 7490) 12434.0
(3411, 3412, 3413) 16153.0
(5652, 5653, 5654) 19525.0
(5044, 5045, 5046) 14250.0
(7594, 7595, 7596) 15149.0
(560, 561, 562) 14602.0
(5928, 5929, 5930) 14856.0
(2166, 2167, 2168) 17227.0
(8423, 8424, 8425) 18477.0
(9444, 9445, 9446) 13105.0
