(9547, 9548, 9549) 14670.0
(7971, 7972, 7973) 15200.0
(7362, 7363, 7364) 18595.0
(8356, 8357, 8358) 20189.0
(4931, 4932, 4933) 14578.0
(8880, 8881, 8882) 19398.0
(5267, 5268, 5269) 16738.0
(125, 126, 127) 14514.0
(1529, 1530, 1531) 13052.0
(6762, 6763, 6764) 19798.0
(6510, 6511, 6512) 14290.0
(3122, 3123, 3124) 22175.0
(7112, 7113, 7114) 16111.0
(9511, 9512, 9513) 14059.0
(4065, 4066, 4067) 17243.0
(526, 527, 528) 15561.0
(8967, 8968, 8969) 17659.0
(1870, 1871, 1872) 15677.0
(2926, 2927, 2928) 18245.0
(8114, 8115, 8116) 18204.0
(8763, 8764, 8765) 18959.0
(6848, 6849, 6850) 12471.0
(2537, 2538, 2539) 13951.0
(1181, 1182, 1183) 17662.0
(7494, 7495, 7496) 14617.0
(978, 979, 980) 17344.0
(2234, 2235, 2236) 21776.0
(6248, 6249, 6250) 15959.0
(5057, 5058, 5059) 18745.0
(5762, 5763, 5764) 25078.0
(830, 831, 832) 14299.0
(4202, 4203, 4204) 16355.0
(9093, 9094, 9095) 19389.0
(6413, 6414, 6415) 14138.0
(1883, 1884, 1885) 14732.0
(4816, 4817, 4818) 19163.0
(7094, 7095, 7096) 15553.0
(932, 933, 934) 15323.0
(6094, 6095, 6096) 17757.0
(1915, 1916, 1917) 18766.0
(2512, 2513, 2514) 20188.0
(2890, 2891, 2892) 14587.0
(8044, 8045, 8046) 21181.0
(5953, 5954, 5955) 17723.0
(5955, 5956, 5957) 13005.0
(4546, 4547, 4548) 19500.0
(889, 890, 891) 19369.0
(4587, 4588, 4589) 20755.0
(1280, 1281, 1282) 23692.0
(2258, 2259, 2260) 16786.0
(8371, 8372, 8373) 14708.0
(4646, 4647, 4648) 16070.0
(9535, 9536, 9537) 18730.0
(9684, 9685, 9686) 15946.0
(6674, 6675, 6676) 14851.0
(7288, 7289, 7290) 22926.0
(5396, 5397, 5398) 15552.0
(3256, 3257, 3258) 16490.0
(2606, 2607, 2608) 20317.0
(7224, 7225, 7226) 18166.0
(2777, 2778, 2779) 19078.0
(8400, 8401, 8402) 21722.0
(5624, 5625, 5626) 17089.0
(9219, 9220, 9221) 20139.0
(5787, 5788, 5789) 15675.0
(6358, 6359, 6360) 17581.0
(318, 319, 320) 20451.0
(9057, 9058, 9059) 12550.0
(4327, 4328, 4329) 13949.0
(7945, 7946, 7947) 14903.0
(8613, 8614, 8615) 16067.0
(5158, 5159, 5160) 12171.0
(512, 513, 514) 20288.0
(1378, 1379, 1380) 14626.0
(6531, 6532, 6533) 24849.0
(9746, 9747, 9748) 15889.0
(6384, 6385, 6386) 18111.0
(9404, 9405, 9406) 16517.0
(7877, 7878, 7879) 13750.0
(2270, 2271, 2272) 14627.0
(6839, 6840, 6841) 18767.0
(94, 95, 96) 14803.0
(3143, 3144, 3145) 14836.0
(1822, 1823, 1824) 18168.0
(6673, 6674, 6675) 15456.0
(3367, 3368, 3369) 18088.0
(1198, 1199, 1200) 15822.0
(4436, 4437, 4438) 16776.0
(2643, 2644, 2645) 13446.0
(132, 133, 134) 18183.0
(7393, 7394, 7395) 17255.0
(5180, 5181, 5182) 21127.0
(9792, 9793, 9794) 14753.0
(647, 648, 649) 15773.0
(5023, 5024, 5025) 20461.0
(2267, 2268, 2269) 26369.0
(5610, 5611, 5612) 16306.0
(7272, 7273, 7274) 24461.0
(6743, 6744, 6745) 14642.0
(1002, 1003, 1004) 17430.0
(7515, 7516, 7517) 15207.0
