(266, 267, 268) 22075.0
(3455, 3456, 3457) 24207.0
(4188, 4189, 4190) 25063.0
(4860, 4861, 4862) 19315.0
(9936, 9937, 9938) 16728.0
(7961, 7962, 7963) 20946.0
(7391, 7392, 7393) 16416.0
(3145, 3146, 3147) 20706.0
(9581, 9582, 9583) 20717.0
(4471, 4472, 4473) 26061.0
(1766, 1767, 1768) 25433.0
(5484, 5485, 5486) 26505.0
(4395, 4396, 4397) 31707.0
(7745, 7746, 7747) 23310.0
(590, 591, 592) 21815.0
(841, 842, 843) 17018.0
(9506, 9507, 9508) 19116.0
(3047, 3048, 3049) 17096.0
(7260, 7261, 7262) 18536.0
(2090, 2091, 2092) 19566.0
(7432, 7433, 7434) 21363.0
(6721, 6722, 6723) 22665.0
(110, 111, 112) 16966.0
(2136, 2137, 2138) 17662.0
(7754, 7755, 7756) 23989.0
(7326, 7327, 7328) 26817.0
(1713, 1714, 1715) 17427.0
(325, 326, 327) 19425.0
(5519, 5520, 5521) 22845.0
(2879, 2880, 2881) 22468.0
(7467, 7468, 7469) 18599.0
(1690, 1691, 1692) 23880.0
(3098, 3099, 3100) 16206.0
(716, 717, 718) 19347.0
(4232, 4233, 4234) 29792.0
(1033, 1034, 1035) 24694.0
(8978, 8979, 8980) 27721.0
(8756, 8757, 8758) 22882.0
(6033, 6034, 6035) 12156.0
(622, 623, 624) 26529.0
(7904, 7905, 7906) 18953.0
(1899, 1900, 1901) 19701.0
(907, 908, 909) 22913.0
(8568, 8569, 8570) 21380.0
(4052, 4053, 4054) 22022.0
(3045, 3046, 3047) 31589.0
(3437, 3438, 3439) 16321.0
(6493, 6494, 6495) 19502.0
(5755, 5756, 5757) 18444.0
(9342, 9343, 9344) 22576.0
(5239, 5240, 5241) 14051.0
(9880, 9881, 9882) 18726.0
(5652, 5653, 5654) 23990.0
(1495, 1496, 1497) 23598.0
(3509, 3510, 3511) 19220.0
(8957, 8958, 8959) 19509.0
(1440, 1441, 1442) 23093.0
(3027, 3028, 3029) 19690.0
(8043, 8044, 8045) 17756.0
(7008, 7009, 7010) 20318.0
(4321, 4322, 4323) 31391.0
(3355, 3356, 3357) 21840.0
(7989, 7990, 7991) 18963.0
(9481, 9482, 9483) 18609.0
(8468, 8469, 8470) 20505.0
(8924, 8925, 8926) 18541.0
(7497, 7498, 7499) 17657.0
(7649, 7650, 7651) 25419.0
(2693, 2694, 2695) 19207.0
(1741, 1742, 1743) 17219.0
(1938, 1939, 1940) 25447.0
(4659, 4660, 4661) 19524.0
(4545, 4546, 4547) 14834.0
(9022, 9023, 9024) 20771.0
(509, 510, 511) 18795.0
(7086, 7087, 7088) 20711.0
(5411, 5412, 5413) 17123.0
(7586, 7587, 7588) 23394.0
(1446, 1447, 1448) 26107.0
(693, 694, 695) 22220.0
(8237, 8238, 8239) 19702.0
(2323, 2324, 2325) 19339.0
(4577, 4578, 4579) 24108.0
(6662, 6663, 6664) 28858.0
(8804, 8805, 8806) 20711.0
(8206, 8207, 8208) 21462.0
(5014, 5015, 5016) 24336.0
(5392, 5393, 5394) 27223.0
(6579, 6580, 6581) 18824.0
(4620, 4621, 4622) 21405.0
(6106, 6107, 6108) 19889.0
(3090, 3091, 3092) 29467.0
(4042, 4043, 4044) 22866.0
(3941, 3942, 3943) 27485.0
(7988, 7989, 7990) 25704.0
(2665, 2666, 2667) 22747.0
(7968, 7969, 7970) 18766.0
(1229, 1230, 1231) 24438.0
(3355, 3356, 3357) 21840.0
(736, 737, 738) 16211.0
(7451, 7452, 7453) 16370.0
