(4151, 4152, 4153) 19228.0
(4078, 4079, 4080) 22344.0
(3788, 3789, 3790) 24574.0
(4929, 4930, 4931) 24742.0
(614, 615, 616) 25556.0
(1342, 1343, 1344) 21354.0
(7918, 7919, 7920) 27798.0
(8524, 8525, 8526) 28836.0
(4549, 4550, 4551) 20628.0
(7087, 7088, 7089) 18518.0
(2362, 2363, 2364) 18960.0
(8926, 8927, 8928) 19475.0
(9556, 9557, 9558) 29568.0
(7758, 7759, 7760) 27355.0
(8312, 8313, 8314) 21412.0
(6406, 6407, 6408) 27694.0
(7177, 7178, 7179) 25359.0
(6314, 6315, 6316) 24231.0
(1870, 1871, 1872) 17677.0
(9157, 9158, 9159) 21718.0
(4990, 4991, 4992) 19765.0
(66, 67, 68) 17174.0
(5066, 5067, 5068) 24967.0
(4686, 4687, 4688) 24256.0
(2668, 2669, 2670) 22682.0
(4412, 4413, 4414) 27346.0
(2511, 2512, 2513) 31866.0
(6328, 6329, 6330) 24988.0
(7994, 7995, 7996) 21367.0
(2492, 2493, 2494) 23818.0
(943, 944, 945) 29416.0
(2713, 2714, 2715) 23336.0
(2864, 2865, 2866) 17949.0
(5998, 5999, 6000) 18601.0
(5170, 5171, 5172) 23945.0
(1759, 1760, 1761) 24100.0
(3849, 3850, 3851) 26700.0
(6523, 6524, 6525) 21840.0
(5020, 5021, 5022) 23925.0
(6951, 6952, 6953) 18083.0
(7831, 7832, 7833) 23622.0
(7597, 7598, 7599) 30077.0
(4182, 4183, 4184) 16691.0
(3512, 3513, 3514) 21598.0
(6432, 6433, 6434) 22845.0
(459, 460, 461) 24642.0
(2455, 2456, 2457) 25574.0
(1798, 1799, 1800) 17806.0
(6754, 6755, 6756) 22904.0
(9803, 9804, 9805) 23808.0
(8728, 8729, 8730) 21923.0
(1676, 1677, 1678) 19564.0
(5603, 5604, 5605) 18336.0
(8491, 8492, 8493) 21040.0
(2040, 2041, 2042) 24379.0
(6695, 6696, 6697) 30716.0
(8016, 8017, 8018) 23318.0
(5804, 5805, 5806) 27698.0
(5237, 5238, 5239) 24584.0
(1396, 1397, 1398) 20080.0
(6708, 6709, 6710) 20137.0
(8350, 8351, 8352) 30089.0
(1129, 1130, 1131) 24622.0
(1309, 1310, 1311) 25869.0
(438, 439, 440) 14626.0
(9052, 9053, 9054) 17990.0
(6752, 6753, 6754) 26357.0
(2926, 2927, 2928) 25090.0
(7876, 7877, 7878) 17769.0
(1173, 1174, 1175) 24214.0
(6269, 6270, 6271) 19570.0
(4663, 4664, 4665) 29527.0
(8905, 8906, 8907) 26302.0
(5490, 5491, 5492) 16587.0
(7713, 7714, 7715) 30966.0
(1448, 1449, 1450) 20195.0
(2904, 2905, 2906) 19672.0
(9753, 9754, 9755) 19918.0
(4684, 4685, 4686) 19688.0
(1856, 1857, 1858) 22179.0
(8168, 8169, 8170) 21467.0
(7946, 7947, 7948) 19584.0
(4732, 4733, 4734) 22285.0
(1236, 1237, 1238) 19355.0
(3283, 3284, 3285) 19169.0
(280, 281, 282) 30582.0
(8964, 8965, 8966) 20402.0
(4450, 4451, 4452) 25503.0
(1689, 1690, 1691) 23970.0
(4581, 4582, 4583) 23706.0
(8278, 8279, 8280) 18992.0
(4038, 4039, 4040) 19221.0
(8255, 8256, 8257) 20559.0
(8367, 8368, 8369) 20935.0
(7545, 7546, 7547) 24233.0
(6796, 6797, 6798) 16946.0
(6297, 6298, 6299) 21827.0
(2918, 2919, 2920) 23529.0
(516, 517, 518) 17184.0
(9699, 9700, 9701) 17174.0
(7825, 7826, 7827) 17075.0
