(6382, 6383, 6384) 31770.0
(5460, 5461, 5462) 25984.0
(7099, 7100, 7101) 35367.0
(6294, 6295, 6296) 27758.0
(8235, 8236, 8237) 28350.0
(7699, 7700, 7701) 32700.0
(6495, 6496, 6497) 33657.0
(6556, 6557, 6558) 31276.0
(6838, 6839, 6840) 26806.0
(3159, 3160, 3161) 31436.0
(9794, 9795, 9796) 38259.0
(3056, 3057, 3058) 29621.0
(6687, 6688, 6689) 34416.0
(4135, 4136, 4137) 30334.0
(8114, 8115, 8116) 32276.0
(7492, 7493, 7494) 30134.0
(3638, 3639, 3640) 40339.0
(9303, 9304, 9305) 24101.0
(1608, 1609, 1610) 26407.0
(1077, 1078, 1079) 23813.0
(6228, 6229, 6230) 30758.0
(1546, 1547, 1548) 27072.0
(9502, 9503, 9504) 34783.0
(6093, 6094, 6095) 37100.0
(5770, 5771, 5772) 35292.0
(7457, 7458, 7459) 26839.0
(305, 306, 307) 29228.0
(6649, 6650, 6651) 38853.0
(3682, 3683, 3684) 35096.0
(7886, 7887, 7888) 30665.0
(2866, 2867, 2868) 23414.0
(8050, 8051, 8052) 26131.0
(7729, 7730, 7731) 22274.0
(4129, 4130, 4131) 33487.0
(5827, 5828, 5829) 28036.0
(335, 336, 337) 32167.0
(6978, 6979, 6980) 42500.0
(2211, 2212, 2213) 29865.0
(9292, 9293, 9294) 30506.0
(8862, 8863, 8864) 28552.0
(7875, 7876, 7877) 25303.0
(1182, 1183, 1184) 39805.0
(7243, 7244, 7245) 29652.0
(5806, 5807, 5808) 33789.0
(6109, 6110, 6111) 33071.0
(736, 737, 738) 22109.0
(9157, 9158, 9159) 29153.0
(1097, 1098, 1099) 29543.0
(3001, 3002, 3003) 35560.0
(3991, 3992, 3993) 28177.0
(8961, 8962, 8963) 37389.0
(9033, 9034, 9035) 43777.0
(1991, 1992, 1993) 30440.0
(3469, 3470, 3471) 33622.0
(9578, 9579, 9580) 36886.0
(5517, 5518, 5519) 38265.0
(9411, 9412, 9413) 34081.0
(5721, 5722, 5723) 33309.0
(7570, 7571, 7572) 44273.0
(924, 925, 926) 30361.0
(8983, 8984, 8985) 27238.0
(6574, 6575, 6576) 28613.0
(470, 471, 472) 33378.0
(3425, 3426, 3427) 24619.0
(3747, 3748, 3749) 29738.0
(180, 181, 182) 26035.0
(6426, 6427, 6428) 29350.0
(6166, 6167, 6168) 35768.0
(1774, 1775, 1776) 38410.0
(5123, 5124, 5125) 32739.0
(7403, 7404, 7405) 23402.0
(1451, 1452, 1453) 28641.0
(6181, 6182, 6183) 27255.0
(4498, 4499, 4500) 31510.0
(218, 219, 220) 22389.0
(140, 141, 142) 29533.0
(9271, 9272, 9273) 34060.0
(3453, 3454, 3455) 44020.0
(6952, 6953, 6954) 27522.0
(7915, 7916, 7917) 28206.0
(133, 134, 135) 28869.0
(5979, 5980, 5981) 27451.0
(4940, 4941, 4942) 20721.0
(750, 751, 752) 35787.0
(7696, 7697, 7698) 22804.0
(2252, 2253, 2254) 34642.0
(8742, 8743, 8744) 23186.0
(142, 143, 144) 37594.0
(523, 524, 525) 38558.0
(208, 209, 210) 29231.0
(4783, 4784, 4785) 31306.0
(670, 671, 672) 36085.0
(8960, 8961, 8962) 32435.0
(339, 340, 341) 27992.0
(9122, 9123, 9124) 32258.0
(8896, 8897, 8898) 27983.0
(6606, 6607, 6608) 21249.0
(1355, 1356, 1357) 31088.0
(4065, 4066, 4067) 26837.0
(9592, 9593, 9594) 25409.0
(1944, 1945, 1946) 24952.0
