(2748, 2749, 2750) 29361.0
(6696, 6697, 6698) 47051.0
(1257, 1258, 1259) 28412.0
(3688, 3689, 3690) 31629.0
(3339, 3340, 3341) 30163.0
(8766, 8767, 8768) 28817.0
(3859, 3860, 3861) 28088.0
(3754, 3755, 3756) 46683.0
(6133, 6134, 6135) 29582.0
(1003, 1004, 1005) 34265.0
(4188, 4189, 4190) 37114.0
(718, 719, 720) 43734.0
(518, 519, 520) 33908.0
(5841, 5842, 5843) 36156.0
(3634, 3635, 3636) 36416.0
(3498, 3499, 3500) 32722.0
(8210, 8211, 8212) 43979.0
(5262, 5263, 5264) 25130.0
(8644, 8645, 8646) 29651.0
(9947, 9948, 9949) 26691.0
(423, 424, 425) 44864.0
(9078, 9079, 9080) 30969.0
(5115, 5116, 5117) 29028.0
(9083, 9084, 9085) 25870.0
(2052, 2053, 2054) 33816.0
(5675, 5676, 5677) 32439.0
(5039, 5040, 5041) 30127.0
(2875, 2876, 2877) 30315.0
(4580, 4581, 4582) 28468.0
(7346, 7347, 7348) 34555.0
(7684, 7685, 7686) 29641.0
(19, 20, 21) 25876.0
(1987, 1988, 1989) 35602.0
(1801, 1802, 1803) 31008.0
(102, 103, 104) 46522.0
(8564, 8565, 8566) 39222.0
(609, 610, 611) 34342.0
(9505, 9506, 9507) 27204.0
(9204, 9205, 9206) 38718.0
(396, 397, 398) 39139.0
(1812, 1813, 1814) 21702.0
(1024, 1025, 1026) 35574.0
(6686, 6687, 6688) 31108.0
(9795, 9796, 9797) 36473.0
(8505, 8506, 8507) 34528.0
(3078, 3079, 3080) 28012.0
(1868, 1869, 1870) 32967.0
(2329, 2330, 2331) 23823.0
(8684, 8685, 8686) 26128.0
(9128, 9129, 9130) 34781.0
(9899, 9900, 9901) 31960.0
(5921, 5922, 5923) 27452.0
(8308, 8309, 8310) 38502.0
(4808, 4809, 4810) 31247.0
(9542, 9543, 9544) 34435.0
(8333, 8334, 8335) 34338.0
(5994, 5995, 5996) 40295.0
(5495, 5496, 5497) 32396.0
(213, 214, 215) 29343.0
(368, 369, 370) 30573.0
(7022, 7023, 7024) 25509.0
(490, 491, 492) 29717.0
(742, 743, 744) 33767.0
(73, 74, 75) 25478.0
(8377, 8378, 8379) 29418.0
(7276, 7277, 7278) 32380.0
(3440, 3441, 3442) 45422.0
(3712, 3713, 3714) 39407.0
(4240, 4241, 4242) 30335.0
(107, 108, 109) 25764.0
(476, 477, 478) 39198.0
(3121, 3122, 3123) 30953.0
(4934, 4935, 4936) 51446.0
(7817, 7818, 7819) 27173.0
(164, 165, 166) 30591.0
(7984, 7985, 7986) 27837.0
(4523, 4524, 4525) 45716.0
(5774, 5775, 5776) 38264.0
(194, 195, 196) 23629.0
(2509, 2510, 2511) 25582.0
(4158, 4159, 4160) 25276.0
(6181, 6182, 6183) 31506.0
(4140, 4141, 4142) 30100.0
(1292, 1293, 1294) 28067.0
(8925, 8926, 8927) 24137.0
(1804, 1805, 1806) 29642.0
(9258, 9259, 9260) 31175.0
(4646, 4647, 4648) 30300.0
(727, 728, 729) 31414.0
(4492, 4493, 4494) 26874.0
(5970, 5971, 5972) 38949.0
(823, 824, 825) 34852.0
(975, 976, 977) 43785.0
(2329, 2330, 2331) 23823.0
(6682, 6683, 6684) 27210.0
(3556, 3557, 3558) 32460.0
(2362, 2363, 2364) 29851.0
(8743, 8744, 8745) 29852.0
(9070, 9071, 9072) 28075.0
(3999, 4000, 4001) 31268.0
(5311, 5312, 5313) 21123.0
