(7471, 7472, 7473) 27851.0
(9565, 9566, 9567) 35209.0
(9442, 9443, 9444) 45388.0
(292, 293, 294) 22968.0
(485, 486, 487) 32547.0
(7051, 7052, 7053) 29687.0
(9189, 9190, 9191) 49684.0
(7557, 7558, 7559) 28974.0
(2333, 2334, 2335) 35327.0
(2852, 2853, 2854) 40019.0
(88, 89, 90) 30331.0
(8496, 8497, 8498) 36855.0
(1812, 1813, 1814) 22883.0
(1776, 1777, 1778) 39185.0
(6241, 6242, 6243) 39708.0
(5422, 5423, 5424) 38440.0
(7873, 7874, 7875) 35724.0
(839, 840, 841) 35754.0
(3611, 3612, 3613) 32244.0
(3268, 3269, 3270) 33340.0
(7416, 7417, 7418) 42978.0
(8244, 8245, 8246) 39681.0
(2631, 2632, 2633) 42659.0
(4623, 4624, 4625) 44663.0
(7842, 7843, 7844) 28047.0
(9167, 9168, 9169) 29224.0
(5129, 5130, 5131) 31526.0
(974, 975, 976) 38582.0
(7717, 7718, 7719) 29251.0
(4804, 4805, 4806) 44395.0
(1326, 1327, 1328) 30830.0
(5660, 5661, 5662) 33853.0
(9815, 9816, 9817) 32265.0
(8703, 8704, 8705) 32695.0
(7316, 7317, 7318) 25339.0
(7103, 7104, 7105) 26169.0
(2403, 2404, 2405) 42767.0
(737, 738, 739) 34121.0
(400, 401, 402) 30098.0
(913, 914, 915) 35143.0
(4250, 4251, 4252) 33374.0
(7717, 7718, 7719) 29251.0
(9058, 9059, 9060) 25766.0
(5165, 5166, 5167) 31064.0
(8994, 8995, 8996) 36702.0
(6938, 6939, 6940) 34598.0
(814, 815, 816) 36141.0
(1770, 1771, 1772) 38197.0
(9599, 9600, 9601) 39994.0
(8801, 8802, 8803) 33473.0
(6960, 6961, 6962) 23205.0
(5466, 5467, 5468) 25665.0
(1284, 1285, 1286) 30551.0
(6943, 6944, 6945) 36499.0
(8529, 8530, 8531) 29644.0
(4064, 4065, 4066) 30137.0
(8403, 8404, 8405) 27630.0
(7063, 7064, 7065) 40491.0
(949, 950, 951) 31969.0
(8723, 8724, 8725) 36297.0
(4313, 4314, 4315) 34475.0
(4223, 4224, 4225) 34569.0
(3997, 3998, 3999) 29844.0
(3655, 3656, 3657) 35937.0
(9568, 9569, 9570) 34018.0
(4133, 4134, 4135) 32776.0
(9827, 9828, 9829) 42243.0
(8186, 8187, 8188) 35128.0
(1022, 1023, 1024) 36733.0
(9525, 9526, 9527) 35954.0
(8551, 8552, 8553) 44428.0
(6764, 6765, 6766) 29138.0
(2301, 2302, 2303) 42869.0
(5048, 5049, 5050) 38245.0
(5759, 5760, 5761) 35897.0
(3608, 3609, 3610) 36301.0
(3398, 3399, 3400) 39805.0
(6008, 6009, 6010) 29360.0
(3137, 3138, 3139) 40499.0
(4076, 4077, 4078) 36623.0
(3326, 3327, 3328) 21747.0
(9533, 9534, 9535) 29988.0
(3980, 3981, 3982) 31588.0
(5665, 5666, 5667) 35328.0
(5398, 5399, 5400) 43483.0
(8232, 8233, 8234) 36613.0
(3051, 3052, 3053) 30386.0
(9251, 9252, 9253) 33287.0
(9701, 9702, 9703) 29142.0
(2987, 2988, 2989) 40805.0
(6141, 6142, 6143) 38625.0
(662, 663, 664) 34533.0
(7289, 7290, 7291) 38457.0
(8723, 8724, 8725) 36297.0
(6097, 6098, 6099) 37105.0
(5437, 5438, 5439) 24708.0
(9334, 9335, 9336) 29359.0
(1713, 1714, 1715) 27439.0
(8960, 8961, 8962) 39940.0
(6681, 6682, 6683) 40377.0
(4201, 4202, 4203) 30239.0
