(8383, 8384, 8385) 44029.0
(5087, 5088, 5089) 38395.0
(7368, 7369, 7370) 34374.0
(2577, 2578, 2579) 36114.0
(5282, 5283, 5284) 38585.0
(8648, 8649, 8650) 34005.0
(7347, 7348, 7349) 41924.0
(5947, 5948, 5949) 39868.0
(6796, 6797, 6798) 29227.0
(6543, 6544, 6545) 42887.0
(5250, 5251, 5252) 34507.0
(6507, 6508, 6509) 31981.0
(2836, 2837, 2838) 38279.0
(8791, 8792, 8793) 27613.0
(2994, 2995, 2996) 36777.0
(7525, 7526, 7527) 32871.0
(1528, 1529, 1530) 37432.0
(5207, 5208, 5209) 34510.0
(8673, 8674, 8675) 31093.0
(9719, 9720, 9721) 39973.0
(8247, 8248, 8249) 39035.0
(4519, 4520, 4521) 34240.0
(272, 273, 274) 36284.0
(8626, 8627, 8628) 29638.0
(507, 508, 509) 38256.0
(3047, 3048, 3049) 28620.0
(1558, 1559, 1560) 33761.0
(9758, 9759, 9760) 39837.0
(5555, 5556, 5557) 30535.0
(9875, 9876, 9877) 37619.0
(2520, 2521, 2522) 33010.0
(723, 724, 725) 37177.0
(1364, 1365, 1366) 43752.0
(7498, 7499, 7500) 29983.0
(254, 255, 256) 32264.0
(1735, 1736, 1737) 38342.0
(3068, 3069, 3070) 34919.0
(9568, 9569, 9570) 36772.0
(9129, 9130, 9131) 36322.0
(5500, 5501, 5502) 29654.0
(3181, 3182, 3183) 23433.0
(9644, 9645, 9646) 34793.0
(2409, 2410, 2411) 39911.0
(4649, 4650, 4651) 38316.0
(5977, 5978, 5979) 34002.0
(7309, 7310, 7311) 36665.0
(8880, 8881, 8882) 46569.0
(917, 918, 919) 45306.0
(8471, 8472, 8473) 36544.0
(3624, 3625, 3626) 36291.0
(2355, 2356, 2357) 50721.0
(5908, 5909, 5910) 31865.0
(8931, 8932, 8933) 42089.0
(434, 435, 436) 43516.0
(8206, 8207, 8208) 38940.0
(4207, 4208, 4209) 20750.0
(4940, 4941, 4942) 32882.0
(1842, 1843, 1844) 34440.0
(8283, 8284, 8285) 29973.0
(160, 161, 162) 34329.0
(6309, 6310, 6311) 35567.0
(6208, 6209, 6210) 25692.0
(2617, 2618, 2619) 38138.0
(1725, 1726, 1727) 34849.0
(7874, 7875, 7876) 42626.0
(5236, 5237, 5238) 24266.0
(2232, 2233, 2234) 35764.0
(3960, 3961, 3962) 29633.0
(1200, 1201, 1202) 32739.0
(3601, 3602, 3603) 37093.0
(1161, 1162, 1163) 34004.0
(1238, 1239, 1240) 34408.0
(9805, 9806, 9807) 36602.0
(3440, 3441, 3442) 49776.0
(9245, 9246, 9247) 33824.0
(6053, 6054, 6055) 48166.0
(9430, 9431, 9432) 51222.0
(3022, 3023, 3024) 29659.0
(7211, 7212, 7213) 36022.0
(893, 894, 895) 35081.0
(786, 787, 788) 32093.0
(5114, 5115, 5116) 34326.0
(4473, 4474, 4475) 33240.0
(6265, 6266, 6267) 30867.0
(8432, 8433, 8434) 32682.0
(75, 76, 77) 34474.0
(2028, 2029, 2030) 30631.0
(7246, 7247, 7248) 32240.0
(6535, 6536, 6537) 30549.0
(3331, 3332, 3333) 40462.0
(9297, 9298, 9299) 42031.0
(3284, 3285, 3286) 34768.0
(3839, 3840, 3841) 30573.0
(9646, 9647, 9648) 37627.0
(1486, 1487, 1488) 40456.0
(8050, 8051, 8052) 34095.0
(7650, 7651, 7652) 32098.0
(3094, 3095, 3096) 39025.0
(1787, 1788, 1789) 33175.0
(8410, 8411, 8412) 37420.0
(9964, 9965, 9966) 42414.0
