(5831, 5832, 5833) 54042.0
(9575, 9576, 9577) 47144.0
(5150, 5151, 5152) 41378.0
(1993, 1994, 1995) 60897.0
(1831, 1832, 1833) 28338.0
(9958, 9959, 9960) 38255.0
(8177, 8178, 8179) 36960.0
(8702, 8703, 8704) 26446.0
(2743, 2744, 2745) 45149.0
(7282, 7283, 7284) 48470.0
(7953, 7954, 7955) 41005.0
(2570, 2571, 2572) 34754.0
(5427, 5428, 5429) 41949.0
(7543, 7544, 7545) 40903.0
(2453, 2454, 2455) 43608.0
(1329, 1330, 1331) 54618.0
(8427, 8428, 8429) 36948.0
(3946, 3947, 3948) 49364.0
(4196, 4197, 4198) 48423.0
(3694, 3695, 3696) 43181.0
(2915, 2916, 2917) 43537.0
(9915, 9916, 9917) 43660.0
(8070, 8071, 8072) 33485.0
(5194, 5195, 5196) 43712.0
(234, 235, 236) 47543.0
(3962, 3963, 3964) 52219.0
(5498, 5499, 5500) 45265.0
(6368, 6369, 6370) 56551.0
(4914, 4915, 4916) 36430.0
(398, 399, 400) 37218.0
(9174, 9175, 9176) 39842.0
(3689, 3690, 3691) 47010.0
(4109, 4110, 4111) 52207.0
(8390, 8391, 8392) 39150.0
(8939, 8940, 8941) 39922.0
(4461, 4462, 4463) 57334.0
(937, 938, 939) 41126.0
(6468, 6469, 6470) 33590.0
(70, 71, 72) 34363.0
(9712, 9713, 9714) 49865.0
(6132, 6133, 6134) 45968.0
(2038, 2039, 2040) 42716.0
(3842, 3843, 3844) 36958.0
(6585, 6586, 6587) 44552.0
(422, 423, 424) 51719.0
(353, 354, 355) 40167.0
(2068, 2069, 2070) 46457.0
(3422, 3423, 3424) 39729.0
(1134, 1135, 1136) 38863.0
(5305, 5306, 5307) 31947.0
(1529, 1530, 1531) 35454.0
(7806, 7807, 7808) 47564.0
(2888, 2889, 2890) 35299.0
(7455, 7456, 7457) 46042.0
(8584, 8585, 8586) 44344.0
(102, 103, 104) 58151.0
(9819, 9820, 9821) 40072.0
(7203, 7204, 7205) 43624.0
(6100, 6101, 6102) 56010.0
(3620, 3621, 3622) 44242.0
(2711, 2712, 2713) 42892.0
(3309, 3310, 3311) 39228.0
(9037, 9038, 9039) 35808.0
(4351, 4352, 4353) 34952.0
(6802, 6803, 6804) 67294.0
(5749, 5750, 5751) 47322.0
(2687, 2688, 2689) 48412.0
(8248, 8249, 8250) 46510.0
(7209, 7210, 7211) 42445.0
(1387, 1388, 1389) 42703.0
(6273, 6274, 6275) 40225.0
(9539, 9540, 9541) 39104.0
(755, 756, 757) 33344.0
(9137, 9138, 9139) 34344.0
(8436, 8437, 8438) 47332.0
(7842, 7843, 7844) 34773.0
(1193, 1194, 1195) 36550.0
(27, 28, 29) 48724.0
(4538, 4539, 4540) 44442.0
(1933, 1934, 1935) 47407.0
(1833, 1834, 1835) 44615.0
(2803, 2804, 2805) 36242.0
(6246, 6247, 6248) 37542.0
(306, 307, 308) 51302.0
(2405, 2406, 2407) 30658.0
(7168, 7169, 7170) 47536.0
(5105, 5106, 5107) 38334.0
(366, 367, 368) 43112.0
(8937, 8938, 8939) 50785.0
(2570, 2571, 2572) 34754.0
(4262, 4263, 4264) 52453.0
(5119, 5120, 5121) 45598.0
(216, 217, 218) 40797.0
(4576, 4577, 4578) 41695.0
(3736, 3737, 3738) 42401.0
(4851, 4852, 4853) 56306.0
(5108, 5109, 5110) 39525.0
(5634, 5635, 5636) 50458.0
(1394, 1395, 1396) 54556.0
(9270, 9271, 9272) 40701.0
(5491, 5492, 5493) 40362.0
