(4270, 4271, 4272) 49379.0
(739, 740, 741) 41350.0
(722, 723, 724) 46205.0
(1884, 1885, 1886) 44738.0
(7592, 7593, 7594) 50554.0
(9189, 9190, 9191) 55654.0
(9825, 9826, 9827) 50354.0
(2921, 2922, 2923) 56126.0
(8846, 8847, 8848) 54410.0
(6952, 6953, 6954) 37340.0
(6613, 6614, 6615) 38142.0
(7204, 7205, 7206) 50218.0
(6495, 6496, 6497) 47192.0
(8541, 8542, 8543) 41185.0
(2370, 2371, 2372) 40525.0
(2621, 2622, 2623) 45065.0
(4319, 4320, 4321) 47437.0
(4539, 4540, 4541) 45235.0
(7668, 7669, 7670) 55293.0
(8341, 8342, 8343) 39135.0
(6552, 6553, 6554) 53005.0
(44, 45, 46) 47862.0
(3967, 3968, 3969) 45909.0
(6156, 6157, 6158) 41688.0
(6359, 6360, 6361) 46910.0
(6221, 6222, 6223) 41581.0
(2827, 2828, 2829) 51228.0
(5357, 5358, 5359) 43886.0
(9326, 9327, 9328) 34683.0
(1785, 1786, 1787) 51825.0
(2835, 2836, 2837) 47627.0
(8803, 8804, 8805) 47122.0
(2133, 2134, 2135) 42092.0
(7272, 7273, 7274) 55804.0
(2182, 2183, 2184) 52000.0
(4616, 4617, 4618) 43155.0
(8498, 8499, 8500) 39186.0
(1219, 1220, 1221) 42218.0
(6625, 6626, 6627) 47717.0
(7300, 7301, 7302) 52128.0
(4903, 4904, 4905) 35185.0
(1816, 1817, 1818) 48708.0
(1362, 1363, 1364) 43876.0
(4248, 4249, 4250) 56757.0
(4556, 4557, 4558) 43428.0
(2919, 2920, 2921) 40953.0
(7514, 7515, 7516) 48379.0
(2960, 2961, 2962) 42519.0
(5888, 5889, 5890) 41165.0
(1995, 1996, 1997) 42510.0
(6381, 6382, 6383) 45063.0
(130, 131, 132) 58627.0
(706, 707, 708) 47646.0
(3746, 3747, 3748) 45588.0
(5200, 5201, 5202) 41203.0
(4984, 4985, 4986) 51222.0
(79, 80, 81) 52436.0
(3264, 3265, 3266) 49859.0
(8264, 8265, 8266) 50581.0
(7243, 7244, 7245) 47299.0
(3634, 3635, 3636) 48952.0
(7004, 7005, 7006) 41686.0
(9325, 9326, 9327) 37137.0
(1077, 1078, 1079) 35772.0
(2909, 2910, 2911) 61228.0
(3669, 3670, 3671) 46692.0
(2003, 2004, 2005) 35411.0
(3680, 3681, 3682) 48384.0
(6856, 6857, 6858) 40592.0
(9481, 9482, 9483) 38153.0
(2449, 2450, 2451) 57121.0
(9917, 9918, 9919) 43151.0
(4945, 4946, 4947) 40496.0
(3387, 3388, 3389) 42139.0
(2688, 2689, 2690) 32743.0
(376, 377, 378) 37379.0
(4008, 4009, 4010) 42552.0
(2643, 2644, 2645) 48759.0
(2410, 2411, 2412) 47450.0
(4046, 4047, 4048) 47311.0
(58, 59, 60) 39207.0
(5034, 5035, 5036) 42005.0
(8280, 8281, 8282) 46998.0
(1344, 1345, 1346) 39691.0
(8855, 8856, 8857) 41378.0
(8481, 8482, 8483) 48727.0
(344, 345, 346) 34890.0
(8505, 8506, 8507) 43228.0
(8943, 8944, 8945) 39823.0
(8875, 8876, 8877) 44547.0
(8025, 8026, 8027) 58298.0
(8502, 8503, 8504) 36268.0
(3115, 3116, 3117) 51480.0
(627, 628, 629) 33354.0
(3882, 3883, 3884) 61338.0
(6342, 6343, 6344) 45151.0
(8578, 8579, 8580) 40781.0
(5444, 5445, 5446) 43578.0
(7404, 7405, 7406) 41375.0
(5760, 5761, 5762) 54102.0
(8132, 8133, 8134) 46908.0
