(9647, 9648, 9649) 55363.0
(8303, 8304, 8305) 46657.0
(33, 34, 35) 47495.0
(1949, 1950, 1951) 46756.0
(3864, 3865, 3866) 41173.0
(7686, 7687, 7688) 56889.0
(4267, 4268, 4269) 48230.0
(1534, 1535, 1536) 58905.0
(8925, 8926, 8927) 38587.0
(4844, 4845, 4846) 48380.0
(224, 225, 226) 48386.0
(9775, 9776, 9777) 46069.0
(1453, 1454, 1455) 39061.0
(8495, 8496, 8497) 63738.0
(9852, 9853, 9854) 45150.0
(3717, 3718, 3719) 62856.0
(393, 394, 395) 45459.0
(496, 497, 498) 50286.0
(5427, 5428, 5429) 48931.0
(8919, 8920, 8921) 40054.0
(9504, 9505, 9506) 44301.0
(8961, 8962, 8963) 55688.0
(2728, 2729, 2730) 45864.0
(5363, 5364, 5365) 31409.0
(1584, 1585, 1586) 46111.0
(4848, 4849, 4850) 42979.0
(5077, 5078, 5079) 50737.0
(3089, 3090, 3091) 62616.0
(7433, 7434, 7435) 57192.0
(9895, 9896, 9897) 49874.0
(1315, 1316, 1317) 49271.0
(655, 656, 657) 57589.0
(4244, 4245, 4246) 43937.0
(4200, 4201, 4202) 47236.0
(4258, 4259, 4260) 44871.0
(7313, 7314, 7315) 64448.0
(4037, 4038, 4039) 54269.0
(8779, 8780, 8781) 61309.0
(4027, 4028, 4029) 35398.0
(1363, 1364, 1365) 38546.0
(4165, 4166, 4167) 36809.0
(7518, 7519, 7520) 61276.0
(4121, 4122, 4123) 46586.0
(6002, 6003, 6004) 49750.0
(8688, 8689, 8690) 53030.0
(9966, 9967, 9968) 69779.0
(63, 64, 65) 47417.0
(6563, 6564, 6565) 59780.0
(9392, 9393, 9394) 39772.0
(3494, 3495, 3496) 37925.0
(1152, 1153, 1154) 49089.0
(1057, 1058, 1059) 51370.0
(3355, 3356, 3357) 40412.0
(49, 50, 51) 46062.0
(7072, 7073, 7074) 47822.0
(568, 569, 570) 49792.0
(8309, 8310, 8311) 36216.0
(6496, 6497, 6498) 48855.0
(5409, 5410, 5411) 42725.0
(1031, 1032, 1033) 48698.0
(469, 470, 471) 53399.0
(6587, 6588, 6589) 47783.0
(4605, 4606, 4607) 56304.0
(6376, 6377, 6378) 34574.0
(6022, 6023, 6024) 45070.0
(550, 551, 552) 38643.0
(5232, 5233, 5234) 61475.0
(1517, 1518, 1519) 64751.0
(5056, 5057, 5058) 52006.0
(8144, 8145, 8146) 49400.0
(7811, 7812, 7813) 48518.0
(884, 885, 886) 41352.0
(6727, 6728, 6729) 38269.0
(2443, 2444, 2445) 56604.0
(7417, 7418, 7419) 46400.0
(7324, 7325, 7326) 50982.0
(2390, 2391, 2392) 45840.0
(9179, 9180, 9181) 80388.0
(4597, 4598, 4599) 49623.0
(2895, 2896, 2897) 55072.0
(5713, 5714, 5715) 54171.0
(709, 710, 711) 51120.0
(3842, 3843, 3844) 43496.0
(25, 26, 27) 48897.0
(438, 439, 440) 33990.0
(3957, 3958, 3959) 41998.0
(3581, 3582, 3583) 39570.0
(9187, 9188, 9189) 58076.0
(3252, 3253, 3254) 50420.0
(5176, 5177, 5178) 35457.0
(1459, 1460, 1461) 41110.0
(4979, 4980, 4981) 44876.0
(5445, 5446, 5447) 47013.0
(9526, 9527, 9528) 46145.0
(1327, 1328, 1329) 29624.0
(1640, 1641, 1642) 56586.0
(1220, 1221, 1222) 51378.0
(3841, 3842, 3843) 40993.0
(2022, 2023, 2024) 41141.0
(6404, 6405, 6406) 36357.0
(2998, 2999, 3000) 51595.0
