(612, 613, 614) 53458.0
(1239, 1240, 1241) 40439.0
(3583, 3584, 3585) 51845.0
(5909, 5910, 5911) 46741.0
(7498, 7499, 7500) 55831.0
(83, 84, 85) 39677.0
(9648, 9649, 9650) 62198.0
(8745, 8746, 8747) 48720.0
(1534, 1535, 1536) 61306.0
(7984, 7985, 7986) 48157.0
(9579, 9580, 9581) 68347.0
(967, 968, 969) 47824.0
(4773, 4774, 4775) 44299.0
(6634, 6635, 6636) 54763.0
(9125, 9126, 9127) 44486.0
(9792, 9793, 9794) 47051.0
(8914, 8915, 8916) 57649.0
(2679, 2680, 2681) 55404.0
(4221, 4222, 4223) 59493.0
(8292, 8293, 8294) 56396.0
(8676, 8677, 8678) 51405.0
(8656, 8657, 8658) 50901.0
(2119, 2120, 2121) 34078.0
(4382, 4383, 4384) 50678.0
(5332, 5333, 5334) 53606.0
(9976, 9977, 9978) 56913.0
(6743, 6744, 6745) 37738.0
(3744, 3745, 3746) 57555.0
(9042, 9043, 9044) 46636.0
(1729, 1730, 1731) 55828.0
(395, 396, 397) 52081.0
(5386, 5387, 5388) 46833.0
(2145, 2146, 2147) 46591.0
(8539, 8540, 8541) 54216.0
(3036, 3037, 3038) 59804.0
(8559, 8560, 8561) 47401.0
(3356, 3357, 3358) 44793.0
(9378, 9379, 9380) 60696.0
(3604, 3605, 3606) 53893.0
(6114, 6115, 6116) 49819.0
(5868, 5869, 5870) 51899.0
(8036, 8037, 8038) 55271.0
(3678, 3679, 3680) 55751.0
(9280, 9281, 9282) 59749.0
(8167, 8168, 8169) 54305.0
(2948, 2949, 2950) 43777.0
(8079, 8080, 8081) 50506.0
(7231, 7232, 7233) 26342.0
(2673, 2674, 2675) 52162.0
(8252, 8253, 8254) 52426.0
(125, 126, 127) 43669.0
(1804, 1805, 1806) 44832.0
(6061, 6062, 6063) 51958.0
(89, 90, 91) 47776.0
(1714, 1715, 1716) 40073.0
(1472, 1473, 1474) 52568.0
(966, 967, 968) 62081.0
(4000, 4001, 4002) 63428.0
(9509, 9510, 9511) 46138.0
(6509, 6510, 6511) 47748.0
(9534, 9535, 9536) 59170.0
(9488, 9489, 9490) 54697.0
(3648, 3649, 3650) 44582.0
(3784, 3785, 3786) 53310.0
(3539, 3540, 3541) 54490.0
(4236, 4237, 4238) 50262.0
(287, 288, 289) 53529.0
(7258, 7259, 7260) 51800.0
(8795, 8796, 8797) 71352.0
(5617, 5618, 5619) 59681.0
(8962, 8963, 8964) 50759.0
(2762, 2763, 2764) 55237.0
(9177, 9178, 9179) 47656.0
(1229, 1230, 1231) 54070.0
(3223, 3224, 3225) 60679.0
(8147, 8148, 8149) 49456.0
(1539, 1540, 1541) 41184.0
(8155, 8156, 8157) 40623.0
(3515, 3516, 3517) 39284.0
(1168, 1169, 1170) 53040.0
(5073, 5074, 5075) 46071.0
(7600, 7601, 7602) 44306.0
(5445, 5446, 5447) 52140.0
(9437, 9438, 9439) 48838.0
(3948, 3949, 3950) 54760.0
(1985, 1986, 1987) 60727.0
(2835, 2836, 2837) 53072.0
(7193, 7194, 7195) 46708.0
(5183, 5184, 5185) 54258.0
(4697, 4698, 4699) 51195.0
(9070, 9071, 9072) 46815.0
(5434, 5435, 5436) 62378.0
(379, 380, 381) 68823.0
(5353, 5354, 5355) 49042.0
(3233, 3234, 3235) 51094.0
(7050, 7051, 7052) 47352.0
(731, 732, 733) 59590.0
(1243, 1244, 1245) 56438.0
(6936, 6937, 6938) 54957.0
(1005, 1006, 1007) 62685.0
(9759, 9760, 9761) 44114.0
