(6248, 6249, 6250) 53817.0
(2065, 2066, 2067) 74324.0
(6301, 6302, 6303) 58750.0
(5875, 5876, 5877) 54449.0
(8058, 8059, 8060) 59241.0
(4434, 4435, 4436) 71470.0
(8463, 8464, 8465) 47113.0
(9789, 9790, 9791) 56189.0
(1886, 1887, 1888) 50793.0
(7671, 7672, 7673) 63873.0
(5331, 5332, 5333) 55876.0
(8430, 8431, 8432) 57362.0
(9291, 9292, 9293) 61675.0
(3843, 3844, 3845) 40558.0
(8538, 8539, 8540) 40043.0
(9280, 9281, 9282) 63087.0
(4365, 4366, 4367) 55675.0
(8060, 8061, 8062) 61364.0
(2915, 2916, 2917) 65908.0
(7427, 7428, 7429) 62493.0
(8593, 8594, 8595) 57932.0
(7461, 7462, 7463) 46282.0
(4456, 4457, 4458) 61102.0
(6271, 6272, 6273) 69260.0
(6233, 6234, 6235) 64417.0
(9663, 9664, 9665) 46757.0
(1392, 1393, 1394) 67427.0
(7075, 7076, 7077) 76222.0
(735, 736, 737) 62903.0
(8807, 8808, 8809) 65630.0
(5666, 5667, 5668) 54317.0
(2504, 2505, 2506) 64650.0
(5965, 5966, 5967) 66626.0
(6602, 6603, 6604) 74000.0
(6598, 6599, 6600) 46323.0
(4254, 4255, 4256) 43802.0
(8925, 8926, 8927) 54399.0
(2388, 2389, 2390) 58141.0
(8997, 8998, 8999) 65898.0
(3000, 3001, 3002) 71647.0
(5163, 5164, 5165) 55835.0
(6451, 6452, 6453) 65648.0
(4778, 4779, 4780) 54749.0
(7716, 7717, 7718) 52853.0
(1261, 1262, 1263) 57070.0
(9050, 9051, 9052) 52892.0
(4228, 4229, 4230) 67300.0
(5837, 5838, 5839) 64636.0
(4967, 4968, 4969) 59388.0
(2621, 2622, 2623) 51504.0
(5225, 5226, 5227) 45157.0
(9612, 9613, 9614) 53974.0
(441, 442, 443) 53543.0
(633, 634, 635) 73071.0
(281, 282, 283) 51902.0
(9155, 9156, 9157) 57482.0
(9169, 9170, 9171) 45127.0
(5060, 5061, 5062) 60474.0
(9252, 9253, 9254) 49076.0
(4803, 4804, 4805) 65244.0
(6067, 6068, 6069) 69025.0
(4046, 4047, 4048) 67923.0
(5431, 5432, 5433) 58464.0
(1538, 1539, 1540) 48139.0
(3937, 3938, 3939) 41013.0
(3799, 3800, 3801) 52379.0
(3486, 3487, 3488) 55373.0
(8708, 8709, 8710) 67561.0
(5734, 5735, 5736) 52239.0
(8859, 8860, 8861) 52774.0
(4069, 4070, 4071) 76825.0
(9329, 9330, 9331) 64059.0
(1633, 1634, 1635) 50534.0
(7360, 7361, 7362) 47459.0
(294, 295, 296) 59611.0
(172, 173, 174) 59944.0
(83, 84, 85) 43299.0
(5130, 5131, 5132) 60612.0
(873, 874, 875) 64338.0
(3363, 3364, 3365) 62378.0
(6386, 6387, 6388) 46825.0
(4150, 4151, 4152) 50344.0
(6590, 6591, 6592) 65895.0
(76, 77, 78) 56206.0
(3971, 3972, 3973) 65567.0
(7861, 7862, 7863) 46351.0
(6832, 6833, 6834) 53638.0
(3787, 3788, 3789) 56851.0
(3457, 3458, 3459) 52370.0
(1259, 1260, 1261) 58944.0
(6075, 6076, 6077) 46786.0
(6908, 6909, 6910) 62420.0
(6031, 6032, 6033) 56198.0
(5005, 5006, 5007) 56811.0
(8755, 8756, 8757) 45418.0
(7508, 7509, 7510) 75645.0
(4953, 4954, 4955) 74128.0
(2625, 2626, 2627) 57871.0
(127, 128, 129) 55382.0
(2281, 2282, 2283) 60787.0
(9587, 9588, 9589) 71060.0
