(2063, 2064, 2065) 80823.0
(8310, 8311, 8312) 44608.0
(5108, 5109, 5110) 62408.0
(7277, 7278, 7279) 82575.0
(160, 161, 162) 51634.0
(5433, 5434, 5435) 70324.0
(1454, 1455, 1456) 76220.0
(2551, 2552, 2553) 57639.0
(4719, 4720, 4721) 55531.0
(147, 148, 149) 69235.0
(7916, 7917, 7918) 65851.0
(3547, 3548, 3549) 52924.0
(48, 49, 50) 62852.0
(8326, 8327, 8328) 61448.0
(3606, 3607, 3608) 65765.0
(1128, 1129, 1130) 70839.0
(9571, 9572, 9573) 63413.0
(7504, 7505, 7506) 53814.0
(3714, 3715, 3716) 52856.0
(9124, 9125, 9126) 62970.0
(6604, 6605, 6606) 61068.0
(9463, 9464, 9465) 67974.0
(264, 265, 266) 61110.0
(9216, 9217, 9218) 68406.0
(4351, 4352, 4353) 52857.0
(616, 617, 618) 53419.0
(6329, 6330, 6331) 51220.0
(4211, 4212, 4213) 51490.0
(2092, 2093, 2094) 59684.0
(8091, 8092, 8093) 70181.0
(5093, 5094, 5095) 54074.0
(5037, 5038, 5039) 58002.0
(3384, 3385, 3386) 51595.0
(6099, 6100, 6101) 64390.0
(6363, 6364, 6365) 60354.0
(4327, 4328, 4329) 55735.0
(5255, 5256, 5257) 74189.0
(6204, 6205, 6206) 79818.0
(6619, 6620, 6621) 61868.0
(7702, 7703, 7704) 70273.0
(9816, 9817, 9818) 62148.0
(893, 894, 895) 61577.0
(4756, 4757, 4758) 72436.0
(1093, 1094, 1095) 62642.0
(3363, 3364, 3365) 68883.0
(2347, 2348, 2349) 69812.0
(1454, 1455, 1456) 76220.0
(7405, 7406, 7407) 67211.0
(7381, 7382, 7383) 72132.0
(259, 260, 261) 67619.0
(1766, 1767, 1768) 64541.0
(9435, 9436, 9437) 60660.0
(2126, 2127, 2128) 47128.0
(2943, 2944, 2945) 42012.0
(7841, 7842, 7843) 76168.0
(5256, 5257, 5258) 65490.0
(615, 616, 617) 74090.0
(5515, 5516, 5517) 79079.0
(1611, 1612, 1613) 70440.0
(9283, 9284, 9285) 57785.0
(811, 812, 813) 56329.0
(5317, 5318, 5319) 68126.0
(3472, 3473, 3474) 71038.0
(4650, 4651, 4652) 56958.0
(4397, 4398, 4399) 78758.0
(2181, 2182, 2183) 53844.0
(597, 598, 599) 62507.0
(329, 330, 331) 77050.0
(1536, 1537, 1538) 49223.0
(1416, 1417, 1418) 63098.0
(2928, 2929, 2930) 67771.0
(3633, 3634, 3635) 57138.0
(3257, 3258, 3259) 45504.0
(8484, 8485, 8486) 66856.0
(7691, 7692, 7693) 60698.0
(6480, 6481, 6482) 73448.0
(1747, 1748, 1749) 61712.0
(2482, 2483, 2484) 68427.0
(3113, 3114, 3115) 52128.0
(6546, 6547, 6548) 75100.0
(362, 363, 364) 68760.0
(4314, 4315, 4316) 66667.0
(2289, 2290, 2291) 64653.0
(6629, 6630, 6631) 73496.0
(9457, 9458, 9459) 82673.0
(3389, 3390, 3391) 72255.0
(8081, 8082, 8083) 49647.0
(1438, 1439, 1440) 68708.0
(5509, 5510, 5511) 66075.0
(9389, 9390, 9391) 74918.0
(5394, 5395, 5396) 60793.0
(9366, 9367, 9368) 68420.0
(9738, 9739, 9740) 70061.0
(4724, 4725, 4726) 61539.0
(8270, 8271, 8272) 64006.0
(4030, 4031, 4032) 60663.0
(6012, 6013, 6014) 61508.0
(9742, 9743, 9744) 53963.0
(9132, 9133, 9134) 58295.0
(2786, 2787, 2788) 61740.0
(4276, 4277, 4278) 73035.0
