(2842, 2843, 2844) 65085.0
(5628, 5629, 5630) 67876.0
(2564, 2565, 2566) 74076.0
(8642, 8643, 8644) 64119.0
(6515, 6516, 6517) 73234.0
(600, 601, 602) 61072.0
(4234, 4235, 4236) 62801.0
(3990, 3991, 3992) 76112.0
(334, 335, 336) 64132.0
(4969, 4970, 4971) 67713.0
(8556, 8557, 8558) 74260.0
(2493, 2494, 2495) 69063.0
(894, 895, 896) 80083.0
(1207, 1208, 1209) 68519.0
(9158, 9159, 9160) 66105.0
(7929, 7930, 7931) 67318.0
(5301, 5302, 5303) 71029.0
(7649, 7650, 7651) 73779.0
(9381, 9382, 9383) 82155.0
(863, 864, 865) 67821.0
(8532, 8533, 8534) 56321.0
(4475, 4476, 4477) 79188.0
(3009, 3010, 3011) 70306.0
(8610, 8611, 8612) 85439.0
(9501, 9502, 9503) 88413.0
(6936, 6937, 6938) 69549.0
(4452, 4453, 4454) 59338.0
(5697, 5698, 5699) 94083.0
(1700, 1701, 1702) 76851.0
(7614, 7615, 7616) 80232.0
(3079, 3080, 3081) 63227.0
(26, 27, 28) 59869.0
(3760, 3761, 3762) 70741.0
(725, 726, 727) 69505.0
(2127, 2128, 2129) 64183.0
(9515, 9516, 9517) 65084.0
(8226, 8227, 8228) 58102.0
(558, 559, 560) 90486.0
(2926, 2927, 2928) 80159.0
(8702, 8703, 8704) 46319.0
(1869, 1870, 1871) 73198.0
(8815, 8816, 8817) 75746.0
(9892, 9893, 9894) 69635.0
(3365, 3366, 3367) 57716.0
(1450, 1451, 1452) 62324.0
(7449, 7450, 7451) 60700.0
(5985, 5986, 5987) 78608.0
(3322, 3323, 3324) 75914.0
(2291, 2292, 2293) 70930.0
(7526, 7527, 7528) 59760.0
(9937, 9938, 9939) 61738.0
(8055, 8056, 8057) 91410.0
(1262, 1263, 1264) 56681.0
(4366, 4367, 4368) 65471.0
(1433, 1434, 1435) 65540.0
(2931, 2932, 2933) 67945.0
(130, 131, 132) 83814.0
(550, 551, 552) 65632.0
(5441, 5442, 5443) 59703.0
(836, 837, 838) 65103.0
(8545, 8546, 8547) 64214.0
(8932, 8933, 8934) 73544.0
(7832, 7833, 7834) 61175.0
(8306, 8307, 8308) 73096.0
(8375, 8376, 8377) 93559.0
(3795, 3796, 3797) 83038.0
(4796, 4797, 4798) 74204.0
(4818, 4819, 4820) 73899.0
(5923, 5924, 5925) 69541.0
(7956, 7957, 7958) 77823.0
(1486, 1487, 1488) 75745.0
(2762, 2763, 2764) 69904.0
(1289, 1290, 1291) 56793.0
(7291, 7292, 7293) 80002.0
(445, 446, 447) 71541.0
(8991, 8992, 8993) 62211.0
(2503, 2504, 2505) 70589.0
(1931, 1932, 1933) 67152.0
(4904, 4905, 4906) 84597.0
(8702, 8703, 8704) 46319.0
(5240, 5241, 5242) 68791.0
(3686, 3687, 3688) 54043.0
(6480, 6481, 6482) 72330.0
(5101, 5102, 5103) 69238.0
(9418, 9419, 9420) 71967.0
(6457, 6458, 6459) 74934.0
(7536, 7537, 7538) 71850.0
(6622, 6623, 6624) 60340.0
(7300, 7301, 7302) 94184.0
(107, 108, 109) 64106.0
(9096, 9097, 9098) 75053.0
(3745, 3746, 3747) 62264.0
(709, 710, 711) 70308.0
(1638, 1639, 1640) 88976.0
(2086, 2087, 2088) 81329.0
(1570, 1571, 1572) 73422.0
(7514, 7515, 7516) 83048.0
(3491, 3492, 3493) 69822.0
(9373, 9374, 9375) 78196.0
(3424, 3425, 3426) 73475.0
(1618, 1619, 1620) 84916.0
