(7492, 7493, 7494) 75361.0
(4864, 4865, 4866) 72387.0
(4942, 4943, 4944) 78113.0
(743, 744, 745) 69849.0
(390, 391, 392) 88809.0
(9292, 9293, 9294) 63634.0
(8953, 8954, 8955) 85186.0
(7338, 7339, 7340) 85491.0
(9163, 9164, 9165) 76990.0
(9883, 9884, 9885) 55393.0
(6678, 6679, 6680) 89400.0
(1483, 1484, 1485) 87835.0
(4874, 4875, 4876) 57497.0
(846, 847, 848) 97032.0
(590, 591, 592) 67811.0
(496, 497, 498) 85917.0
(1711, 1712, 1713) 71134.0
(7823, 7824, 7825) 75957.0
(2881, 2882, 2883) 56790.0
(1566, 1567, 1568) 63428.0
(5397, 5398, 5399) 78752.0
(4017, 4018, 4019) 71704.0
(2361, 2362, 2363) 60725.0
(7272, 7273, 7274) 88813.0
(4444, 4445, 4446) 65220.0
(4873, 4874, 4875) 87761.0
(342, 343, 344) 89748.0
(4118, 4119, 4120) 96177.0
(8725, 8726, 8727) 73902.0
(2182, 2183, 2184) 87859.0
(5469, 5470, 5471) 67002.0
(4303, 4304, 4305) 81371.0
(2222, 2223, 2224) 76294.0
(2800, 2801, 2802) 81892.0
(617, 618, 619) 60580.0
(8452, 8453, 8454) 59120.0
(7069, 7070, 7071) 73046.0
(97, 98, 99) 68798.0
(2017, 2018, 2019) 72821.0
(3006, 3007, 3008) 63349.0
(8977, 8978, 8979) 71570.0
(4652, 4653, 4654) 106171.0
(1656, 1657, 1658) 78010.0
(7154, 7155, 7156) 84569.0
(3858, 3859, 3860) 75717.0
(20, 21, 22) 61956.0
(2233, 2234, 2235) 91843.0
(1158, 1159, 1160) 79937.0
(8785, 8786, 8787) 117899.0
(8905, 8906, 8907) 88478.0
(2759, 2760, 2761) 59110.0
(8479, 8480, 8481) 87083.0
(9330, 9331, 9332) 67552.0
(5873, 5874, 5875) 65385.0
(1216, 1217, 1218) 74697.0
(5688, 5689, 5690) 85362.0
(9540, 9541, 9542) 116998.0
(2425, 2426, 2427) 80658.0
(2530, 2531, 2532) 100616.0
(4557, 4558, 4559) 79669.0
(3478, 3479, 3480) 86951.0
(128, 129, 130) 79647.0
(1963, 1964, 1965) 78368.0
(355, 356, 357) 81877.0
(162, 163, 164) 84407.0
(4202, 4203, 4204) 72514.0
(9466, 9467, 9468) 64391.0
(1845, 1846, 1847) 70709.0
(7754, 7755, 7756) 90266.0
(5201, 5202, 5203) 63027.0
(9980, 9981, 9982) 70731.0
(5701, 5702, 5703) 75511.0
(3001, 3002, 3003) 76144.0
(9553, 9554, 9555) 72415.0
(8326, 8327, 8328) 76274.0
(9931, 9932, 9933) 93171.0
(2550, 2551, 2552) 83906.0
(3176, 3177, 3178) 81466.0
(4335, 4336, 4337) 74655.0
(8968, 8969, 8970) 59431.0
(449, 450, 451) 62817.0
(26, 27, 28) 71458.0
(9054, 9055, 9056) 62537.0
(5808, 5809, 5810) 62544.0
(4336, 4337, 4338) 78267.0
(9012, 9013, 9014) 72512.0
(6779, 6780, 6781) 84345.0
(2417, 2418, 2419) 81462.0
(7932, 7933, 7934) 73755.0
(1016, 1017, 1018) 69659.0
(1060, 1061, 1062) 79826.0
(2129, 2130, 2131) 74851.0
(6049, 6050, 6051) 94269.0
(7888, 7889, 7890) 69776.0
(1560, 1561, 1562) 65616.0
(1111, 1112, 1113) 90750.0
(949, 950, 951) 70587.0
(798, 799, 800) 76706.0
(5203, 5204, 5205) 92160.0
(3357, 3358, 3359) 82575.0
(4691, 4692, 4693) 68087.0
