(9851, 9852, 9853) 79044.0
(8141, 8142, 8143) 72812.0
(5046, 5047, 5048) 61142.0
(7888, 7889, 7890) 71809.0
(3210, 3211, 3212) 79426.0
(3189, 3190, 3191) 62354.0
(962, 963, 964) 85736.0
(219, 220, 221) 83095.0
(8394, 8395, 8396) 66871.0
(8436, 8437, 8438) 83136.0
(1056, 1057, 1058) 93457.0
(407, 408, 409) 74394.0
(5983, 5984, 5985) 79111.0
(1659, 1660, 1661) 76733.0
(527, 528, 529) 108197.0
(2000, 2001, 2002) 98211.0
(2716, 2717, 2718) 77250.0
(486, 487, 488) 87575.0
(2972, 2973, 2974) 77765.0
(8854, 8855, 8856) 78398.0
(3077, 3078, 3079) 68984.0
(8553, 8554, 8555) 76677.0
(6320, 6321, 6322) 98662.0
(4814, 4815, 4816) 95277.0
(4478, 4479, 4480) 73449.0
(1806, 1807, 1808) 77498.0
(8001, 8002, 8003) 83766.0
(9159, 9160, 9161) 79053.0
(6847, 6848, 6849) 81314.0
(2635, 2636, 2637) 89355.0
(3385, 3386, 3387) 63728.0
(3448, 3449, 3450) 70194.0
(6835, 6836, 6837) 89007.0
(2130, 2131, 2132) 76077.0
(8130, 8131, 8132) 76258.0
(3006, 3007, 3008) 68418.0
(7988, 7989, 7990) 100646.0
(9041, 9042, 9043) 73336.0
(7668, 7669, 7670) 102183.0
(5672, 5673, 5674) 68351.0
(785, 786, 787) 79202.0
(3382, 3383, 3384) 109105.0
(7211, 7212, 7213) 80697.0
(5326, 5327, 5328) 64254.0
(1259, 1260, 1261) 74769.0
(452, 453, 454) 78614.0
(4806, 4807, 4808) 100120.0
(4559, 4560, 4561) 67652.0
(6755, 6756, 6757) 95342.0
(8484, 8485, 8486) 82928.0
(3872, 3873, 3874) 73091.0
(7474, 7475, 7476) 81850.0
(4360, 4361, 4362) 82417.0
(2694, 2695, 2696) 90197.0
(8171, 8172, 8173) 68200.0
(736, 737, 738) 52689.0
(9510, 9511, 9512) 80956.0
(7589, 7590, 7591) 99458.0
(7293, 7294, 7295) 73011.0
(406, 407, 408) 90503.0
(3619, 3620, 3621) 79023.0
(4000, 4001, 4002) 94751.0
(9625, 9626, 9627) 92635.0
(3301, 3302, 3303) 96435.0
(4473, 4474, 4475) 79679.0
(1518, 1519, 1520) 84820.0
(6828, 6829, 6830) 83100.0
(6062, 6063, 6064) 59029.0
(3044, 3045, 3046) 62462.0
(7879, 7880, 7881) 80703.0
(9579, 9580, 9581) 95208.0
(6101, 6102, 6103) 84226.0
(6399, 6400, 6401) 47324.0
(7936, 7937, 7938) 89748.0
(1796, 1797, 1798) 74050.0
(8690, 8691, 8692) 89732.0
(5341, 5342, 5343) 65397.0
(5342, 5343, 5344) 57970.0
(2600, 2601, 2602) 75111.0
(6636, 6637, 6638) 85252.0
(4749, 4750, 4751) 70167.0
(8834, 8835, 8836) 90026.0
(7707, 7708, 7709) 74873.0
(8455, 8456, 8457) 86977.0
(4213, 4214, 4215) 64927.0
(7345, 7346, 7347) 92477.0
(7124, 7125, 7126) 71829.0
(5057, 5058, 5059) 92987.0
(1710, 1711, 1712) 62220.0
(2810, 2811, 2812) 89855.0
(2174, 2175, 2176) 71442.0
(1087, 1088, 1089) 79933.0
(775, 776, 777) 74217.0
(1691, 1692, 1693) 77686.0
(9214, 9215, 9216) 94691.0
(2416, 2417, 2418) 90669.0
(7284, 7285, 7286) 106565.0
(5782, 5783, 5784) 81639.0
(8029, 8030, 8031) 76268.0
(7220, 7221, 7222) 87914.0
(8019, 8020, 8021) 77081.0
