(5592, 5593, 5594) 82642.0
(4585, 4586, 4587) 65754.0
(5912, 5913, 5914) 91039.0
(8155, 8156, 8157) 78525.0
(2009, 2010, 2011) 114508.0
(6247, 6248, 6249) 118007.0
(4101, 4102, 4103) 68294.0
(2008, 2009, 2010) 87418.0
(8187, 8188, 8189) 76716.0
(5440, 5441, 5442) 85277.0
(9925, 9926, 9927) 104197.0
(1411, 1412, 1413) 70630.0
(8286, 8287, 8288) 97115.0
(3596, 3597, 3598) 126343.0
(3346, 3347, 3348) 73914.0
(4059, 4060, 4061) 88510.0
(7557, 7558, 7559) 59256.0
(5342, 5343, 5344) 63760.0
(3483, 3484, 3485) 70603.0
(9618, 9619, 9620) 97285.0
(6283, 6284, 6285) 75471.0
(4614, 4615, 4616) 65939.0
(5679, 5680, 5681) 96590.0
(9487, 9488, 9489) 105056.0
(5567, 5568, 5569) 77191.0
(63, 64, 65) 71791.0
(9811, 9812, 9813) 91882.0
(1456, 1457, 1458) 93350.0
(6610, 6611, 6612) 89779.0
(9684, 9685, 9686) 87622.0
(1434, 1435, 1436) 69167.0
(3456, 3457, 3458) 94289.0
(3341, 3342, 3343) 72909.0
(9332, 9333, 9334) 79887.0
(5725, 5726, 5727) 76776.0
(3636, 3637, 3638) 83299.0
(1471, 1472, 1473) 82535.0
(6497, 6498, 6499) 88309.0
(1844, 1845, 1846) 83319.0
(8092, 8093, 8094) 91319.0
(1079, 1080, 1081) 72171.0
(5240, 5241, 5242) 96636.0
(137, 138, 139) 89985.0
(3412, 3413, 3414) 67024.0
(5640, 5641, 5642) 103335.0
(9356, 9357, 9358) 72819.0
(7035, 7036, 7037) 87566.0
(3420, 3421, 3422) 67689.0
(680, 681, 682) 87383.0
(8876, 8877, 8878) 74626.0
(610, 611, 612) 94682.0
(7117, 7118, 7119) 106562.0
(1548, 1549, 1550) 85937.0
(9958, 9959, 9960) 87808.0
(3788, 3789, 3790) 80528.0
(9186, 9187, 9188) 109659.0
(8810, 8811, 8812) 75786.0
(9866, 9867, 9868) 72721.0
(1952, 1953, 1954) 78539.0
(1509, 1510, 1511) 79211.0
(743, 744, 745) 80594.0
(2804, 2805, 2806) 90143.0
(9682, 9683, 9684) 97902.0
(8074, 8075, 8076) 73052.0
(7440, 7441, 7442) 66129.0
(88, 89, 90) 74649.0
(2289, 2290, 2291) 91939.0
(3329, 3330, 3331) 82108.0
(220, 221, 222) 90657.0
(2959, 2960, 2961) 88705.0
(4675, 4676, 4677) 90815.0
(370, 371, 372) 83407.0
(6686, 6687, 6688) 84659.0
(6812, 6813, 6814) 79560.0
(6307, 6308, 6309) 98408.0
(4911, 4912, 4913) 76609.0
(8580, 8581, 8582) 99233.0
(5719, 5720, 5721) 90867.0
(9557, 9558, 9559) 89232.0
(4313, 4314, 4315) 84012.0
(3491, 3492, 3493) 94654.0
(4635, 4636, 4637) 107377.0
(7230, 7231, 7232) 84211.0
(1505, 1506, 1507) 80253.0
(2877, 2878, 2879) 65074.0
(5128, 5129, 5130) 100158.0
(4629, 4630, 4631) 81674.0
(2318, 2319, 2320) 83558.0
(4228, 4229, 4230) 100457.0
(6974, 6975, 6976) 85658.0
(8205, 8206, 8207) 78562.0
(4253, 4254, 4255) 84294.0
(3463, 3464, 3465) 76321.0
(4062, 4063, 4064) 79644.0
(6523, 6524, 6525) 88043.0
(4211, 4212, 4213) 64822.0
(4344, 4345, 4346) 82276.0
(3120, 3121, 3122) 99535.0
(6152, 6153, 6154) 85654.0
(8744, 8745, 8746) 100865.0
(6161, 6162, 6163) 79513.0
