(4737, 4738, 4739) 89240.0
(6318, 6319, 6320) 101275.0
(8659, 8660, 8661) 73040.0
(7131, 7132, 7133) 99483.0
(4216, 4217, 4218) 76606.0
(9514, 9515, 9516) 95943.0
(1644, 1645, 1646) 87585.0
(9674, 9675, 9676) 89526.0
(3123, 3124, 3125) 83080.0
(9715, 9716, 9717) 106179.0
(7064, 7065, 7066) 86504.0
(2730, 2731, 2732) 84270.0
(6394, 6395, 6396) 93759.0
(8157, 8158, 8159) 79843.0
(6979, 6980, 6981) 93431.0
(4350, 4351, 4352) 83688.0
(1451, 1452, 1453) 94800.0
(3389, 3390, 3391) 99780.0
(6526, 6527, 6528) 73346.0
(3498, 3499, 3500) 100481.0
(9771, 9772, 9773) 105554.0
(261, 262, 263) 80381.0
(4488, 4489, 4490) 90702.0
(8065, 8066, 8067) 85228.0
(2023, 2024, 2025) 96005.0
(7130, 7131, 7132) 107153.0
(2075, 2076, 2077) 69732.0
(1794, 1795, 1796) 105746.0
(8925, 8926, 8927) 84554.0
(1274, 1275, 1276) 101898.0
(7843, 7844, 7845) 95745.0
(3011, 3012, 3013) 96264.0
(8459, 8460, 8461) 99698.0
(7675, 7676, 7677) 90569.0
(2065, 2066, 2067) 97351.0
(7124, 7125, 7126) 74546.0
(9945, 9946, 9947) 69048.0
(3297, 3298, 3299) 72147.0
(5627, 5628, 5629) 94048.0
(8816, 8817, 8818) 100838.0
(8262, 8263, 8264) 75627.0
(3725, 3726, 3727) 78448.0
(7858, 7859, 7860) 73521.0
(7562, 7563, 7564) 115076.0
(7806, 7807, 7808) 85981.0
(4475, 4476, 4477) 99573.0
(9990, 9991, 9992) 88893.0
(9183, 9184, 9185) 90883.0
(9182, 9183, 9184) 101980.0
(8095, 8096, 8097) 78594.0
(8853, 8854, 8855) 82311.0
(1617, 1618, 1619) 79205.0
(8955, 8956, 8957) 97457.0
(390, 391, 392) 101747.0
(3614, 3615, 3616) 98123.0
(73, 74, 75) 91229.0
(3700, 3701, 3702) 74720.0
(7070, 7071, 7072) 145063.0
(992, 993, 994) 71660.0
(6973, 6974, 6975) 89958.0
(8883, 8884, 8885) 93625.0
(3096, 3097, 3098) 63298.0
(7376, 7377, 7378) 82724.0
(1741, 1742, 1743) 72516.0
(827, 828, 829) 115451.0
(2676, 2677, 2678) 92101.0
(4382, 4383, 4384) 86434.0
(3263, 3264, 3265) 89344.0
(4509, 4510, 4511) 89326.0
(7876, 7877, 7878) 85296.0
(2590, 2591, 2592) 98211.0
(3831, 3832, 3833) 75219.0
(6352, 6353, 6354) 87301.0
(7638, 7639, 7640) 88197.0
(214, 215, 216) 100533.0
(9556, 9557, 9558) 103645.0
(944, 945, 946) 93214.0
(2492, 2493, 2494) 76251.0
(511, 512, 513) 74449.0
(2384, 2385, 2386) 76215.0
(4606, 4607, 4608) 100055.0
(6327, 6328, 6329) 88778.0
(4277, 4278, 4279) 95706.0
(2411, 2412, 2413) 78281.0
(7621, 7622, 7623) 89454.0
(1207, 1208, 1209) 93868.0
(9757, 9758, 9759) 80618.0
(8174, 8175, 8176) 105875.0
(1958, 1959, 1960) 113300.0
(2779, 2780, 2781) 98679.0
(2667, 2668, 2669) 78179.0
(3299, 3300, 3301) 67686.0
(4621, 4622, 4623) 83965.0
(599, 600, 601) 108168.0
(1849, 1850, 1851) 88987.0
(79, 80, 81) 92560.0
(253, 254, 255) 70897.0
(1732, 1733, 1734) 85159.0
(5587, 5588, 5589) 87685.0
(3325, 3326, 3327) 82563.0
(5607, 5608, 5609) 97628.0
