(5532, 5533, 5534) 92034.0
(3154, 3155, 3156) 91165.0
(1564, 1565, 1566) 102813.0
(1092, 1093, 1094) 85721.0
(1788, 1789, 1790) 75377.0
(9789, 9790, 9791) 93240.0
(6492, 6493, 6494) 113790.0
(5555, 5556, 5557) 98619.0
(7193, 7194, 7195) 92154.0
(6658, 6659, 6660) 102740.0
(764, 765, 766) 86279.0
(7991, 7992, 7993) 103223.0
(4596, 4597, 4598) 106299.0
(5302, 5303, 5304) 94843.0
(5704, 5705, 5706) 97838.0
(4773, 4774, 4775) 78361.0
(4410, 4411, 4412) 120564.0
(2297, 2298, 2299) 84347.0
(2765, 2766, 2767) 76856.0
(6742, 6743, 6744) 96126.0
(59, 60, 61) 91917.0
(554, 555, 556) 76764.0
(3743, 3744, 3745) 99889.0
(3143, 3144, 3145) 92178.0
(7015, 7016, 7017) 86585.0
(1347, 1348, 1349) 96260.0
(5443, 5444, 5445) 80617.0
(5571, 5572, 5573) 93992.0
(3451, 3452, 3453) 99174.0
(3679, 3680, 3681) 101508.0
(3741, 3742, 3743) 108830.0
(6103, 6104, 6105) 100399.0
(5391, 5392, 5393) 100728.0
(1005, 1006, 1007) 113901.0
(5206, 5207, 5208) 93511.0
(7592, 7593, 7594) 106389.0
(2803, 2804, 2805) 101514.0
(770, 771, 772) 72505.0
(383, 384, 385) 100442.0
(2396, 2397, 2398) 85707.0
(1923, 1924, 1925) 92335.0
(1941, 1942, 1943) 99482.0
(7962, 7963, 7964) 89313.0
(7632, 7633, 7634) 90993.0
(956, 957, 958) 104872.0
(6963, 6964, 6965) 92633.0
(9602, 9603, 9604) 94457.0
(3769, 3770, 3771) 84393.0
(9260, 9261, 9262) 101708.0
(3441, 3442, 3443) 86787.0
(7712, 7713, 7714) 98256.0
(8595, 8596, 8597) 109404.0
(189, 190, 191) 123764.0
(8420, 8421, 8422) 94821.0
(6142, 6143, 6144) 85574.0
(1884, 1885, 1886) 85810.0
(590, 591, 592) 84811.0
(6410, 6411, 6412) 82911.0
(7369, 7370, 7371) 97666.0
(7026, 7027, 7028) 97478.0
(5961, 5962, 5963) 103622.0
(1361, 1362, 1363) 82167.0
(22, 23, 24) 88961.0
(1960, 1961, 1962) 89697.0
(8581, 8582, 8583) 107771.0
(6654, 6655, 6656) 104949.0
(7478, 7479, 7480) 93005.0
(5262, 5263, 5264) 85061.0
(9144, 9145, 9146) 77806.0
(506, 507, 508) 84412.0
(7139, 7140, 7141) 70951.0
(3800, 3801, 3802) 107579.0
(2004, 2005, 2006) 91314.0
(1085, 1086, 1087) 91306.0
(6356, 6357, 6358) 96806.0
(2459, 2460, 2461) 95862.0
(4965, 4966, 4967) 97432.0
(4014, 4015, 4016) 89267.0
(7644, 7645, 7646) 79043.0
(6233, 6234, 6235) 113585.0
(7330, 7331, 7332) 107957.0
(4449, 4450, 4451) 89605.0
(4057, 4058, 4059) 123632.0
(305, 306, 307) 79785.0
(7672, 7673, 7674) 104845.0
(1938, 1939, 1940) 119857.0
(9823, 9824, 9825) 109142.0
(3280, 3281, 3282) 89724.0
(7170, 7171, 7172) 107979.0
(2339, 2340, 2341) 101732.0
(5080, 5081, 5082) 87051.0
(1825, 1826, 1827) 117752.0
(3917, 3918, 3919) 94538.0
(8461, 8462, 8463) 91033.0
(2185, 2186, 2187) 105240.0
(6509, 6510, 6511) 91446.0
(6225, 6226, 6227) 85529.0
(6276, 6277, 6278) 96719.0
(7181, 7182, 7183) 75299.0
(2674, 2675, 2676) 94388.0
(5930, 5931, 5932) 94954.0
