(2532, 2533, 2534) 88624.0
(6755, 6756, 6757) 129291.0
(2697, 2698, 2699) 130983.0
(5455, 5456, 5457) 104626.0
(2380, 2381, 2382) 127872.0
(4883, 4884, 4885) 96059.0
(681, 682, 683) 107788.0
(4524, 4525, 4526) 106830.0
(3478, 3479, 3480) 121590.0
(4170, 4171, 4172) 85042.0
(5401, 5402, 5403) 80145.0
(8651, 8652, 8653) 105827.0
(4203, 4204, 4205) 76003.0
(903, 904, 905) 83239.0
(9118, 9119, 9120) 111481.0
(1103, 1104, 1105) 99152.0
(6464, 6465, 6466) 108889.0
(4123, 4124, 4125) 101113.0
(2263, 2264, 2265) 126385.0
(2636, 2637, 2638) 109195.0
(364, 365, 366) 102390.0
(2987, 2988, 2989) 107670.0
(636, 637, 638) 108591.0
(2172, 2173, 2174) 110589.0
(1630, 1631, 1632) 108432.0
(4681, 4682, 4683) 95599.0
(3984, 3985, 3986) 115249.0
(2073, 2074, 2075) 95314.0
(1320, 1321, 1322) 116175.0
(325, 326, 327) 97117.0
(631, 632, 633) 123661.0
(55, 56, 57) 104501.0
(3898, 3899, 3900) 101881.0
(8046, 8047, 8048) 112244.0
(4345, 4346, 4347) 75028.0
(332, 333, 334) 91091.0
(916, 917, 918) 86018.0
(2572, 2573, 2574) 106073.0
(9557, 9558, 9559) 97877.0
(8665, 8666, 8667) 110462.0
(6984, 6985, 6986) 115682.0
(5395, 5396, 5397) 98654.0
(9291, 9292, 9293) 114642.0
(2967, 2968, 2969) 121786.0
(5349, 5350, 5351) 96782.0
(2598, 2599, 2600) 131738.0
(5670, 5671, 5672) 92543.0
(9624, 9625, 9626) 84207.0
(2775, 2776, 2777) 110231.0
(475, 476, 477) 120208.0
(941, 942, 943) 88139.0
(6642, 6643, 6644) 88073.0
(4095, 4096, 4097) 117622.0
(7312, 7313, 7314) 101988.0
(9662, 9663, 9664) 108968.0
(1, 2, 3) 135365.0
(1554, 1555, 1556) 106840.0
(6867, 6868, 6869) 102597.0
(5737, 5738, 5739) 112957.0
(4148, 4149, 4150) 106729.0
(4600, 4601, 4602) 106275.0
(74, 75, 76) 101474.0
(6858, 6859, 6860) 92233.0
(9866, 9867, 9868) 83228.0
(7450, 7451, 7452) 116062.0
(1871, 1872, 1873) 107287.0
(8997, 8998, 8999) 115457.0
(5498, 5499, 5500) 124968.0
(3922, 3923, 3924) 102319.0
(2861, 2862, 2863) 100411.0
(7578, 7579, 7580) 85723.0
(3859, 3860, 3861) 102007.0
(3585, 3586, 3587) 116237.0
(2700, 2701, 2702) 94841.0
(7821, 7822, 7823) 90042.0
(6025, 6026, 6027) 95242.0
(8323, 8324, 8325) 102202.0
(2703, 2704, 2705) 110818.0
(6092, 6093, 6094) 103017.0
(3378, 3379, 3380) 101832.0
(1238, 1239, 1240) 103346.0
(9383, 9384, 9385) 98792.0
(9416, 9417, 9418) 92170.0
(7309, 7310, 7311) 94935.0
(9048, 9049, 9050) 99164.0
(732, 733, 734) 100757.0
(9816, 9817, 9818) 102734.0
(1066, 1067, 1068) 99023.0
(2099, 2100, 2101) 113799.0
(8904, 8905, 8906) 92916.0
(9365, 9366, 9367) 106449.0
(7043, 7044, 7045) 141706.0
(8514, 8515, 8516) 95181.0
(7502, 7503, 7504) 104976.0
(724, 725, 726) 90236.0
(8532, 8533, 8534) 90444.0
(5803, 5804, 5805) 76181.0
(7352, 7353, 7354) 97019.0
(2224, 2225, 2226) 108743.0
(4100, 4101, 4102) 92743.0
(5806, 5807, 5808) 132664.0
