(6452, 6453, 6454) 115570.0
(1102, 1103, 1104) 114433.0
(6515, 6516, 6517) 123946.0
(540, 541, 542) 119272.0
(4892, 4893, 4894) 106688.0
(2226, 2227, 2228) 114317.0
(2548, 2549, 2550) 97275.0
(6891, 6892, 6893) 87194.0
(6317, 6318, 6319) 118422.0
(9544, 9545, 9546) 116886.0
(665, 666, 667) 104604.0
(9948, 9949, 9950) 130157.0
(9743, 9744, 9745) 115616.0
(2348, 2349, 2350) 134891.0
(3281, 3282, 3283) 96514.0
(2236, 2237, 2238) 99300.0
(3436, 3437, 3438) 105868.0
(2185, 2186, 2187) 129890.0
(9608, 9609, 9610) 101438.0
(8021, 8022, 8023) 129796.0
(7738, 7739, 7740) 120724.0
(1811, 1812, 1813) 132758.0
(5714, 5715, 5716) 143447.0
(4438, 4439, 4440) 97018.0
(6008, 6009, 6010) 92784.0
(1907, 1908, 1909) 102029.0
(9749, 9750, 9751) 89289.0
(7090, 7091, 7092) 128820.0
(5694, 5695, 5696) 104311.0
(1335, 1336, 1337) 140857.0
(225, 226, 227) 106218.0
(1244, 1245, 1246) 94850.0
(1231, 1232, 1233) 108843.0
(3296, 3297, 3298) 135113.0
(7496, 7497, 7498) 117427.0
(1215, 1216, 1217) 109057.0
(5258, 5259, 5260) 97887.0
(3083, 3084, 3085) 97255.0
(838, 839, 840) 79194.0
(3314, 3315, 3316) 128877.0
(7846, 7847, 7848) 113634.0
(7023, 7024, 7025) 98655.0
(3588, 3589, 3590) 134688.0
(4996, 4997, 4998) 113555.0
(8475, 8476, 8477) 119279.0
(3967, 3968, 3969) 102548.0
(991, 992, 993) 104288.0
(9071, 9072, 9073) 99430.0
(5359, 5360, 5361) 108386.0
(8818, 8819, 8820) 110273.0
(9912, 9913, 9914) 87560.0
(834, 835, 836) 121069.0
(2166, 2167, 2168) 91504.0
(9233, 9234, 9235) 109793.0
(9815, 9816, 9817) 96316.0
(3042, 3043, 3044) 115289.0
(7665, 7666, 7667) 108861.0
(9816, 9817, 9818) 112340.0
(4935, 4936, 4937) 94078.0
(5669, 5670, 5671) 112924.0
(8429, 8430, 8431) 124812.0
(3977, 3978, 3979) 109546.0
(5025, 5026, 5027) 120031.0
(4442, 4443, 4444) 114046.0
(3862, 3863, 3864) 124603.0
(2481, 2482, 2483) 86306.0
(6675, 6676, 6677) 120535.0
(7137, 7138, 7139) 85006.0
(6646, 6647, 6648) 102383.0
(1438, 1439, 1440) 128173.0
(7295, 7296, 7297) 100935.0
(5316, 5317, 5318) 111320.0
(9105, 9106, 9107) 130510.0
(2747, 2748, 2749) 97265.0
(6969, 6970, 6971) 104999.0
(6323, 6324, 6325) 92496.0
(1802, 1803, 1804) 103204.0
(734, 735, 736) 114419.0
(4206, 4207, 4208) 119962.0
(1723, 1724, 1725) 101547.0
(1312, 1313, 1314) 108179.0
(6556, 6557, 6558) 107355.0
(4378, 4379, 4380) 110676.0
(6013, 6014, 6015) 112462.0
(3988, 3989, 3990) 87821.0
(1244, 1245, 1246) 94850.0
(9083, 9084, 9085) 93808.0
(4961, 4962, 4963) 110276.0
(1181, 1182, 1183) 113641.0
(4426, 4427, 4428) 88980.0
(4462, 4463, 4464) 110371.0
(6772, 6773, 6774) 106761.0
(392, 393, 394) 110040.0
(8695, 8696, 8697) 121838.0
(5812, 5813, 5814) 110066.0
(6408, 6409, 6410) 102226.0
(6020, 6021, 6022) 98670.0
(2400, 2401, 2402) 119710.0
(1816, 1817, 1818) 127831.0
(7060, 7061, 7062) 158323.0
(5776, 5777, 5778) 118844.0
