(7504, 7505, 7506) 86494.0
(7888, 7889, 7890) 100661.0
(7336, 7337, 7338) 117875.0
(2329, 2330, 2331) 97930.0
(6773, 6774, 6775) 97953.0
(9295, 9296, 9297) 102589.0
(7163, 7164, 7165) 108165.0
(2953, 2954, 2955) 94432.0
(3046, 3047, 3048) 144079.0
(3265, 3266, 3267) 118599.0
(5016, 5017, 5018) 113009.0
(889, 890, 891) 135033.0
(3024, 3025, 3026) 116395.0
(2912, 2913, 2914) 119392.0
(5255, 5256, 5257) 122153.0
(6812, 6813, 6814) 102811.0
(771, 772, 773) 109013.0
(2325, 2326, 2327) 96847.0
(2713, 2714, 2715) 118470.0
(6974, 6975, 6976) 109127.0
(3927, 3928, 3929) 121697.0
(6907, 6908, 6909) 90189.0
(3936, 3937, 3938) 130421.0
(689, 690, 691) 131727.0
(34, 35, 36) 131962.0
(431, 432, 433) 104450.0
(4448, 4449, 4450) 133639.0
(4149, 4150, 4151) 106914.0
(4180, 4181, 4182) 115631.0
(5740, 5741, 5742) 112143.0
(6871, 6872, 6873) 124660.0
(326, 327, 328) 112709.0
(9366, 9367, 9368) 114099.0
(2228, 2229, 2230) 106087.0
(305, 306, 307) 100250.0
(3057, 3058, 3059) 148699.0
(2396, 2397, 2398) 100935.0
(8307, 8308, 8309) 101979.0
(7063, 7064, 7065) 122041.0
(1951, 1952, 1953) 130144.0
(3540, 3541, 3542) 94839.0
(2188, 2189, 2190) 115565.0
(5768, 5769, 5770) 121328.0
(5435, 5436, 5437) 120268.0
(4863, 4864, 4865) 97720.0
(2389, 2390, 2391) 122174.0
(2711, 2712, 2713) 122431.0
(1835, 1836, 1837) 138097.0
(3996, 3997, 3998) 103876.0
(5154, 5155, 5156) 109245.0
(75, 76, 77) 123118.0
(4782, 4783, 4784) 119271.0
(909, 910, 911) 115848.0
(5041, 5042, 5043) 84939.0
(7720, 7721, 7722) 131030.0
(1810, 1811, 1812) 154179.0
(7394, 7395, 7396) 117854.0
(2987, 2988, 2989) 122892.0
(4416, 4417, 4418) 120594.0
(924, 925, 926) 127094.0
(5088, 5089, 5090) 105432.0
(1401, 1402, 1403) 128810.0
(1673, 1674, 1675) 126594.0
(5909, 5910, 5911) 109414.0
(783, 784, 785) 106758.0
(6929, 6930, 6931) 108156.0
(1921, 1922, 1923) 116053.0
(8124, 8125, 8126) 120837.0
(8314, 8315, 8316) 127002.0
(1385, 1386, 1387) 116639.0
(3003, 3004, 3005) 111493.0
(1640, 1641, 1642) 140194.0
(8789, 8790, 8791) 108108.0
(6942, 6943, 6944) 111123.0
(3827, 3828, 3829) 131168.0
(7440, 7441, 7442) 85858.0
(20, 21, 22) 90146.0
(547, 548, 549) 110106.0
(9231, 9232, 9233) 113563.0
(7865, 7866, 7867) 131064.0
(8174, 8175, 8176) 125505.0
(2237, 2238, 2239) 108879.0
(1170, 1171, 1172) 131282.0
(8771, 8772, 8773) 102871.0
(6116, 6117, 6118) 77874.0
(5952, 5953, 5954) 119123.0
(7036, 7037, 7038) 83795.0
(4706, 4707, 4708) 110452.0
(182, 183, 184) 141661.0
(4595, 4596, 4597) 119968.0
(7225, 7226, 7227) 116538.0
(3549, 3550, 3551) 92586.0
(8048, 8049, 8050) 127604.0
(7891, 7892, 7893) 118995.0
(3700, 3701, 3702) 99195.0
(9962, 9963, 9964) 89063.0
(6459, 6460, 6461) 138165.0
(7966, 7967, 7968) 150086.0
(7572, 7573, 7574) 122719.0
(6473, 6474, 6475) 134741.0
(1852, 1853, 1854) 147740.0
