(2400, 2401, 2402) 133467.0
(2113, 2114, 2115) 105548.0
(2452, 2453, 2454) 109213.0
(5748, 5749, 5750) 139488.0
(2478, 2479, 2480) 122503.0
(1828, 1829, 1830) 111784.0
(5203, 5204, 5205) 135959.0
(9235, 9236, 9237) 117261.0
(6236, 6237, 6238) 140524.0
(6631, 6632, 6633) 127873.0
(2560, 2561, 2562) 104750.0
(6559, 6560, 6561) 141746.0
(8632, 8633, 8634) 121648.0
(457, 458, 459) 97496.0
(1567, 1568, 1569) 116869.0
(4831, 4832, 4833) 129795.0
(8470, 8471, 8472) 109942.0
(9999, 10000, 10001) 113613.0
(137, 138, 139) 145682.0
(6577, 6578, 6579) 104769.0
(6301, 6302, 6303) 119732.0
(2639, 2640, 2641) 126769.0
(519, 520, 521) 99258.0
(7837, 7838, 7839) 114175.0
(7140, 7141, 7142) 127013.0
(6993, 6994, 6995) 109512.0
(1997, 1998, 1999) 92204.0
(7205, 7206, 7207) 135388.0
(8582, 8583, 8584) 115708.0
(546, 547, 548) 117531.0
(5509, 5510, 5511) 139298.0
(5643, 5644, 5645) 129259.0
(8829, 8830, 8831) 134856.0
(6864, 6865, 6866) 128817.0
(2, 3, 4) 88775.0
(8926, 8927, 8928) 99258.0
(9263, 9264, 9265) 103788.0
(4172, 4173, 4174) 110128.0
(4986, 4987, 4988) 124237.0
(5247, 5248, 5249) 114019.0
(9801, 9802, 9803) 107477.0
(1897, 1898, 1899) 128245.0
(6015, 6016, 6017) 86292.0
(3782, 3783, 3784) 100748.0
(9265, 9266, 9267) 131553.0
(6870, 6871, 6872) 118163.0
(6521, 6522, 6523) 117348.0
(8826, 8827, 8828) 148751.0
(3741, 3742, 3743) 128626.0
(6674, 6675, 6676) 128408.0
(4753, 4754, 4755) 110893.0
(4114, 4115, 4116) 105951.0
(1628, 1629, 1630) 134688.0
(6122, 6123, 6124) 98900.0
(2350, 2351, 2352) 125401.0
(2035, 2036, 2037) 105562.0
(9587, 9588, 9589) 127978.0
(4172, 4173, 4174) 110128.0
(2952, 2953, 2954) 118093.0
(6932, 6933, 6934) 122126.0
(1620, 1621, 1622) 120831.0
(391, 392, 393) 103916.0
(434, 435, 436) 125693.0
(1949, 1950, 1951) 142757.0
(1324, 1325, 1326) 107503.0
(8099, 8100, 8101) 113629.0
(4761, 4762, 4763) 118872.0
(4247, 4248, 4249) 130742.0
(7963, 7964, 7965) 119020.0
(4129, 4130, 4131) 135643.0
(4442, 4443, 4444) 119151.0
(9627, 9628, 9629) 107165.0
(4664, 4665, 4666) 105684.0
(3971, 3972, 3973) 129970.0
(1986, 1987, 1988) 98525.0
(2322, 2323, 2324) 108481.0
(4169, 4170, 4171) 133421.0
(7318, 7319, 7320) 118459.0
(8461, 8462, 8463) 127244.0
(7425, 7426, 7427) 100676.0
(1931, 1932, 1933) 106437.0
(2068, 2069, 2070) 121999.0
(5739, 5740, 5741) 97266.0
(8557, 8558, 8559) 116617.0
(5732, 5733, 5734) 105804.0
(7362, 7363, 7364) 132084.0
(2741, 2742, 2743) 114183.0
(6046, 6047, 6048) 110199.0
(5204, 5205, 5206) 97115.0
(3083, 3084, 3085) 104803.0
(4312, 4313, 4314) 144758.0
(2760, 2761, 2762) 113742.0
(5610, 5611, 5612) 104232.0
(2228, 2229, 2230) 107915.0
(7848, 7849, 7850) 122617.0
(1355, 1356, 1357) 120970.0
(6747, 6748, 6749) 152859.0
(5269, 5270, 5271) 123058.0
(7304, 7305, 7306) 124420.0
(4845, 4846, 4847) 104350.0
(2571, 2572, 2573) 105909.0
