(1019, 1020, 1021) 124368.0
(3309, 3310, 3311) 114611.0
(687, 688, 689) 126273.0
(5680, 5681, 5682) 112414.0
(7462, 7463, 7464) 93928.0
(9241, 9242, 9243) 124410.0
(6288, 6289, 6290) 108743.0
(5786, 5787, 5788) 137587.0
(7275, 7276, 7277) 115693.0
(5770, 5771, 5772) 139509.0
(3556, 3557, 3558) 145255.0
(7406, 7407, 7408) 110063.0
(7098, 7099, 7100) 163042.0
(2860, 2861, 2862) 158323.0
(6508, 6509, 6510) 83219.0
(2736, 2737, 2738) 109860.0
(2179, 2180, 2181) 129277.0
(4964, 4965, 4966) 130603.0
(321, 322, 323) 130034.0
(5448, 5449, 5450) 115180.0
(2841, 2842, 2843) 151916.0
(3809, 3810, 3811) 142185.0
(4173, 4174, 4175) 119071.0
(4308, 4309, 4310) 118547.0
(2358, 2359, 2360) 152461.0
(1850, 1851, 1852) 135398.0
(1315, 1316, 1317) 136961.0
(1751, 1752, 1753) 116154.0
(4264, 4265, 4266) 101632.0
(3540, 3541, 3542) 96287.0
(5551, 5552, 5553) 124114.0
(5291, 5292, 5293) 118030.0
(1962, 1963, 1964) 109939.0
(3944, 3945, 3946) 127601.0
(313, 314, 315) 123275.0
(9575, 9576, 9577) 119745.0
(4437, 4438, 4439) 119453.0
(7529, 7530, 7531) 137782.0
(3302, 3303, 3304) 152820.0
(253, 254, 255) 95362.0
(3946, 3947, 3948) 138444.0
(8541, 8542, 8543) 100515.0
(2432, 2433, 2434) 101462.0
(398, 399, 400) 102605.0
(6456, 6457, 6458) 117115.0
(6163, 6164, 6165) 123797.0
(6199, 6200, 6201) 141604.0
(5387, 5388, 5389) 129829.0
(3934, 3935, 3936) 119673.0
(3871, 3872, 3873) 145744.0
(3679, 3680, 3681) 137433.0
(6387, 6388, 6389) 102051.0
(8811, 8812, 8813) 106304.0
(2424, 2425, 2426) 120017.0
(2022, 2023, 2024) 97730.0
(558, 559, 560) 158924.0
(3466, 3467, 3468) 113258.0
(3014, 3015, 3016) 112870.0
(1718, 1719, 1720) 128160.0
(9636, 9637, 9638) 110121.0
(659, 660, 661) 127743.0
(4504, 4505, 4506) 119028.0
(6094, 6095, 6096) 142397.0
(5852, 5853, 5854) 119344.0
(2016, 2017, 2018) 108283.0
(4712, 4713, 4714) 104890.0
(1787, 1788, 1789) 108697.0
(5864, 5865, 5866) 139191.0
(935, 936, 937) 129364.0
(5803, 5804, 5805) 104931.0
(8896, 8897, 8898) 99392.0
(5176, 5177, 5178) 103041.0
(6279, 6280, 6281) 134057.0
(6370, 6371, 6372) 101201.0
(4050, 4051, 4052) 124571.0
(8631, 8632, 8633) 120167.0
(5725, 5726, 5727) 97773.0
(2274, 2275, 2276) 106609.0
(4414, 4415, 4416) 115766.0
(1543, 1544, 1545) 125733.0
(4281, 4282, 4283) 104530.0
(8080, 8081, 8082) 120797.0
(225, 226, 227) 121777.0
(3616, 3617, 3618) 135737.0
(1144, 1145, 1146) 135946.0
(4412, 4413, 4414) 140262.0
(1006, 1007, 1008) 127848.0
(2157, 2158, 2159) 113028.0
(4807, 4808, 4809) 91626.0
(9943, 9944, 9945) 110369.0
(9561, 9562, 9563) 115962.0
(77, 78, 79) 126904.0
(5925, 5926, 5927) 130635.0
(4074, 4075, 4076) 159529.0
(4171, 4172, 4173) 136866.0
(6150, 6151, 6152) 137413.0
(3232, 3233, 3234) 150982.0
(4660, 4661, 4662) 139654.0
(176, 177, 178) 138615.0
(9073, 9074, 9075) 110647.0
(6163, 6164, 6165) 123797.0
