(7463, 7464, 7465) 112962.0
(2171, 2172, 2173) 140126.0
(3066, 3067, 3068) 124451.0
(8760, 8761, 8762) 106621.0
(6172, 6173, 6174) 125094.0
(3719, 3720, 3721) 136525.0
(3507, 3508, 3509) 89599.0
(323, 324, 325) 145715.0
(4512, 4513, 4514) 122797.0
(8714, 8715, 8716) 151448.0
(9779, 9780, 9781) 147900.0
(7565, 7566, 7567) 140114.0
(3668, 3669, 3670) 110502.0
(7466, 7467, 7468) 138689.0
(6228, 6229, 6230) 133129.0
(9148, 9149, 9150) 150753.0
(1366, 1367, 1368) 130492.0
(5749, 5750, 5751) 127621.0
(2040, 2041, 2042) 136079.0
(4482, 4483, 4484) 99711.0
(3635, 3636, 3637) 157041.0
(7810, 7811, 7812) 112718.0
(7730, 7731, 7732) 97074.0
(8090, 8091, 8092) 130475.0
(1786, 1787, 1788) 156300.0
(3312, 3313, 3314) 159296.0
(5661, 5662, 5663) 114191.0
(2900, 2901, 2902) 121388.0
(8569, 8570, 8571) 107991.0
(8400, 8401, 8402) 152796.0
(6748, 6749, 6750) 142682.0
(6677, 6678, 6679) 108915.0
(5269, 5270, 5271) 129134.0
(4325, 4326, 4327) 131731.0
(4024, 4025, 4026) 132508.0
(670, 671, 672) 128997.0
(8804, 8805, 8806) 108041.0
(3197, 3198, 3199) 104252.0
(2998, 2999, 3000) 118276.0
(9, 10, 11) 130822.0
(1902, 1903, 1904) 125887.0
(5508, 5509, 5510) 134560.0
(8424, 8425, 8426) 100441.0
(570, 571, 572) 131980.0
(3606, 3607, 3608) 131421.0
(6672, 6673, 6674) 144613.0
(980, 981, 982) 145954.0
(4219, 4220, 4221) 139214.0
(5584, 5585, 5586) 123375.0
(3499, 3500, 3501) 146323.0
(4028, 4029, 4030) 132000.0
(2576, 2577, 2578) 123931.0
(4092, 4093, 4094) 98837.0
(2031, 2032, 2033) 100320.0
(4483, 4484, 4485) 144613.0
(1141, 1142, 1143) 120419.0
(8272, 8273, 8274) 123403.0
(5731, 5732, 5733) 133528.0
(7602, 7603, 7604) 153411.0
(226, 227, 228) 192534.0
(1926, 1927, 1928) 117106.0
(8877, 8878, 8879) 129574.0
(4687, 4688, 4689) 110889.0
(497, 498, 499) 124723.0
(4303, 4304, 4305) 137122.0
(720, 721, 722) 134322.0
(1684, 1685, 1686) 147654.0
(5056, 5057, 5058) 139349.0
(676, 677, 678) 143873.0
(8817, 8818, 8819) 125304.0
(3479, 3480, 3481) 120680.0
(8947, 8948, 8949) 126009.0
(1782, 1783, 1784) 136648.0
(5494, 5495, 5496) 137166.0
(6382, 6383, 6384) 118326.0
(9228, 9229, 9230) 133245.0
(6053, 6054, 6055) 185289.0
(6335, 6336, 6337) 119505.0
(9482, 9483, 9484) 128098.0
(4105, 4106, 4107) 122258.0
(3436, 3437, 3438) 118368.0
(2802, 2803, 2804) 134997.0
(2242, 2243, 2244) 129477.0
(7546, 7547, 7548) 109297.0
(7366, 7367, 7368) 143146.0
(2615, 2616, 2617) 129983.0
(5514, 5515, 5516) 144150.0
(4382, 4383, 4384) 123231.0
(7008, 7009, 7010) 119592.0
(5375, 5376, 5377) 127683.0
(5832, 5833, 5834) 117417.0
(9702, 9703, 9704) 108995.0
(5599, 5600, 5601) 104386.0
(7031, 7032, 7033) 109123.0
(6334, 6335, 6336) 116189.0
(673, 674, 675) 112507.0
(333, 334, 335) 126141.0
(3064, 3065, 3066) 129122.0
(8770, 8771, 8772) 124772.0
(9360, 9361, 9362) 123657.0
(3232, 3233, 3234) 152259.0
