(1367, 1368, 1369) 4808.0
(3058, 3059, 3060) 5298.0
(7829, 7830, 7831) 5425.0
(334, 335, 336) 6669.0
(4592, 4593, 4594) 4629.0
(5187, 5188, 5189) 6320.0
(8959, 8960, 8961) 6157.0
(9536, 9537, 9538) 6050.0
(2284, 2285, 2286) 4630.0
(2346, 2347, 2348) 5109.0
(4836, 4837, 4838) 3856.0
(2507, 2508, 2509) 7014.0
(313, 314, 315) 5954.0
(9956, 9957, 9958) 5389.0
(8128, 8129, 8130) 4419.0
(6847, 6848, 6849) 5729.0
(56, 57, 58) 3932.0
(5235, 5236, 5237) 4830.0
(6714, 6715, 6716) 6349.0
(8830, 8831, 8832) 4898.0
(2485, 2486, 2487) 3701.0
(8029, 8030, 8031) 5887.0
(8501, 8502, 8503) 5356.0
(4000, 4001, 4002) 4914.0
(7227, 7228, 7229) 2971.0
(3561, 3562, 3563) 5569.0
(7910, 7911, 7912) 4994.0
(5949, 5950, 5951) 3968.0
(2735, 2736, 2737) 4923.0
(9996, 9997, 9998) 7237.0
(9558, 9559, 9560) 4827.0
(5613, 5614, 5615) 5332.0
(8382, 8383, 8384) 6147.0
(3597, 3598, 3599) 5177.0
(1398, 1399, 1400) 6222.0
(5106, 5107, 5108) 6780.0
(3154, 3155, 3156) 6004.0
(3135, 3136, 3137) 5429.0
(8356, 8357, 8358) 4182.0
(9388, 9389, 9390) 3858.0
(9914, 9915, 9916) 4280.0
(1728, 1729, 1730) 5287.0
(1011, 1012, 1013) 6781.0
(9574, 9575, 9576) 6450.0
(9438, 9439, 9440) 4507.0
(7032, 7033, 7034) 4756.0
(184, 185, 186) 7040.0
(5924, 5925, 5926) 4906.0
(3288, 3289, 3290) 5703.0
(1538, 1539, 1540) 4525.0
(4389, 4390, 4391) 7119.0
(5403, 5404, 5405) 3968.0
(3498, 3499, 3500) 4678.0
(2266, 2267, 2268) 4382.0
(3345, 3346, 3347) 5272.0
(8926, 8927, 8928) 5286.0
(3676, 3677, 3678) 3419.0
(3016, 3017, 3018) 5839.0
(6922, 6923, 6924) 6359.0
(309, 310, 311) 5460.0
(6701, 6702, 6703) 5445.0
(3390, 3391, 3392) 6145.0
(6027, 6028, 6029) 4468.0
(4337, 4338, 4339) 5340.0
(1259, 1260, 1261) 5148.0
(5613, 5614, 5615) 5332.0
(9547, 9548, 9549) 3658.0
(1921, 1922, 1923) 3938.0
(399, 400, 401) 6995.0
(6288, 6289, 6290) 4830.0
(625, 626, 627) 6575.0
(5193, 5194, 5195) 6133.0
(4477, 4478, 4479) 4816.0
(9402, 9403, 9404) 4171.0
(5550, 5551, 5552) 7550.0
(7507, 7508, 7509) 5616.0
(4974, 4975, 4976) 3942.0
(686, 687, 688) 6365.0
(8611, 8612, 8613) 3854.0
(6791, 6792, 6793) 5945.0
(7159, 7160, 7161) 5659.0
(4240, 4241, 4242) 4548.0
(5406, 5407, 5408) 5248.0
(8607, 8608, 8609) 5323.0
(5989, 5990, 5991) 5230.0
(1363, 1364, 1365) 3971.0
(4450, 4451, 4452) 7006.0
(2937, 2938, 2939) 6002.0
(8858, 8859, 8860) 5725.0
(775, 776, 777) 6813.0
(3263, 3264, 3265) 7356.0
(1568, 1569, 1570) 6921.0
(524, 525, 526) 5630.0
(7611, 7612, 7613) 6557.0
(7951, 7952, 7953) 4680.0
(9607, 9608, 9609) 5201.0
(5790, 5791, 5792) 5001.0
(1827, 1828, 1829) 3362.0
(6874, 6875, 6876) 4673.0
(7331, 7332, 7333) 3655.0
(5998, 5999, 6000) 4740.0
