(119, 120, 121) 138339.0
(2750, 2751, 2752) 125901.0
(2903, 2904, 2905) 152087.0
(2317, 2318, 2319) 143485.0
(3050, 3051, 3052) 151032.0
(3395, 3396, 3397) 160010.0
(9101, 9102, 9103) 185268.0
(5122, 5123, 5124) 110252.0
(7146, 7147, 7148) 118358.0
(8488, 8489, 8490) 137567.0
(7801, 7802, 7803) 140753.0
(81, 82, 83) 113820.0
(6609, 6610, 6611) 106290.0
(7768, 7769, 7770) 139223.0
(6566, 6567, 6568) 129245.0
(5181, 5182, 5183) 107136.0
(4684, 4685, 4686) 144435.0
(6726, 6727, 6728) 155922.0
(3662, 3663, 3664) 147444.0
(3551, 3552, 3553) 135300.0
(8066, 8067, 8068) 147858.0
(5337, 5338, 5339) 139397.0
(1829, 1830, 1831) 160770.0
(8900, 8901, 8902) 138896.0
(4485, 4486, 4487) 154488.0
(4598, 4599, 4600) 114550.0
(5360, 5361, 5362) 121595.0
(7459, 7460, 7461) 102899.0
(8862, 8863, 8864) 162053.0
(1097, 1098, 1099) 129519.0
(9820, 9821, 9822) 150002.0
(8097, 8098, 8099) 100393.0
(987, 988, 989) 116433.0
(6677, 6678, 6679) 120726.0
(3402, 3403, 3404) 165038.0
(544, 545, 546) 158738.0
(1983, 1984, 1985) 91198.0
(7104, 7105, 7106) 118646.0
(6387, 6388, 6389) 104808.0
(72, 73, 74) 115187.0
(1378, 1379, 1380) 111221.0
(6913, 6914, 6915) 127578.0
(1451, 1452, 1453) 135044.0
(7881, 7882, 7883) 136665.0
(6373, 6374, 6375) 105599.0
(2625, 2626, 2627) 118656.0
(2949, 2950, 2951) 127632.0
(8170, 8171, 8172) 138134.0
(1406, 1407, 1408) 122845.0
(6522, 6523, 6524) 159387.0
(9460, 9461, 9462) 131916.0
(2828, 2829, 2830) 141944.0
(8382, 8383, 8384) 107198.0
(6247, 6248, 6249) 174882.0
(3194, 3195, 3196) 123537.0
(1925, 1926, 1927) 135468.0
(7657, 7658, 7659) 115960.0
(3881, 3882, 3883) 114172.0
(2450, 2451, 2452) 127874.0
(8756, 8757, 8758) 135746.0
(2099, 2100, 2101) 143350.0
(3301, 3302, 3303) 153997.0
(4198, 4199, 4200) 168885.0
(8680, 8681, 8682) 131351.0
(909, 910, 911) 131402.0
(5388, 5389, 5390) 115014.0
(9534, 9535, 9536) 165961.0
(1519, 1520, 1521) 122966.0
(1190, 1191, 1192) 103909.0
(9235, 9236, 9237) 136413.0
(9980, 9981, 9982) 117987.0
(4097, 4098, 4099) 141506.0
(7134, 7135, 7136) 119753.0
(9078, 9079, 9080) 104239.0
(9533, 9534, 9535) 111306.0
(4888, 4889, 4890) 128872.0
(9380, 9381, 9382) 135007.0
(810, 811, 812) 160256.0
(3470, 3471, 3472) 148825.0
(4487, 4488, 4489) 141698.0
(3392, 3393, 3394) 140759.0
(8719, 8720, 8721) 102426.0
(9615, 9616, 9617) 106642.0
(8823, 8824, 8825) 127974.0
(5866, 5867, 5868) 117551.0
(3459, 3460, 3461) 119248.0
(6208, 6209, 6210) 117034.0
(706, 707, 708) 153556.0
(9201, 9202, 9203) 151194.0
(5704, 5705, 5706) 127515.0
(2122, 2123, 2124) 145714.0
(2514, 2515, 2516) 134873.0
(9458, 9459, 9460) 120848.0
(9566, 9567, 9568) 163691.0
(6949, 6950, 6951) 98514.0
(4265, 4266, 4267) 179337.0
(2108, 2109, 2110) 145059.0
(2014, 2015, 2016) 136779.0
(8946, 8947, 8948) 134750.0
(3075, 3076, 3077) 120591.0
(7233, 7234, 7235) 125485.0
