(4702, 4703, 4704) 142000.0
(6347, 6348, 6349) 101491.0
(9486, 9487, 9488) 125614.0
(3956, 3957, 3958) 125050.0
(8981, 8982, 8983) 111194.0
(7726, 7727, 7728) 184175.0
(16, 17, 18) 141760.0
(801, 802, 803) 119125.0
(902, 903, 904) 100270.0
(1018, 1019, 1020) 158632.0
(8846, 8847, 8848) 138455.0
(2063, 2064, 2065) 147513.0
(9239, 9240, 9241) 108923.0
(9442, 9443, 9444) 140671.0
(4692, 4693, 4694) 159732.0
(786, 787, 788) 141144.0
(6813, 6814, 6815) 100520.0
(4935, 4936, 4937) 109375.0
(4354, 4355, 4356) 134791.0
(8074, 8075, 8076) 122489.0
(5846, 5847, 5848) 128797.0
(533, 534, 535) 142992.0
(2241, 2242, 2243) 122507.0
(9098, 9099, 9100) 136213.0
(927, 928, 929) 148812.0
(7260, 7261, 7262) 112620.0
(6790, 6791, 6792) 126566.0
(4047, 4048, 4049) 162417.0
(3373, 3374, 3375) 99419.0
(655, 656, 657) 176485.0
(9975, 9976, 9977) 122831.0
(6739, 6740, 6741) 110676.0
(6313, 6314, 6315) 164686.0
(6564, 6565, 6566) 167850.0
(3752, 3753, 3754) 132690.0
(8965, 8966, 8967) 135503.0
(3383, 3384, 3385) 154056.0
(3001, 3002, 3003) 113677.0
(1795, 1796, 1797) 128875.0
(2599, 2600, 2601) 133007.0
(5255, 5256, 5257) 146715.0
(9091, 9092, 9093) 136154.0
(765, 766, 767) 115959.0
(916, 917, 918) 122382.0
(463, 464, 465) 114885.0
(3143, 3144, 3145) 135854.0
(1141, 1142, 1143) 128959.0
(1993, 1994, 1995) 143740.0
(5435, 5436, 5437) 138166.0
(3236, 3237, 3238) 107976.0
(3660, 3661, 3662) 157185.0
(7479, 7480, 7481) 131554.0
(1821, 1822, 1823) 141493.0
(8693, 8694, 8695) 137574.0
(687, 688, 689) 128280.0
(2861, 2862, 2863) 140879.0
(3532, 3533, 3534) 127957.0
(2428, 2429, 2430) 152771.0
(5905, 5906, 5907) 131845.0
(4471, 4472, 4473) 127903.0
(7816, 7817, 7818) 166189.0
(4553, 4554, 4555) 126318.0
(6201, 6202, 6203) 136980.0
(1282, 1283, 1284) 133951.0
(3668, 3669, 3670) 119994.0
(3892, 3893, 3894) 141345.0
(7358, 7359, 7360) 163832.0
(6044, 6045, 6046) 115078.0
(1412, 1413, 1414) 131937.0
(9542, 9543, 9544) 126998.0
(7335, 7336, 7337) 142632.0
(6641, 6642, 6643) 134499.0
(8077, 8078, 8079) 135397.0
(2755, 2756, 2757) 127814.0
(6941, 6942, 6943) 153609.0
(278, 279, 280) 129323.0
(9057, 9058, 9059) 124723.0
(5002, 5003, 5004) 104259.0
(6465, 6466, 6467) 135335.0
(1379, 1380, 1381) 141116.0
(9142, 9143, 9144) 126694.0
(1314, 1315, 1316) 105706.0
(9790, 9791, 9792) 130852.0
(7710, 7711, 7712) 117691.0
(4492, 4493, 4494) 136088.0
(7366, 7367, 7368) 155685.0
(516, 517, 518) 137857.0
(8723, 8724, 8725) 138783.0
(6461, 6462, 6463) 113710.0
(5447, 5448, 5449) 165481.0
(2277, 2278, 2279) 165163.0
(6266, 6267, 6268) 133104.0
(9717, 9718, 9719) 123996.0
(4237, 4238, 4239) 109972.0
(2720, 2721, 2722) 125113.0
(5397, 5398, 5399) 133538.0
(7861, 7862, 7863) 106913.0
(6711, 6712, 6713) 130099.0
(2907, 2908, 2909) 138281.0
(1673, 1674, 1675) 149490.0
(1901, 1902, 1903) 107894.0
