(2327, 2328, 2329) 156534.0
(1304, 1305, 1306) 142382.0
(8451, 8452, 8453) 145137.0
(7609, 7610, 7611) 154641.0
(5839, 5840, 5841) 142697.0
(4167, 4168, 4169) 122204.0
(5143, 5144, 5145) 167473.0
(3612, 3613, 3614) 145697.0
(1156, 1157, 1158) 158648.0
(2278, 2279, 2280) 133870.0
(4273, 4274, 4275) 128516.0
(7679, 7680, 7681) 117280.0
(4287, 4288, 4289) 142642.0
(8331, 8332, 8333) 165360.0
(8605, 8606, 8607) 115871.0
(2290, 2291, 2292) 152257.0
(4090, 4091, 4092) 155842.0
(2598, 2599, 2600) 164317.0
(3342, 3343, 3344) 136406.0
(9668, 9669, 9670) 140875.0
(8006, 8007, 8008) 167046.0
(2712, 2713, 2714) 133293.0
(2502, 2503, 2504) 127293.0
(263, 264, 265) 149603.0
(2085, 2086, 2087) 136368.0
(6821, 6822, 6823) 119875.0
(8703, 8704, 8705) 144097.0
(1660, 1661, 1662) 114052.0
(4905, 4906, 4907) 121266.0
(1394, 1395, 1396) 142329.0
(380, 381, 382) 168647.0
(6919, 6920, 6921) 162307.0
(613, 614, 615) 140943.0
(2563, 2564, 2565) 133060.0
(4895, 4896, 4897) 126478.0
(2298, 2299, 2300) 158379.0
(1739, 1740, 1741) 149090.0
(9089, 9090, 9091) 148982.0
(4474, 4475, 4476) 125400.0
(8760, 8761, 8762) 118269.0
(9761, 9762, 9763) 157507.0
(2521, 2522, 2523) 135039.0
(3773, 3774, 3775) 130674.0
(3346, 3347, 3348) 124565.0
(8614, 8615, 8616) 135482.0
(9884, 9885, 9886) 134783.0
(1462, 1463, 1464) 114688.0
(1952, 1953, 1954) 112175.0
(5312, 5313, 5314) 161510.0
(7307, 7308, 7309) 127262.0
(6882, 6883, 6884) 117050.0
(3359, 3360, 3361) 124848.0
(9831, 9832, 9833) 152705.0
(1744, 1745, 1746) 176647.0
(6623, 6624, 6625) 145173.0
(6517, 6518, 6519) 113677.0
(3052, 3053, 3054) 147318.0
(3019, 3020, 3021) 174463.0
(7097, 7098, 7099) 166378.0
(7309, 7310, 7311) 132741.0
(7666, 7667, 7668) 123928.0
(840, 841, 842) 145297.0
(7261, 7262, 7263) 132551.0
(5271, 5272, 5273) 124437.0
(8171, 8172, 8173) 115273.0
(7966, 7967, 7968) 187497.0
(8085, 8086, 8087) 140211.0
(1801, 1802, 1803) 157192.0
(8350, 8351, 8352) 159250.0
(2762, 2763, 2764) 155162.0
(9835, 9836, 9837) 151725.0
(8347, 8348, 8349) 161282.0
(1156, 1157, 1158) 158648.0
(2912, 2913, 2914) 133656.0
(3719, 3720, 3721) 156122.0
(3685, 3686, 3687) 138598.0
(1526, 1527, 1528) 139520.0
(6995, 6996, 6997) 135562.0
(9059, 9060, 9061) 118890.0
(6473, 6474, 6475) 158167.0
(7102, 7103, 7104) 128020.0
(2149, 2150, 2151) 146148.0
(2111, 2112, 2113) 137353.0
(7151, 7152, 7153) 103194.0
(4840, 4841, 4842) 102943.0
(9369, 9370, 9371) 165608.0
(5524, 5525, 5526) 160278.0
(8104, 8105, 8106) 164683.0
(5877, 5878, 5879) 139174.0
(6733, 6734, 6735) 144366.0
(8299, 8300, 8301) 133211.0
(3519, 3520, 3521) 109801.0
(537, 538, 539) 176837.0
(2571, 2572, 2573) 122464.0
(5677, 5678, 5679) 178666.0
(9459, 9460, 9461) 141817.0
(8719, 8720, 8721) 103064.0
(2541, 2542, 2543) 130916.0
(7859, 7860, 7861) 135553.0
(3551, 3552, 3553) 143860.0
(8515, 8516, 8517) 117417.0
