(4520, 4521, 4522) 183482.0
(2370, 2371, 2372) 146979.0
(2929, 2930, 2931) 166487.0
(618, 619, 620) 141167.0
(618, 619, 620) 141167.0
(8061, 8062, 8063) 149113.0
(6685, 6686, 6687) 135799.0
(8054, 8055, 8056) 126831.0
(9905, 9906, 9907) 110941.0
(7301, 7302, 7303) 166226.0
(9735, 9736, 9737) 162493.0
(8091, 8092, 8093) 136595.0
(7602, 7603, 7604) 205357.0
(2941, 2942, 2943) 149917.0
(4237, 4238, 4239) 115604.0
(2414, 2415, 2416) 178141.0
(3247, 3248, 3249) 152102.0
(2763, 2764, 2765) 158104.0
(4077, 4078, 4079) 149643.0
(1350, 1351, 1352) 172494.0
(1448, 1449, 1450) 149771.0
(2458, 2459, 2460) 149138.0
(3165, 3166, 3167) 143397.0
(7150, 7151, 7152) 122601.0
(2037, 2038, 2039) 155224.0
(5727, 5728, 5729) 120503.0
(767, 768, 769) 140194.0
(9028, 9029, 9030) 126068.0
(26, 27, 28) 129023.0
(3557, 3558, 3559) 136496.0
(1800, 1801, 1802) 120751.0
(8653, 8654, 8655) 139597.0
(8450, 8451, 8452) 151663.0
(1761, 1762, 1763) 125012.0
(1755, 1756, 1757) 158136.0
(3427, 3428, 3429) 125680.0
(2507, 2508, 2509) 156666.0
(3173, 3174, 3175) 123649.0
(8103, 8104, 8105) 148587.0
(6453, 6454, 6455) 128301.0
(2913, 2914, 2915) 160571.0
(3912, 3913, 3914) 137152.0
(5811, 5812, 5813) 139930.0
(7489, 7490, 7491) 152599.0
(578, 579, 580) 148864.0
(9063, 9064, 9065) 166211.0
(2688, 2689, 2690) 113610.0
(5868, 5869, 5870) 127523.0
(6960, 6961, 6962) 147825.0
(7363, 7364, 7365) 168558.0
(2772, 2773, 2774) 138698.0
(2040, 2041, 2042) 164278.0
(5145, 5146, 5147) 146753.0
(8686, 8687, 8688) 149201.0
(3130, 3131, 3132) 132332.0
(4526, 4527, 4528) 155504.0
(5607, 5608, 5609) 154278.0
(5665, 5666, 5667) 155186.0
(6170, 6171, 6172) 125513.0
(260, 261, 262) 116397.0
(4996, 4997, 4998) 149614.0
(8367, 8368, 8369) 136048.0
(5982, 5983, 5984) 152058.0
(7822, 7823, 7824) 139567.0
(4020, 4021, 4022) 146065.0
(9895, 9896, 9897) 140968.0
(190, 191, 192) 129718.0
(9856, 9857, 9858) 136687.0
(2037, 2038, 2039) 155224.0
(1674, 1675, 1676) 143858.0
(2812, 2813, 2814) 139246.0
(3186, 3187, 3188) 165453.0
(7623, 7624, 7625) 126108.0
(6884, 6885, 6886) 121248.0
(2180, 2181, 2182) 125120.0
(3245, 3246, 3247) 156632.0
(3047, 3048, 3049) 118054.0
(3859, 3860, 3861) 122064.0
(6, 7, 8) 155235.0
(7502, 7503, 7504) 159149.0
(4822, 4823, 4824) 132496.0
(1203, 1204, 1205) 160904.0
(1300, 1301, 1302) 117045.0
(2157, 2158, 2159) 133757.0
(3834, 3835, 3836) 123232.0
(6154, 6155, 6156) 146190.0
(4822, 4823, 4824) 132496.0
(4044, 4045, 4046) 114503.0
(5186, 5187, 5188) 124442.0
(2677, 2678, 2679) 154845.0
(1885, 1886, 1887) 121483.0
(1567, 1568, 1569) 133087.0
(9408, 9409, 9410) 138465.0
(7166, 7167, 7168) 171782.0
(4478, 4479, 4480) 131893.0
(110, 111, 112) 136260.0
(561, 562, 563) 140657.0
(7363, 7364, 7365) 168558.0
(8229, 8230, 8231) 148038.0
(6333, 6334, 6335) 162446.0
(9287, 9288, 9289) 118706.0
