(4682, 4683, 4684) 160735.0
(4590, 4591, 4592) 136454.0
(5058, 5059, 5060) 112607.0
(6439, 6440, 6441) 137462.0
(6160, 6161, 6162) 161311.0
(5601, 5602, 5603) 133959.0
(2364, 2365, 2366) 140677.0
(2489, 2490, 2491) 166225.0
(4180, 4181, 4182) 142843.0
(7920, 7921, 7922) 182884.0
(5651, 5652, 5653) 163775.0
(714, 715, 716) 167981.0
(9032, 9033, 9034) 147394.0
(2200, 2201, 2202) 130898.0
(2399, 2400, 2401) 144935.0
(8958, 8959, 8960) 119983.0
(6867, 6868, 6869) 155015.0
(2341, 2342, 2343) 145076.0
(4420, 4421, 4422) 156961.0
(9923, 9924, 9925) 146685.0
(9845, 9846, 9847) 129501.0
(8444, 8445, 8446) 153562.0
(7523, 7524, 7525) 143568.0
(7522, 7523, 7524) 168708.0
(8711, 8712, 8713) 106660.0
(8513, 8514, 8515) 131516.0
(2284, 2285, 2286) 127855.0
(2922, 2923, 2924) 160720.0
(8281, 8282, 8283) 145088.0
(344, 345, 346) 128295.0
(2669, 2670, 2671) 144447.0
(551, 552, 553) 142003.0
(7763, 7764, 7765) 134635.0
(4444, 4445, 4446) 136215.0
(9535, 9536, 9537) 147395.0
(3013, 3014, 3015) 167752.0
(5530, 5531, 5532) 130256.0
(5408, 5409, 5410) 127429.0
(8000, 8001, 8002) 151561.0
(4167, 4168, 4169) 132902.0
(6416, 6417, 6418) 121830.0
(3019, 3020, 3021) 183583.0
(497, 498, 499) 144554.0
(149, 150, 151) 168836.0
(4001, 4002, 4003) 149559.0
(5918, 5919, 5920) 137312.0
(270, 271, 272) 134835.0
(668, 669, 670) 140854.0
(1203, 1204, 1205) 162345.0
(3555, 3556, 3557) 178113.0
(5806, 5807, 5808) 183626.0
(7827, 7828, 7829) 147688.0
(2346, 2347, 2348) 154661.0
(764, 765, 766) 130033.0
(5534, 5535, 5536) 124382.0
(124, 125, 126) 158033.0
(5067, 5068, 5069) 174922.0
(2269, 2270, 2271) 158844.0
(9278, 9279, 9280) 150244.0
(1718, 1719, 1720) 149256.0
(6892, 6893, 6894) 142991.0
(8942, 8943, 8944) 141909.0
(2001, 2002, 2003) 184529.0
(6925, 6926, 6927) 147378.0
(1810, 1811, 1812) 175370.0
(8217, 8218, 8219) 136220.0
(6331, 6332, 6333) 118548.0
(5157, 5158, 5159) 158588.0
(4565, 4566, 4567) 141753.0
(5253, 5254, 5255) 170302.0
(1984, 1985, 1986) 137321.0
(8949, 8950, 8951) 136892.0
(5726, 5727, 5728) 149651.0
(1206, 1207, 1208) 157788.0
(5164, 5165, 5166) 144990.0
(6821, 6822, 6823) 124205.0
(7550, 7551, 7552) 133333.0
(1116, 1117, 1118) 161701.0
(8734, 8735, 8736) 161719.0
(2738, 2739, 2740) 143616.0
(8773, 8774, 8775) 142848.0
(9973, 9974, 9975) 121885.0
(9753, 9754, 9755) 111267.0
(2169, 2170, 2171) 126900.0
(8847, 8848, 8849) 138970.0
(6772, 6773, 6774) 131695.0
(4937, 4938, 4939) 134366.0
(1540, 1541, 1542) 124560.0
(1307, 1308, 1309) 164965.0
(505, 506, 507) 162945.0
(6555, 6556, 6557) 137534.0
(8217, 8218, 8219) 136220.0
(9394, 9395, 9396) 126011.0
(9227, 9228, 9229) 152027.0
(4137, 4138, 4139) 142362.0
(6169, 6170, 6171) 156603.0
(1986, 1987, 1988) 128102.0
(6654, 6655, 6656) 146986.0
(8386, 8387, 8388) 161292.0
(6337, 6338, 6339) 131517.0
(3279, 3280, 3281) 148060.0
