(7156, 7157, 7158) 168292.0
(4133, 4134, 4135) 151045.0
(7090, 7091, 7092) 181208.0
(2944, 2945, 2946) 160598.0
(881, 882, 883) 144733.0
(2500, 2501, 2502) 129356.0
(212, 213, 214) 126933.0
(534, 535, 536) 129409.0
(4463, 4464, 4465) 137915.0
(4640, 4641, 4642) 109463.0
(6407, 6408, 6409) 151511.0
(8821, 8822, 8823) 156187.0
(1537, 1538, 1539) 150000.0
(6324, 6325, 6326) 191006.0
(4328, 4329, 4330) 132397.0
(2102, 2103, 2104) 150303.0
(2790, 2791, 2792) 191169.0
(8829, 8830, 8831) 153826.0
(4547, 4548, 4549) 140079.0
(4206, 4207, 4208) 161205.0
(1955, 1956, 1957) 195011.0
(2519, 2520, 2521) 145264.0
(3873, 3874, 3875) 190387.0
(194, 195, 196) 124360.0
(374, 375, 376) 129604.0
(2505, 2506, 2507) 122867.0
(5393, 5394, 5395) 126067.0
(6254, 6255, 6256) 175439.0
(4763, 4764, 4765) 158121.0
(8519, 8520, 8521) 120025.0
(2503, 2504, 2505) 151702.0
(8176, 8177, 8178) 173332.0
(8318, 8319, 8320) 173627.0
(6708, 6709, 6710) 169956.0
(8333, 8334, 8335) 145555.0
(7764, 7765, 7766) 133383.0
(8404, 8405, 8406) 201458.0
(5647, 5648, 5649) 171130.0
(476, 477, 478) 172769.0
(4116, 4117, 4118) 197731.0
(7850, 7851, 7852) 126046.0
(250, 251, 252) 150115.0
(7355, 7356, 7357) 140535.0
(5305, 5306, 5307) 139200.0
(2289, 2290, 2291) 141136.0
(9082, 9083, 9084) 134830.0
(8770, 8771, 8772) 163112.0
(7161, 7162, 7163) 136756.0
(7051, 7052, 7053) 163238.0
(1750, 1751, 1752) 168316.0
(9744, 9745, 9746) 130051.0
(4082, 4083, 4084) 123169.0
(3402, 3403, 3404) 186613.0
(5881, 5882, 5883) 159769.0
(1919, 1920, 1921) 173583.0
(2036, 2037, 2038) 142373.0
(5018, 5019, 5020) 137216.0
(1652, 1653, 1654) 137400.0
(8938, 8939, 8940) 138368.0
(128, 129, 130) 156475.0
(7134, 7135, 7136) 140624.0
(1209, 1210, 1211) 139304.0
(1403, 1404, 1405) 142642.0
(533, 534, 535) 153840.0
(2402, 2403, 2404) 189851.0
(5069, 5070, 5071) 158894.0
(4958, 4959, 4960) 139054.0
(996, 997, 998) 135916.0
(1235, 1236, 1237) 137277.0
(5822, 5823, 5824) 178782.0
(5608, 5609, 5610) 147895.0
(3162, 3163, 3164) 158426.0
(3019, 3020, 3021) 188285.0
(7156, 7157, 7158) 168292.0
(1468, 1469, 1470) 148501.0
(8472, 8473, 8474) 146626.0
(495, 496, 497) 159476.0
(5272, 5273, 5274) 171667.0
(5766, 5767, 5768) 165517.0
(9568, 9569, 9570) 128057.0
(6345, 6346, 6347) 143882.0
(7522, 7523, 7524) 171366.0
(3978, 3979, 3980) 139707.0
(8526, 8527, 8528) 145563.0
(6347, 6348, 6349) 114934.0
(8587, 8588, 8589) 147525.0
(1665, 1666, 1667) 154657.0
(8734, 8735, 8736) 169617.0
(1999, 2000, 2001) 166164.0
(5956, 5957, 5958) 121280.0
(5259, 5260, 5261) 169050.0
(9392, 9393, 9394) 158140.0
(861, 862, 863) 142357.0
(7009, 7010, 7011) 166333.0
(2232, 2233, 2234) 160797.0
(5982, 5983, 5984) 151516.0
(2724, 2725, 2726) 167207.0
(675, 676, 677) 170236.0
(1050, 1051, 1052) 168908.0
(7792, 7793, 7794) 139252.0
(509, 510, 511) 168773.0
