(6843, 6844, 6845) 184006.0
(5170, 5171, 5172) 181128.0
(425, 426, 427) 140705.0
(5855, 5856, 5857) 132381.0
(9196, 9197, 9198) 187101.0
(4642, 4643, 4644) 185508.0
(53, 54, 55) 143903.0
(727, 728, 729) 142143.0
(7086, 7087, 7088) 162403.0
(3271, 3272, 3273) 157734.0
(2853, 2854, 2855) 155072.0
(4296, 4297, 4298) 172669.0
(6523, 6524, 6525) 188351.0
(1059, 1060, 1061) 194125.0
(7276, 7277, 7278) 175026.0
(5683, 5684, 5685) 154540.0
(9470, 9471, 9472) 172269.0
(3901, 3902, 3903) 199091.0
(6244, 6245, 6246) 182425.0
(3213, 3214, 3215) 160179.0
(5563, 5564, 5565) 164233.0
(9815, 9816, 9817) 160183.0
(455, 456, 457) 184520.0
(6208, 6209, 6210) 139249.0
(5902, 5903, 5904) 180337.0
(2221, 2222, 2223) 150087.0
(1557, 1558, 1559) 161265.0
(4964, 4965, 4966) 170255.0
(5095, 5096, 5097) 153641.0
(2891, 2892, 2893) 161462.0
(6990, 6991, 6992) 158007.0
(271, 272, 273) 186542.0
(9786, 9787, 9788) 184806.0
(5828, 5829, 5830) 125030.0
(242, 243, 244) 148973.0
(8775, 8776, 8777) 151232.0
(1756, 1757, 1758) 152685.0
(3656, 3657, 3658) 196020.0
(8183, 8184, 8185) 145840.0
(8258, 8259, 8260) 139268.0
(9770, 9771, 9772) 184177.0
(7182, 7183, 7184) 152133.0
(6095, 6096, 6097) 187146.0
(524, 525, 526) 222952.0
(6752, 6753, 6754) 176851.0
(1130, 1131, 1132) 163452.0
(7808, 7809, 7810) 123567.0
(5534, 5535, 5536) 143478.0
(8024, 8025, 8026) 139035.0
(8234, 8235, 8236) 121866.0
(5051, 5052, 5053) 218359.0
(590, 591, 592) 166593.0
(7955, 7956, 7957) 171627.0
(8864, 8865, 8866) 173254.0
(9434, 9435, 9436) 178908.0
(484, 485, 486) 157801.0
(1129, 1130, 1131) 142775.0
(8746, 8747, 8748) 169758.0
(4237, 4238, 4239) 126942.0
(8794, 8795, 8796) 186660.0
(4211, 4212, 4213) 158139.0
(522, 523, 524) 181160.0
(3846, 3847, 3848) 200935.0
(7944, 7945, 7946) 159760.0
(2680, 2681, 2682) 181157.0
(6850, 6851, 6852) 134661.0
(9033, 9034, 9035) 171874.0
(2608, 2609, 2610) 186543.0
(6198, 6199, 6200) 146676.0
(9591, 9592, 9593) 221110.0
(398, 399, 400) 141745.0
(7254, 7255, 7256) 186645.0
(5575, 5576, 5577) 173778.0
(4978, 4979, 4980) 159732.0
(9030, 9031, 9032) 160104.0
(200, 201, 202) 193286.0
(2528, 2529, 2530) 183301.0
(4482, 4483, 4484) 143713.0
(7214, 7215, 7216) 174413.0
(8589, 8590, 8591) 209770.0
(5011, 5012, 5013) 142083.0
(8329, 8330, 8331) 182360.0
(1380, 1381, 1382) 174070.0
(8192, 8193, 8194) 199397.0
(4918, 4919, 4920) 193749.0
(236, 237, 238) 192846.0
(9198, 9199, 9200) 170106.0
(2935, 2936, 2937) 197372.0
(2197, 2198, 2199) 164955.0
(8254, 8255, 8256) 143442.0
(9923, 9924, 9925) 182459.0
(601, 602, 603) 202425.0
(937, 938, 939) 180890.0
(791, 792, 793) 189055.0
(5793, 5794, 5795) 162045.0
(971, 972, 973) 132818.0
(8139, 8140, 8141) 145465.0
(8310, 8311, 8312) 152114.0
(3188, 3189, 3190) 192841.0
(3372, 3373, 3374) 210278.0
(8458, 8459, 8460) 177859.0
