(7457, 7458, 7459) 212876.0
(697, 698, 699) 183157.0
(9181, 9182, 9183) 228758.0
(2365, 2366, 2367) 163137.0
(4637, 4638, 4639) 193357.0
(4619, 4620, 4621) 147398.0
(7738, 7739, 7740) 211399.0
(1972, 1973, 1974) 170848.0
(3398, 3399, 3400) 166242.0
(5284, 5285, 5286) 163818.0
(8054, 8055, 8056) 162115.0
(4098, 4099, 4100) 211124.0
(1173, 1174, 1175) 150059.0
(7432, 7433, 7434) 154437.0
(4416, 4417, 4418) 165474.0
(233, 234, 235) 171574.0
(6832, 6833, 6834) 193091.0
(293, 294, 295) 171480.0
(784, 785, 786) 182211.0
(5768, 5769, 5770) 216495.0
(8493, 8494, 8495) 163004.0
(4107, 4108, 4109) 164632.0
(4074, 4075, 4076) 245004.0
(5391, 5392, 5393) 181346.0
(7169, 7170, 7171) 178289.0
(1801, 1802, 1803) 184137.0
(7516, 7517, 7518) 233394.0
(171, 172, 173) 170394.0
(1721, 1722, 1723) 199774.0
(2755, 2756, 2757) 162230.0
(1475, 1476, 1477) 189105.0
(7878, 7879, 7880) 152949.0
(6120, 6121, 6122) 177009.0
(8935, 8936, 8937) 157337.0
(5823, 5824, 5825) 218748.0
(8876, 8877, 8878) 175789.0
(2634, 2635, 2636) 182242.0
(8125, 8126, 8127) 152326.0
(7109, 7110, 7111) 168048.0
(4191, 4192, 4193) 156609.0
(7537, 7538, 7539) 188669.0
(330, 331, 332) 147247.0
(4381, 4382, 4383) 158017.0
(3583, 3584, 3585) 165377.0
(5312, 5313, 5314) 235821.0
(9114, 9115, 9116) 175070.0
(7401, 7402, 7403) 190360.0
(945, 946, 947) 223375.0
(490, 491, 492) 144869.0
(6301, 6302, 6303) 168375.0
(8369, 8370, 8371) 213852.0
(3857, 3858, 3859) 176542.0
(9315, 9316, 9317) 215602.0
(7267, 7268, 7269) 186608.0
(8663, 8664, 8665) 153737.0
(1111, 1112, 1113) 230605.0
(4971, 4972, 4973) 155263.0
(1366, 1367, 1368) 185955.0
(6869, 6870, 6871) 186954.0
(6407, 6408, 6409) 177306.0
(3564, 3565, 3566) 186205.0
(6313, 6314, 6315) 200326.0
(8559, 8560, 8561) 153598.0
(8494, 8495, 8496) 169415.0
(3179, 3180, 3181) 170987.0
(3702, 3703, 3704) 181596.0
(9927, 9928, 9929) 196928.0
(741, 742, 743) 153152.0
(887, 888, 889) 220282.0
(6650, 6651, 6652) 156178.0
(140, 141, 142) 166210.0
(4784, 4785, 4786) 168364.0
(1091, 1092, 1093) 167996.0
(9708, 9709, 9710) 168825.0
(5906, 5907, 5908) 194307.0
(5417, 5418, 5419) 163908.0
(9758, 9759, 9760) 176209.0
(8018, 8019, 8020) 211479.0
(1543, 1544, 1545) 164577.0
(3676, 3677, 3678) 130431.0
(3804, 3805, 3806) 179324.0
(4747, 4748, 4749) 173161.0
(182, 183, 184) 207526.0
(6288, 6289, 6290) 158504.0
(4272, 4273, 4274) 209354.0
(5514, 5515, 5516) 203875.0
(8487, 8488, 8489) 228170.0
(4037, 4038, 4039) 209598.0
(8854, 8855, 8856) 169293.0
(4037, 4038, 4039) 209598.0
(9822, 9823, 9824) 157348.0
(3199, 3200, 3201) 164269.0
(7860, 7861, 7862) 222074.0
(1973, 1974, 1975) 161540.0
(7178, 7179, 7180) 213712.0
(4308, 4309, 4310) 167091.0
(123, 124, 125) 179504.0
(8398, 8399, 8400) 169956.0
(7939, 7940, 7941) 184874.0
(8436, 8437, 8438) 193933.0
(2941, 2942, 2943) 173310.0
