(3570, 3571, 3572) 9800.0
(4308, 4309, 4310) 7823.0
(4492, 4493, 4494) 5630.0
(976, 977, 978) 6576.0
(5656, 5657, 5658) 6285.0
(1524, 1525, 1526) 8039.0
(9526, 9527, 9528) 9268.0
(970, 971, 972) 7450.0
(5969, 5970, 5971) 9233.0
(4330, 4331, 4332) 8964.0
(7451, 7452, 7453) 7448.0
(8374, 8375, 8376) 8705.0
(7105, 7106, 7107) 7957.0
(7898, 7899, 7900) 8573.0
(1521, 1522, 1523) 7923.0
(8380, 8381, 8382) 5385.0
(8930, 8931, 8932) 8390.0
(1621, 1622, 1623) 7395.0
(59, 60, 61) 5655.0
(3123, 3124, 3125) 7202.0
(8716, 8717, 8718) 6408.0
(6585, 6586, 6587) 8191.0
(4927, 4928, 4929) 7167.0
(9022, 9023, 9024) 6774.0
(4295, 4296, 4297) 5329.0
(1800, 1801, 1802) 4784.0
(917, 918, 919) 9670.0
(4128, 4129, 4130) 8680.0
(3246, 3247, 3248) 8350.0
(163, 164, 165) 6307.0
(7140, 7141, 7142) 8966.0
(6623, 6624, 6625) 8662.0
(9073, 9074, 9075) 7723.0
(3131, 3132, 3133) 7818.0
(1317, 1318, 1319) 6306.0
(5358, 5359, 5360) 7105.0
(4291, 4292, 4293) 6242.0
(5594, 5595, 5596) 6073.0
(1696, 1697, 1698) 6471.0
(544, 545, 546) 9008.0
(8087, 8088, 8089) 7186.0
(1546, 1547, 1548) 7737.0
(5123, 5124, 5125) 8305.0
(4153, 4154, 4155) 5252.0
(5168, 5169, 5170) 7788.0
(9567, 9568, 9569) 6354.0
(1325, 1326, 1327) 7095.0
(4544, 4545, 4546) 10305.0
(5470, 5471, 5472) 6849.0
(8919, 8920, 8921) 7281.0
(1388, 1389, 1390) 10141.0
(8446, 8447, 8448) 7123.0
(4712, 4713, 4714) 10593.0
(7302, 7303, 7304) 10293.0
(23, 24, 25) 6954.0
(5525, 5526, 5527) 10034.0
(3740, 3741, 3742) 6667.0
(2307, 2308, 2309) 6973.0
(2620, 2621, 2622) 6886.0
(9125, 9126, 9127) 7630.0
(2999, 3000, 3001) 8159.0
(3789, 3790, 3791) 11037.0
(1793, 1794, 1795) 8227.0
(9785, 9786, 9787) 9653.0
(8876, 8877, 8878) 8129.0
(5750, 5751, 5752) 8414.0
(738, 739, 740) 11954.0
(4227, 4228, 4229) 7342.0
(8632, 8633, 8634) 7104.0
(4598, 4599, 4600) 5774.0
(3443, 3444, 3445) 7201.0
(5580, 5581, 5582) 9126.0
(5826, 5827, 5828) 7562.0
(2038, 2039, 2040) 6818.0
(6841, 6842, 6843) 6161.0
(6680, 6681, 6682) 8202.0
(796, 797, 798) 7016.0
(8880, 8881, 8882) 6952.0
(7117, 7118, 7119) 8386.0
(1953, 1954, 1955) 7942.0
(7330, 7331, 7332) 11951.0
(9013, 9014, 9015) 7744.0
(7392, 7393, 7394) 8746.0
(499, 500, 501) 7536.0
(1302, 1303, 1304) 6158.0
(8285, 8286, 8287) 6750.0
(3590, 3591, 3592) 9802.0
(5617, 5618, 5619) 8266.0
(3283, 3284, 3285) 6452.0
(2567, 2568, 2569) 10564.0
(7282, 7283, 7284) 9797.0
(2048, 2049, 2050) 8984.0
(9640, 9641, 9642) 5217.0
(3601, 3602, 3603) 9874.0
(9688, 9689, 9690) 6954.0
(2569, 2570, 2571) 10128.0
(8720, 8721, 8722) 8479.0
(7753, 7754, 7755) 7059.0
(1241, 1242, 1243) 5800.0
(1279, 1280, 1281) 8430.0
(5841, 5842, 5843) 6677.0
