(8323, 8324, 8325) 214850.0
(4476, 4477, 4478) 175423.0
(8498, 8499, 8500) 176740.0
(6328, 6329, 6330) 204262.0
(221, 222, 223) 188396.0
(5379, 5380, 5381) 171181.0
(5702, 5703, 5704) 185531.0
(7020, 7021, 7022) 195452.0
(6065, 6066, 6067) 187354.0
(2649, 2650, 2651) 187714.0
(7751, 7752, 7753) 145914.0
(1636, 1637, 1638) 194266.0
(5546, 5547, 5548) 190971.0
(8476, 8477, 8478) 235624.0
(4535, 4536, 4537) 209623.0
(9094, 9095, 9096) 220793.0
(5799, 5800, 5801) 192237.0
(2772, 2773, 2774) 192144.0
(3523, 3524, 3525) 226440.0
(7314, 7315, 7316) 205223.0
(9164, 9165, 9166) 191983.0
(1668, 1669, 1670) 184569.0
(9230, 9231, 9232) 212594.0
(8957, 8958, 8959) 202362.0
(5870, 5871, 5872) 165302.0
(4582, 4583, 4584) 214308.0
(5853, 5854, 5855) 244456.0
(2775, 2776, 2777) 184096.0
(8790, 8791, 8792) 191404.0
(5101, 5102, 5103) 182871.0
(9002, 9003, 9004) 210573.0
(4428, 4429, 4430) 186547.0
(4797, 4798, 4799) 151766.0
(5373, 5374, 5375) 255045.0
(9571, 9572, 9573) 183770.0
(2819, 2820, 2821) 180614.0
(3180, 3181, 3182) 159789.0
(2276, 2277, 2278) 188167.0
(5039, 5040, 5041) 179245.0
(9982, 9983, 9984) 166182.0
(3912, 3913, 3914) 168618.0
(1054, 1055, 1056) 175916.0
(4311, 4312, 4313) 185903.0
(1882, 1883, 1884) 211289.0
(7795, 7796, 7797) 159753.0
(8437, 8438, 8439) 183557.0
(2144, 2145, 2146) 201167.0
(5027, 5028, 5029) 184853.0
(7746, 7747, 7748) 191612.0
(8279, 8280, 8281) 222232.0
(9483, 9484, 9485) 171193.0
(1953, 1954, 1955) 212737.0
(2171, 2172, 2173) 222633.0
(8611, 8612, 8613) 182047.0
(1638, 1639, 1640) 176745.0
(170, 171, 172) 185166.0
(8035, 8036, 8037) 155326.0
(2502, 2503, 2504) 174376.0
(5778, 5779, 5780) 126875.0
(5928, 5929, 5930) 181499.0
(9669, 9670, 9671) 184562.0
(8768, 8769, 8770) 173078.0
(2642, 2643, 2644) 178117.0
(7608, 7609, 7610) 206059.0
(200, 201, 202) 206876.0
(2612, 2613, 2614) 209627.0
(1648, 1649, 1650) 235930.0
(1112, 1113, 1114) 243507.0
(6353, 6354, 6355) 136731.0
(9422, 9423, 9424) 195141.0
(5003, 5004, 5005) 196111.0
(4542, 4543, 4544) 186467.0
(7918, 7919, 7920) 236289.0
(6275, 6276, 6277) 161072.0
(5975, 5976, 5977) 190807.0
(1399, 1400, 1401) 162069.0
(5957, 5958, 5959) 223842.0
(7394, 7395, 7396) 182972.0
(9577, 9578, 9579) 205028.0
(2398, 2399, 2400) 177314.0
(1714, 1715, 1716) 163215.0
(6949, 6950, 6951) 134295.0
(6756, 6757, 6758) 176775.0
(2303, 2304, 2305) 182333.0
(6432, 6433, 6434) 209613.0
(9075, 9076, 9077) 222888.0
(2763, 2764, 2765) 184571.0
(9733, 9734, 9735) 209570.0
(3241, 3242, 3243) 161161.0
(1339, 1340, 1341) 157575.0
(1952, 1953, 1954) 161659.0
(4429, 4430, 4431) 199966.0
(3450, 3451, 3452) 213625.0
(8213, 8214, 8215) 162317.0
(2226, 2227, 2228) 228707.0
(4697, 4698, 4699) 162467.0
(8451, 8452, 8453) 184338.0
(3556, 3557, 3558) 204046.0
(8449, 8450, 8451) 213855.0
(4551, 4552, 4553) 183991.0
(7102, 7103, 7104) 164958.0
