(3045, 3046, 3047) 247372.0
(6892, 6893, 6894) 193909.0
(7107, 7108, 7109) 161407.0
(4106, 4107, 4108) 199426.0
(7155, 7156, 7157) 155514.0
(5053, 5054, 5055) 212854.0
(8766, 8767, 8768) 160007.0
(3102, 3103, 3104) 140312.0
(189, 190, 191) 218963.0
(4521, 4522, 4523) 148826.0
(6350, 6351, 6352) 241348.0
(3762, 3763, 3764) 196624.0
(4593, 4594, 4595) 206523.0
(1743, 1744, 1745) 175393.0
(6219, 6220, 6221) 191268.0
(169, 170, 171) 196171.0
(7658, 7659, 7660) 237867.0
(4268, 4269, 4270) 224660.0
(4644, 4645, 4646) 195668.0
(8399, 8400, 8401) 226265.0
(7128, 7129, 7130) 187732.0
(8174, 8175, 8176) 238933.0
(6056, 6057, 6058) 181806.0
(7255, 7256, 7257) 232106.0
(5962, 5963, 5964) 162476.0
(6376, 6377, 6378) 184766.0
(3109, 3110, 3111) 196367.0
(589, 590, 591) 174732.0
(4461, 4462, 4463) 237432.0
(9687, 9688, 9689) 216052.0
(5104, 5105, 5106) 211169.0
(1732, 1733, 1734) 216488.0
(430, 431, 432) 181185.0
(5803, 5804, 5805) 197501.0
(7694, 7695, 7696) 181901.0
(2129, 2130, 2131) 181561.0
(2872, 2873, 2874) 196411.0
(7868, 7869, 7870) 211455.0
(7271, 7272, 7273) 215887.0
(702, 703, 704) 217085.0
(358, 359, 360) 203867.0
(1731, 1732, 1733) 218149.0
(9347, 9348, 9349) 198979.0
(4986, 4987, 4988) 186379.0
(1394, 1395, 1396) 181707.0
(3363, 3364, 3365) 168966.0
(1678, 1679, 1680) 183664.0
(7519, 7520, 7521) 220849.0
(4105, 4106, 4107) 204446.0
(3235, 3236, 3237) 189535.0
(8538, 8539, 8540) 157838.0
(6469, 6470, 6471) 191270.0
(8706, 8707, 8708) 227874.0
(2264, 2265, 2266) 181207.0
(6007, 6008, 6009) 165136.0
(46, 47, 48) 186519.0
(7116, 7117, 7118) 170464.0
(7475, 7476, 7477) 179949.0
(2434, 2435, 2436) 223230.0
(6427, 6428, 6429) 181274.0
(3541, 3542, 3543) 176899.0
(5089, 5090, 5091) 189052.0
(2630, 2631, 2632) 198644.0
(3411, 3412, 3413) 211764.0
(2295, 2296, 2297) 216976.0
(9056, 9057, 9058) 161661.0
(8871, 8872, 8873) 219256.0
(6553, 6554, 6555) 183426.0
(9881, 9882, 9883) 161619.0
(8868, 8869, 8870) 209773.0
(489, 490, 491) 189343.0
(7021, 7022, 7023) 175196.0
(7335, 7336, 7337) 197937.0
(3372, 3373, 3374) 223072.0
(6860, 6861, 6862) 196061.0
(2756, 2757, 2758) 222087.0
(3388, 3389, 3390) 209723.0
(1683, 1684, 1685) 222115.0
(8144, 8145, 8146) 221212.0
(1452, 1453, 1454) 185565.0
(9955, 9956, 9957) 218873.0
(3386, 3387, 3388) 164305.0
(5150, 5151, 5152) 183451.0
(3045, 3046, 3047) 247372.0
(8458, 8459, 8460) 200724.0
(1097, 1098, 1099) 208518.0
(9716, 9717, 9718) 247174.0
(713, 714, 715) 202716.0
(3429, 3430, 3431) 196608.0
(6321, 6322, 6323) 172763.0
(7124, 7125, 7126) 163999.0
(9265, 9266, 9267) 186319.0
(3957, 3958, 3959) 158719.0
(5777, 5778, 5779) 216662.0
(826, 827, 828) 226952.0
(1722, 1723, 1724) 184142.0
(2915, 2916, 2917) 214745.0
(2667, 2668, 2669) 168228.0
(1026, 1027, 1028) 183885.0
(7585, 7586, 7587) 164411.0
(3657, 3658, 3659) 218242.0
