(4649, 4650, 4651) 211339.0
(5822, 5823, 5824) 255053.0
(3015, 3016, 3017) 220447.0
(5390, 5391, 5392) 224682.0
(3079, 3080, 3081) 187163.0
(972, 973, 974) 177879.0
(4534, 4535, 4536) 221706.0
(7243, 7244, 7245) 217687.0
(3093, 3094, 3095) 206956.0
(2904, 2905, 2906) 246584.0
(4774, 4775, 4776) 232641.0
(6975, 6976, 6977) 223539.0
(3209, 3210, 3211) 235276.0
(6436, 6437, 6438) 195615.0
(7353, 7354, 7355) 184008.0
(4806, 4807, 4808) 222995.0
(2314, 2315, 2316) 191539.0
(970, 971, 972) 183679.0
(4724, 4725, 4726) 202988.0
(8413, 8414, 8415) 155584.0
(4912, 4913, 4914) 183483.0
(1669, 1670, 1671) 137129.0
(818, 819, 820) 194781.0
(5521, 5522, 5523) 192945.0
(8216, 8217, 8218) 210134.0
(3996, 3997, 3998) 179165.0
(6667, 6668, 6669) 186009.0
(3162, 3163, 3164) 215804.0
(573, 574, 575) 169653.0
(9269, 9270, 9271) 228997.0
(6749, 6750, 6751) 187980.0
(1562, 1563, 1564) 209253.0
(1605, 1606, 1607) 198386.0
(5794, 5795, 5796) 210511.0
(2167, 2168, 2169) 253869.0
(7761, 7762, 7763) 171039.0
(7152, 7153, 7154) 202683.0
(3828, 3829, 3830) 166280.0
(2000, 2001, 2002) 276275.0
(8314, 8315, 8316) 220744.0
(5385, 5386, 5387) 208285.0
(197, 198, 199) 285178.0
(7360, 7361, 7362) 171787.0
(3965, 3966, 3967) 197608.0
(7835, 7836, 7837) 158180.0
(7913, 7914, 7915) 188736.0
(2438, 2439, 2440) 181550.0
(7447, 7448, 7449) 200032.0
(1846, 1847, 1848) 221289.0
(895, 896, 897) 185619.0
(3797, 3798, 3799) 194285.0
(5199, 5200, 5201) 214987.0
(4257, 4258, 4259) 246247.0
(4701, 4702, 4703) 225898.0
(7356, 7357, 7358) 200569.0
(5085, 5086, 5087) 227337.0
(2262, 2263, 2264) 194870.0
(6030, 6031, 6032) 173483.0
(2367, 2368, 2369) 183799.0
(6756, 6757, 6758) 186048.0
(2324, 2325, 2326) 230837.0
(4847, 4848, 4849) 190649.0
(2235, 2236, 2237) 189538.0
(1968, 1969, 1970) 247275.0
(8783, 8784, 8785) 173336.0
(6231, 6232, 6233) 219302.0
(9103, 9104, 9105) 241101.0
(1017, 1018, 1019) 233778.0
(3928, 3929, 3930) 212193.0
(8298, 8299, 8300) 184278.0
(444, 445, 446) 226833.0
(73, 74, 75) 189771.0
(4075, 4076, 4077) 199053.0
(789, 790, 791) 189767.0
(433, 434, 435) 204415.0
(5031, 5032, 5033) 209218.0
(2412, 2413, 2414) 175282.0
(3738, 3739, 3740) 246731.0
(6167, 6168, 6169) 192992.0
(6432, 6433, 6434) 225836.0
(2087, 2088, 2089) 165729.0
(1757, 1758, 1759) 140020.0
(6722, 6723, 6724) 214431.0
(863, 864, 865) 162480.0
(7095, 7096, 7097) 236463.0
(5748, 5749, 5750) 218032.0
(3461, 3462, 3463) 173232.0
(8335, 8336, 8337) 234366.0
(8974, 8975, 8976) 230432.0
(4602, 4603, 4604) 167036.0
(2419, 2420, 2421) 212714.0
(14, 15, 16) 215544.0
(6941, 6942, 6943) 234174.0
(5691, 5692, 5693) 158654.0
(7865, 7866, 7867) 233238.0
(2196, 2197, 2198) 205434.0
(8452, 8453, 8454) 166860.0
(4079, 4080, 4081) 195025.0
(41, 42, 43) 182964.0
(4518, 4519, 4520) 221112.0
(2688, 2689, 2690) 163733.0
