(3974, 3975, 3976) 210769.0
(9981, 9982, 9983) 209920.0
(2164, 2165, 2166) 202489.0
(5588, 5589, 5590) 234882.0
(5571, 5572, 5573) 194218.0
(3582, 3583, 3584) 236913.0
(3991, 3992, 3993) 183856.0
(5805, 5806, 5807) 198360.0
(6676, 6677, 6678) 273653.0
(5284, 5285, 5286) 220632.0
(9105, 9106, 9107) 254639.0
(6831, 6832, 6833) 180877.0
(3209, 3210, 3211) 242803.0
(4833, 4834, 4835) 173586.0
(3448, 3449, 3450) 182409.0
(7213, 7214, 7215) 270756.0
(2754, 2755, 2756) 209520.0
(5111, 5112, 5113) 199286.0
(1984, 1985, 1986) 214956.0
(5891, 5892, 5893) 212732.0
(5446, 5447, 5448) 217566.0
(3120, 3121, 3122) 232959.0
(8389, 8390, 8391) 191523.0
(8520, 8521, 8522) 233751.0
(6303, 6304, 6305) 240072.0
(5687, 5688, 5689) 212200.0
(5029, 5030, 5031) 211099.0
(4764, 4765, 4766) 232000.0
(3131, 3132, 3133) 214181.0
(1193, 1194, 1195) 240824.0
(8969, 8970, 8971) 192589.0
(304, 305, 306) 193884.0
(4785, 4786, 4787) 210992.0
(5017, 5018, 5019) 228109.0
(9177, 9178, 9179) 219168.0
(5675, 5676, 5677) 229749.0
(9606, 9607, 9608) 211050.0
(4141, 4142, 4143) 203106.0
(9144, 9145, 9146) 185004.0
(1059, 1060, 1061) 248985.0
(9536, 9537, 9538) 243171.0
(8289, 8290, 8291) 215837.0
(8225, 8226, 8227) 244837.0
(703, 704, 705) 276427.0
(5002, 5003, 5004) 186665.0
(2458, 2459, 2460) 212675.0
(4501, 4502, 4503) 168149.0
(7619, 7620, 7621) 208460.0
(6987, 6988, 6989) 207182.0
(8932, 8933, 8934) 237503.0
(9642, 9643, 9644) 222147.0
(2170, 2171, 2172) 213965.0
(3329, 3330, 3331) 203731.0
(3482, 3483, 3484) 181714.0
(4801, 4802, 4803) 207703.0
(7294, 7295, 7296) 223383.0
(48, 49, 50) 220933.0
(66, 67, 68) 213189.0
(4594, 4595, 4596) 290838.0
(1521, 1522, 1523) 165667.0
(4456, 4457, 4458) 223414.0
(4684, 4685, 4686) 225358.0
(4672, 4673, 4674) 267438.0
(9567, 9568, 9569) 218842.0
(7455, 7456, 7457) 250157.0
(1444, 1445, 1446) 253067.0
(1688, 1689, 1690) 175222.0
(5890, 5891, 5892) 216062.0
(2821, 2822, 2823) 193157.0
(6210, 6211, 6212) 261599.0
(3294, 3295, 3296) 245597.0
(5011, 5012, 5013) 168780.0
(903, 904, 905) 183037.0
(8057, 8058, 8059) 202994.0
(5672, 5673, 5674) 207029.0
(6397, 6398, 6399) 216907.0
(1808, 1809, 1810) 250855.0
(9975, 9976, 9977) 202402.0
(8535, 8536, 8537) 208609.0
(124, 125, 126) 247838.0
(5071, 5072, 5073) 232654.0
(5969, 5970, 5971) 203048.0
(862, 863, 864) 209176.0
(6141, 6142, 6143) 244991.0
(3183, 3184, 3185) 231430.0
(5185, 5186, 5187) 188275.0
(6776, 6777, 6778) 195078.0
(5416, 5417, 5418) 186982.0
(3866, 3867, 3868) 192765.0
(6237, 6238, 6239) 213512.0
(6383, 6384, 6385) 193769.0
(2682, 2683, 2684) 203572.0
(3628, 3629, 3630) 219978.0
(2125, 2126, 2127) 211393.0
(5447, 5448, 5449) 261908.0
(2657, 2658, 2659) 221682.0
(2982, 2983, 2984) 202543.0
(2218, 2219, 2220) 196511.0
(50, 51, 52) 244060.0
(3684, 3685, 3686) 197324.0
(8513, 8514, 8515) 215135.0
