(8583, 8584, 8585) 226479.0
(7602, 7603, 7604) 307363.0
(6108, 6109, 6110) 153806.0
(7744, 7745, 7746) 261647.0
(5954, 5955, 5956) 241679.0
(8595, 8596, 8597) 257535.0
(7874, 7875, 7876) 212341.0
(9463, 9464, 9465) 257557.0
(4450, 4451, 4452) 255680.0
(436, 437, 438) 295308.0
(3809, 3810, 3811) 260340.0
(5690, 5691, 5692) 200699.0
(136, 137, 138) 245580.0
(1142, 1143, 1144) 211809.0
(6459, 6460, 6461) 278767.0
(458, 459, 460) 194537.0
(8593, 8594, 8595) 228161.0
(2510, 2511, 2512) 225563.0
(5423, 5424, 5425) 235235.0
(6290, 6291, 6292) 240065.0
(6789, 6790, 6791) 274041.0
(9165, 9166, 9167) 198098.0
(3360, 3361, 3362) 247586.0
(7893, 7894, 7895) 260266.0
(1149, 1150, 1151) 241581.0
(7296, 7297, 7298) 203981.0
(6506, 6507, 6508) 200420.0
(8579, 8580, 8581) 219741.0
(3279, 3280, 3281) 238240.0
(3191, 3192, 3193) 201912.0
(1573, 1574, 1575) 262602.0
(5104, 5105, 5106) 232990.0
(7355, 7356, 7357) 201942.0
(4187, 4188, 4189) 202374.0
(3043, 3044, 3045) 233315.0
(6187, 6188, 6189) 192802.0
(7217, 7218, 7219) 301005.0
(676, 677, 678) 275911.0
(9525, 9526, 9527) 202708.0
(245, 246, 247) 239195.0
(406, 407, 408) 288553.0
(9925, 9926, 9927) 302457.0
(6999, 7000, 7001) 246354.0
(3440, 3441, 3442) 297343.0
(9861, 9862, 9863) 261821.0
(3264, 3265, 3266) 311937.0
(1143, 1144, 1145) 239707.0
(543, 544, 545) 210832.0
(3273, 3274, 3275) 212609.0
(3759, 3760, 3761) 282588.0
(7883, 7884, 7885) 248768.0
(9557, 9558, 9559) 254316.0
(83, 84, 85) 195464.0
(2040, 2041, 2042) 243017.0
(1635, 1636, 1637) 270144.0
(6755, 6756, 6757) 216476.0
(7612, 7613, 7614) 235995.0
(3622, 3623, 3624) 201242.0
(5818, 5819, 5820) 251214.0
(1494, 1495, 1496) 226191.0
(801, 802, 803) 203237.0
(6266, 6267, 6268) 236351.0
(3352, 3353, 3354) 185672.0
(101, 102, 103) 234731.0
(4297, 4298, 4299) 241445.0
(357, 358, 359) 232697.0
(2692, 2693, 2694) 208620.0
(9297, 9298, 9299) 246825.0
(3796, 3797, 3798) 195781.0
(5634, 5635, 5636) 285538.0
(7599, 7600, 7601) 210887.0
(1239, 1240, 1241) 191728.0
(6198, 6199, 6200) 204010.0
(6267, 6268, 6269) 235039.0
(9976, 9977, 9978) 248962.0
(5520, 5521, 5522) 262133.0
(6290, 6291, 6292) 240065.0
(9598, 9599, 9600) 226552.0
(8158, 8159, 8160) 211342.0
(8481, 8482, 8483) 240720.0
(3806, 3807, 3808) 198437.0
(267, 268, 269) 271491.0
(5550, 5551, 5552) 238592.0
(3530, 3531, 3532) 196736.0
(3753, 3754, 3755) 284475.0
(8773, 8774, 8775) 229008.0
(2278, 2279, 2280) 215426.0
(9989, 9990, 9991) 222221.0
(5154, 5155, 5156) 206935.0
(4331, 4332, 4333) 262235.0
(6096, 6097, 6098) 255060.0
(9200, 9201, 9202) 216655.0
(4724, 4725, 4726) 230665.0
(5415, 5416, 5417) 252562.0
(3317, 3318, 3319) 220844.0
(3758, 3759, 3760) 224764.0
(7524, 7525, 7526) 215101.0
(2869, 2870, 2871) 201441.0
(4889, 4890, 4891) 197899.0
(3257, 3258, 3259) 215072.0
(598, 599, 600) 237466.0
