(5505, 5506, 5507) 189286.0
(7182, 7183, 7184) 213516.0
(8017, 8018, 8019) 223246.0
(8897, 8898, 8899) 191867.0
(5111, 5112, 5113) 213054.0
(9187, 9188, 9189) 238008.0
(9709, 9710, 9711) 304352.0
(3627, 3628, 3629) 244258.0
(2789, 2790, 2791) 202110.0
(3342, 3343, 3344) 217287.0
(6992, 6993, 6994) 221335.0
(48, 49, 50) 238082.0
(1359, 1360, 1361) 222427.0
(368, 369, 370) 242429.0
(7771, 7772, 7773) 225868.0
(1166, 1167, 1168) 193989.0
(1834, 1835, 1836) 231521.0
(9081, 9082, 9083) 220084.0
(7791, 7792, 7793) 194422.0
(4846, 4847, 4848) 278748.0
(8498, 8499, 8500) 220747.0
(1767, 1768, 1769) 287639.0
(9222, 9223, 9224) 314568.0
(7448, 7449, 7450) 265340.0
(1812, 1813, 1814) 144470.0
(4045, 4046, 4047) 275924.0
(6058, 6059, 6060) 257211.0
(5813, 5814, 5815) 271384.0
(4602, 4603, 4604) 203885.0
(5148, 5149, 5150) 275309.0
(3560, 3561, 3562) 227400.0
(304, 305, 306) 196514.0
(5292, 5293, 5294) 271259.0
(762, 763, 764) 280881.0
(3150, 3151, 3152) 282802.0
(8144, 8145, 8146) 264713.0
(7434, 7435, 7436) 234786.0
(1244, 1245, 1246) 205051.0
(3761, 3762, 3763) 254219.0
(4032, 4033, 4034) 213240.0
(9222, 9223, 9224) 314568.0
(365, 366, 367) 265376.0
(3541, 3542, 3543) 219913.0
(4220, 4221, 4222) 207747.0
(4997, 4998, 4999) 291109.0
(2144, 2145, 2146) 225953.0
(2551, 2552, 2553) 209942.0
(6517, 6518, 6519) 187325.0
(1689, 1690, 1691) 203183.0
(5524, 5525, 5526) 297420.0
(5978, 5979, 5980) 201633.0
(641, 642, 643) 288689.0
(8579, 8580, 8581) 228653.0
(9120, 9121, 9122) 255229.0
(3531, 3532, 3533) 255212.0
(5631, 5632, 5633) 238292.0
(8188, 8189, 8190) 217958.0
(3251, 3252, 3253) 191125.0
(1824, 1825, 1826) 236721.0
(5468, 5469, 5470) 282877.0
(3719, 3720, 3721) 261748.0
(4243, 4244, 4245) 210813.0
(1016, 1017, 1018) 218229.0
(8648, 8649, 8650) 192647.0
(1833, 1834, 1835) 243777.0
(4027, 4028, 4029) 218099.0
(448, 449, 450) 259556.0
(7344, 7345, 7346) 220924.0
(5455, 5456, 5457) 205425.0
(9727, 9728, 9729) 231549.0
(1902, 1903, 1904) 238142.0
(5054, 5055, 5056) 250751.0
(4291, 4292, 4293) 264002.0
(8813, 8814, 8815) 244753.0
(1648, 1649, 1650) 284549.0
(246, 247, 248) 271480.0
(2998, 2999, 3000) 227820.0
(1669, 1670, 1671) 163096.0
(8945, 8946, 8947) 244572.0
(201, 202, 203) 305035.0
(7231, 7232, 7233) 154987.0
(8088, 8089, 8090) 268010.0
(6739, 6740, 6741) 178206.0
(9291, 9292, 9293) 229044.0
(8338, 8339, 8340) 262239.0
(8697, 8698, 8699) 209067.0
(23, 24, 25) 220816.0
(6483, 6484, 6485) 242551.0
(8463, 8464, 8465) 177701.0
(392, 393, 394) 246692.0
(4487, 4488, 4489) 230322.0
(2635, 2636, 2637) 225781.0
(3643, 3644, 3645) 258272.0
(4781, 4782, 4783) 244972.0
(7770, 7771, 7772) 272445.0
(6703, 6704, 6705) 199353.0
(147, 148, 149) 219658.0
(852, 853, 854) 204048.0
(8655, 8656, 8657) 220998.0
(4026, 4027, 4028) 276045.0
(1551, 1552, 1553) 195823.0
