(2600, 2601, 2602) 14698.0
(3483, 3484, 3485) 12785.0
(2114, 2115, 2116) 13330.0
(5278, 5279, 5280) 14454.0
(787, 788, 789) 14436.0
(6377, 6378, 6379) 14263.0
(8312, 8313, 8314) 17794.0
(8960, 8961, 8962) 13930.0
(9557, 9558, 9559) 16065.0
(3962, 3963, 3964) 14796.0
(4024, 4025, 4026) 14761.0
(3206, 3207, 3208) 13405.0
(9495, 9496, 9497) 14072.0
(3625, 3626, 3627) 12971.0
(7054, 7055, 7056) 14309.0
(4686, 4687, 4688) 13460.0
(9902, 9903, 9904) 13003.0
(595, 596, 597) 13480.0
(5245, 5246, 5247) 13742.0
(351, 352, 353) 14331.0
(4688, 4689, 4690) 14367.0
(7485, 7486, 7487) 14570.0
(5923, 5924, 5925) 14768.0
(3578, 3579, 3580) 13060.0
(6626, 6627, 6628) 14402.0
(9078, 9079, 9080) 14050.0
(9779, 9780, 9781) 14340.0
(5511, 5512, 5513) 13848.0
(2299, 2300, 2301) 13113.0
(9909, 9910, 9911) 14336.0
(8577, 8578, 8579) 14340.0
(2502, 2503, 2504) 14481.0
(1820, 1821, 1822) 11936.0
(6914, 6915, 6916) 16512.0
(2690, 2691, 2692) 13107.0
(5964, 5965, 5966) 13951.0
(693, 694, 695) 16104.0
(3242, 3243, 3244) 14150.0
(3752, 3753, 3754) 14937.0
(6337, 6338, 6339) 12632.0
(7047, 7048, 7049) 13083.0
(1188, 1189, 1190) 14793.0
(203, 204, 205) 13938.0
(7639, 7640, 7641) 14058.0
(6618, 6619, 6620) 16874.0
(6300, 6301, 6302) 15675.0
(1406, 1407, 1408) 14218.0
(8389, 8390, 8391) 12284.0
(2242, 2243, 2244) 14288.0
(117, 118, 119) 13925.0
(7828, 7829, 7830) 16099.0
(9356, 9357, 9358) 11950.0
(3985, 3986, 3987) 12618.0
(3417, 3418, 3419) 13050.0
(3410, 3411, 3412) 14274.0
(6960, 6961, 6962) 14313.0
(2178, 2179, 2180) 14949.0
(4678, 4679, 4680) 14142.0
(9666, 9667, 9668) 13348.0
(4060, 4061, 4062) 14731.0
(7924, 7925, 7926) 12945.0
(4227, 4228, 4229) 13072.0
(2385, 2386, 2387) 16986.0
(1632, 1633, 1634) 11808.0
(4372, 4373, 4374) 12629.0
(5536, 5537, 5538) 15134.0
(7876, 7877, 7878) 14693.0
(2410, 2411, 2412) 12428.0
(9872, 9873, 9874) 13474.0
(6561, 6562, 6563) 13835.0
(5308, 5309, 5310) 13950.0
(4892, 4893, 4894) 15195.0
(8186, 8187, 8188) 14730.0
(1577, 1578, 1579) 14070.0
(8820, 8821, 8822) 13378.0
(9865, 9866, 9867) 12816.0
(2052, 2053, 2054) 13786.0
(459, 460, 461) 13180.0
(2600, 2601, 2602) 14698.0
(8562, 8563, 8564) 14528.0
(2636, 2637, 2638) 13870.0
(3534, 3535, 3536) 13432.0
(6135, 6136, 6137) 13463.0
(187, 188, 189) 12360.0
(8875, 8876, 8877) 12942.0
(5267, 5268, 5269) 14177.0
(5262, 5263, 5264) 13737.0
(575, 576, 577) 13485.0
(2224, 2225, 2226) 13601.0
(8385, 8386, 8387) 13114.0
(4082, 4083, 4084) 12531.0
(2113, 2114, 2115) 14073.0
(4172, 4173, 4174) 14721.0
(8335, 8336, 8337) 16511.0
(3148, 3149, 3150) 14523.0
(3901, 3902, 3903) 15329.0
(6361, 6362, 6363) 14703.0
(9380, 9381, 9382) 14652.0
(5993, 5994, 5995) 14093.0
(2913, 2914, 2915) 14597.0
(8167, 8168, 8169) 14324.0
(5757, 5758, 5759) 15112.0
(3182, 3183, 3184) 15314.0
(2507, 2508, 2509) 13774.0
(1500, 1501, 1502) 13691.0
(8423, 8424, 8425) 13992.0
(2389, 2390, 2391) 13606.0
(8082, 8083, 8084) 13791.0
(4605, 4606, 4607) 14326.0
(1025, 1026, 1027) 13161.0
(472, 473, 474) 13506.0
(8847, 8848, 8849) 14953.0
(6384, 6385, 6386) 12695.0
(5290, 5291, 5292) 15329.0
(67, 68, 69) 17307.0
(5134, 5135, 5136) 15038.0
(7772, 7773, 7774) 12629.0
(2775, 2776, 2777) 14257.0
(7903, 7904, 7905) 15996.0
(9713, 9714, 9715) 12657.0
(1698, 1699, 1700) 14085.0
(2804, 2805, 2806) 14160.0
(43, 44, 45) 13647.0
(5880, 5881, 5882) 14589.0
(5940, 5941, 5942) 14386.0
(1558, 1559, 1560) 13757.0
(2407, 2408, 2409) 12965.0
(4539, 4540, 4541) 16101.0
(447, 448, 449) 14567.0
(1092, 1093, 1094) 14562.0
(2068, 2069, 2070) 14878.0
(9734, 9735, 9736) 15993.0
(8844, 8845, 8846) 15469.0
(932, 933, 934) 12390.0
(2914, 2915, 2916) 14248.0
(7337, 7338, 7339) 14799.0
(2663, 2664, 2665) 13629.0
(2346, 2347, 2348) 14251.0
(3697, 3698, 3699) 14219.0
(9960, 9961, 9962) 14770.0
(839, 840, 841) 15759.0
(8190, 8191, 8192) 13515.0
(3557, 3558, 3559) 13918.0
(407, 408, 409) 14347.0
(4533, 4534, 4535) 15186.0
(2687, 2688, 2689) 15511.0
(7769, 7770, 7771) 14198.0
(1905, 1906, 1907) 14425.0
(2661, 2662, 2663) 13584.0
(2288, 2289, 2290) 13037.0
(7138, 7139, 7140) 16352.0
(1298, 1299, 1300) 13917.0
(9258, 9259, 9260) 15679.0
(7587, 7588, 7589) 14993.0
(5792, 5793, 5794) 14960.0
(4074, 4075, 4076) 14666.0
(5915, 5916, 5917) 15949.0
(8180, 8181, 8182) 13283.0
(7198, 7199, 7200) 13985.0
(7847, 7848, 7849) 14780.0
(9093, 9094, 9095) 14385.0
(1147, 1148, 1149) 12529.0
(7028, 7029, 7030) 14083.0
(4439, 4440, 4441) 13431.0
(2704, 2705, 2706) 15099.0
(2785, 2786, 2787) 14343.0
(2623, 2624, 2625) 14725.0
(4093, 4094, 4095) 14476.0
(6165, 6166, 6167) 12625.0
(4971, 4972, 4973) 13790.0
(3590, 3591, 3592) 14002.0
(8829, 8830, 8831) 15949.0
(5279, 5280, 5281) 15729.0
(5788, 5789, 5790) 13987.0
(5914, 5915, 5916) 13111.0
(6512, 6513, 6514) 14603.0
(2224, 2225, 2226) 13601.0
(4878, 4879, 4880) 17224.0
(8178, 8179, 8180) 14394.0
(2841, 2842, 2843) 16606.0
(8523, 8524, 8525) 13886.0
(1957, 1958, 1959) 14261.0
(2898, 2899, 2900) 12950.0
(4127, 4128, 4129) 13562.0
(6533, 6534, 6535) 14333.0
(6199, 6200, 6201) 15211.0
(3264, 3265, 3266) 15792.0
(7746, 7747, 7748) 13669.0
(9718, 9719, 9720) 14660.0
(8954, 8955, 8956) 14350.0
(307, 308, 309) 13741.0
(6485, 6486, 6487) 13481.0
(9763, 9764, 9765) 17143.0
(9942, 9943, 9944) 13812.0
(6898, 6899, 6900) 13672.0
(7983, 7984, 7985) 13875.0
(9776, 9777, 9778) 13584.0
(9971, 9972, 9973) 14156.0
(6751, 6752, 6753) 16552.0
(734, 735, 736) 13929.0
(6175, 6176, 6177) 17166.0
(2754, 2755, 2756) 13825.0
(1651, 1652, 1653) 15942.0
(7716, 7717, 7718) 13454.0
(8143, 8144, 8145) 15438.0
(3400, 3401, 3402) 13370.0
(1215, 1216, 1217) 13933.0
(9605, 9606, 9607) 13360.0
(9498, 9499, 9500) 20006.0
(8448, 8449, 8450) 14672.0
(1896, 1897, 1898) 13226.0
(9437, 9438, 9439) 15554.0
(9097, 9098, 9099) 14063.0
(6012, 6013, 6014) 13554.0
(1642, 1643, 1644) 14699.0
(7871, 7872, 7873) 13974.0
(7127, 7128, 7129) 15266.0
(5635, 5636, 5637) 13083.0
(6015, 6016, 6017) 12131.0
(2576, 2577, 2578) 15360.0
(4307, 4308, 4309) 12827.0
(6644, 6645, 6646) 12970.0
(8830, 8831, 8832) 19027.0
(7907, 7908, 7909) 14601.0
(2658, 2659, 2660) 14794.0
(1723, 1724, 1725) 13259.0
(2843, 2844, 2845) 13683.0
(8086, 8087, 8088) 12991.0
(3028, 3029, 3030) 15160.0
(2204, 2205, 2206) 16150.0
(8290, 8291, 8292) 14081.0
(4596, 4597, 4598) 15035.0
(7689, 7690, 7691) 14624.0
(3675, 3676, 3677) 13282.0
(5914, 5915, 5916) 13111.0
(8078, 8079, 8080) 14859.0
(2210, 2211, 2212) 12783.0
(4612, 4613, 4614) 14248.0
(3607, 3608, 3609) 19224.0
(5196, 5197, 5198) 13322.0
(7786, 7787, 7788) 14675.0
(7249, 7250, 7251) 12957.0
(6651, 6652, 6653) 15078.0
(5988, 5989, 5990) 14041.0
(7863, 7864, 7865) 12928.0
(5875, 5876, 5877) 13259.0
(101, 102, 103) 14491.0
(554, 555, 556) 13381.0
(9497, 9498, 9499) 12102.0
(9184, 9185, 9186) 13618.0
(1364, 1365, 1366) 15720.0
(7286, 7287, 7288) 12291.0
(79, 80, 81) 13202.0
(6020, 6021, 6022) 13514.0
(1235, 1236, 1237) 12909.0
(7644, 7645, 7646) 12949.0
(3193, 3194, 3195) 14129.0
(7737, 7738, 7739) 16106.0
(8861, 8862, 8863) 13463.0
(7479, 7480, 7481) 16399.0
(6874, 6875, 6876) 13598.0
(9318, 9319, 9320) 13286.0
(4199, 4200, 4201) 12909.0
(743, 744, 745) 13711.0
(4888, 4889, 4890) 14920.0
(9077, 9078, 9079) 13126.0
(193, 194, 195) 13182.0
(2360, 2361, 2362) 13283.0
(3543, 3544, 3545) 12225.0
(3388, 3389, 3390) 13757.0
(2806, 2807, 2808) 13146.0
(7311, 7312, 7313) 14020.0
(9965, 9966, 9967) 14662.0
(8325, 8326, 8327) 17035.0
(8711, 8712, 8713) 14857.0
(8979, 8980, 8981) 15141.0
(4685, 4686, 4687) 13320.0
(506, 507, 508) 13277.0
(7664, 7665, 7666) 15146.0
(8084, 8085, 8086) 12787.0
(929, 930, 931) 16499.0
(2637, 2638, 2639) 14627.0
(3837, 3838, 3839) 13754.0
(501, 502, 503) 14853.0
(591, 592, 593) 13711.0
(3855, 3856, 3857) 12972.0
(244, 245, 246) 14292.0
(1836, 1837, 1838) 13456.0
(2811, 2812, 2813) 13306.0
(684, 685, 686) 14001.0
(5358, 5359, 5360) 12981.0
(5131, 5132, 5133) 13126.0
(6522, 6523, 6524) 15085.0
(3891, 3892, 3893) 12788.0
(7613, 7614, 7615) 14294.0
(3187, 3188, 3189) 12010.0
(138, 139, 140) 13163.0
(1358, 1359, 1360) 17801.0
(2041, 2042, 2043) 14329.0
(813, 814, 815) 14897.0
(7860, 7861, 7862) 13988.0
(8533, 8534, 8535) 13699.0
(1417, 1418, 1419) 12607.0
(9305, 9306, 9307) 14869.0
(5518, 5519, 5520) 14545.0
(632, 633, 634) 14914.0
(5694, 5695, 5696) 14011.0
(6076, 6077, 6078) 14921.0
(1979, 1980, 1981) 13366.0
(2933, 2934, 2935) 13640.0
(779, 780, 781) 14401.0
(276, 277, 278) 14260.0
(8282, 8283, 8284) 13795.0
(9399, 9400, 9401) 12647.0
(1614, 1615, 1616) 15514.0
(9769, 9770, 9771) 13392.0
(2333, 2334, 2335) 14116.0
(7936, 7937, 7938) 15288.0
(3292, 3293, 3294) 12399.0
(2783, 2784, 2785) 14167.0
(9463, 9464, 9465) 14179.0
(5701, 5702, 5703) 12938.0
(4977, 4978, 4979) 12384.0
(756, 757, 758) 14579.0
(2888, 2889, 2890) 12650.0
(8058, 8059, 8060) 14412.0
(4379, 4380, 4381) 13305.0
(3598, 3599, 3600) 14688.0
(7373, 7374, 7375) 15198.0
(9514, 9515, 9516) 15787.0
(8118, 8119, 8120) 13553.0
(2273, 2274, 2275) 14452.0
(135, 136, 137) 14272.0
(7829, 7830, 7831) 13918.0
(4637, 4638, 4639) 13399.0
(6308, 6309, 6310) 13279.0
(8762, 8763, 8764) 13762.0
(7647, 7648, 7649) 13641.0
(7225, 7226, 7227) 14521.0
(775, 776, 777) 12500.0
(1105, 1106, 1107) 12911.0
(5088, 5089, 5090) 15732.0
(4123, 4124, 4125) 13142.0
(8402, 8403, 8404) 14017.0
(4363, 4364, 4365) 15563.0
(6821, 6822, 6823) 14446.0
(5892, 5893, 5894) 14755.0
(6087, 6088, 6089) 12962.0
(4508, 4509, 4510) 15056.0
(4130, 4131, 4132) 12432.0
(2396, 2397, 2398) 14980.0
(8523, 8524, 8525) 13886.0
(7581, 7582, 7583) 13084.0
(8185, 8186, 8187) 13938.0
(9592, 9593, 9594) 13173.0
(4364, 4365, 4366) 12936.0
(6547, 6548, 6549) 13646.0
(3511, 3512, 3513) 14362.0
(7032, 7033, 7034) 15108.0
(5241, 5242, 5243) 14180.0
(988, 989, 990) 13895.0
(9687, 9688, 9689) 14843.0
(7870, 7871, 7872) 15779.0
(1480, 1481, 1482) 12184.0
(6750, 6751, 6752) 13879.0
(8, 9, 10) 16036.0
(1031, 1032, 1033) 14031.0
(8135, 8136, 8137) 14132.0
(8437, 8438, 8439) 13391.0
(7289, 7290, 7291) 14796.0
(9501, 9502, 9503) 13675.0
(9030, 9031, 9032) 12996.0
(6560, 6561, 6562) 14461.0
(6176, 6177, 6178) 14165.0
(8334, 8335, 8336) 13158.0
(1324, 1325, 1326) 15258.0
(8307, 8308, 8309) 17274.0
(4672, 4673, 4674) 15005.0
(7048, 7049, 7050) 14828.0
(4344, 4345, 4346) 13485.0
(9255, 9256, 9257) 12576.0
(4461, 4462, 4463) 14852.0
(8928, 8929, 8930) 14694.0
(8871, 8872, 8873) 14504.0
(6494, 6495, 6496) 11913.0
(5404, 5405, 5406) 18486.0
(2438, 2439, 2440) 13125.0
(3812, 3813, 3814) 14024.0
(2693, 2694, 2695) 17002.0
(9576, 9577, 9578) 16765.0
(3414, 3415, 3416) 15206.0
(1618, 1619, 1620) 14707.0
(7767, 7768, 7769) 15069.0
(8577, 8578, 8579) 14340.0
(7181, 7182, 7183) 13865.0
(8843, 8844, 8845) 14484.0
(1173, 1174, 1175) 11938.0
(6124, 6125, 6126) 13435.0
(7309, 7310, 7311) 14554.0
(1572, 1573, 1574) 12244.0
(9740, 9741, 9742) 14337.0
(8180, 8181, 8182) 13283.0
(508, 509, 510) 13302.0
(8231, 8232, 8233) 13823.0
(1943, 1944, 1945) 13673.0
(9647, 9648, 9649) 14135.0
(6685, 6686, 6687) 12991.0
(4745, 4746, 4747) 14615.0
(4718, 4719, 4720) 16504.0
(4154, 4155, 4156) 13641.0
(8388, 8389, 8390) 13181.0
(6420, 6421, 6422) 12621.0
(5015, 5016, 5017) 14318.0
(3567, 3568, 3569) 13320.0
(8591, 8592, 8593) 14732.0
(1610, 1611, 1612) 15697.0
(2006, 2007, 2008) 15267.0
(5451, 5452, 5453) 14139.0
(4765, 4766, 4767) 16083.0
(371, 372, 373) 12710.0
(1694, 1695, 1696) 13683.0
(9251, 9252, 9253) 13163.0
(7718, 7719, 7720) 15412.0
(9597, 9598, 9599) 15635.0
(4521, 4522, 4523) 12809.0
(7162, 7163, 7164) 13336.0
(4506, 4507, 4508) 13639.0
(8248, 8249, 8250) 15354.0
(6613, 6614, 6615) 13010.0
(3781, 3782, 3783) 15695.0
(7672, 7673, 7674) 14580.0
(1781, 1782, 1783) 13831.0
(1725, 1726, 1727) 13478.0
(3388, 3389, 3390) 13757.0
(9308, 9309, 9310) 12958.0
(9118, 9119, 9120) 14481.0
(5572, 5573, 5574) 15021.0
(6339, 6340, 6341) 12502.0
(8853, 8854, 8855) 15704.0
(1117, 1118, 1119) 12532.0
(7408, 7409, 7410) 15177.0
(8356, 8357, 8358) 13968.0
(8692, 8693, 8694) 15985.0
(9347, 9348, 9349) 14841.0
(6579, 6580, 6581) 12444.0
(5769, 5770, 5771) 15603.0
(5188, 5189, 5190) 14688.0
(9471, 9472, 9473) 15423.0
(2496, 2497, 2498) 15110.0
(5423, 5424, 5425) 15053.0
(4861, 4862, 4863) 14027.0
(7828, 7829, 7830) 16099.0
(3195, 3196, 3197) 12903.0
(3936, 3937, 3938) 15183.0
(8870, 8871, 8872) 13959.0
(7496, 7497, 7498) 13258.0
(2045, 2046, 2047) 13800.0
(7515, 7516, 7517) 13375.0
(749, 750, 751) 14191.0
(2754, 2755, 2756) 13825.0
(5938, 5939, 5940) 15209.0
(2931, 2932, 2933) 14776.0
(1496, 1497, 1498) 14937.0
(9399, 9400, 9401) 12647.0
(9731, 9732, 9733) 13620.0
(1010, 1011, 1012) 14175.0
(4180, 4181, 4182) 14254.0
(7052, 7053, 7054) 12810.0
(3041, 3042, 3043) 13755.0
(9592, 9593, 9594) 13173.0
(1523, 1524, 1525) 14846.0
(4139, 4140, 4141) 14038.0
(4479, 4480, 4481) 14677.0
(177, 178, 179) 13678.0
(7477, 7478, 7479) 16110.0
(355, 356, 357) 13163.0
(5055, 5056, 5057) 13887.0
(5368, 5369, 5370) 14062.0
(5646, 5647, 5648) 16347.0
(4103, 4104, 4105) 14590.0
(7985, 7986, 7987) 12680.0
(6431, 6432, 6433) 13092.0
(1634, 1635, 1636) 13772.0
(4734, 4735, 4736) 12865.0
(5279, 5280, 5281) 15729.0
(9271, 9272, 9273) 13599.0
(5173, 5174, 5175) 13366.0
(216, 217, 218) 12848.0
(9476, 9477, 9478) 13477.0
(7455, 7456, 7457) 15008.0
(5991, 5992, 5993) 13800.0
(8256, 8257, 8258) 13716.0
(8556, 8557, 8558) 15200.0
(7796, 7797, 7798) 14457.0
(7886, 7887, 7888) 16113.0
(5812, 5813, 5814) 13178.0
(2400, 2401, 2402) 14332.0
(3880, 3881, 3882) 16355.0
(5876, 5877, 5878) 13576.0
(8551, 8552, 8553) 16553.0
(8297, 8298, 8299) 13774.0
(4853, 4854, 4855) 12874.0
(7840, 7841, 7842) 15165.0
(3883, 3884, 3885) 13307.0
(4608, 4609, 4610) 15654.0
(8980, 8981, 8982) 11930.0
(5103, 5104, 5105) 13440.0
(9822, 9823, 9824) 13396.0
(729, 730, 731) 14352.0
(4308, 4309, 4310) 13758.0
(5676, 5677, 5678) 13874.0
(7729, 7730, 7731) 13844.0
(7183, 7184, 7185) 13241.0
(6190, 6191, 6192) 15062.0
(989, 990, 991) 13594.0
(7786, 7787, 7788) 14675.0
(3542, 3543, 3544) 12513.0
(6143, 6144, 6145) 14805.0
(5112, 5113, 5114) 17135.0
(2671, 2672, 2673) 13912.0
(5375, 5376, 5377) 12987.0
(5898, 5899, 5900) 13203.0
(8750, 8751, 8752) 12872.0
(1010, 1011, 1012) 14175.0
(6984, 6985, 6986) 15848.0
(3594, 3595, 3596) 12401.0
(8707, 8708, 8709) 15618.0
(3271, 3272, 3273) 15365.0
(4298, 4299, 4300) 12300.0
(8340, 8341, 8342) 17374.0
(4416, 4417, 4418) 13669.0
(2067, 2068, 2069) 13729.0
(3464, 3465, 3466) 14877.0
(8753, 8754, 8755) 13875.0
(6444, 6445, 6446) 14256.0
(4865, 4866, 4867) 13861.0
(162, 163, 164) 16334.0
(7422, 7423, 7424) 15665.0
(8939, 8940, 8941) 13342.0
(3279, 3280, 3281) 14777.0
(2749, 2750, 2751) 14524.0
(6233, 6234, 6235) 14861.0
(4187, 4188, 4189) 11911.0
(649, 650, 651) 14584.0
(1510, 1511, 1512) 13977.0
(6493, 6494, 6495) 14603.0
(1034, 1035, 1036) 12731.0
(7173, 7174, 7175) 11854.0
(5002, 5003, 5004) 13078.0
(7774, 7775, 7776) 14752.0
(9067, 9068, 9069) 13181.0
(7185, 7186, 7187) 14503.0
(9383, 9384, 9385) 13307.0
(3938, 3939, 3940) 13832.0
(6938, 6939, 6940) 13848.0
(6360, 6361, 6362) 13681.0
(6597, 6598, 6599) 13298.0
(3372, 3373, 3374) 14116.0
(8447, 8448, 8449) 13557.0
(1453, 1454, 1455) 13540.0
(5572, 5573, 5574) 15021.0
(6600, 6601, 6602) 14194.0
(4064, 4065, 4066) 13718.0
(6687, 6688, 6689) 14427.0
(7332, 7333, 7334) 13564.0
(3046, 3047, 3048) 16007.0
(4029, 4030, 4031) 12262.0
(6735, 6736, 6737) 12384.0
(9139, 9140, 9141) 14712.0
(8113, 8114, 8115) 13713.0
(6654, 6655, 6656) 13778.0
(5702, 5703, 5704) 14531.0
(7468, 7469, 7470) 14216.0
(5151, 5152, 5153) 15629.0
(8985, 8986, 8987) 13170.0
(9973, 9974, 9975) 12406.0
(8445, 8446, 8447) 12755.0
(4512, 4513, 4514) 13131.0
(8157, 8158, 8159) 14323.0
(9041, 9042, 9043) 14278.0
(2688, 2689, 2690) 12968.0
(8681, 8682, 8683) 12439.0
(5321, 5322, 5323) 12502.0
(1764, 1765, 1766) 12402.0
(2474, 2475, 2476) 14409.0
(7355, 7356, 7357) 13902.0
(3997, 3998, 3999) 14398.0
(3822, 3823, 3824) 14535.0
(9614, 9615, 9616) 16579.0
(9370, 9371, 9372) 13395.0
(8552, 8553, 8554) 13392.0
(1042, 1043, 1044) 15201.0
(2337, 2338, 2339) 15913.0
(8901, 8902, 8903) 13521.0
(8508, 8509, 8510) 15996.0
(3920, 3921, 3922) 14084.0
(3085, 3086, 3087) 13935.0
(4192, 4193, 4194) 14679.0
(2076, 2077, 2078) 12381.0
(2392, 2393, 2394) 13578.0
(1456, 1457, 1458) 14634.0
(1834, 1835, 1836) 13132.0
(1247, 1248, 1249) 13897.0
(777, 778, 779) 15993.0
(7552, 7553, 7554) 12667.0
(7399, 7400, 7401) 13709.0
(5194, 5195, 5196) 14358.0
(9565, 9566, 9567) 15144.0
(9082, 9083, 9084) 12395.0
(7857, 7858, 7859) 12891.0
(4846, 4847, 4848) 15071.0
(6772, 6773, 6774) 12200.0
(6620, 6621, 6622) 13264.0
(2910, 2911, 2912) 13172.0
(8728, 8729, 8730) 13373.0
(3794, 3795, 3796) 15798.0
(8486, 8487, 8488) 11677.0
(1345, 1346, 1347) 12578.0
(1229, 1230, 1231) 13556.0
(1207, 1208, 1209) 13728.0
(4374, 4375, 4376) 14825.0
(1157, 1158, 1159) 13258.0
(5151, 5152, 5153) 15629.0
(7899, 7900, 7901) 13162.0
(1332, 1333, 1334) 14259.0
(9045, 9046, 9047) 14897.0
(8210, 8211, 8212) 15088.0
(8059, 8060, 8061) 12943.0
(7268, 7269, 7270) 13823.0
(319, 320, 321) 13132.0
(5933, 5934, 5935) 12770.0
(3013, 3014, 3015) 14361.0
(7454, 7455, 7456) 15026.0
(225, 226, 227) 13673.0
(557, 558, 559) 16648.0
(6919, 6920, 6921) 13267.0
(8824, 8825, 8826) 13527.0
(374, 375, 376) 12573.0
(7496, 7497, 7498) 13258.0
(1992, 1993, 1994) 14657.0
(2736, 2737, 2738) 13058.0
(9950, 9951, 9952) 16452.0
(8269, 8270, 8271) 13323.0
(5015, 5016, 5017) 14318.0
(2282, 2283, 2284) 14053.0
(3058, 3059, 3060) 15613.0
(5724, 5725, 5726) 12895.0
(7624, 7625, 7626) 15004.0
(2022, 2023, 2024) 13790.0
(5448, 5449, 5450) 13664.0
(428, 429, 430) 13227.0
(3595, 3596, 3597) 12783.0
(5092, 5093, 5094) 12241.0
(3580, 3581, 3582) 13132.0
(3280, 3281, 3282) 12906.0
(554, 555, 556) 13381.0
(5513, 5514, 5515) 13751.0
(6932, 6933, 6934) 13302.0
(5095, 5096, 5097) 15841.0
(5100, 5101, 5102) 13354.0
(1794, 1795, 1796) 14201.0
(5501, 5502, 5503) 13355.0
(9572, 9573, 9574) 15235.0
(2527, 2528, 2529) 12820.0
(1375, 1376, 1377) 11878.0
(47, 48, 49) 13415.0
(6740, 6741, 6742) 13649.0
(7287, 7288, 7289) 16718.0
(4434, 4435, 4436) 15523.0
(4739, 4740, 4741) 14131.0
(2948, 2949, 2950) 13239.0
(301, 302, 303) 13605.0
(7792, 7793, 7794) 13107.0
(2639, 2640, 2641) 15325.0
(8890, 8891, 8892) 13211.0
(2205, 2206, 2207) 13681.0
(6842, 6843, 6844) 13038.0
(8940, 8941, 8942) 15092.0
(5675, 5676, 5677) 13304.0
(7043, 7044, 7045) 14865.0
(7661, 7662, 7663) 14265.0
(8862, 8863, 8864) 17525.0
(9701, 9702, 9703) 14222.0
(450, 451, 452) 15376.0
(2131, 2132, 2133) 18898.0
(9328, 9329, 9330) 14272.0
(3066, 3067, 3068) 12590.0
(4736, 4737, 4738) 16550.0
(9561, 9562, 9563) 13528.0
(8039, 8040, 8041) 12217.0
(2439, 2440, 2441) 13619.0
(7926, 7927, 7928) 13375.0
(9509, 9510, 9511) 14536.0
(5368, 5369, 5370) 14062.0
(4667, 4668, 4669) 13337.0
(8227, 8228, 8229) 14821.0
(2534, 2535, 2536) 13388.0
(810, 811, 812) 14561.0
(8880, 8881, 8882) 14441.0
(9547, 9548, 9549) 14603.0
(6888, 6889, 6890) 14846.0
(4337, 4338, 4339) 13658.0
(3559, 3560, 3561) 14751.0
(6787, 6788, 6789) 13784.0
(6475, 6476, 6477) 15915.0
(8748, 8749, 8750) 12525.0
(1228, 1229, 1230) 13572.0
(9786, 9787, 9788) 14434.0
(5273, 5274, 5275) 15446.0
(7273, 7274, 7275) 13298.0
(1900, 1901, 1902) 15461.0
(4313, 4314, 4315) 13136.0
(4740, 4741, 4742) 15444.0
(7783, 7784, 7785) 14420.0
(3474, 3475, 3476) 16143.0
(5113, 5114, 5115) 13168.0
(8289, 8290, 8291) 14016.0
(9239, 9240, 9241) 13035.0
(3080, 3081, 3082) 14342.0
(6829, 6830, 6831) 14227.0
(3699, 3700, 3701) 16246.0
(8660, 8661, 8662) 14170.0
(1656, 1657, 1658) 14394.0
(114, 115, 116) 15212.0
(7738, 7739, 7740) 15819.0
(6941, 6942, 6943) 16296.0
(8535, 8536, 8537) 15158.0
(3296, 3297, 3298) 16289.0
(2796, 2797, 2798) 13468.0
(3004, 3005, 3006) 14719.0
(7921, 7922, 7923) 18817.0
(949, 950, 951) 14551.0
(3887, 3888, 3889) 12759.0
(923, 924, 925) 14555.0
(1529, 1530, 1531) 12842.0
(5022, 5023, 5024) 13580.0
(2810, 2811, 2812) 15126.0
(5569, 5570, 5571) 13278.0
(1355, 1356, 1357) 14275.0
(1742, 1743, 1744) 14114.0
(1097, 1098, 1099) 16224.0
(3786, 3787, 3788) 15421.0
(4093, 4094, 4095) 14476.0
(3480, 3481, 3482) 15157.0
(9752, 9753, 9754) 12077.0
(5384, 5385, 5386) 14215.0
(1524, 1525, 1526) 12123.0
(4401, 4402, 4403) 14165.0
(4003, 4004, 4005) 14321.0
(5938, 5939, 5940) 15209.0
(4279, 4280, 4281) 13765.0
(8204, 8205, 8206) 14326.0
(4965, 4966, 4967) 15343.0
(1668, 1669, 1670) 13223.0
(8398, 8399, 8400) 13699.0
(558, 559, 560) 18245.0
(3940, 3941, 3942) 15350.0
(2177, 2178, 2179) 17271.0
(3964, 3965, 3966) 15536.0
(5654, 5655, 5656) 15892.0
(4856, 4857, 4858) 14042.0
(3568, 3569, 3570) 13584.0
(7840, 7841, 7842) 15165.0
(297, 298, 299) 13854.0
(6219, 6220, 6221) 13621.0
(6909, 6910, 6911) 14396.0
(9720, 9721, 9722) 14695.0
(5666, 5667, 5668) 16888.0
(9930, 9931, 9932) 13994.0
(2800, 2801, 2802) 14471.0
(8134, 8135, 8136) 13730.0
(9341, 9342, 9343) 14544.0
(5189, 5190, 5191) 13421.0
(2207, 2208, 2209) 13672.0
(6484, 6485, 6486) 15715.0
(1326, 1327, 1328) 14076.0
(8781, 8782, 8783) 13945.0
(9662, 9663, 9664) 15783.0
(8939, 8940, 8941) 13342.0
(3240, 3241, 3242) 12616.0
(6710, 6711, 6712) 15462.0
(7343, 7344, 7345) 14944.0
(9488, 9489, 9490) 16218.0
(7030, 7031, 7032) 15110.0
(4714, 4715, 4716) 13897.0
(5190, 5191, 5192) 15009.0
(310, 311, 312) 16592.0
(440, 441, 442) 16131.0
(2127, 2128, 2129) 13591.0
(6598, 6599, 6600) 13365.0
(7092, 7093, 7094) 14855.0
(3888, 3889, 3890) 14034.0
(83, 84, 85) 12594.0
(8856, 8857, 8858) 11980.0
(2306, 2307, 2308) 12946.0
(5737, 5738, 5739) 15761.0
(2994, 2995, 2996) 12570.0
(8603, 8604, 8605) 12634.0
(5706, 5707, 5708) 18041.0
(8255, 8256, 8257) 12542.0
(2240, 2241, 2242) 13398.0
(8670, 8671, 8672) 13913.0
(6631, 6632, 6633) 14770.0
(52, 53, 54) 15331.0
(2231, 2232, 2233) 14145.0
(6875, 6876, 6877) 16792.0
(8050, 8051, 8052) 15435.0
(8243, 8244, 8245) 12532.0
(6576, 6577, 6578) 12993.0
(3394, 3395, 3396) 13214.0
(8793, 8794, 8795) 16916.0
(6449, 6450, 6451) 14602.0
(6689, 6690, 6691) 13726.0
(8382, 8383, 8384) 13513.0
(4412, 4413, 4414) 15397.0
(8406, 8407, 8408) 12866.0
(3894, 3895, 3896) 14255.0
(8692, 8693, 8694) 15985.0
(9210, 9211, 9212) 15962.0
(1382, 1383, 1384) 14163.0
(3808, 3809, 3810) 15891.0
(8319, 8320, 8321) 12384.0
(3234, 3235, 3236) 14018.0
(9501, 9502, 9503) 13675.0
(2549, 2550, 2551) 15597.0
(8534, 8535, 8536) 12902.0
(4380, 4381, 4382) 12413.0
(4571, 4572, 4573) 15977.0
(7912, 7913, 7914) 15493.0
(7561, 7562, 7563) 13288.0
(2879, 2880, 2881) 14907.0
(5325, 5326, 5327) 13321.0
(981, 982, 983) 15141.0
(2931, 2932, 2933) 14776.0
(7930, 7931, 7932) 15597.0
(2816, 2817, 2818) 13755.0
(8152, 8153, 8154) 15130.0
(6645, 6646, 6647) 12395.0
(8255, 8256, 8257) 12542.0
(2543, 2544, 2545) 15435.0
(2147, 2148, 2149) 13693.0
(7260, 7261, 7262) 13073.0
(7768, 7769, 7770) 14248.0
(3901, 3902, 3903) 15329.0
(3362, 3363, 3364) 13321.0
(8786, 8787, 8788) 13423.0
(3234, 3235, 3236) 14018.0
(1356, 1357, 1358) 12141.0
(9143, 9144, 9145) 13712.0
(4470, 4471, 4472) 16765.0
(6698, 6699, 6700) 13080.0
(8318, 8319, 8320) 14462.0
(971, 972, 973) 12637.0
(9133, 9134, 9135) 13590.0
(4249, 4250, 4251) 11711.0
(7440, 7441, 7442) 13163.0
(6060, 6061, 6062) 16932.0
(8902, 8903, 8904) 14118.0
(9511, 9512, 9513) 14500.0
(3896, 3897, 3898) 14098.0
(4129, 4130, 4131) 13923.0
(6801, 6802, 6803) 14811.0
(2028, 2029, 2030) 13512.0
(3623, 3624, 3625) 14050.0
(7803, 7804, 7805) 13650.0
(2262, 2263, 2264) 13674.0
(4860, 4861, 4862) 15063.0
(1863, 1864, 1865) 13898.0
(9542, 9543, 9544) 13082.0
(3877, 3878, 3879) 14269.0
(3818, 3819, 3820) 14458.0
(288, 289, 290) 14864.0
(9180, 9181, 9182) 13437.0
(4225, 4226, 4227) 17214.0
(2682, 2683, 2684) 13167.0
(4522, 4523, 4524) 13762.0
(3219, 3220, 3221) 13856.0
(7795, 7796, 7797) 13444.0
(1574, 1575, 1576) 13346.0
(2455, 2456, 2457) 16624.0
(3403, 3404, 3405) 13882.0
(5673, 5674, 5675) 13726.0
(4850, 4851, 4852) 16564.0
(3756, 3757, 3758) 12600.0
(9337, 9338, 9339) 13120.0
(1515, 1516, 1517) 13749.0
(5775, 5776, 5777) 13539.0
(4168, 4169, 4170) 15496.0
(7500, 7501, 7502) 14248.0
(1016, 1017, 1018) 13511.0
(1293, 1294, 1295) 14822.0
(1932, 1933, 1934) 13715.0
(9461, 9462, 9463) 15203.0
(9008, 9009, 9010) 14512.0
(9057, 9058, 9059) 13850.0
(917, 918, 919) 13817.0
(6420, 6421, 6422) 12621.0
(9296, 9297, 9298) 12785.0
(6448, 6449, 6450) 14841.0
(4265, 4266, 4267) 15565.0
(5243, 5244, 5245) 13387.0
(7847, 7848, 7849) 14780.0
(1263, 1264, 1265) 14598.0
(5892, 5893, 5894) 14755.0
(7200, 7201, 7202) 13489.0
(1132, 1133, 1134) 15335.0
(3605, 3606, 3607) 12032.0
(9335, 9336, 9337) 13298.0
(3126, 3127, 3128) 12457.0
(2866, 2867, 2868) 14102.0
(9185, 9186, 9187) 15319.0
(8980, 8981, 8982) 11930.0
(2773, 2774, 2775) 14436.0
(4820, 4821, 4822) 15078.0
(8763, 8764, 8765) 12827.0
(7546, 7547, 7548) 12989.0
(372, 373, 374) 13472.0
(8363, 8364, 8365) 14270.0
(7500, 7501, 7502) 14248.0
(8635, 8636, 8637) 12667.0
(4546, 4547, 4548) 13338.0
(6862, 6863, 6864) 16782.0
(2935, 2936, 2937) 16128.0
(5143, 5144, 5145) 17259.0
(2448, 2449, 2450) 12805.0
(9069, 9070, 9071) 14625.0
(8647, 8648, 8649) 12421.0
(7756, 7757, 7758) 12957.0
(9689, 9690, 9691) 17162.0
(1520, 1521, 1522) 15007.0
(5105, 5106, 5107) 14325.0
(339, 340, 341) 12874.0
(7039, 7040, 7041) 13159.0
(6207, 6208, 6209) 14886.0
(2561, 2562, 2563) 13156.0
(8500, 8501, 8502) 15788.0
(3588, 3589, 3590) 15249.0
(9050, 9051, 9052) 14330.0
(1738, 1739, 1740) 12551.0
(9027, 9028, 9029) 13131.0
(8850, 8851, 8852) 12844.0
(1556, 1557, 1558) 14317.0
(5766, 5767, 5768) 13763.0
(8530, 8531, 8532) 15081.0
(1587, 1588, 1589) 13541.0
(1415, 1416, 1417) 14110.0
(2905, 2906, 2907) 13925.0
(8184, 8185, 8186) 15119.0
(2551, 2552, 2553) 13006.0
(7292, 7293, 7294) 13400.0
(1180, 1181, 1182) 12930.0
(5765, 5766, 5767) 16120.0
(5186, 5187, 5188) 14456.0
(8038, 8039, 8040) 14026.0
(9307, 9308, 9309) 15978.0
(8903, 8904, 8905) 13151.0
(3852, 3853, 3854) 12663.0
(5628, 5629, 5630) 15839.0
(3332, 3333, 3334) 14319.0
(4161, 4162, 4163) 13713.0
(6799, 6800, 6801) 12629.0
(6519, 6520, 6521) 12476.0
(4166, 4167, 4168) 13793.0
(1833, 1834, 1835) 13955.0
(1510, 1511, 1512) 13977.0
(2241, 2242, 2243) 14671.0
(2348, 2349, 2350) 14357.0
(5354, 5355, 5356) 12487.0
(373, 374, 375) 13441.0
(6319, 6320, 6321) 12442.0
(2806, 2807, 2808) 13146.0
(3412, 3413, 3414) 13683.0
(7725, 7726, 7727) 14601.0
(5905, 5906, 5907) 13422.0
(5964, 5965, 5966) 13951.0
(8071, 8072, 8073) 13481.0
(1372, 1373, 1374) 15612.0
(8865, 8866, 8867) 12635.0
(282, 283, 284) 13009.0
(2812, 2813, 2814) 12892.0
(4076, 4077, 4078) 13187.0
(6070, 6071, 6072) 13775.0
(7827, 7828, 7829) 14910.0
(2805, 2806, 2807) 16888.0
(1047, 1048, 1049) 19081.0
(7546, 7547, 7548) 12989.0
(8768, 8769, 8770) 12760.0
(5132, 5133, 5134) 12348.0
(974, 975, 976) 13451.0
(5701, 5702, 5703) 12938.0
(3938, 3939, 3940) 13832.0
(2560, 2561, 2562) 12180.0
(6448, 6449, 6450) 14841.0
(2863, 2864, 2865) 14159.0
(9386, 9387, 9388) 13937.0
(1663, 1664, 1665) 14035.0
(2658, 2659, 2660) 14794.0
(899, 900, 901) 12602.0
(4667, 4668, 4669) 13337.0
(6445, 6446, 6447) 13131.0
(193, 194, 195) 13182.0
(989, 990, 991) 13594.0
(4679, 4680, 4681) 14888.0
(7675, 7676, 7677) 13104.0
(1989, 1990, 1991) 13995.0
(5803, 5804, 5805) 15368.0
(502, 503, 504) 15248.0
(2029, 2030, 2031) 15074.0
(5739, 5740, 5741) 13652.0
(166, 167, 168) 14306.0
(1213, 1214, 1215) 15402.0
