(6098, 6099, 6100) 99.0
(9755, 9756, 9757) 130.0
(6768, 6769, 6770) 55.0
(597, 598, 599) 110.0
(1272, 1273, 1274) 71.0
(1122, 1123, 1124) 142.0
(8153, 8154, 8155) 68.0
(1386, 1387, 1388) 115.0
(4681, 4682, 4683) 80.0
(1102, 1103, 1104) 165.0
(2543, 2544, 2545) 84.0
(6067, 6068, 6069) 167.0
(2353, 2354, 2355) 83.0
(8440, 8441, 8442) 92.0
(1954, 1955, 1956) 88.0
(8529, 8530, 8531) 67.0
(4251, 4252, 4253) 125.0
(3805, 3806, 3807) 107.0
(4739, 4740, 4741) 194.0
(6145, 6146, 6147) 139.0
(417, 418, 419) 92.0
(9325, 9326, 9327) 149.0
(2830, 2831, 2832) 62.0
(4881, 4882, 4883) 94.0
(2656, 2657, 2658) 63.0
(6516, 6517, 6518) 60.0
(3317, 3318, 3319) 61.0
(2454, 2455, 2456) 60.0
(6116, 6117, 6118) 111.0
(1781, 1782, 1783) 251.0
(2853, 2854, 2855) 132.0
(4189, 4190, 4191) 144.0
(6692, 6693, 6694) 99.0
(4140, 4141, 4142) 131.0
(5085, 5086, 5087) 116.0
(9493, 9494, 9495) 54.0
(9850, 9851, 9852) 64.0
(9558, 9559, 9560) 96.0
(3029, 3030, 3031) 80.0
(8062, 8063, 8064) 91.0
(858, 859, 860) 89.0
(3862, 3863, 3864) 113.0
(7867, 7868, 7869) 72.0
(4405, 4406, 4407) 87.0
(6326, 6327, 6328) 109.0
(509, 510, 511) 159.0
(9728, 9729, 9730) 76.0
(1580, 1581, 1582) 98.0
(3588, 3589, 3590) 165.0
(9188, 9189, 9190) 70.0
(2574, 2575, 2576) 153.0
(1185, 1186, 1187) 100.0
(2646, 2647, 2648) 97.0
(7878, 7879, 7880) 98.0
(1385, 1386, 1387) 163.0
(1983, 1984, 1985) 126.0
(1779, 1780, 1781) 116.0
(1079, 1080, 1081) 103.0
(4118, 4119, 4120) 64.0
(3611, 3612, 3613) 153.0
(9089, 9090, 9091) 60.0
(8582, 8583, 8584) 63.0
(5166, 5167, 5168) 89.0
(2462, 2463, 2464) 111.0
(2557, 2558, 2559) 135.0
(9019, 9020, 9021) 176.0
(8570, 8571, 8572) 73.0
(6091, 6092, 6093) 157.0
(9442, 9443, 9444) 107.0
(3051, 3052, 3053) 44.0
(4528, 4529, 4530) 103.0
(5442, 5443, 5444) 115.0
(713, 714, 715) 114.0
(6861, 6862, 6863) 45.0
(6263, 6264, 6265) 115.0
(613, 614, 615) 131.0
(6528, 6529, 6530) 169.0
(1104, 1105, 1106) 72.0
(4547, 4548, 4549) 91.0
(9310, 9311, 9312) 117.0
(5490, 5491, 5492) 67.0
(9220, 9221, 9222) 102.0
(1524, 1525, 1526) 108.0
(3688, 3689, 3690) 124.0
(9597, 9598, 9599) 94.0
(6209, 6210, 6211) 116.0
(8705, 8706, 8707) 113.0
(7242, 7243, 7244) 68.0
(4781, 4782, 4783) 236.0
(7700, 7701, 7702) 227.0
(1557, 1558, 1559) 80.0
(2044, 2045, 2046) 133.0
(9345, 9346, 9347) 83.0
(7974, 7975, 7976) 97.0
(6037, 6038, 6039) 71.0
(2752, 2753, 2754) 85.0
(8650, 8651, 8652) 104.0
(5328, 5329, 5330) 43.0
(3947, 3948, 3949) 61.0
(7795, 7796, 7797) 167.0
(3406, 3407, 3408) 83.0
(9027, 9028, 9029) 129.0
(9874, 9875, 9876) 129.0
(1802, 1803, 1804) 88.0
(2330, 2331, 2332) 121.0
(4921, 4922, 4923) 96.0
(33, 34, 35) 67.0
(6174, 6175, 6176) 96.0
(7439, 7440, 7441) 122.0
(1960, 1961, 1962) 133.0
(5878, 5879, 5880) 78.0
(3609, 3610, 3611) 135.0
(6345, 6346, 6347) 123.0
(2717, 2718, 2719) 113.0
(6806, 6807, 6808) 60.0
(8981, 8982, 8983) 64.0
(4528, 4529, 4530) 103.0
(8927, 8928, 8929) 97.0
(4325, 4326, 4327) 123.0
(2104, 2105, 2106) 65.0
(4646, 4647, 4648) 102.0
(5759, 5760, 5761) 121.0
(1530, 1531, 1532) 48.0
(1088, 1089, 1090) 73.0
(7594, 7595, 7596) 43.0
(8812, 8813, 8814) 70.0
(7226, 7227, 7228) 46.0
(4752, 4753, 4754) 101.0
(8754, 8755, 8756) 63.0
(6661, 6662, 6663) 59.0
(7279, 7280, 7281) 50.0
(8825, 8826, 8827) 174.0
(9270, 9271, 9272) 78.0
(6808, 6809, 6810) 84.0
(8677, 8678, 8679) 89.0
(7411, 7412, 7413) 154.0
(6291, 6292, 6293) 175.0
(4138, 4139, 4140) 67.0
(102, 103, 104) 100.0
(6794, 6795, 6796) 104.0
(5789, 5790, 5791) 83.0
(5430, 5431, 5432) 103.0
(1633, 1634, 1635) 118.0
(8901, 8902, 8903) 94.0
(4216, 4217, 4218) 121.0
(8561, 8562, 8563) 123.0
(7029, 7030, 7031) 94.0
(8845, 8846, 8847) 179.0
(9220, 9221, 9222) 102.0
(4022, 4023, 4024) 91.0
(7405, 7406, 7407) 114.0
(2881, 2882, 2883) 113.0
(9023, 9024, 9025) 58.0
(4482, 4483, 4484) 90.0
(1615, 1616, 1617) 137.0
(5981, 5982, 5983) 111.0
(9045, 9046, 9047) 177.0
(4812, 4813, 4814) 97.0
(3002, 3003, 3004) 66.0
(5882, 5883, 5884) 103.0
(817, 818, 819) 119.0
(2440, 2441, 2442) 76.0
(8975, 8976, 8977) 135.0
(7815, 7816, 7817) 121.0
(5147, 5148, 5149) 90.0
(4658, 4659, 4660) 170.0
(1418, 1419, 1420) 86.0
(6779, 6780, 6781) 116.0
(7928, 7929, 7930) 117.0
(8121, 8122, 8123) 92.0
(9771, 9772, 9773) 99.0
(2313, 2314, 2315) 103.0
(1571, 1572, 1573) 128.0
(776, 777, 778) 96.0
(7329, 7330, 7331) 122.0
(7046, 7047, 7048) 75.0
(6302, 6303, 6304) 104.0
(6110, 6111, 6112) 105.0
(9494, 9495, 9496) 75.0
(1047, 1048, 1049) 91.0
(7090, 7091, 7092) 52.0
(3450, 3451, 3452) 97.0
(2173, 2174, 2175) 110.0
(1286, 1287, 1288) 184.0
(6121, 6122, 6123) 44.0
(1445, 1446, 1447) 102.0
(7094, 7095, 7096) 98.0
(8865, 8866, 8867) 68.0
(6915, 6916, 6917) 115.0
(7918, 7919, 7920) 73.0
(4886, 4887, 4888) 111.0
(6238, 6239, 6240) 69.0
(9724, 9725, 9726) 115.0
(7779, 7780, 7781) 115.0
(9638, 9639, 9640) 163.0
(2340, 2341, 2342) 157.0
(1163, 1164, 1165) 161.0
(6224, 6225, 6226) 146.0
(9417, 9418, 9419) 110.0
(280, 281, 282) 129.0
(3194, 3195, 3196) 134.0
(9941, 9942, 9943) 161.0
(46, 47, 48) 99.0
(3953, 3954, 3955) 105.0
(9709, 9710, 9711) 47.0
(9138, 9139, 9140) 57.0
(3312, 3313, 3314) 117.0
(8983, 8984, 8985) 87.0
(5491, 5492, 5493) 62.0
(6890, 6891, 6892) 127.0
(1490, 1491, 1492) 132.0
(5148, 5149, 5150) 84.0
(9820, 9821, 9822) 151.0
(8662, 8663, 8664) 122.0
(76, 77, 78) 77.0
(8448, 8449, 8450) 90.0
(3827, 3828, 3829) 129.0
(9388, 9389, 9390) 70.0
(7331, 7332, 7333) 50.0
(1630, 1631, 1632) 149.0
(7481, 7482, 7483) 110.0
(7359, 7360, 7361) 137.0
(694, 695, 696) 122.0
(8553, 8554, 8555) 154.0
(3166, 3167, 3168) 145.0
(8905, 8906, 8907) 140.0
(5507, 5508, 5509) 107.0
(4936, 4937, 4938) 282.0
(1767, 1768, 1769) 105.0
(4953, 4954, 4955) 106.0
(6390, 6391, 6392) 103.0
(2144, 2145, 2146) 66.0
(8343, 8344, 8345) 62.0
(570, 571, 572) 54.0
(528, 529, 530) 129.0
(2420, 2421, 2422) 55.0
(5797, 5798, 5799) 65.0
(2620, 2621, 2622) 106.0
(6617, 6618, 6619) 140.0
(3411, 3412, 3413) 54.0
(4635, 4636, 4637) 84.0
(3955, 3956, 3957) 87.0
(8423, 8424, 8425) 111.0
(8402, 8403, 8404) 75.0
(4887, 4888, 4889) 43.0
(5488, 5489, 5490) 127.0
(7834, 7835, 7836) 87.0
(7919, 7920, 7921) 175.0
(4645, 4646, 4647) 53.0
(3228, 3229, 3230) 135.0
(4835, 4836, 4837) 80.0
(6134, 6135, 6136) 109.0
(428, 429, 430) 99.0
(9020, 9021, 9022) 201.0
(8267, 8268, 8269) 88.0
(6677, 6678, 6679) 86.0
(8452, 8453, 8454) 130.0
(7090, 7091, 7092) 52.0
(2786, 2787, 2788) 123.0
(248, 249, 250) 105.0
(6733, 6734, 6735) 125.0
(5819, 5820, 5821) 130.0
(6920, 6921, 6922) 78.0
(3320, 3321, 3322) 128.0
(3432, 3433, 3434) 87.0
(9545, 9546, 9547) 94.0
(4730, 4731, 4732) 78.0
(7177, 7178, 7179) 147.0
(413, 414, 415) 41.0
(7956, 7957, 7958) 107.0
(7852, 7853, 7854) 68.0
(6245, 6246, 6247) 97.0
(2528, 2529, 2530) 150.0
(3027, 3028, 3029) 115.0
(1667, 1668, 1669) 77.0
(4494, 4495, 4496) 76.0
(1048, 1049, 1050) 114.0
(6651, 6652, 6653) 107.0
(5646, 5647, 5648) 56.0
(4546, 4547, 4548) 73.0
(9436, 9437, 9438) 127.0
(1920, 1921, 1922) 131.0
(9414, 9415, 9416) 107.0
(2378, 2379, 2380) 164.0
(4149, 4150, 4151) 91.0
(5920, 5921, 5922) 59.0
(9821, 9822, 9823) 105.0
(452, 453, 454) 138.0
(8521, 8522, 8523) 132.0
(2691, 2692, 2693) 118.0
(1607, 1608, 1609) 93.0
(7221, 7222, 7223) 92.0
(3159, 3160, 3161) 67.0
(3640, 3641, 3642) 116.0
(8241, 8242, 8243) 112.0
(9897, 9898, 9899) 179.0
(6711, 6712, 6713) 132.0
(150, 151, 152) 106.0
(390, 391, 392) 72.0
(5362, 5363, 5364) 116.0
(9094, 9095, 9096) 89.0
