(4240, 4241, 4242) 1222.0
(852, 853, 854) 1114.0
(9252, 9253, 9254) 1446.0
(5059, 5060, 5061) 1148.0
(3225, 3226, 3227) 1212.0
(246, 247, 248) 1579.0
(1362, 1363, 1364) 1167.0
(5968, 5969, 5970) 1049.0
(4081, 4082, 4083) 1229.0
(6670, 6671, 6672) 1092.0
(2199, 2200, 2201) 1349.0
(3207, 3208, 3209) 1276.0
(1206, 1207, 1208) 1179.0
(2807, 2808, 2809) 1107.0
(5320, 5321, 5322) 1658.0
(229, 230, 231) 1517.0
(2741, 2742, 2743) 990.0
(2807, 2808, 2809) 1107.0
(9959, 9960, 9961) 1430.0
(3643, 3644, 3645) 1336.0
(3653, 3654, 3655) 1609.0
(173, 174, 175) 996.0
(6648, 6649, 6650) 1195.0
(2828, 2829, 2830) 1320.0
(9515, 9516, 9517) 1110.0
(668, 669, 670) 1543.0
(9941, 9942, 9943) 1804.0
(4535, 4536, 4537) 1547.0
(644, 645, 646) 1031.0
(714, 715, 716) 1342.0
(4820, 4821, 4822) 1246.0
(4638, 4639, 4640) 1369.0
(761, 762, 763) 1390.0
(2606, 2607, 2608) 1156.0
(8609, 8610, 8611) 1741.0
(5326, 5327, 5328) 1108.0
(8634, 8635, 8636) 1518.0
(3133, 3134, 3135) 920.0
(8060, 8061, 8062) 1204.0
(3499, 3500, 3501) 1506.0
(7614, 7615, 7616) 1668.0
(3989, 3990, 3991) 1454.0
(2971, 2972, 2973) 1338.0
(8437, 8438, 8439) 1443.0
(1644, 1645, 1646) 1446.0
(9401, 9402, 9403) 1340.0
(6355, 6356, 6357) 1190.0
(5461, 5462, 5463) 1015.0
(8015, 8016, 8017) 1484.0
(3264, 3265, 3266) 1496.0
(9867, 9868, 9869) 1184.0
(4723, 4724, 4725) 1440.0
(3630, 3631, 3632) 1349.0
(27, 28, 29) 1243.0
(1741, 1742, 1743) 1130.0
(6029, 6030, 6031) 1145.0
(7672, 7673, 7674) 1541.0
(2726, 2727, 2728) 1352.0
(8864, 8865, 8866) 1221.0
(537, 538, 539) 1360.0
(502, 503, 504) 1432.0
(6600, 6601, 6602) 1670.0
(2623, 2624, 2625) 1584.0
(9264, 9265, 9266) 1631.0
(7412, 7413, 7414) 1664.0
(1383, 1384, 1385) 1207.0
(5441, 5442, 5443) 1719.0
(4934, 4935, 4936) 1905.0
(8151, 8152, 8153) 1511.0
(4340, 4341, 4342) 1105.0
(1286, 1287, 1288) 1284.0
(298, 299, 300) 1072.0
(4562, 4563, 4564) 1141.0
(4318, 4319, 4320) 977.0
(2364, 2365, 2366) 1257.0
(583, 584, 585) 1413.0
(1726, 1727, 1728) 1448.0
(1533, 1534, 1535) 1284.0
(465, 466, 467) 1201.0
(4619, 4620, 4621) 1437.0
(4995, 4996, 4997) 1690.0
(8140, 8141, 8142) 1301.0
(6453, 6454, 6455) 1150.0
(5118, 5119, 5120) 1457.0
(7747, 7748, 7749) 1102.0
(1059, 1060, 1061) 1806.0
(3330, 3331, 3332) 1029.0
(949, 950, 951) 1121.0
(9777, 9778, 9779) 1302.0
(6141, 6142, 6143) 1764.0
(4242, 4243, 4244) 1172.0
(7400, 7401, 7402) 1281.0
(7935, 7936, 7937) 1550.0
(9739, 9740, 9741) 1049.0
(170, 171, 172) 1344.0
(281, 282, 283) 1616.0
(9601, 9602, 9603) 1340.0
(6407, 6408, 6409) 1437.0
(598, 599, 600) 1636.0
(708, 709, 710) 1264.0
(702, 703, 704) 2123.0
(3708, 3709, 3710) 1072.0
(7399, 7400, 7401) 1383.0
(8870, 8871, 8872) 1313.0
(2806, 2807, 2808) 913.0
(1235, 1236, 1237) 1261.0
(5930, 5931, 5932) 1608.0
(9408, 9409, 9410) 1183.0
(6993, 6994, 6995) 1261.0
(1884, 1885, 1886) 1465.0
(6177, 6178, 6179) 1229.0
(7963, 7964, 7965) 1080.0
(9334, 9335, 9336) 1358.0
(2122, 2123, 2124) 1827.0
(1564, 1565, 1566) 1151.0
(4047, 4048, 4049) 1362.0
(1419, 1420, 1421) 1438.0
(8125, 8126, 8127) 1147.0
(5563, 5564, 5565) 936.0
(7845, 7846, 7847) 1398.0
(7045, 7046, 7047) 1540.0
(6270, 6271, 6272) 1361.0
(2535, 2536, 2537) 1003.0
(1459, 1460, 1461) 1354.0
(3684, 3685, 3686) 1041.0
(7551, 7552, 7553) 1768.0
(7606, 7607, 7608) 1252.0
(1029, 1030, 1031) 1290.0
(1729, 1730, 1731) 1257.0
(1891, 1892, 1893) 1420.0
(4785, 4786, 4787) 1429.0
(6971, 6972, 6973) 1497.0
(8131, 8132, 8133) 1447.0
(4614, 4615, 4616) 1436.0
(886, 887, 888) 1411.0
(8644, 8645, 8646) 1091.0
(9223, 9224, 9225) 1090.0
(8780, 8781, 8782) 1226.0
(2807, 2808, 2809) 1107.0
(3806, 3807, 3808) 1202.0
(8469, 8470, 8471) 1296.0
(3279, 3280, 3281) 1316.0
(8260, 8261, 8262) 1228.0
(2453, 2454, 2455) 1314.0
(9746, 9747, 9748) 1171.0
(8390, 8391, 8392) 1417.0
(7164, 7165, 7166) 1245.0
(6262, 6263, 6264) 1232.0
(361, 362, 363) 1302.0
(4624, 4625, 4626) 1760.0
(8870, 8871, 8872) 1313.0
(4417, 4418, 4419) 1368.0
(8323, 8324, 8325) 1560.0
(6880, 6881, 6882) 1794.0
(507, 508, 509) 1227.0
(6574, 6575, 6576) 1370.0
(8069, 8070, 8071) 1027.0
(6728, 6729, 6730) 1101.0
(6607, 6608, 6609) 1285.0
(925, 926, 927) 1398.0
(3069, 3070, 3071) 1608.0
(3291, 3292, 3293) 1352.0
(1546, 1547, 1548) 1235.0
(8649, 8650, 8651) 1265.0
(131, 132, 133) 1451.0
(8007, 8008, 8009) 1048.0
(2781, 2782, 2783) 1450.0
(3967, 3968, 3969) 1043.0
(7802, 7803, 7804) 1105.0
(7715, 7716, 7717) 1614.0
(8264, 8265, 8266) 1352.0
(929, 930, 931) 1240.0
(5882, 5883, 5884) 1391.0
(5266, 5267, 5268) 982.0
(2912, 2913, 2914) 1283.0
(2010, 2011, 2012) 1269.0
(1100, 1101, 1102) 1343.0
(8943, 8944, 8945) 1306.0
(3686, 3687, 3688) 1298.0
(8218, 8219, 8220) 1134.0
(8185, 8186, 8187) 1041.0
(8482, 8483, 8484) 1118.0
(4733, 4734, 4735) 1755.0
(7824, 7825, 7826) 1224.0
(6379, 6380, 6381) 1112.0
(2970, 2971, 2972) 1250.0
(9579, 9580, 9581) 1772.0
(1770, 1771, 1772) 1450.0
(1443, 1444, 1445) 1459.0
(7599, 7600, 7601) 1384.0
(3817, 3818, 3819) 1962.0
(7981, 7982, 7983) 1130.0
(3455, 3456, 3457) 1082.0
(7146, 7147, 7148) 1222.0
(7063, 7064, 7065) 1480.0
(4931, 4932, 4933) 1086.0
(5588, 5589, 5590) 1272.0
(4475, 4476, 4477) 1006.0
(7316, 7317, 7318) 1189.0
(6969, 6970, 6971) 1196.0
(1364, 1365, 1366) 1582.0
(3192, 3193, 3194) 1402.0
(6226, 6227, 6228) 1182.0
(6392, 6393, 6394) 1795.0
(8557, 8558, 8559) 1700.0
(2795, 2796, 2797) 1243.0
(6206, 6207, 6208) 1096.0
(3411, 3412, 3413) 1278.0
(2692, 2693, 2694) 1028.0
(8492, 8493, 8494) 1220.0
(1745, 1746, 1747) 1410.0
(3631, 3632, 3633) 2172.0
(2475, 2476, 2477) 1158.0
(6851, 6852, 6853) 1407.0
(5997, 5998, 5999) 1659.0
(1178, 1179, 1180) 1267.0
(3884, 3885, 3886) 1128.0
(4954, 4955, 4956) 1554.0
(7942, 7943, 7944) 1207.0
(2927, 2928, 2929) 1220.0
(5403, 5404, 5405) 1505.0
(6820, 6821, 6822) 2055.0
(7859, 7860, 7861) 1313.0
(2462, 2463, 2464) 1351.0
(9514, 9515, 9516) 1570.0
(6914, 6915, 6916) 1336.0
(7656, 7657, 7658) 1042.0
(3859, 3860, 3861) 1131.0
(8103, 8104, 8105) 1144.0
(1256, 1257, 1258) 1602.0
(180, 181, 182) 1076.0
(752, 753, 754) 1115.0
(9252, 9253, 9254) 1446.0
(6736, 6737, 6738) 1031.0
(7221, 7222, 7223) 960.0
(1344, 1345, 1346) 1089.0
(7219, 7220, 7221) 1712.0
(610, 611, 612) 1205.0
(2385, 2386, 2387) 1167.0
(529, 530, 531) 2215.0
(2492, 2493, 2494) 1475.0
(3565, 3566, 3567) 1228.0
(1911, 1912, 1913) 1529.0
(23, 24, 25) 1333.0
(1508, 1509, 1510) 1008.0
(8256, 8257, 8258) 1157.0
(9413, 9414, 9415) 1286.0
(8620, 8621, 8622) 1391.0
(4548, 4549, 4550) 1072.0
(4430, 4431, 4432) 1380.0
(5609, 5610, 5611) 1499.0
(9818, 9819, 9820) 1315.0
(1913, 1914, 1915) 1257.0
(7099, 7100, 7101) 1161.0
(5682, 5683, 5684) 1890.0
(3624, 3625, 3626) 1558.0
(5410, 5411, 5412) 1652.0
(9089, 9090, 9091) 1069.0
(8102, 8103, 8104) 1382.0
(91, 92, 93) 1482.0
(5070, 5071, 5072) 1343.0
(7428, 7429, 7430) 1244.0
(6494, 6495, 6496) 1028.0
(4311, 4312, 4313) 1321.0
(4208, 4209, 4210) 1106.0
(235, 236, 237) 1385.0
(3497, 3498, 3499) 1159.0
(8451, 8452, 8453) 1724.0
(1142, 1143, 1144) 1272.0
(6334, 6335, 6336) 1189.0
(8815, 8816, 8817) 1322.0
(1451, 1452, 1453) 1012.0
(2271, 2272, 2273) 1274.0
(9530, 9531, 9532) 1182.0
(8776, 8777, 8778) 1489.0
(5318, 5319, 5320) 1909.0
(1371, 1372, 1373) 1312.0
(4769, 4770, 4771) 1532.0
(7005, 7006, 7007) 1063.0
(1353, 1354, 1355) 1168.0
(7186, 7187, 7188) 1228.0
(2358, 2359, 2360) 1859.0
(4237, 4238, 4239) 1145.0
(2218, 2219, 2220) 1119.0
(3413, 3414, 3415) 1218.0
(4483, 4484, 4485) 1492.0
(7605, 7606, 7607) 889.0
(248, 249, 250) 1342.0
(3374, 3375, 3376) 1442.0
(8223, 8224, 8225) 1109.0
(9458, 9459, 9460) 1116.0
(2637, 2638, 2639) 1616.0
(7774, 7775, 7776) 1177.0
(5584, 5585, 5586) 1247.0
(9776, 9777, 9778) 1166.0
(9698, 9699, 9700) 1531.0
(479, 480, 481) 1333.0
(4128, 4129, 4130) 1472.0
(7766, 7767, 7768) 1255.0
(549, 550, 551) 1553.0
(2570, 2571, 2572) 1097.0
(5068, 5069, 5070) 1191.0
(1702, 1703, 1704) 1562.0
(7282, 7283, 7284) 1810.0
(5617, 5618, 5619) 1288.0
(4848, 4849, 4850) 1338.0
(5132, 5133, 5134) 1318.0
(312, 313, 314) 1366.0
(8293, 8294, 8295) 1608.0
(5552, 5553, 5554) 1427.0
(369, 370, 371) 1074.0
(4102, 4103, 4104) 943.0
(8830, 8831, 8832) 1491.0
(7244, 7245, 7246) 1597.0
(6166, 6167, 6168) 1262.0
(7395, 7396, 7397) 1447.0
(918, 919, 920) 1040.0
(3228, 3229, 3230) 1541.0
(3609, 3610, 3611) 1520.0
(7267, 7268, 7269) 1360.0
(6500, 6501, 6502) 1308.0
(3415, 3416, 3417) 1585.0
(3063, 3064, 3065) 1085.0
(6085, 6086, 6087) 1140.0
(4618, 4619, 4620) 1118.0
(5349, 5350, 5351) 1239.0
(9576, 9577, 9578) 1383.0
(3558, 3559, 3560) 1397.0
(3737, 3738, 3739) 1684.0
(8620, 8621, 8622) 1391.0
(373, 374, 375) 1158.0
(1754, 1755, 1756) 1721.0
(3961, 3962, 3963) 1055.0
(569, 570, 571) 1289.0
(9305, 9306, 9307) 1124.0
(8800, 8801, 8802) 1254.0
(5744, 5745, 5746) 1234.0
(1492, 1493, 1494) 1296.0
(2665, 2666, 2667) 1380.0
(6259, 6260, 6261) 1430.0
(2233, 2234, 2235) 1529.0
(1336, 1337, 1338) 1636.0
(7082, 7083, 7084) 1089.0
(8338, 8339, 8340) 1347.0
(451, 452, 453) 1236.0
(26, 27, 28) 1157.0
(8805, 8806, 8807) 1451.0
(5658, 5659, 5660) 1197.0
(2029, 2030, 2031) 1428.0
(1667, 1668, 1669) 1100.0
(9537, 9538, 9539) 1165.0
(1503, 1504, 1505) 1121.0
(6526, 6527, 6528) 1153.0
(7700, 7701, 7702) 1103.0
(438, 439, 440) 1159.0
(9868, 9869, 9870) 1268.0
(6125, 6126, 6127) 1787.0
(5331, 5332, 5333) 1243.0
(8189, 8190, 8191) 1380.0
(4260, 4261, 4262) 1168.0
(742, 743, 744) 1320.0
(6974, 6975, 6976) 1051.0
(9101, 9102, 9103) 1237.0
(5852, 5853, 5854) 1111.0
(295, 296, 297) 1431.0
(9864, 9865, 9866) 1216.0
(4058, 4059, 4060) 1308.0
(7432, 7433, 7434) 1310.0
(1465, 1466, 1467) 1417.0
(8719, 8720, 8721) 1135.0
(3930, 3931, 3932) 1286.0
(9348, 9349, 9350) 1026.0
(793, 794, 795) 997.0
(4937, 4938, 4939) 1569.0
(1092, 1093, 1094) 1122.0
(7051, 7052, 7053) 1062.0
(1724, 1725, 1726) 1349.0
(1072, 1073, 1074) 1297.0
(3949, 3950, 3951) 1379.0
(4318, 4319, 4320) 977.0
(8685, 8686, 8687) 1390.0
(7281, 7282, 7283) 1145.0
(7569, 7570, 7571) 1202.0
(6870, 6871, 6872) 980.0
(7147, 7148, 7149) 1287.0
(9741, 9742, 9743) 1315.0
(4044, 4045, 4046) 1421.0
(1542, 1543, 1544) 1877.0
(4448, 4449, 4450) 1043.0
(541, 542, 543) 1127.0
(4371, 4372, 4373) 1448.0
(5718, 5719, 5720) 1436.0
(9105, 9106, 9107) 1434.0
(4702, 4703, 4704) 1237.0
(6191, 6192, 6193) 1272.0
(77, 78, 79) 2093.0
(9080, 9081, 9082) 1027.0
(5147, 5148, 5149) 1440.0
(9142, 9143, 9144) 997.0
(3906, 3907, 3908) 1576.0
(8860, 8861, 8862) 1367.0
(5592, 5593, 5594) 1630.0
(5586, 5587, 5588) 1114.0
(8805, 8806, 8807) 1451.0
(5504, 5505, 5506) 1372.0
(5582, 5583, 5584) 1138.0
(3970, 3971, 3972) 2334.0
(2051, 2052, 2053) 1308.0
(4820, 4821, 4822) 1246.0
(5555, 5556, 5557) 1327.0
(4640, 4641, 4642) 1040.0
(2271, 2272, 2273) 1274.0
(1088, 1089, 1090) 1364.0
(9035, 9036, 9037) 1017.0
(1508, 1509, 1510) 1008.0
(1585, 1586, 1587) 1086.0
(1686, 1687, 1688) 1715.0
(5250, 5251, 5252) 1405.0
(4613, 4614, 4615) 1208.0
(2433, 2434, 2435) 1884.0
(1585, 1586, 1587) 1086.0
(6981, 6982, 6983) 1270.0
(8231, 8232, 8233) 1703.0
(9816, 9817, 9818) 1329.0
(6907, 6908, 6909) 1154.0
(1527, 1528, 1529) 1159.0
(6265, 6266, 6267) 1073.0
(8339, 8340, 8341) 1478.0
(8215, 8216, 8217) 1355.0
(8944, 8945, 8946) 1377.0
(9369, 9370, 9371) 1427.0
(937, 938, 939) 1449.0
(5012, 5013, 5014) 1317.0
(6602, 6603, 6604) 1566.0
(3921, 3922, 3923) 1233.0
(742, 743, 744) 1320.0
(569, 570, 571) 1289.0
(5463, 5464, 5465) 1540.0
(330, 331, 332) 1101.0
(8319, 8320, 8321) 1518.0
(5231, 5232, 5233) 1677.0
(6822, 6823, 6824) 1101.0
(4035, 4036, 4037) 1028.0
(2922, 2923, 2924) 1168.0
(6757, 6758, 6759) 1204.0
(4207, 4208, 4209) 873.0
(8280, 8281, 8282) 1375.0
(6657, 6658, 6659) 1236.0
(4991, 4992, 4993) 1705.0
(5142, 5143, 5144) 1407.0
(2070, 2071, 2072) 1449.0
(7356, 7357, 7358) 1360.0
(4464, 4465, 4466) 933.0
(1552, 1553, 1554) 1131.0
(2100, 2101, 2102) 1574.0
(755, 756, 757) 1167.0
(3599, 3600, 3601) 1176.0
(2860, 2861, 2862) 1234.0
(930, 931, 932) 1537.0
(654, 655, 656) 1556.0
(9013, 9014, 9015) 1118.0
(6227, 6228, 6229) 1505.0
(3873, 3874, 3875) 1638.0
(2416, 2417, 2418) 1826.0
(5437, 5438, 5439) 1060.0
(281, 282, 283) 1616.0
(3260, 3261, 3262) 1379.0
(7044, 7045, 7046) 1745.0
(134, 135, 136) 1145.0
(5667, 5668, 5669) 1445.0
(2223, 2224, 2225) 1019.0
(3400, 3401, 3402) 1212.0
(3683, 3684, 3685) 1357.0
(9698, 9699, 9700) 1531.0
(6940, 6941, 6942) 1042.0
(7719, 7720, 7721) 1156.0
(7102, 7103, 7104) 963.0
(4758, 4759, 4760) 1232.0
(3666, 3667, 3668) 1449.0
(9267, 9268, 9269) 1613.0
(1780, 1781, 1782) 1077.0
(1341, 1342, 1343) 1253.0
(1735, 1736, 1737) 1515.0
(2767, 2768, 2769) 1250.0
(480, 481, 482) 1932.0
(766, 767, 768) 1059.0
(365, 366, 367) 1679.0
(6528, 6529, 6530) 1441.0
(3501, 3502, 3503) 1458.0
(7210, 7211, 7212) 1402.0
(5166, 5167, 5168) 1310.0
(4557, 4558, 4559) 1263.0
(8428, 8429, 8430) 1284.0
(5392, 5393, 5394) 1958.0
(8282, 8283, 8284) 1308.0
(597, 598, 599) 1575.0
(8281, 8282, 8283) 1774.0
(9981, 9982, 9983) 1428.0
(2271, 2272, 2273) 1274.0
(517, 518, 519) 1101.0
(6170, 6171, 6172) 1366.0
(9125, 9126, 9127) 1150.0
(8357, 8358, 8359) 1149.0
(7631, 7632, 7633) 1260.0
(2566, 2567, 2568) 1285.0
(1747, 1748, 1749) 1533.0
(5483, 5484, 5485) 1649.0
(1037, 1038, 1039) 1227.0
(8077, 8078, 8079) 1593.0
(168, 169, 170) 1088.0
(8927, 8928, 8929) 1634.0
(2066, 2067, 2068) 1507.0
(2979, 2980, 2981) 957.0
(1667, 1668, 1669) 1100.0
(1508, 1509, 1510) 1008.0
(4000, 4001, 4002) 1479.0
(6897, 6898, 6899) 1415.0
(6296, 6297, 6298) 1196.0
(2115, 2116, 2117) 1290.0
(4733, 4734, 4735) 1755.0
(2431, 2432, 2433) 1290.0
(594, 595, 596) 1662.0
(5412, 5413, 5414) 1308.0
(9785, 9786, 9787) 1963.0
(4897, 4898, 4899) 1317.0
(3364, 3365, 3366) 1602.0
(388, 389, 390) 1138.0
(4119, 4120, 4121) 1313.0
(4674, 4675, 4676) 1478.0
(169, 170, 171) 1001.0
(8461, 8462, 8463) 1074.0
(8025, 8026, 8027) 1399.0
(1303, 1304, 1305) 1482.0
(2541, 2542, 2543) 1143.0
(4610, 4611, 4612) 1138.0
(5361, 5362, 5363) 1164.0
(6060, 6061, 6062) 1803.0
(1321, 1322, 1323) 1418.0
(4431, 4432, 4433) 1461.0
(9435, 9436, 9437) 1862.0
(2159, 2160, 2161) 1300.0
(8961, 8962, 8963) 1830.0
(8559, 8560, 8561) 1341.0
(1054, 1055, 1056) 1028.0
(2098, 2099, 2100) 1887.0
(9431, 9432, 9433) 1113.0
(1375, 1376, 1377) 1026.0
(9438, 9439, 9440) 1320.0
(6356, 6357, 6358) 1387.0
(9722, 9723, 9724) 1168.0
(4670, 4671, 4672) 1019.0
(5035, 5036, 5037) 1055.0
(9856, 9857, 9858) 1241.0
(9333, 9334, 9335) 1130.0
(7094, 7095, 7096) 1305.0
(5856, 5857, 5858) 1337.0
(932, 933, 934) 1182.0
(482, 483, 484) 1412.0
(7743, 7744, 7745) 1356.0
(4047, 4048, 4049) 1362.0
(9722, 9723, 9724) 1168.0
(3491, 3492, 3493) 1206.0
(257, 258, 259) 1145.0
(3333, 3334, 3335) 1157.0
(4877, 4878, 4879) 1428.0
(6571, 6572, 6573) 1146.0
(5691, 5692, 5693) 1427.0
(2960, 2961, 2962) 1074.0
(217, 218, 219) 1749.0
(7619, 7620, 7621) 1092.0
(1002, 1003, 1004) 1344.0
(7438, 7439, 7440) 1258.0
(5045, 5046, 5047) 1850.0
(9186, 9187, 9188) 1290.0
(7658, 7659, 7660) 1405.0
(8215, 8216, 8217) 1355.0
(6395, 6396, 6397) 1264.0
(1740, 1741, 1742) 1275.0
(8178, 8179, 8180) 1418.0
(2075, 2076, 2077) 1059.0
(7548, 7549, 7550) 1028.0
(1481, 1482, 1483) 2187.0
(1285, 1286, 1287) 1293.0
(2865, 2866, 2867) 1422.0
(5499, 5500, 5501) 1248.0
(9177, 9178, 9179) 1153.0
(5697, 5698, 5699) 1505.0
(2059, 2060, 2061) 1780.0
(6317, 6318, 6319) 1235.0
(723, 724, 725) 1705.0
(1691, 1692, 1693) 1343.0
(7009, 7010, 7011) 2082.0
(7702, 7703, 7704) 1256.0
(6865, 6866, 6867) 1331.0
(8045, 8046, 8047) 1277.0
(4094, 4095, 4096) 1058.0
(8884, 8885, 8886) 1576.0
(9035, 9036, 9037) 1017.0
(7244, 7245, 7246) 1597.0
(9891, 9892, 9893) 1993.0
(9256, 9257, 9258) 1061.0
(397, 398, 399) 2157.0
(3172, 3173, 3174) 1474.0
(7209, 7210, 7211) 1061.0
(6084, 6085, 6086) 1241.0
(1547, 1548, 1549) 1524.0
(9228, 9229, 9230) 1314.0
(4856, 4857, 4858) 1044.0
(3863, 3864, 3865) 1133.0
(3914, 3915, 3916) 1614.0
(313, 314, 315) 1111.0
(7442, 7443, 7444) 1146.0
(5201, 5202, 5203) 1560.0
(7027, 7028, 7029) 1616.0
(7484, 7485, 7486) 1232.0
(5090, 5091, 5092) 1234.0
(6471, 6472, 6473) 1408.0
(8867, 8868, 8869) 1201.0
(1271, 1272, 1273) 1185.0
(9953, 9954, 9955) 1168.0
(8193, 8194, 8195) 1300.0
(223, 224, 225) 1209.0
(5959, 5960, 5961) 1190.0
(1161, 1162, 1163) 1469.0
(4317, 4318, 4319) 1092.0
(891, 892, 893) 1480.0
(548, 549, 550) 1269.0
(9625, 9626, 9627) 1437.0
(9508, 9509, 9510) 1336.0
(9954, 9955, 9956) 1782.0
(5369, 5370, 5371) 1089.0
(1505, 1506, 1507) 1184.0
(8207, 8208, 8209) 912.0
(4187, 4188, 4189) 1258.0
(1846, 1847, 1848) 1376.0
(9052, 9053, 9054) 998.0
(3744, 3745, 3746) 1574.0
(3661, 3662, 3663) 1156.0
(7280, 7281, 7282) 1347.0
(640, 641, 642) 1728.0
(4430, 4431, 4432) 1380.0
(7567, 7568, 7569) 1273.0
(7129, 7130, 7131) 1079.0
(3857, 3858, 3859) 1407.0
(4886, 4887, 4888) 1992.0
(9735, 9736, 9737) 1386.0
(3447, 3448, 3449) 1025.0
(7447, 7448, 7449) 961.0
(9536, 9537, 9538) 1415.0
(5155, 5156, 5157) 1399.0
(2601, 2602, 2603) 964.0
(9208, 9209, 9210) 1366.0
(8919, 8920, 8921) 1055.0
(7634, 7635, 7636) 1049.0
(526, 527, 528) 1148.0
(3639, 3640, 3641) 1349.0
(8926, 8927, 8928) 1344.0
(3249, 3250, 3251) 1150.0
(6361, 6362, 6363) 1745.0
(9930, 9931, 9932) 1634.0
(925, 926, 927) 1398.0
(1323, 1324, 1325) 1305.0
(3776, 3777, 3778) 1233.0
(3321, 3322, 3323) 1687.0
(912, 913, 914) 1410.0
(3925, 3926, 3927) 1576.0
(4469, 4470, 4471) 1109.0
(893, 894, 895) 1198.0
(4746, 4747, 4748) 1469.0
(1533, 1534, 1535) 1284.0
(3439, 3440, 3441) 1514.0
(9765, 9766, 9767) 1246.0
(675, 676, 677) 1499.0
(4854, 4855, 4856) 1033.0
(1288, 1289, 1290) 1796.0
(5310, 5311, 5312) 1549.0
(3310, 3311, 3312) 1387.0
(7999, 8000, 8001) 1185.0
(79, 80, 81) 1064.0
(5038, 5039, 5040) 1151.0
(3336, 3337, 3338) 1015.0
(1106, 1107, 1108) 1638.0
(9607, 9608, 9609) 1328.0
(188, 189, 190) 1594.0
(1986, 1987, 1988) 1169.0
(3253, 3254, 3255) 1467.0
(878, 879, 880) 1351.0
(2813, 2814, 2815) 963.0
(4522, 4523, 4524) 1438.0
(8061, 8062, 8063) 1226.0
(9, 10, 11) 1398.0
(3377, 3378, 3379) 1350.0
(8635, 8636, 8637) 1105.0
(8409, 8410, 8411) 1543.0
(9824, 9825, 9826) 1359.0
(7007, 7008, 7009) 1404.0
(4200, 4201, 4202) 1221.0
(1666, 1667, 1668) 1316.0
(7669, 7670, 7671) 1492.0
(5187, 5188, 5189) 1478.0
(8426, 8427, 8428) 1392.0
(8815, 8816, 8817) 1322.0
(4144, 4145, 4146) 1321.0
(8683, 8684, 8685) 1281.0
(6595, 6596, 6597) 1208.0
(9961, 9962, 9963) 1933.0
(4940, 4941, 4942) 1196.0
(5371, 5372, 5373) 1539.0
(7683, 7684, 7685) 1287.0
(7620, 7621, 7622) 1574.0
(5902, 5903, 5904) 1748.0
(8679, 8680, 8681) 1150.0
(5588, 5589, 5590) 1272.0
(4901, 4902, 4903) 944.0
(9533, 9534, 9535) 1432.0
(3650, 3651, 3652) 1503.0
(9381, 9382, 9383) 1496.0
(9381, 9382, 9383) 1496.0
(9754, 9755, 9756) 1346.0
(7237, 7238, 7239) 1533.0
(9602, 9603, 9604) 882.0
(383, 384, 385) 1233.0
(6702, 6703, 6704) 1619.0
(5912, 5913, 5914) 1004.0
(7602, 7603, 7604) 1107.0
(5950, 5951, 5952) 1099.0
(8709, 8710, 8711) 1371.0
(7980, 7981, 7982) 856.0
(9745, 9746, 9747) 1159.0
(5341, 5342, 5343) 1237.0
(9851, 9852, 9853) 1481.0
(8717, 8718, 8719) 1384.0
(672, 673, 674) 1156.0
(236, 237, 238) 1312.0
(2396, 2397, 2398) 1045.0
(1431, 1432, 1433) 1464.0
(8738, 8739, 8740) 1193.0
(4062, 4063, 4064) 1463.0
(1151, 1152, 1153) 1368.0
(8796, 8797, 8798) 1058.0
(7979, 7980, 7981) 1384.0
(5526, 5527, 5528) 1252.0
(6402, 6403, 6404) 1217.0
(8618, 8619, 8620) 1276.0
(8890, 8891, 8892) 1173.0
(3119, 3120, 3121) 1183.0
(8392, 8393, 8394) 1138.0
(6007, 6008, 6009) 1110.0
(438, 439, 440) 1159.0
(8267, 8268, 8269) 1258.0
(7841, 7842, 7843) 1271.0
(4444, 4445, 4446) 1112.0
(2941, 2942, 2943) 1598.0
(599, 600, 601) 1049.0
(8763, 8764, 8765) 1300.0
(4752, 4753, 4754) 970.0
(434, 435, 436) 1415.0
(236, 237, 238) 1312.0
(6024, 6025, 6026) 1602.0
(3821, 3822, 3823) 1305.0
(1460, 1461, 1462) 1338.0
(2287, 2288, 2289) 1050.0
(6936, 6937, 6938) 1127.0
(8888, 8889, 8890) 1256.0
(3494, 3495, 3496) 1169.0
(3102, 3103, 3104) 1290.0
(8381, 8382, 8383) 1359.0
(9510, 9511, 9512) 1403.0
(2309, 2310, 2311) 1299.0
(3737, 3738, 3739) 1684.0
(2773, 2774, 2775) 1174.0
(5849, 5850, 5851) 1141.0
(6133, 6134, 6135) 1081.0
(9726, 9727, 9728) 1473.0
(3909, 3910, 3911) 1514.0
(3957, 3958, 3959) 1395.0
(8924, 8925, 8926) 995.0
(6807, 6808, 6809) 1166.0
(9386, 9387, 9388) 1123.0
(4449, 4450, 4451) 1258.0
(3864, 3865, 3866) 1054.0
(1068, 1069, 1070) 1972.0
(8468, 8469, 8470) 1365.0
(4028, 4029, 4030) 1597.0
(7480, 7481, 7482) 1221.0
(1070, 1071, 1072) 1218.0
(5620, 5621, 5622) 1472.0
(7184, 7185, 7186) 1422.0
(4991, 4992, 4993) 1705.0
(5630, 5631, 5632) 1340.0
(1759, 1760, 1761) 1523.0
(9966, 9967, 9968) 1459.0
(7312, 7313, 7314) 1228.0
(20, 21, 22) 1166.0
(3145, 3146, 3147) 1248.0
(2613, 2614, 2615) 1076.0
(6931, 6932, 6933) 1508.0
(4709, 4710, 4711) 1228.0
(1723, 1724, 1725) 1097.0
(8407, 8408, 8409) 1177.0
(998, 999, 1000) 1231.0
(8930, 8931, 8932) 1329.0
(3376, 3377, 3378) 1206.0
(4365, 4366, 4367) 1198.0
(3980, 3981, 3982) 951.0
(8014, 8015, 8016) 1017.0
(2730, 2731, 2732) 1175.0
(3483, 3484, 3485) 1228.0
(9438, 9439, 9440) 1320.0
(2482, 2483, 2484) 1444.0
(3578, 3579, 3580) 1346.0
(6975, 6976, 6977) 1101.0
(7625, 7626, 7627) 1494.0
(8173, 8174, 8175) 1451.0
(6677, 6678, 6679) 1145.0
(1640, 1641, 1642) 1310.0
(4956, 4957, 4958) 1242.0
(9969, 9970, 9971) 1487.0
(2228, 2229, 2230) 1690.0
(5183, 5184, 5185) 1536.0
(8738, 8739, 8740) 1193.0
(5383, 5384, 5385) 1405.0
(2258, 2259, 2260) 1092.0
(5920, 5921, 5922) 1020.0
(9798, 9799, 9800) 1319.0
(3947, 3948, 3949) 1023.0
(2958, 2959, 2960) 1169.0
(5084, 5085, 5086) 1094.0
(8791, 8792, 8793) 1058.0
(1817, 1818, 1819) 1116.0
(6923, 6924, 6925) 1505.0
(7461, 7462, 7463) 1185.0
(6896, 6897, 6898) 1408.0
(8333, 8334, 8335) 1403.0
(6736, 6737, 6738) 1031.0
(8959, 8960, 8961) 1465.0
(2473, 2474, 2475) 1671.0
(7762, 7763, 7764) 1197.0
(9648, 9649, 9650) 1898.0
(8927, 8928, 8929) 1634.0
(2392, 2393, 2394) 934.0
(6089, 6090, 6091) 1450.0
(8197, 8198, 8199) 1142.0
(7038, 7039, 7040) 1911.0
(1967, 1968, 1969) 1511.0
(6778, 6779, 6780) 1946.0
(9598, 9599, 9600) 1508.0
(7152, 7153, 7154) 1539.0
(4129, 4130, 4131) 1197.0
(3883, 3884, 3885) 1252.0
(4837, 4838, 4839) 1460.0
(8057, 8058, 8059) 897.0
(1035, 1036, 1037) 1406.0
(6431, 6432, 6433) 1235.0
(8400, 8401, 8402) 1352.0
(2083, 2084, 2085) 1003.0
(4965, 4966, 4967) 1358.0
(1924, 1925, 1926) 1271.0
(484, 485, 486) 1197.0
(103, 104, 105) 1381.0
(7234, 7235, 7236) 1311.0
(1837, 1838, 1839) 1124.0
(4754, 4755, 4756) 1295.0
(7788, 7789, 7790) 1388.0
(1115, 1116, 1117) 1104.0
(9388, 9389, 9390) 1207.0
(2280, 2281, 2282) 962.0
(1479, 1480, 1481) 1413.0
(3286, 3287, 3288) 1160.0
(4032, 4033, 4034) 1216.0
(7594, 7595, 7596) 1403.0
(348, 349, 350) 1081.0
(4036, 4037, 4038) 1278.0
(9554, 9555, 9556) 1858.0
(1759, 1760, 1761) 1523.0
(4837, 4838, 4839) 1460.0
(7607, 7608, 7609) 1233.0
(7424, 7425, 7426) 1223.0
(463, 464, 465) 988.0
(6407, 6408, 6409) 1437.0
(2627, 2628, 2629) 1614.0
(7331, 7332, 7333) 1177.0
(3120, 3121, 3122) 1236.0
(3627, 3628, 3629) 1049.0
(4325, 4326, 4327) 1346.0
(6159, 6160, 6161) 1157.0
(8656, 8657, 8658) 1364.0
(995, 996, 997) 1488.0
(7974, 7975, 7976) 1321.0
(6314, 6315, 6316) 1838.0
(706, 707, 708) 1936.0
(2463, 2464, 2465) 1943.0
(2905, 2906, 2907) 1269.0
(8727, 8728, 8729) 1532.0
(2899, 2900, 2901) 1517.0
(5675, 5676, 5677) 1367.0
(2374, 2375, 2376) 1355.0
(7187, 7188, 7189) 1335.0
(3181, 3182, 3183) 1042.0
(7497, 7498, 7499) 1252.0
(9800, 9801, 9802) 1482.0
(9559, 9560, 9561) 1308.0
(6643, 6644, 6645) 1378.0
(5744, 5745, 5746) 1234.0
(6284, 6285, 6286) 1412.0
(4498, 4499, 4500) 1486.0
(3, 4, 5) 1317.0
(4121, 4122, 4123) 1339.0
(8550, 8551, 8552) 976.0
(4386, 4387, 4388) 1070.0
(5118, 5119, 5120) 1457.0
(9644, 9645, 9646) 1440.0
(7023, 7024, 7025) 1088.0
(1415, 1416, 1417) 1338.0
(5803, 5804, 5805) 1420.0
(7276, 7277, 7278) 1117.0
(5868, 5869, 5870) 1096.0
(8687, 8688, 8689) 1450.0
(5346, 5347, 5348) 1222.0
(2774, 2775, 2776) 1651.0
(4094, 4095, 4096) 1058.0
(8888, 8889, 8890) 1256.0
(6543, 6544, 6545) 1418.0
(1852, 1853, 1854) 2353.0
(2930, 2931, 2932) 1527.0
(5466, 5467, 5468) 1351.0
(7716, 7717, 7718) 1345.0
(460, 461, 462) 1242.0
(3020, 3021, 3022) 1457.0
(3338, 3339, 3340) 1073.0
(2356, 2357, 2358) 1703.0
(2175, 2176, 2177) 1703.0
(7493, 7494, 7495) 1627.0
(260, 261, 262) 1301.0
(4409, 4410, 4411) 1283.0
(2084, 2085, 2086) 889.0
(4381, 4382, 4383) 1304.0
(8758, 8759, 8760) 1546.0
(2478, 2479, 2480) 1083.0
(1191, 1192, 1193) 1342.0
(6676, 6677, 6678) 1457.0
(5410, 5411, 5412) 1652.0
(1638, 1639, 1640) 1723.0
(5543, 5544, 5545) 950.0
(2759, 2760, 2761) 1197.0
(9, 10, 11) 1398.0
(7718, 7719, 7720) 1324.0
(9048, 9049, 9050) 1681.0
(8981, 8982, 8983) 1155.0
(1456, 1457, 1458) 1243.0
(6122, 6123, 6124) 963.0
(1026, 1027, 1028) 1056.0
(6562, 6563, 6564) 1412.0
(6975, 6976, 6977) 1101.0
(5785, 5786, 5787) 1232.0
(9893, 9894, 9895) 1290.0
(7528, 7529, 7530) 1552.0
(5558, 5559, 5560) 1748.0
(4788, 4789, 4790) 1377.0
(1889, 1890, 1891) 1845.0
(9967, 9968, 9969) 1837.0
(1459, 1460, 1461) 1354.0
(6524, 6525, 6526) 1485.0
(8491, 8492, 8493) 1218.0
(1643, 1644, 1645) 1233.0
(3133, 3134, 3135) 920.0
(3441, 3442, 3443) 971.0
(9578, 9579, 9580) 1712.0
(3956, 3957, 3958) 1637.0
(6612, 6613, 6614) 1347.0
(8485, 8486, 8487) 1001.0
(6738, 6739, 6740) 1018.0
(4171, 4172, 4173) 1787.0
(8774, 8775, 8776) 1537.0
(2680, 2681, 2682) 1427.0
(5171, 5172, 5173) 1620.0
(4693, 4694, 4695) 1363.0
(8496, 8497, 8498) 1359.0
(9256, 9257, 9258) 1061.0
(4143, 4144, 4145) 1366.0
(221, 222, 223) 1272.0
(8963, 8964, 8965) 1110.0
(6959, 6960, 6961) 1390.0
(9658, 9659, 9660) 1125.0
(3733, 3734, 3735) 1102.0
(9287, 9288, 9289) 1280.0
(5419, 5420, 5421) 1237.0
(1384, 1385, 1386) 1126.0
(3190, 3191, 3192) 1569.0
(3657, 3658, 3659) 1712.0
(1254, 1255, 1256) 1136.0
(2160, 2161, 2162) 1105.0
(6810, 6811, 6812) 1209.0
(8707, 8708, 8709) 1509.0
(2779, 2780, 2781) 1627.0
(2503, 2504, 2505) 1548.0
(7738, 7739, 7740) 1457.0
(1736, 1737, 1738) 1293.0
(313, 314, 315) 1111.0
(1120, 1121, 1122) 1598.0
(5691, 5692, 5693) 1427.0
(4974, 4975, 4976) 1193.0
(8624, 8625, 8626) 1021.0
(6877, 6878, 6879) 1632.0
(5911, 5912, 5913) 1457.0
(1742, 1743, 1744) 1278.0
(1258, 1259, 1260) 1229.0
(2452, 2453, 2454) 1080.0
(6692, 6693, 6694) 1512.0
(1607, 1608, 1609) 1012.0
(393, 394, 395) 957.0
(1686, 1687, 1688) 1715.0
(4383, 4384, 4385) 1489.0
(5698, 5699, 5700) 1139.0
(6353, 6354, 6355) 1019.0
(1059, 1060, 1061) 1806.0
(8564, 8565, 8566) 1476.0
(6915, 6916, 6917) 1643.0
(4904, 4905, 4906) 1843.0
(9846, 9847, 9848) 1101.0
(5016, 5017, 5018) 1217.0
(6307, 6308, 6309) 1311.0
(4236, 4237, 4238) 1780.0
(9173, 9174, 9175) 1107.0
(7580, 7581, 7582) 1294.0
(8114, 8115, 8116) 1590.0
(6482, 6483, 6484) 1457.0
(5728, 5729, 5730) 1197.0
(1596, 1597, 1598) 898.0
(3382, 3383, 3384) 2073.0
(5308, 5309, 5310) 1119.0
(1685, 1686, 1687) 1151.0
(3734, 3735, 3736) 1575.0
(97, 98, 99) 1159.0
(7812, 7813, 7814) 979.0
(5881, 5882, 5883) 1536.0
(7441, 7442, 7443) 1117.0
(5376, 5377, 5378) 1581.0
(3282, 3283, 3284) 1809.0
(3604, 3605, 3606) 1321.0
(6472, 6473, 6474) 1479.0
(6714, 6715, 6716) 1338.0
(5437, 5438, 5439) 1060.0
(3721, 3722, 3723) 1841.0
(4478, 4479, 4480) 1438.0
(9768, 9769, 9770) 1304.0
(4446, 4447, 4448) 1323.0
(9431, 9432, 9433) 1113.0
(8259, 8260, 8261) 1100.0
(8412, 8413, 8414) 1635.0
(2118, 2119, 2120) 1386.0
(3525, 3526, 3527) 1294.0
(1353, 1354, 1355) 1168.0
(8512, 8513, 8514) 1507.0
(8173, 8174, 8175) 1451.0
(5478, 5479, 5480) 1231.0
(7891, 7892, 7893) 1226.0
(8815, 8816, 8817) 1322.0
(5966, 5967, 5968) 1299.0
(7242, 7243, 7244) 1143.0
(3792, 3793, 3794) 1068.0
(558, 559, 560) 1516.0
(3375, 3376, 3377) 1278.0
(1192, 1193, 1194) 1268.0
(3177, 3178, 3179) 1248.0
(9380, 9381, 9382) 1167.0
(6853, 6854, 6855) 1439.0
(6384, 6385, 6386) 1174.0
(157, 158, 159) 1328.0
(4261, 4262, 4263) 1522.0
(7474, 7475, 7476) 1424.0
(1703, 1704, 1705) 1168.0
(4301, 4302, 4303) 1476.0
(3261, 3262, 3263) 1158.0
(7035, 7036, 7037) 1216.0
(2183, 2184, 2185) 1557.0
(1478, 1479, 1480) 1404.0
(8380, 8381, 8382) 1165.0
(7096, 7097, 7098) 1311.0
(9297, 9298, 9299) 1587.0
(7180, 7181, 7182) 1095.0
(1958, 1959, 1960) 1229.0
(7721, 7722, 7723) 1388.0
(2095, 2096, 2097) 1055.0
(9226, 9227, 9228) 1287.0
(8377, 8378, 8379) 1218.0
(8050, 8051, 8052) 1231.0
(646, 647, 648) 1366.0
(6944, 6945, 6946) 1164.0
(4785, 4786, 4787) 1429.0
(9974, 9975, 9976) 1214.0
(5323, 5324, 5325) 1337.0
(2081, 2082, 2083) 1030.0
(8935, 8936, 8937) 1151.0
(3977, 3978, 3979) 1202.0
(8016, 8017, 8018) 1257.0
(7859, 7860, 7861) 1313.0
(8865, 8866, 8867) 1263.0
(8461, 8462, 8463) 1074.0
(6293, 6294, 6295) 1480.0
(491, 492, 493) 1165.0
(5438, 5439, 5440) 1228.0
(1251, 1252, 1253) 1261.0
(7800, 7801, 7802) 1306.0
(6080, 6081, 6082) 1560.0
(3692, 3693, 3694) 1240.0
(4228, 4229, 4230) 1777.0
(7006, 7007, 7008) 1205.0
(5033, 5034, 5035) 1269.0
(2386, 2387, 2388) 1189.0
(1911, 1912, 1913) 1529.0
