(6353, 6354, 6355) 1164.0
(5728, 5729, 5730) 1288.0
(2401, 2402, 2403) 1615.0
(8137, 8138, 8139) 2241.0
(6694, 6695, 6696) 1627.0
(7096, 7097, 7098) 1386.0
(9365, 9366, 9367) 1434.0
(2146, 2147, 2148) 1816.0
(5442, 5443, 5444) 1452.0
(6247, 6248, 6249) 2344.0
(5432, 5433, 5434) 1361.0
(919, 920, 921) 1316.0
(3268, 3269, 3270) 1554.0
(3455, 3456, 3457) 1304.0
(1578, 1579, 1580) 1185.0
(9706, 9707, 9708) 1465.0
(5279, 5280, 5281) 1255.0
(1818, 1819, 1820) 1394.0
(2886, 2887, 2888) 1458.0
(9752, 9753, 9754) 1177.0
(6230, 6231, 6232) 1116.0
(3207, 3208, 3209) 1582.0
(2526, 2527, 2528) 1422.0
(6954, 6955, 6956) 1297.0
(3387, 3388, 3389) 1506.0
(7853, 7854, 7855) 1259.0
(1394, 1395, 1396) 1891.0
(9455, 9456, 9457) 1346.0
(363, 364, 365) 1150.0
(5980, 5981, 5982) 1281.0
(4184, 4185, 4186) 1398.0
(5434, 5435, 5436) 1732.0
(5411, 5412, 5413) 1245.0
(4138, 4139, 4140) 1257.0
(4882, 4883, 4884) 1775.0
(1989, 1990, 1991) 1543.0
(545, 546, 547) 1904.0
(3387, 3388, 3389) 1506.0
(4643, 4644, 4645) 1244.0
(4321, 4322, 4323) 1765.0
(3515, 3516, 3517) 1253.0
(9036, 9037, 9038) 1437.0
(8571, 8572, 8573) 1538.0
(3923, 3924, 3925) 1763.0
(7258, 7259, 7260) 1285.0
(3351, 3352, 3353) 1796.0
(8845, 8846, 8847) 1818.0
(3846, 3847, 3848) 1447.0
(1370, 1371, 1372) 1488.0
(4700, 4701, 4702) 1633.0
(8959, 8960, 8961) 1825.0
(7571, 7572, 7573) 1419.0
(1007, 1008, 1009) 1603.0
(7155, 7156, 7157) 1508.0
(2637, 2638, 2639) 1936.0
(6065, 6066, 6067) 1262.0
(6476, 6477, 6478) 1342.0
(1371, 1372, 1373) 1711.0
(5342, 5343, 5344) 1097.0
(8392, 8393, 8394) 1268.0
(203, 204, 205) 1261.0
(1031, 1032, 1033) 1264.0
(2501, 2502, 2503) 1583.0
(3835, 3836, 3837) 1765.0
(1886, 1887, 1888) 1540.0
(2147, 2148, 2149) 1870.0
(1722, 1723, 1724) 1578.0
(8549, 8550, 8551) 1185.0
(6370, 6371, 6372) 1516.0
(5648, 5649, 5650) 1546.0
(5807, 5808, 5809) 1196.0
(6311, 6312, 6313) 1308.0
(3050, 3051, 3052) 1859.0
(1272, 1273, 1274) 1258.0
(9930, 9931, 9932) 1626.0
(1342, 1343, 1344) 1476.0
(3496, 3497, 3498) 1658.0
(5908, 5909, 5910) 1283.0
(9919, 9920, 9921) 1455.0
(1585, 1586, 1587) 1208.0
(6582, 6583, 6584) 1507.0
(2548, 2549, 2550) 1415.0
(6128, 6129, 6130) 1390.0
(8084, 8085, 8086) 1592.0
(887, 888, 889) 1383.0
(5345, 5346, 5347) 1398.0
(2328, 2329, 2330) 1448.0
(800, 801, 802) 1245.0
(2488, 2489, 2490) 1468.0
(550, 551, 552) 1214.0
(4304, 4305, 4306) 1165.0
(2567, 2568, 2569) 1822.0
(2705, 2706, 2707) 1293.0
(5329, 5330, 5331) 1260.0
(2099, 2100, 2101) 1331.0
(8653, 8654, 8655) 1437.0
(723, 724, 725) 1775.0
(3478, 3479, 3480) 2347.0
(5969, 5970, 5971) 1592.0
(8033, 8034, 8035) 1448.0
(2956, 2957, 2958) 1256.0
(9501, 9502, 9503) 1856.0
(9570, 9571, 9572) 1493.0
(8295, 8296, 8297) 1231.0
(6446, 6447, 6448) 1184.0
(8847, 8848, 8849) 1317.0
(4924, 4925, 4926) 1657.0
(6746, 6747, 6748) 1440.0
(8627, 8628, 8629) 2089.0
(8666, 8667, 8668) 1375.0
(4629, 4630, 4631) 1823.0
(538, 539, 540) 1237.0
(5351, 5352, 5353) 1411.0
(4349, 4350, 4351) 1977.0
(7482, 7483, 7484) 1478.0
(3288, 3289, 3290) 1248.0
(6086, 6087, 6088) 1662.0
(6450, 6451, 6452) 1270.0
(4975, 4976, 4977) 1590.0
(7265, 7266, 7267) 1309.0
(1233, 1234, 1235) 1344.0
(7513, 7514, 7515) 1153.0
(1504, 1505, 1506) 1342.0
(3017, 3018, 3019) 1381.0
(2618, 2619, 2620) 1338.0
(1213, 1214, 1215) 1267.0
(4267, 4268, 4269) 1352.0
(1554, 1555, 1556) 1423.0
(2753, 2754, 2755) 1350.0
(9230, 9231, 9232) 1447.0
(2240, 2241, 2242) 1102.0
(5440, 5441, 5442) 1137.0
(6585, 6586, 6587) 1711.0
(3571, 3572, 3573) 1266.0
(6021, 6022, 6023) 1315.0
(8926, 8927, 8928) 1441.0
(2457, 2458, 2459) 1186.0
(2393, 2394, 2395) 1571.0
(7990, 7991, 7992) 1807.0
(2626, 2627, 2628) 1987.0
(2602, 2603, 2604) 1343.0
(2863, 2864, 2865) 1302.0
(5481, 5482, 5483) 1365.0
(1996, 1997, 1998) 1499.0
(4468, 4469, 4470) 1557.0
(3139, 3140, 3141) 1524.0
(6588, 6589, 6590) 1645.0
(1562, 1563, 1564) 1459.0
(3686, 3687, 3688) 1466.0
(9665, 9666, 9667) 1370.0
(2590, 2591, 2592) 1853.0
(2275, 2276, 2277) 1543.0
(8222, 8223, 8224) 1569.0
(6993, 6994, 6995) 1362.0
(2730, 2731, 2732) 1357.0
(7419, 7420, 7421) 1356.0
(5743, 5744, 5745) 1861.0
(8917, 8918, 8919) 1610.0
(4724, 4725, 4726) 1724.0
(9874, 9875, 9876) 1556.0
(3012, 3013, 3014) 1842.0
(3741, 3742, 3743) 1377.0
(3590, 3591, 3592) 1462.0
(8745, 8746, 8747) 1372.0
(2902, 2903, 2904) 1461.0
(9259, 9260, 9261) 1382.0
(8143, 8144, 8145) 1265.0
(7212, 7213, 7214) 1440.0
(7216, 7217, 7218) 1649.0
(9462, 9463, 9464) 1299.0
(8116, 8117, 8118) 1134.0
(3350, 3351, 3352) 1107.0
(3943, 3944, 3945) 1168.0
(9179, 9180, 9181) 2018.0
(8362, 8363, 8364) 1537.0
(5935, 5936, 5937) 1645.0
(7209, 7210, 7211) 1202.0
(7224, 7225, 7226) 1473.0
(4152, 4153, 4154) 1680.0
(8168, 8169, 8170) 1242.0
(1783, 1784, 1785) 1557.0
(982, 983, 984) 2063.0
(6669, 6670, 6671) 1180.0
(7356, 7357, 7358) 1496.0
(448, 449, 450) 1550.0
(999, 1000, 1001) 1150.0
(610, 611, 612) 1244.0
(4400, 4401, 4402) 1395.0
(777, 778, 779) 1433.0
(2608, 2609, 2610) 1384.0
(3835, 3836, 3837) 1765.0
(8386, 8387, 8388) 2061.0
(6060, 6061, 6062) 2132.0
(8135, 8136, 8137) 992.0
(8629, 8630, 8631) 1614.0
(4294, 4295, 4296) 1093.0
(3863, 3864, 3865) 1317.0
(4347, 4348, 4349) 1776.0
(7286, 7287, 7288) 1404.0
(3181, 3182, 3183) 1305.0
(9639, 9640, 9641) 1323.0
(7068, 7069, 7070) 1278.0
(3556, 3557, 3558) 1352.0
(3264, 3265, 3266) 1659.0
(7371, 7372, 7373) 1307.0
(2047, 2048, 2049) 1498.0
(6245, 6246, 6247) 1545.0
(8050, 8051, 8052) 1490.0
(7160, 7161, 7162) 1161.0
(3810, 3811, 3812) 1346.0
(7856, 7857, 7858) 1140.0
(9218, 9219, 9220) 1454.0
(2420, 2421, 2422) 1061.0
(9525, 9526, 9527) 1632.0
(294, 295, 296) 1503.0
(1167, 1168, 1169) 1568.0
(6128, 6129, 6130) 1390.0
(369, 370, 371) 1134.0
(9634, 9635, 9636) 1337.0
(4184, 4185, 4186) 1398.0
(364, 365, 366) 1647.0
(2916, 2917, 2918) 1636.0
(7001, 7002, 7003) 1271.0
(2261, 2262, 2263) 1067.0
(6851, 6852, 6853) 1902.0
(6491, 6492, 6493) 1270.0
(8076, 8077, 8078) 1047.0
(6316, 6317, 6318) 1266.0
(8086, 8087, 8088) 1739.0
(8032, 8033, 8034) 1540.0
(7364, 7365, 7366) 1494.0
(2279, 2280, 2281) 1490.0
(8711, 8712, 8713) 1153.0
(5903, 5904, 5905) 1542.0
(5516, 5517, 5518) 1229.0
(4528, 4529, 4530) 1466.0
(4424, 4425, 4426) 1435.0
(6756, 6757, 6758) 1308.0
(5731, 5732, 5733) 1471.0
(2423, 2424, 2425) 1367.0
(5312, 5313, 5314) 1829.0
(7049, 7050, 7051) 1245.0
(9154, 9155, 9156) 1360.0
(6744, 6745, 6746) 1433.0
(5763, 5764, 5765) 1531.0
(6693, 6694, 6695) 1300.0
(9923, 9924, 9925) 1486.0
(4983, 4984, 4985) 1629.0
(4344, 4345, 4346) 1484.0
(9225, 9226, 9227) 1479.0
(2446, 2447, 2448) 2082.0
(7445, 7446, 7447) 1401.0
(7697, 7698, 7699) 1422.0
(9547, 9548, 9549) 1100.0
(3585, 3586, 3587) 1559.0
(3441, 3442, 3443) 1091.0
(7436, 7437, 7438) 1366.0
(1813, 1814, 1815) 1400.0
(1053, 1054, 1055) 2622.0
(9979, 9980, 9981) 1284.0
(3313, 3314, 3315) 1539.0
(4704, 4705, 4706) 1531.0
(9619, 9620, 9621) 1577.0
(8971, 8972, 8973) 1507.0
(542, 543, 544) 1297.0
(864, 865, 866) 1232.0
(7940, 7941, 7942) 1254.0
(5864, 5865, 5866) 1597.0
(2685, 2686, 2687) 1298.0
(1068, 1069, 1070) 2073.0
(9089, 9090, 9091) 1178.0
(2220, 2221, 2222) 1190.0
(9114, 9115, 9116) 1242.0
(9323, 9324, 9325) 1683.0
(2138, 2139, 2140) 1430.0
(5302, 5303, 5304) 1896.0
(9097, 9098, 9099) 1318.0
(6376, 6377, 6378) 929.0
(8048, 8049, 8050) 1406.0
(1342, 1343, 1344) 1476.0
(7748, 7749, 7750) 2460.0
(8179, 8180, 8181) 1034.0
(4090, 4091, 4092) 1363.0
(5780, 5781, 5782) 1264.0
(6510, 6511, 6512) 1304.0
(6796, 6797, 6798) 996.0
(4270, 4271, 4272) 2044.0
(9272, 9273, 9274) 1253.0
(7742, 7743, 7744) 1180.0
(7472, 7473, 7474) 1324.0
(3308, 3309, 3310) 1372.0
(7630, 7631, 7632) 1683.0
(2540, 2541, 2542) 1801.0
(9601, 9602, 9603) 1435.0
(5788, 5789, 5790) 1404.0
(6636, 6637, 6638) 1662.0
(8779, 8780, 8781) 1470.0
(5017, 5018, 5019) 1148.0
(3274, 3275, 3276) 1329.0
(8298, 8299, 8300) 1008.0
(4919, 4920, 4921) 1785.0
