(7237, 7238, 7239) 1707.0
(6951, 6952, 6953) 1418.0
(5965, 5966, 5967) 1517.0
(9326, 9327, 9328) 1459.0
(4044, 4045, 4046) 1659.0
(4291, 4292, 4293) 1511.0
(126, 127, 128) 2165.0
(372, 373, 374) 1645.0
(9208, 9209, 9210) 1586.0
(7702, 7703, 7704) 1431.0
(4862, 4863, 4864) 1558.0
(5820, 5821, 5822) 1391.0
(209, 210, 211) 1460.0
(4741, 4742, 4743) 1498.0
(9375, 9376, 9377) 1298.0
(167, 168, 169) 1715.0
(531, 532, 533) 1421.0
(9256, 9257, 9258) 1334.0
(4388, 4389, 4390) 1658.0
(4612, 4613, 4614) 1629.0
(1272, 1273, 1274) 1311.0
(8362, 8363, 8364) 1632.0
(7578, 7579, 7580) 1576.0
(6577, 6578, 6579) 1349.0
(2127, 2128, 2129) 1195.0
(6128, 6129, 6130) 1662.0
(7327, 7328, 7329) 1610.0
(2624, 2625, 2626) 1934.0
(6114, 6115, 6116) 1661.0
(7349, 7350, 7351) 1641.0
(426, 427, 428) 2251.0
(3497, 3498, 3499) 1434.0
(5066, 5067, 5068) 1596.0
(4675, 4676, 4677) 1624.0
(7889, 7890, 7891) 1140.0
(6916, 6917, 6918) 1471.0
(2783, 2784, 2785) 1711.0
(8244, 8245, 8246) 1794.0
(9080, 9081, 9082) 1203.0
(9433, 9434, 9435) 1716.0
(2767, 2768, 2769) 1419.0
(9424, 9425, 9426) 1627.0
(1930, 1931, 1932) 1906.0
(7413, 7414, 7415) 1591.0
(6430, 6431, 6432) 1337.0
(2182, 2183, 2184) 1721.0
(112, 113, 114) 2015.0
(2736, 2737, 2738) 1125.0
(3365, 3366, 3367) 1845.0
(4641, 4642, 4643) 1985.0
(4161, 4162, 4163) 1399.0
(4115, 4116, 4117) 1348.0
(9014, 9015, 9016) 1444.0
(9183, 9184, 9185) 1723.0
(3610, 3611, 3612) 1830.0
(819, 820, 821) 1779.0
(2318, 2319, 2320) 1502.0
(7551, 7552, 7553) 2013.0
(8251, 8252, 8253) 1659.0
(1994, 1995, 1996) 1587.0
(3986, 3987, 3988) 1239.0
(831, 832, 833) 1404.0
(2533, 2534, 2535) 1388.0
(1155, 1156, 1157) 1466.0
(1308, 1309, 1310) 1725.0
(4536, 4537, 4538) 1922.0
(555, 556, 557) 1789.0
(6678, 6679, 6680) 2284.0
(3609, 3610, 3611) 1798.0
(3437, 3438, 3439) 1424.0
(7427, 7428, 7429) 1676.0
(521, 522, 523) 1851.0
(3785, 3786, 3787) 1465.0
(1752, 1753, 1754) 1722.0
(4708, 4709, 4710) 1772.0
(3607, 3608, 3609) 1581.0
(6672, 6673, 6674) 1607.0
(4630, 4631, 4632) 1797.0
(7033, 7034, 7035) 1744.0
(862, 863, 864) 1441.0
(138, 139, 140) 2054.0
(6265, 6266, 6267) 1529.0
(3957, 3958, 3959) 1593.0
(3040, 3041, 3042) 1681.0
(7932, 7933, 7934) 1689.0
(3930, 3931, 3932) 1564.0
(3696, 3697, 3698) 1794.0
(7697, 7698, 7699) 1493.0
(8480, 8481, 8482) 1770.0
(7082, 7083, 7084) 1437.0
(3891, 3892, 3893) 1297.0
(749, 750, 751) 1464.0
(2573, 2574, 2575) 1508.0
(7425, 7426, 7427) 1579.0
(9464, 9465, 9466) 1302.0
(2349, 2350, 2351) 1661.0
(7523, 7524, 7525) 1935.0
(4632, 4633, 4634) 1317.0
(5260, 5261, 5262) 1361.0
(9612, 9613, 9614) 1333.0
(5579, 5580, 5581) 1480.0
(8957, 8958, 8959) 1439.0
(3200, 3201, 3202) 1378.0
(5493, 5494, 5495) 2152.0
(9622, 9623, 9624) 1453.0
(8841, 8842, 8843) 1280.0
(6910, 6911, 6912) 1419.0
(5462, 5463, 5464) 1520.0
(835, 836, 837) 1683.0
(3810, 3811, 3812) 1527.0
(4691, 4692, 4693) 1724.0
(1005, 1006, 1007) 1637.0
(4041, 4042, 4043) 1658.0
(5258, 5259, 5260) 1938.0
(819, 820, 821) 1779.0
(4632, 4633, 4634) 1317.0
(997, 998, 999) 1294.0
(2870, 2871, 2872) 1811.0
(939, 940, 941) 1968.0
(1152, 1153, 1154) 1332.0
(8123, 8124, 8125) 1781.0
(2767, 2768, 2769) 1419.0
(2098, 2099, 2100) 1960.0
(1200, 1201, 1202) 1852.0
(3568, 3569, 3570) 1337.0
(750, 751, 752) 1607.0
(3249, 3250, 3251) 1582.0
(6711, 6712, 6713) 1195.0
(5604, 5605, 5606) 1369.0
(1997, 1998, 1999) 2029.0
(4550, 4551, 4552) 1424.0
(923, 924, 925) 1691.0
(9109, 9110, 9111) 1523.0
(6738, 6739, 6740) 1192.0
(4916, 4917, 4918) 1441.0
(1704, 1705, 1706) 1615.0
(8863, 8864, 8865) 1322.0
(4233, 4234, 4235) 1799.0
(3422, 3423, 3424) 1502.0
(3551, 3552, 3553) 1225.0
(7151, 7152, 7153) 1527.0
(5487, 5488, 5489) 1830.0
(7056, 7057, 7058) 1710.0
(9948, 9949, 9950) 1771.0
(3250, 3251, 3252) 1126.0
(3266, 3267, 3268) 1958.0
(841, 842, 843) 1357.0
(4435, 4436, 4437) 1335.0
(8675, 8676, 8677) 1531.0
(2469, 2470, 2471) 1361.0
(192, 193, 194) 1876.0
(8474, 8475, 8476) 1651.0
(7885, 7886, 7887) 1545.0
(5221, 5222, 5223) 1500.0
(4795, 4796, 4797) 1858.0
(7317, 7318, 7319) 1401.0
(9245, 9246, 9247) 1753.0
(3802, 3803, 3804) 1349.0
(2583, 2584, 2585) 1559.0
(8500, 8501, 8502) 1420.0
(5687, 5688, 5689) 1786.0
(7162, 7163, 7164) 1489.0
(8119, 8120, 8121) 1709.0
(510, 511, 512) 2183.0
(3781, 3782, 3783) 1440.0
(229, 230, 231) 2391.0
(816, 817, 818) 1942.0
(8120, 8121, 8122) 1757.0
(9332, 9333, 9334) 1751.0
(8194, 8195, 8196) 1429.0
(3295, 3296, 3297) 1419.0
(1292, 1293, 1294) 1476.0
(6893, 6894, 6895) 1256.0
(2547, 2548, 2549) 2080.0
(3438, 3439, 3440) 1838.0
(2250, 2251, 2252) 1738.0
(9769, 9770, 9771) 1800.0
(9468, 9469, 9470) 1715.0
(461, 462, 463) 1323.0
(6663, 6664, 6665) 1606.0
(9540, 9541, 9542) 1601.0
(6820, 6821, 6822) 2183.0
(7647, 7648, 7649) 1253.0
(8457, 8458, 8459) 1533.0
(3250, 3251, 3252) 1126.0
(9946, 9947, 9948) 1521.0
(4129, 4130, 4131) 1345.0
(2305, 2306, 2307) 1906.0
(2323, 2324, 2325) 1387.0
(798, 799, 800) 1470.0
(6502, 6503, 6504) 1859.0
(1991, 1992, 1993) 1364.0
(3536, 3537, 3538) 1489.0
(402, 403, 404) 1472.0
(2950, 2951, 2952) 1026.0
(9125, 9126, 9127) 1430.0
(8363, 8364, 8365) 1516.0
(1469, 1470, 1471) 1682.0
(6086, 6087, 6088) 1848.0
(7921, 7922, 7923) 2025.0
(2514, 2515, 2516) 1700.0
(5127, 5128, 5129) 1952.0
(4813, 4814, 4815) 1694.0
(5889, 5890, 5891) 1807.0
(4545, 4546, 4547) 1353.0
(8302, 8303, 8304) 1752.0
(6445, 6446, 6447) 1904.0
(6670, 6671, 6672) 1223.0
(112, 113, 114) 2015.0
(2507, 2508, 2509) 1927.0
(2019, 2020, 2021) 1346.0
(4019, 4020, 4021) 1311.0
(4680, 4681, 4682) 1362.0
(4909, 4910, 4911) 1635.0
(3323, 3324, 3325) 1698.0
(4462, 4463, 4464) 1345.0
(5529, 5530, 5531) 1695.0
(3492, 3493, 3494) 1758.0
(925, 926, 927) 1694.0
(7390, 7391, 7392) 2594.0
(12, 13, 14) 1790.0
(7193, 7194, 7195) 1400.0
(5054, 5055, 5056) 1380.0
(7237, 7238, 7239) 1707.0
(80, 81, 82) 2030.0
(8942, 8943, 8944) 1519.0
(3491, 3492, 3493) 1472.0
(4250, 4251, 4252) 1549.0
(664, 665, 666) 1358.0
(7584, 7585, 7586) 1483.0
(3419, 3420, 3421) 1891.0
(9951, 9952, 9953) 1320.0
(8852, 8853, 8854) 1474.0
(4231, 4232, 4233) 1383.0
(6638, 6639, 6640) 1612.0
(1127, 1128, 1129) 1748.0
(1723, 1724, 1725) 1508.0
(4933, 4934, 4935) 1629.0
(9457, 9458, 9459) 1189.0
(9501, 9502, 9503) 2213.0
(4282, 4283, 4284) 1331.0
(5099, 5100, 5101) 1410.0
(1647, 1648, 1649) 1599.0
(9800, 9801, 9802) 1668.0
(1713, 1714, 1715) 1603.0
(4762, 4763, 4764) 1517.0
(383, 384, 385) 1577.0
(3967, 3968, 3969) 1304.0
(8712, 8713, 8714) 1694.0
(184, 185, 186) 1698.0
(5350, 5351, 5352) 1195.0
(7305, 7306, 7307) 1568.0
(8532, 8533, 8534) 1268.0
(7938, 7939, 7940) 1193.0
(7341, 7342, 7343) 1405.0
(4140, 4141, 4142) 1324.0
(9573, 9574, 9575) 1555.0
(6443, 6444, 6445) 1538.0
(8991, 8992, 8993) 1711.0
(5743, 5744, 5745) 1949.0
(6302, 6303, 6304) 1343.0
(9576, 9577, 9578) 1561.0
(3976, 3977, 3978) 1625.0
(1016, 1017, 1018) 1715.0
(8695, 8696, 8697) 1953.0
(4424, 4425, 4426) 1525.0
(5758, 5759, 5760) 1832.0
(6928, 6929, 6930) 1983.0
(5363, 5364, 5365) 1310.0
(9084, 9085, 9086) 1598.0
(6767, 6768, 6769) 1572.0
(6700, 6701, 6702) 1589.0
(8776, 8777, 8778) 1932.0
(5260, 5261, 5262) 1361.0
(3754, 3755, 3756) 2347.0
(2564, 2565, 2566) 1486.0
(3431, 3432, 3433) 1483.0
(8832, 8833, 8834) 1365.0
(7317, 7318, 7319) 1401.0
(6641, 6642, 6643) 1320.0
(8286, 8287, 8288) 1372.0
(3365, 3366, 3367) 1845.0
(8642, 8643, 8644) 1522.0
(3477, 3478, 3479) 1611.0
(270, 271, 272) 1346.0
(280, 281, 282) 1580.0
(9661, 9662, 9663) 1893.0
(4734, 4735, 4736) 1609.0
(2118, 2119, 2120) 1788.0
(6682, 6683, 6684) 1258.0
(5767, 5768, 5769) 1530.0
(6891, 6892, 6893) 1449.0
(1781, 1782, 1783) 2488.0
(7786, 7787, 7788) 1893.0
(8167, 8168, 8169) 1395.0
(3912, 3913, 3914) 1807.0
(8274, 8275, 8276) 1508.0
(5191, 5192, 5193) 1668.0
(2997, 2998, 2999) 1382.0
(9413, 9414, 9415) 1772.0
(1761, 1762, 1763) 1605.0
