(9737, 9738, 9739) 1751.0
(9961, 9962, 9963) 2413.0
(2792, 2793, 2794) 1660.0
(8125, 8126, 8127) 1445.0
(2443, 2444, 2445) 1950.0
(4715, 4716, 4717) 1488.0
(2145, 2146, 2147) 1622.0
(1990, 1991, 1992) 1634.0
(7674, 7675, 7676) 1636.0
(8100, 8101, 8102) 1807.0
(6910, 6911, 6912) 1662.0
(1876, 1877, 1878) 1676.0
(2988, 2989, 2990) 1666.0
(8087, 8088, 8089) 1692.0
(6309, 6310, 6311) 1546.0
(4633, 4634, 4635) 1740.0
(3450, 3451, 3452) 2126.0
(3322, 3323, 3324) 2397.0
(7901, 7902, 7903) 1600.0
(2507, 2508, 2509) 1939.0
(6396, 6397, 6398) 2433.0
(2173, 2174, 2175) 1261.0
(7398, 7399, 7400) 1652.0
(7515, 7516, 7517) 1575.0
(5222, 5223, 5224) 1481.0
(4359, 4360, 4361) 1866.0
(2555, 2556, 2557) 2035.0
(2857, 2858, 2859) 1558.0
(2776, 2777, 2778) 1795.0
(6429, 6430, 6431) 1623.0
(5354, 5355, 5356) 1727.0
(5010, 5011, 5012) 1429.0
(5930, 5931, 5932) 2116.0
(921, 922, 923) 2353.0
(740, 741, 742) 2127.0
(2288, 2289, 2290) 1705.0
(2633, 2634, 2635) 2356.0
(6180, 6181, 6182) 2292.0
(9033, 9034, 9035) 1890.0
(4337, 4338, 4339) 1794.0
(4811, 4812, 4813) 1905.0
(1908, 1909, 1910) 2632.0
(3075, 3076, 3077) 1715.0
(3273, 3274, 3275) 1939.0
(5274, 5275, 5276) 1820.0
(3602, 3603, 3604) 2153.0
(2139, 2140, 2141) 1586.0
(2713, 2714, 2715) 1664.0
(1970, 1971, 1972) 1367.0
(6851, 6852, 6853) 2267.0
(3893, 3894, 3895) 1849.0
(7070, 7071, 7072) 2033.0
(9593, 9594, 9595) 1742.0
(8803, 8804, 8805) 1926.0
(2787, 2788, 2789) 1567.0
(3368, 3369, 3370) 1957.0
(1967, 1968, 1969) 1874.0
(351, 352, 353) 1955.0
(2554, 2555, 2556) 1460.0
(7892, 7893, 7894) 1849.0
(8495, 8496, 8497) 2316.0
(9711, 9712, 9713) 1902.0
(4148, 4149, 4150) 1668.0
(8773, 8774, 8775) 1438.0
(5072, 5073, 5074) 1649.0
(8910, 8911, 8912) 2089.0
(2512, 2513, 2514) 1588.0
(7604, 7605, 7606) 1474.0
(42, 43, 44) 1615.0
(4050, 4051, 4052) 1699.0
(9868, 9869, 9870) 1850.0
(5905, 5906, 5907) 1722.0
(5723, 5724, 5725) 1928.0
(7276, 7277, 7278) 1573.0
(3147, 3148, 3149) 1405.0
(1335, 1336, 1337) 1847.0
(2859, 2860, 2861) 1848.0
(9978, 9979, 9980) 2202.0
(5064, 5065, 5066) 2739.0
(6746, 6747, 6748) 1743.0
(481, 482, 483) 1421.0
(1176, 1177, 1178) 2050.0
(1791, 1792, 1793) 1505.0
(2160, 2161, 2162) 1336.0
(5753, 5754, 5755) 1765.0
(1387, 1388, 1389) 1423.0
(7990, 7991, 7992) 2358.0
(5560, 5561, 5562) 1399.0
(7498, 7499, 7500) 1479.0
(4771, 4772, 4773) 1784.0
(4765, 4766, 4767) 2309.0
(3113, 3114, 3115) 1829.0
(2583, 2584, 2585) 1646.0
(8005, 8006, 8007) 1983.0
(1717, 1718, 1719) 1375.0
(9995, 9996, 9997) 1588.0
(4481, 4482, 4483) 1761.0
(9342, 9343, 9344) 1900.0
(6434, 6435, 6436) 1896.0
(4649, 4650, 4651) 1507.0
(8087, 8088, 8089) 1692.0
(4857, 4858, 4859) 1636.0
(6553, 6554, 6555) 1702.0
(226, 227, 228) 1932.0
(4806, 4807, 4808) 1733.0
(4788, 4789, 4790) 1708.0
(4650, 4651, 4652) 1560.0
(2458, 2459, 2460) 1726.0
(1914, 1915, 1916) 1692.0
(3783, 3784, 3785) 1486.0
(5053, 5054, 5055) 1669.0
(2009, 2010, 2011) 2406.0
(115, 116, 117) 2000.0
(8972, 8973, 8974) 1280.0
(8771, 8772, 8773) 1573.0
(8829, 8830, 8831) 2240.0
(6162, 6163, 6164) 1873.0
(6668, 6669, 6670) 1412.0
(678, 679, 680) 2055.0
(1311, 1312, 1313) 2692.0
(2642, 2643, 2644) 1788.0
(761, 762, 763) 1979.0
(5081, 5082, 5083) 1878.0
(8303, 8304, 8305) 1301.0
(9591, 9592, 9593) 2082.0
(9025, 9026, 9027) 1225.0
(1714, 1715, 1716) 1565.0
(9217, 9218, 9219) 1848.0
(6278, 6279, 6280) 2287.0
(6885, 6886, 6887) 1897.0
(3541, 3542, 3543) 2039.0
(2989, 2990, 2991) 1846.0
(7486, 7487, 7488) 2075.0
(5023, 5024, 5025) 2157.0
(9045, 9046, 9047) 2331.0
(8522, 8523, 8524) 1577.0
(1683, 1684, 1685) 1600.0
(1643, 1644, 1645) 1391.0
(4693, 4694, 4695) 1665.0
(149, 150, 151) 2034.0
(3937, 3938, 3939) 1664.0
(4117, 4118, 4119) 1828.0
(7555, 7556, 7557) 1777.0
(9968, 9969, 9970) 1677.0
(6172, 6173, 6174) 1694.0
(3985, 3986, 3987) 1546.0
(2612, 2613, 2614) 2354.0
(5698, 5699, 5700) 1383.0
(8925, 8926, 8927) 1292.0
(5320, 5321, 5322) 2036.0
(6034, 6035, 6036) 1797.0
(8586, 8587, 8588) 2460.0
(3509, 3510, 3511) 1598.0
(1730, 1731, 1732) 2303.0
(7214, 7215, 7216) 1996.0
(3638, 3639, 3640) 2096.0
(4570, 4571, 4572) 1944.0
(9354, 9355, 9356) 2186.0
(2739, 2740, 2741) 1481.0
(9913, 9914, 9915) 1881.0
(8702, 8703, 8704) 1331.0
(1465, 1466, 1467) 1745.0
(9083, 9084, 9085) 1442.0
(9267, 9268, 9269) 2170.0
(2442, 2443, 2444) 2357.0
(1534, 1535, 1536) 2749.0
(3741, 3742, 3743) 1543.0
(7099, 7100, 7101) 1742.0
(2088, 2089, 2090) 1703.0
(9205, 9206, 9207) 1925.0
(5990, 5991, 5992) 1432.0
(9491, 9492, 9493) 1784.0
(6469, 6470, 6471) 1871.0
(9150, 9151, 9152) 1538.0
(3195, 3196, 3197) 2451.0
(191, 192, 193) 1976.0
(8731, 8732, 8733) 2281.0
(1487, 1488, 1489) 1351.0
(7590, 7591, 7592) 1996.0
(496, 497, 498) 1872.0
(4363, 4364, 4365) 1418.0
(7301, 7302, 7303) 1842.0
(7330, 7331, 7332) 2094.0
(181, 182, 183) 1375.0
(599, 600, 601) 1546.0
(3206, 3207, 3208) 1503.0
(9449, 9450, 9451) 1388.0
(6875, 6876, 6877) 2081.0
(2948, 2949, 2950) 1721.0
(5254, 5255, 5256) 1391.0
(7861, 7862, 7863) 1411.0
(4954, 4955, 4956) 1851.0
(8490, 8491, 8492) 1513.0
(5245, 5246, 5247) 1695.0
(478, 479, 480) 1831.0
(5037, 5038, 5039) 1887.0
(1341, 1342, 1343) 1754.0
(8708, 8709, 8710) 1488.0
(8234, 8235, 8236) 1303.0
(9468, 9469, 9470) 1723.0
(8181, 8182, 8183) 1819.0
(5636, 5637, 5638) 1999.0
(4475, 4476, 4477) 1528.0
(7993, 7994, 7995) 1893.0
(4047, 4048, 4049) 1689.0
(8505, 8506, 8507) 1620.0
(2649, 2650, 2651) 1535.0
(9327, 9328, 9329) 1533.0
(9996, 9997, 9998) 2271.0
(6152, 6153, 6154) 1736.0
(2100, 2101, 2102) 1815.0
(113, 114, 115) 1818.0
(5513, 5514, 5515) 1611.0
(7714, 7715, 7716) 1716.0
(9090, 9091, 9092) 1820.0
(7848, 7849, 7850) 1530.0
(6768, 6769, 6770) 1407.0
(980, 981, 982) 1329.0
(714, 715, 716) 2238.0
(2408, 2409, 2410) 1389.0
(2608, 2609, 2610) 1598.0
(8993, 8994, 8995) 1787.0
(1665, 1666, 1667) 1744.0
(4002, 4003, 4004) 2126.0
(76, 77, 78) 2077.0
(9877, 9878, 9879) 2096.0
(4755, 4756, 4757) 1498.0
(4421, 4422, 4423) 1629.0
(2679, 2680, 2681) 1902.0
(236, 237, 238) 1913.0
(421, 422, 423) 2007.0
(5771, 5772, 5773) 1860.0
(6387, 6388, 6389) 1435.0
(135, 136, 137) 1467.0
(2623, 2624, 2625) 1892.0
(2385, 2386, 2387) 1390.0
(3213, 3214, 3215) 1673.0
(915, 916, 917) 1085.0
(7584, 7585, 7586) 1428.0
(9234, 9235, 9236) 1554.0
(1823, 1824, 1825) 2231.0
(4239, 4240, 4241) 1293.0
(7944, 7945, 7946) 1591.0
(5346, 5347, 5348) 1513.0
(122, 123, 124) 1923.0
(3929, 3930, 3931) 2082.0
(8143, 8144, 8145) 1619.0
(8794, 8795, 8796) 1785.0
(4920, 4921, 4922) 1892.0
(9911, 9912, 9913) 1537.0
(6704, 6705, 6706) 1574.0
(8607, 8608, 8609) 1764.0
(2254, 2255, 2256) 2145.0
(6150, 6151, 6152) 1659.0
(891, 892, 893) 1884.0
(5183, 5184, 5185) 2043.0
(2860, 2861, 2862) 1941.0
(2752, 2753, 2754) 1778.0
(5823, 5824, 5825) 1839.0
(2018, 2019, 2020) 1718.0
(9923, 9924, 9925) 1799.0
(5177, 5178, 5179) 1645.0
(4148, 4149, 4150) 1668.0
(3754, 3755, 3756) 2433.0
(1929, 1930, 1931) 1915.0
(4315, 4316, 4317) 1483.0
(4984, 4985, 4986) 1468.0
(768, 769, 770) 1994.0
(7480, 7481, 7482) 1636.0
(5086, 5087, 5088) 1626.0
(9056, 9057, 9058) 1395.0
(4862, 4863, 4864) 1589.0
(1216, 1217, 1218) 1971.0
(2761, 2762, 2763) 1822.0
(6974, 6975, 6976) 1519.0
(6234, 6235, 6236) 1525.0
(3969, 3970, 3971) 1800.0
(2864, 2865, 2866) 1403.0
(2445, 2446, 2447) 1909.0
(9488, 9489, 9490) 1758.0
(8534, 8535, 8536) 1710.0
(5992, 5993, 5994) 1512.0
(155, 156, 157) 1569.0
(1937, 1938, 1939) 1683.0
(3705, 3706, 3707) 2092.0
(6269, 6270, 6271) 1602.0
(1853, 1854, 1855) 1881.0
(6275, 6276, 6277) 1508.0
(470, 471, 472) 1992.0
(587, 588, 589) 1482.0
(6261, 6262, 6263) 2371.0
(3605, 3606, 3607) 1770.0
(2929, 2930, 2931) 1673.0
(9134, 9135, 9136) 1461.0
(6653, 6654, 6655) 1794.0
(1844, 1845, 1846) 1640.0
(1779, 1780, 1781) 1537.0
(8725, 8726, 8727) 1863.0
(3384, 3385, 3386) 1420.0
(4384, 4385, 4386) 1689.0
(4215, 4216, 4217) 1470.0
