(4896, 4897, 4898) 2024.0
(6974, 6975, 6976) 1664.0
(506, 507, 508) 1871.0
(7612, 7613, 7614) 1584.0
(3819, 3820, 3821) 1778.0
(4714, 4715, 4716) 1824.0
(1465, 1466, 1467) 1786.0
(1034, 1035, 1036) 1581.0
(9500, 9501, 9502) 1896.0
(4443, 4444, 4445) 1623.0
(2025, 2026, 2027) 2115.0
(8994, 8995, 8996) 2225.0
(9709, 9710, 9711) 1747.0
(7366, 7367, 7368) 2327.0
(2641, 2642, 2643) 2045.0
(7267, 7268, 7269) 1916.0
(3004, 3005, 3006) 2094.0
(6495, 6496, 6497) 2257.0
(4718, 4719, 4720) 2167.0
(8360, 8361, 8362) 1658.0
(5050, 5051, 5052) 1856.0
(8398, 8399, 8400) 1787.0
(4210, 4211, 4212) 1601.0
(830, 831, 832) 1795.0
(9688, 9689, 9690) 1836.0
(5557, 5558, 5559) 1966.0
(9785, 9786, 9787) 2384.0
(3525, 3526, 3527) 1840.0
(8405, 8406, 8407) 1543.0
(5088, 5089, 5090) 1688.0
(8804, 8805, 8806) 2055.0
(8145, 8146, 8147) 1598.0
(5165, 5166, 5167) 1505.0
(7146, 7147, 7148) 1673.0
(4687, 4688, 4689) 1442.0
(1751, 1752, 1753) 1645.0
(7031, 7032, 7033) 1704.0
(2880, 2881, 2882) 1648.0
(4551, 4552, 4553) 1654.0
(6390, 6391, 6392) 1677.0
(7341, 7342, 7343) 1800.0
(9503, 9504, 9505) 1483.0
(7839, 7840, 7841) 1729.0
(9928, 9929, 9930) 1860.0
(7461, 7462, 7463) 1576.0
(5688, 5689, 5690) 2222.0
(1546, 1547, 1548) 1998.0
(8707, 8708, 8709) 2135.0
(2844, 2845, 2846) 2030.0
(1189, 1190, 1191) 1887.0
(6179, 6180, 6181) 1850.0
(3039, 3040, 3041) 1783.0
(3685, 3686, 3687) 1525.0
(7327, 7328, 7329) 1952.0
(8493, 8494, 8495) 1681.0
(2161, 2162, 2163) 1651.0
(4422, 4423, 4424) 1933.0
(2274, 2275, 2276) 1940.0
(5186, 5187, 5188) 2353.0
(9428, 9429, 9430) 1375.0
(9537, 9538, 9539) 1542.0
(6249, 6250, 6251) 1702.0
(677, 678, 679) 2080.0
(5357, 5358, 5359) 2115.0
(6549, 6550, 6551) 2446.0
(6135, 6136, 6137) 1659.0
(2528, 2529, 2530) 1918.0
(2795, 2796, 2797) 1678.0
(1379, 1380, 1381) 1684.0
(3832, 3833, 3834) 1728.0
(9985, 9986, 9987) 1620.0
(830, 831, 832) 1795.0
(3536, 3537, 3538) 1618.0
(5548, 5549, 5550) 2324.0
(3584, 3585, 3586) 1455.0
(1794, 1795, 1796) 2357.0
(7016, 7017, 7018) 1786.0
(4501, 4502, 4503) 1688.0
(4231, 4232, 4233) 1668.0
(5753, 5754, 5755) 1973.0
(5658, 5659, 5660) 1711.0
(3406, 3407, 3408) 2038.0
(1464, 1465, 1466) 1415.0
(3328, 3329, 3330) 1941.0
(8233, 8234, 8235) 1698.0
(2234, 2235, 2236) 2381.0
(4322, 4323, 4324) 1836.0
(5891, 5892, 5893) 2473.0
(5597, 5598, 5599) 1622.0
(1177, 1178, 1179) 1920.0
(8309, 8310, 8311) 1396.0
(2895, 2896, 2897) 1677.0
(4817, 4818, 4819) 1891.0
(8189, 8190, 8191) 1964.0
(4155, 4156, 4157) 1795.0
(5739, 5740, 5741) 2164.0
(998, 999, 1000) 1797.0
(3996, 3997, 3998) 1822.0
(5501, 5502, 5503) 1623.0
(166, 167, 168) 2359.0
(1744, 1745, 1746) 1986.0
(5886, 5887, 5888) 1679.0
(7374, 7375, 7376) 1697.0
(1693, 1694, 1695) 1682.0
(6920, 6921, 6922) 2002.0
(8132, 8133, 8134) 1771.0
(2207, 2208, 2209) 1807.0
(4035, 4036, 4037) 1303.0
(6161, 6162, 6163) 1800.0
(8901, 8902, 8903) 2322.0
(8417, 8418, 8419) 1747.0
(8288, 8289, 8290) 2209.0
(4093, 4094, 4095) 1943.0
(3705, 3706, 3707) 2075.0
(6505, 6506, 6507) 1432.0
(1049, 1050, 1051) 1730.0
(2379, 2380, 2381) 1860.0
(9596, 9597, 9598) 1774.0
(478, 479, 480) 1782.0
(547, 548, 549) 1530.0
(8660, 8661, 8662) 2019.0
(5309, 5310, 5311) 2015.0
(5142, 5143, 5144) 2026.0
(1360, 1361, 1362) 1588.0
(8131, 8132, 8133) 1923.0
(4802, 4803, 4804) 2295.0
(0, 1, 2) 2087.0
(7464, 7465, 7466) 1769.0
(3100, 3101, 3102) 2735.0
(7396, 7397, 7398) 2069.0
(855, 856, 857) 1409.0
(4875, 4876, 4877) 1558.0
(4459, 4460, 4461) 1658.0
(8030, 8031, 8032) 1914.0
(8056, 8057, 8058) 2127.0
(8485, 8486, 8487) 1367.0
(2993, 2994, 2995) 2000.0
(8731, 8732, 8733) 2413.0
(7450, 7451, 7452) 2833.0
(7646, 7647, 7648) 1995.0
(765, 766, 767) 2028.0
(7190, 7191, 7192) 1917.0
(2549, 2550, 2551) 1483.0
(8536, 8537, 8538) 1833.0
(4155, 4156, 4157) 1795.0
(1215, 1216, 1217) 1549.0
(2346, 2347, 2348) 1921.0
(1488, 1489, 1490) 1904.0
(3619, 3620, 3621) 1967.0
(9332, 9333, 9334) 1875.0
(9353, 9354, 9355) 2230.0
(8986, 8987, 8988) 1755.0
(5260, 5261, 5262) 1519.0
(4586, 4587, 4588) 1449.0
(9916, 9917, 9918) 1749.0
(3584, 3585, 3586) 1455.0
(3479, 3480, 3481) 2039.0
(6431, 6432, 6433) 1697.0
(5722, 5723, 5724) 1823.0
(6044, 6045, 6046) 2172.0
(6390, 6391, 6392) 1677.0
(6172, 6173, 6174) 1884.0
(7962, 7963, 7964) 1639.0
(6130, 6131, 6132) 1573.0
(3536, 3537, 3538) 1618.0
(8992, 8993, 8994) 1941.0
(693, 694, 695) 1563.0
(9659, 9660, 9661) 1831.0
(5722, 5723, 5724) 1823.0
(7802, 7803, 7804) 1897.0
(7745, 7746, 7747) 1765.0
(1738, 1739, 1740) 1656.0
(9065, 9066, 9067) 2263.0
(9394, 9395, 9396) 1688.0
(1128, 1129, 1130) 1876.0
(2916, 2917, 2918) 2420.0
(9973, 9974, 9975) 1622.0
(4522, 4523, 4524) 1782.0
(2779, 2780, 2781) 2297.0
(9990, 9991, 9992) 1815.0
(2225, 2226, 2227) 1931.0
(8366, 8367, 8368) 2266.0
(6458, 6459, 6460) 1477.0
(2382, 2383, 2384) 2092.0
(4496, 4497, 4498) 1623.0
(8713, 8714, 8715) 1718.0
(4667, 4668, 4669) 1619.0
(7097, 7098, 7099) 1963.0
(1204, 1205, 1206) 1689.0
(3947, 3948, 3949) 1533.0
(9541, 9542, 9543) 1944.0
(4825, 4826, 4827) 2401.0
(4848, 4849, 4850) 1794.0
(9255, 9256, 9257) 1564.0
(349, 350, 351) 1870.0
(7587, 7588, 7589) 1708.0
(5465, 5466, 5467) 1812.0
(5203, 5204, 5205) 2260.0
(744, 745, 746) 2163.0
(742, 743, 744) 1922.0
(3603, 3604, 3605) 1946.0
(6984, 6985, 6986) 1698.0
(4794, 4795, 4796) 1545.0
(3939, 3940, 3941) 1561.0
(5269, 5270, 5271) 1918.0
(1178, 1179, 1180) 1635.0
(4795, 4796, 4797) 2131.0
(3250, 3251, 3252) 1360.0
(6521, 6522, 6523) 1702.0
(4839, 4840, 4841) 1501.0
(5302, 5303, 5304) 2471.0
(8699, 8700, 8701) 1723.0
(9256, 9257, 9258) 1607.0
(3328, 3329, 3330) 1941.0
(6166, 6167, 6168) 1779.0
(5932, 5933, 5934) 1565.0
(9328, 9329, 9330) 2184.0
(2243, 2244, 2245) 1963.0
(8800, 8801, 8802) 1717.0
(9447, 9448, 9449) 1686.0
(1621, 1622, 1623) 1968.0
(7482, 7483, 7484) 1760.0
(1247, 1248, 1249) 1692.0
(6097, 6098, 6099) 2012.0
(6651, 6652, 6653) 1786.0
(4551, 4552, 4553) 1654.0
(2853, 2854, 2855) 1739.0
(3022, 3023, 3024) 1580.0
(3586, 3587, 3588) 1586.0
(8875, 8876, 8877) 1517.0
(6318, 6319, 6320) 1934.0
(618, 619, 620) 2372.0
(1520, 1521, 1522) 1841.0
(8905, 8906, 8907) 1880.0
(7583, 7584, 7585) 1988.0
(396, 397, 398) 2154.0
(7872, 7873, 7874) 2182.0
(4995, 4996, 4997) 2722.0
(8224, 8225, 8226) 1858.0
(6711, 6712, 6713) 1375.0
(487, 488, 489) 2013.0
(5072, 5073, 5074) 1815.0
(2881, 2882, 2883) 1533.0
(9042, 9043, 9044) 1485.0
(9445, 9446, 9447) 2079.0
(9874, 9875, 9876) 1787.0
(4758, 4759, 4760) 2040.0
(7893, 7894, 7895) 2054.0
(99, 100, 101) 2193.0
(3469, 3470, 3471) 2247.0
(6345, 6346, 6347) 1714.0
(6774, 6775, 6776) 1585.0
(3389, 3390, 3391) 1815.0
(4789, 4790, 4791) 1793.0
(7916, 7917, 7918) 2242.0
(6834, 6835, 6836) 1869.0
(8639, 8640, 8641) 1439.0
(3653, 3654, 3655) 2158.0
(8725, 8726, 8727) 2054.0
(1402, 1403, 1404) 1920.0
(4111, 4112, 4113) 1834.0
(4077, 4078, 4079) 1760.0
(145, 146, 147) 1609.0
(4660, 4661, 4662) 2431.0
(6438, 6439, 6440) 2330.0
(4188, 4189, 4190) 2169.0
(4923, 4924, 4925) 1905.0
(3509, 3510, 3511) 1774.0
(8344, 8345, 8346) 1769.0
(4384, 4385, 4386) 1821.0
(3780, 3781, 3782) 1485.0
(1830, 1831, 1832) 1779.0
(6610, 6611, 6612) 2202.0
(6879, 6880, 6881) 1494.0
(9992, 9993, 9994) 1318.0
(9391, 9392, 9393) 1624.0
(4692, 4693, 4694) 1824.0
(7251, 7252, 7253) 1724.0
(9684, 9685, 9686) 1842.0
(9616, 9617, 9618) 2207.0
(4279, 4280, 4281) 2182.0
(8710, 8711, 8712) 2055.0
(4067, 4068, 4069) 1825.0
(2897, 2898, 2899) 1542.0
(3807, 3808, 3809) 1500.0
(6235, 6236, 6237) 1909.0
(544, 545, 546) 2258.0
(6802, 6803, 6804) 2619.0
(2142, 2143, 2144) 2286.0
(8224, 8225, 8226) 1858.0
(580, 581, 582) 1634.0
(3117, 3118, 3119) 1723.0
(2886, 2887, 2888) 1989.0
(209, 210, 211) 1900.0
(5031, 5032, 5033) 1463.0
(9847, 9848, 9849) 2160.0
(8802, 8803, 8804) 1578.0
(6870, 6871, 6872) 1395.0
(2212, 2213, 2214) 1411.0
(669, 670, 671) 2151.0
(1594, 1595, 1596) 1596.0
