(8370, 8371, 8372) 2013.0
(3156, 3157, 3158) 1627.0
(4205, 4206, 4207) 2580.0
(4578, 4579, 4580) 2250.0
(8635, 8636, 8637) 1809.0
(9952, 9953, 9954) 1699.0
(5759, 5760, 5761) 2000.0
(9800, 9801, 9802) 2042.0
(8308, 8309, 8310) 2267.0
(4857, 4858, 4859) 1784.0
(6576, 6577, 6578) 1891.0
(6483, 6484, 6485) 1911.0
(2934, 2935, 2936) 1848.0
(458, 459, 460) 1666.0
(5700, 5701, 5702) 2139.0
(2326, 2327, 2328) 1954.0
(6993, 6994, 6995) 1890.0
(653, 654, 655) 2005.0
(1169, 1170, 1171) 1675.0
(4693, 4694, 4695) 1798.0
(2061, 2062, 2063) 1573.0
(3324, 3325, 3326) 2111.0
(2961, 2962, 2963) 2363.0
(1780, 1781, 1782) 1625.0
(1653, 1654, 1655) 1881.0
(6467, 6468, 6469) 2522.0
(2274, 2275, 2276) 2212.0
(4612, 4613, 4614) 1877.0
(6700, 6701, 6702) 2199.0
(6179, 6180, 6181) 1974.0
(5874, 5875, 5876) 2181.0
(3330, 3331, 3332) 1668.0
(9469, 9470, 9471) 1903.0
(2008, 2009, 2010) 1797.0
(7705, 7706, 7707) 1541.0
(3890, 3891, 3892) 2169.0
(709, 710, 711) 1950.0
(9671, 9672, 9673) 1863.0
(1853, 1854, 1855) 2016.0
(2193, 2194, 2195) 1341.0
(6017, 6018, 6019) 2137.0
(2066, 2067, 2068) 2330.0
(1745, 1746, 1747) 1905.0
(7461, 7462, 7463) 1608.0
(6830, 6831, 6832) 2048.0
(8018, 8019, 8020) 2918.0
(7184, 7185, 7186) 2049.0
(6454, 6455, 6456) 1740.0
(9798, 9799, 9800) 1866.0
(7715, 7716, 7717) 1949.0
(3303, 3304, 3305) 2776.0
(5820, 5821, 5822) 1868.0
(7818, 7819, 7820) 1981.0
(8928, 8929, 8930) 1947.0
(3700, 3701, 3702) 1850.0
(5726, 5727, 5728) 1814.0
(7605, 7606, 7607) 1309.0
(6271, 6272, 6273) 2398.0
(6588, 6589, 6590) 2188.0
(2175, 2176, 2177) 2218.0
(5761, 5762, 5763) 2275.0
(9413, 9414, 9415) 2133.0
(6829, 6830, 6831) 2030.0
(5649, 5650, 5651) 1635.0
(1543, 1544, 1545) 1874.0
(569, 570, 571) 1982.0
(7347, 7348, 7349) 2027.0
(7017, 7018, 7019) 2161.0
(4933, 4934, 4935) 1905.0
(3013, 3014, 3015) 2126.0
(4902, 4903, 4904) 2065.0
(3647, 3648, 3649) 1989.0
(64, 65, 66) 1902.0
(7003, 7004, 7005) 1570.0
(2329, 2330, 2331) 1540.0
(6235, 6236, 6237) 2259.0
(7259, 7260, 7261) 3117.0
(4004, 4005, 4006) 1762.0
(3320, 3321, 3322) 1925.0
(6836, 6837, 6838) 2108.0
(5000, 5001, 5002) 1943.0
(8744, 8745, 8746) 2009.0
(9092, 9093, 9094) 2562.0
(4209, 4210, 4211) 1800.0
(7615, 7616, 7617) 1840.0
(4880, 4881, 4882) 2356.0
(6781, 6782, 6783) 2151.0
(6689, 6690, 6691) 1869.0
(3230, 3231, 3232) 2145.0
(3395, 3396, 3397) 1987.0
(6922, 6923, 6924) 2266.0
(7056, 7057, 7058) 2540.0
(1938, 1939, 1940) 2420.0
(3708, 3709, 3710) 1876.0
(1255, 1256, 1257) 2043.0
(5338, 5339, 5340) 2325.0
(3632, 3633, 3634) 1637.0
(6866, 6867, 6868) 2490.0
(628, 629, 630) 2193.0
(2545, 2546, 2547) 1669.0
(7792, 7793, 7794) 1890.0
(2996, 2997, 2998) 2030.0
(9872, 9873, 9874) 1903.0
(7335, 7336, 7337) 2182.0
(48, 49, 50) 1688.0
(6802, 6803, 6804) 2641.0
(5945, 5946, 5947) 1896.0
(2680, 2681, 2682) 1971.0
(3871, 3872, 3873) 2431.0
(6038, 6039, 6040) 1600.0
(1335, 1336, 1337) 2162.0
(4089, 4090, 4091) 1986.0
(7145, 7146, 7147) 2815.0
(7612, 7613, 7614) 1724.0
(8523, 8524, 8525) 2160.0
(8307, 8308, 8309) 2191.0
(2085, 2086, 2087) 1996.0
(3396, 3397, 3398) 1704.0
(6961, 6962, 6963) 1845.0
(9886, 9887, 9888) 2048.0
(3852, 3853, 3854) 1742.0
(8846, 8847, 8848) 1992.0
(6274, 6275, 6276) 1682.0
(6601, 6602, 6603) 1853.0
(6220, 6221, 6222) 2455.0
(8067, 8068, 8069) 1663.0
(2189, 2190, 2191) 2074.0
(1534, 1535, 1536) 2855.0
(4435, 4436, 4437) 1675.0
(1525, 1526, 1527) 2047.0
(3942, 3943, 3944) 2027.0
(3472, 3473, 3474) 1972.0
(8848, 8849, 8850) 2254.0
(850, 851, 852) 1996.0
(6579, 6580, 6581) 1744.0
(6992, 6993, 6994) 2115.0
(5449, 5450, 5451) 2027.0
(9072, 9073, 9074) 2183.0
(5339, 5340, 5341) 2137.0
(1767, 1768, 1769) 1721.0
(3892, 3893, 3894) 2403.0
(2250, 2251, 2252) 2061.0
(6431, 6432, 6433) 1708.0
(6150, 6151, 6152) 2136.0
(8616, 8617, 8618) 1883.0
(3616, 3617, 3618) 1621.0
(819, 820, 821) 2303.0
(3511, 3512, 3513) 2248.0
(1888, 1889, 1890) 2172.0
(1870, 1871, 1872) 2000.0
(4750, 4751, 4752) 1680.0
(743, 744, 745) 1933.0
(7342, 7343, 7344) 1929.0
(6513, 6514, 6515) 2245.0
(8681, 8682, 8683) 1893.0
(5323, 5324, 5325) 1816.0
(128, 129, 130) 2384.0
(7136, 7137, 7138) 1579.0
(2661, 2662, 2663) 2464.0
(5272, 5273, 5274) 2664.0
(5568, 5569, 5570) 2029.0
(4630, 4631, 4632) 2183.0
(2590, 2591, 2592) 2445.0
(3740, 3741, 3742) 1818.0
(9487, 9488, 9489) 2557.0
(5445, 5446, 5447) 1860.0
(6839, 6840, 6841) 2463.0
(3640, 3641, 3642) 1841.0
(493, 494, 495) 1894.0
(9573, 9574, 9575) 1880.0
(508, 509, 510) 1711.0
(3265, 3266, 3267) 2041.0
(2306, 2307, 2308) 2210.0
(1200, 1201, 1202) 2203.0
(898, 899, 900) 2609.0
(7051, 7052, 7053) 2343.0
(7458, 7459, 7460) 2212.0
(7108, 7109, 7110) 2529.0
(3741, 3742, 3743) 2105.0
(9418, 9419, 9420) 2851.0
(5312, 5313, 5314) 2075.0
(4729, 4730, 4731) 1671.0
(845, 846, 847) 2178.0
(6128, 6129, 6130) 2341.0
(6792, 6793, 6794) 2825.0
(3899, 3900, 3901) 1923.0
(1323, 1324, 1325) 2002.0
(461, 462, 463) 1706.0
(1750, 1751, 1752) 2195.0
(4534, 4535, 4536) 2049.0
(702, 703, 704) 2425.0
(2691, 2692, 2693) 3467.0
(1068, 1069, 1070) 2959.0
(6447, 6448, 6449) 2334.0
(512, 513, 514) 2489.0
(5478, 5479, 5480) 2112.0
(9436, 9437, 9438) 1889.0
(2850, 2851, 2852) 2040.0
(4385, 4386, 4387) 2267.0
(9888, 9889, 9890) 1636.0
(6965, 6966, 6967) 1803.0
(6298, 6299, 6300) 1824.0
(7166, 7167, 7168) 2604.0
(8899, 8900, 8901) 1879.0
(6641, 6642, 6643) 1941.0
(608, 609, 610) 1698.0
(7204, 7205, 7206) 1983.0
(8409, 8410, 8411) 2138.0
(418, 419, 420) 2329.0
(6061, 6062, 6063) 2230.0
(2858, 2859, 2860) 1739.0
(5510, 5511, 5512) 1862.0
(9887, 9888, 9889) 3016.0
(267, 268, 269) 1856.0
(7257, 7258, 7259) 2371.0
(5474, 5475, 5476) 1835.0
(446, 447, 448) 1976.0
(4582, 4583, 4584) 2023.0
(8900, 8901, 8902) 1665.0
(3178, 3179, 3180) 2048.0
(1918, 1919, 1920) 2066.0
(7296, 7297, 7298) 1949.0
(1321, 1322, 1323) 2160.0
(920, 921, 922) 2494.0
(2080, 2081, 2082) 2123.0
(4409, 4410, 4411) 1892.0
(7968, 7969, 7970) 1836.0
(1439, 1440, 1441) 1589.0
(9056, 9057, 9058) 1576.0
(2219, 2220, 2221) 1868.0
(1615, 1616, 1617) 2920.0
(5983, 5984, 5985) 2068.0
(5275, 5276, 5277) 1898.0
(142, 143, 144) 2127.0
(9876, 9877, 9878) 1852.0
(4179, 4180, 4181) 2105.0
(5089, 5090, 5091) 2221.0
(3709, 3710, 3711) 1797.0
(3790, 3791, 3792) 1797.0
(7499, 7500, 7501) 1596.0
(3214, 3215, 3216) 1920.0
(9120, 9121, 9122) 1957.0
(6059, 6060, 6061) 1586.0
(5666, 5667, 5668) 1817.0
(7102, 7103, 7104) 1557.0
(1363, 1364, 1365) 1454.0
(1360, 1361, 1362) 1790.0
(9328, 9329, 9330) 2341.0
(8959, 8960, 8961) 2395.0
(6922, 6923, 6924) 2266.0
(6104, 6105, 6106) 1616.0
(583, 584, 585) 2163.0
(2931, 2932, 2933) 1695.0
(3936, 3937, 3938) 2030.0
(6255, 6256, 6257) 1895.0
(4981, 4982, 4983) 1968.0
(4736, 4737, 4738) 2684.0
(2816, 2817, 2818) 2159.0
(2223, 2224, 2225) 1690.0
(6796, 6797, 6798) 1624.0
(7370, 7371, 7372) 1805.0
(2793, 2794, 2795) 1561.0
(4594, 4595, 4596) 1896.0
(9141, 9142, 9143) 2095.0
(2393, 2394, 2395) 2514.0
(2707, 2708, 2709) 2174.0
(4952, 4953, 4954) 2125.0
(4611, 4612, 4613) 2340.0
(3743, 3744, 3745) 2392.0
(9656, 9657, 9658) 2547.0
(5994, 5995, 5996) 2413.0
(3224, 3225, 3226) 2140.0
(489, 490, 491) 1691.0
(308, 309, 310) 2079.0
(4088, 4089, 4090) 2513.0
(1403, 1404, 1405) 2074.0
(1910, 1911, 1912) 1768.0
(6235, 6236, 6237) 2259.0
(6128, 6129, 6130) 2341.0
(7544, 7545, 7546) 1974.0
(2101, 2102, 2103) 1787.0
(7927, 7928, 7929) 1912.0
(4307, 4308, 4309) 1847.0
(1951, 1952, 1953) 2546.0
(1206, 1207, 1208) 1957.0
(2994, 2995, 2996) 1722.0
(215, 216, 217) 2283.0
(1067, 1068, 1069) 3101.0
(5560, 5561, 5562) 1682.0
(8, 9, 10) 2322.0
(6938, 6939, 6940) 1757.0
(1797, 1798, 1799) 1811.0
(6826, 6827, 6828) 1969.0
(4561, 4562, 4563) 2672.0
(6798, 6799, 6800) 1740.0
(5553, 5554, 5555) 1624.0
(2378, 2379, 2380) 2105.0
(3425, 3426, 3427) 1721.0
(5617, 5618, 5619) 1968.0
(930, 931, 932) 2434.0
(1457, 1458, 1459) 2373.0
(3748, 3749, 3750) 2033.0
(2523, 2524, 2525) 1994.0
(7218, 7219, 7220) 1833.0
(5752, 5753, 5754) 1924.0
(4033, 4034, 4035) 1873.0
(9930, 9931, 9932) 2089.0
(4317, 4318, 4319) 1780.0
(1149, 1150, 1151) 1818.0
(90, 91, 92) 2396.0
(2663, 2664, 2665) 2360.0
(4388, 4389, 4390) 1926.0
(6427, 6428, 6429) 2050.0
(6001, 6002, 6003) 1998.0
(4839, 4840, 4841) 1716.0
(6070, 6071, 6072) 1665.0
(1121, 1122, 1123) 2529.0
(3912, 3913, 3914) 2204.0
(6764, 6765, 6766) 1922.0
(4609, 4610, 4611) 1723.0
(297, 298, 299) 2436.0
(5488, 5489, 5490) 2362.0
(2513, 2514, 2515) 2634.0
(9461, 9462, 9463) 2875.0
(2893, 2894, 2895) 2139.0
(2348, 2349, 2350) 2630.0
(1436, 1437, 1438) 1925.0
(1584, 1585, 1586) 2137.0
(7024, 7025, 7026) 2370.0
(397, 398, 399) 2828.0
(8917, 8918, 8919) 2448.0
(8177, 8178, 8179) 1988.0
(5850, 5851, 5852) 1813.0
(2951, 2952, 2953) 2302.0
(3179, 3180, 3181) 2138.0
(8090, 8091, 8092) 1923.0
(797, 798, 799) 1997.0
(303, 304, 305) 2301.0
(8013, 8014, 8015) 2145.0
(4249, 4250, 4251) 1488.0
(8359, 8360, 8361) 2449.0
(490, 491, 492) 2025.0
(5867, 5868, 5869) 1674.0
(1088, 1089, 1090) 2136.0
(2851, 2852, 2853) 2522.0
(2708, 2709, 2710) 2066.0
(5543, 5544, 5545) 1772.0
(1448, 1449, 1450) 1726.0
(445, 446, 447) 1984.0
(3458, 3459, 3460) 2249.0
(9673, 9674, 9675) 2055.0
(2871, 2872, 2873) 2242.0
(51, 52, 53) 2083.0
(138, 139, 140) 2434.0
(3406, 3407, 3408) 1968.0
(2299, 2300, 2301) 2248.0
(6223, 6224, 6225) 1709.0
(8515, 8516, 8517) 1811.0
(4193, 4194, 4195) 2603.0
(6546, 6547, 6548) 2150.0
(9227, 9228, 9229) 1980.0
(3513, 3514, 3515) 2658.0
(5573, 5574, 5575) 2071.0
(5722, 5723, 5724) 2140.0
(3912, 3913, 3914) 2204.0
(5494, 5495, 5496) 2360.0
(7346, 7347, 7348) 1910.0
(8944, 8945, 8946) 2490.0
(2428, 2429, 2430) 2208.0
(2986, 2987, 2988) 2282.0
(8017, 8018, 8019) 1880.0
(93, 94, 95) 2038.0
(8191, 8192, 8193) 1787.0
(5239, 5240, 5241) 1696.0
(9107, 9108, 9109) 1424.0
(993, 994, 995) 2209.0
(1824, 1825, 1826) 1919.0
(8324, 8325, 8326) 2199.0
(506, 507, 508) 1838.0
(1664, 1665, 1666) 2119.0
(8276, 8277, 8278) 2110.0
(9456, 9457, 9458) 2408.0
(9826, 9827, 9828) 1934.0
(9910, 9911, 9912) 2345.0
(6399, 6400, 6401) 1534.0
(761, 762, 763) 2125.0
(5048, 5049, 5050) 2449.0
(9902, 9903, 9904) 2183.0
(3312, 3313, 3314) 2150.0
(7200, 7201, 7202) 2171.0
(5348, 5349, 5350) 1867.0
(4382, 4383, 4384) 2130.0
(9355, 9356, 9357) 2193.0
(4454, 4455, 4456) 2712.0
(2911, 2912, 2913) 1864.0
(111, 112, 113) 2156.0
(1447, 1448, 1449) 1675.0
(3878, 3879, 3880) 2004.0
(1208, 1209, 1210) 1955.0
(4405, 4406, 4407) 1875.0
(8466, 8467, 8468) 2140.0
(1204, 1205, 1206) 1743.0
(7952, 7953, 7954) 1848.0
(7377, 7378, 7379) 2458.0
(5350, 5351, 5352) 1497.0
(8023, 8024, 8025) 1863.0
(4867, 4868, 4869) 1616.0
(1940, 1941, 1942) 1884.0
(4830, 4831, 4832) 1769.0
(981, 982, 983) 2420.0
(1197, 1198, 1199) 2035.0
(7798, 7799, 7800) 1865.0
(1591, 1592, 1593) 2064.0
(3610, 3611, 3612) 2113.0
(5325, 5326, 5327) 1745.0
(9588, 9589, 9590) 2529.0
(942, 943, 944) 2210.0
(9856, 9857, 9858) 1817.0
(8844, 8845, 8846) 1570.0
(1435, 1436, 1437) 2135.0
(3966, 3967, 3968) 1972.0
(4846, 4847, 4848) 2454.0
(3709, 3710, 3711) 1797.0
(4571, 4572, 4573) 2204.0
(8033, 8034, 8035) 1755.0
(7154, 7155, 7156) 2375.0
(5771, 5772, 5773) 1994.0
(6238, 6239, 6240) 2784.0
(6827, 6828, 6829) 2113.0
(341, 342, 343) 1882.0
(8077, 8078, 8079) 2362.0
(2244, 2245, 2246) 2363.0
(9657, 9658, 9659) 1999.0
(9054, 9055, 9056) 1709.0
(8827, 8828, 8829) 2323.0
(535, 536, 537) 2212.0
(5069, 5070, 5071) 1902.0
(5075, 5076, 5077) 2615.0
(1947, 1948, 1949) 2346.0
(5201, 5202, 5203) 2005.0
(5603, 5604, 5605) 1759.0
(7162, 7163, 7164) 2119.0
(7278, 7279, 7280) 2155.0
(8691, 8692, 8693) 2433.0
(579, 580, 581) 3381.0
(9934, 9935, 9936) 2359.0
(4526, 4527, 4528) 2053.0
(6881, 6882, 6883) 1897.0
(7751, 7752, 7753) 1782.0
(5980, 5981, 5982) 1984.0
(6837, 6838, 6839) 1852.0
(782, 783, 784) 1639.0
(6252, 6253, 6254) 1973.0
(4379, 4380, 4381) 2594.0
(7042, 7043, 7044) 1837.0
(594, 595, 596) 2565.0
(7281, 7282, 7283) 1777.0
(2124, 2125, 2126) 1922.0
(4912, 4913, 4914) 1808.0
(5188, 5189, 5190) 2382.0
(3820, 3821, 3822) 1989.0
(2132, 2133, 2134) 1649.0
(6887, 6888, 6889) 1908.0
(1401, 1402, 1403) 2038.0
(3509, 3510, 3511) 1831.0
(3858, 3859, 3860) 1852.0
(4157, 4158, 4159) 1408.0
(5744, 5745, 5746) 1822.0
(8338, 8339, 8340) 1813.0
(940, 941, 942) 2497.0
(7471, 7472, 7473) 1859.0
(4934, 4935, 4936) 2512.0
(9096, 9097, 9098) 2359.0
(335, 336, 337) 2240.0
(9424, 9425, 9426) 1916.0
(2671, 2672, 2673) 1968.0
(4231, 4232, 4233) 1942.0
(1336, 1337, 1338) 2401.0
(1095, 1096, 1097) 2102.0
(4320, 4321, 4322) 1955.0
(7841, 7842, 7843) 2137.0
(2160, 2161, 2162) 1600.0
(6853, 6854, 6855) 2833.0
(8512, 8513, 8514) 2199.0
(132, 133, 134) 2174.0
(5071, 5072, 5073) 2428.0
(9089, 9090, 9091) 1841.0
(9735, 9736, 9737) 2316.0
(5861, 5862, 5863) 1918.0
(4840, 4841, 4842) 1751.0
(4037, 4038, 4039) 1723.0
(3554, 3555, 3556) 2222.0
(6081, 6082, 6083) 2086.0
(9442, 9443, 9444) 2067.0
(1934, 1935, 1936) 1633.0
(8982, 8983, 8984) 2123.0
(8362, 8363, 8364) 2155.0
(6422, 6423, 6424) 1986.0
(1585, 1586, 1587) 1557.0
(1223, 1224, 1225) 1943.0
(1931, 1932, 1933) 2042.0
(4376, 4377, 4378) 2085.0
(7645, 7646, 7647) 1744.0
(4990, 4991, 4992) 1905.0
(444, 445, 446) 1727.0
(3339, 3340, 3341) 1866.0
(1552, 1553, 1554) 1744.0
(2817, 2818, 2819) 1927.0
(4004, 4005, 4006) 1762.0
(467, 468, 469) 2100.0
(897, 898, 899) 1678.0
(3101, 3102, 3103) 1900.0
(216, 217, 218) 1709.0
(8428, 8429, 8430) 1929.0
(3159, 3160, 3161) 2150.0
(4414, 4415, 4416) 2030.0
(1338, 1339, 1340) 1743.0
(4314, 4315, 4316) 2107.0
(8448, 8449, 8450) 2082.0
(6555, 6556, 6557) 1626.0
(7336, 7337, 7338) 2220.0
(3293, 3294, 3295) 2106.0
(1657, 1658, 1659) 2311.0
(9277, 9278, 9279) 1705.0
(3718, 3719, 3720) 1610.0
(6633, 6634, 6635) 1594.0
(7458, 7459, 7460) 2212.0
(7684, 7685, 7686) 2017.0
(7662, 7663, 7664) 1970.0
(6199, 6200, 6201) 1861.0
(4503, 4504, 4505) 2121.0
(4929, 4930, 4931) 2194.0
(170, 171, 172) 2091.0
(7732, 7733, 7734) 2380.0
(7941, 7942, 7943) 2609.0
(3932, 3933, 3934) 1973.0
(2922, 2923, 2924) 2029.0
(8355, 8356, 8357) 1922.0
(3721, 3722, 3723) 2608.0
(6174, 6175, 6176) 1874.0
(4303, 4304, 4305) 2033.0
(8105, 8106, 8107) 1809.0
(3404, 3405, 3406) 1997.0
(4240, 4241, 4242) 1955.0
(4733, 4734, 4735) 2451.0
(9065, 9066, 9067) 2625.0
(5115, 5116, 5117) 1789.0
(4886, 4887, 4888) 3644.0
(5706, 5707, 5708) 2540.0
(5848, 5849, 5850) 1688.0
(8030, 8031, 8032) 2117.0
(4755, 4756, 4757) 1906.0
(2037, 2038, 2039) 2311.0
(8855, 8856, 8857) 2097.0
(7394, 7395, 7396) 2219.0
(2019, 2020, 2021) 1916.0
(3533, 3534, 3535) 1904.0
(7815, 7816, 7817) 1745.0
(8880, 8881, 8882) 2498.0
(2684, 2685, 2686) 2153.0
(7779, 7780, 7781) 1919.0
(7117, 7118, 7119) 2044.0
(9434, 9435, 9436) 2341.0
(4548, 4549, 4550) 1850.0
(1442, 1443, 1444) 1971.0
(6118, 6119, 6120) 1587.0
(9811, 9812, 9813) 2924.0
(6880, 6881, 6882) 2366.0
(7890, 7891, 7892) 1954.0
(9425, 9426, 9427) 1606.0
(3634, 3635, 3636) 2365.0
(1300, 1301, 1302) 2091.0
(3503, 3504, 3505) 2049.0
(764, 765, 766) 1839.0
(7326, 7327, 7328) 2707.0
(5524, 5525, 5526) 1857.0
(8857, 8858, 8859) 2632.0
(9071, 9072, 9073) 2157.0
(4347, 4348, 4349) 2375.0
(8240, 8241, 8242) 2324.0
(195, 196, 197) 2012.0
(3479, 3480, 3481) 2073.0
(8243, 8244, 8245) 1659.0
(6774, 6775, 6776) 1746.0
(3819, 3820, 3821) 1863.0
(6421, 6422, 6423) 1892.0
(2030, 2031, 2032) 1712.0
(5828, 5829, 5830) 1832.0
(9297, 9298, 9299) 2207.0
(9247, 9248, 9249) 2142.0
(1495, 1496, 1497) 2152.0
(1335, 1336, 1337) 2162.0
(4948, 4949, 4950) 1591.0
(1140, 1141, 1142) 1810.0
(5072, 5073, 5074) 1948.0
(508, 509, 510) 1711.0
(7930, 7931, 7932) 2364.0
(6170, 6171, 6172) 1990.0
(1813, 1814, 1815) 1874.0
(4526, 4527, 4528) 2053.0
(6393, 6394, 6395) 2301.0
(5176, 5177, 5178) 1763.0
(7081, 7082, 7083) 2045.0
(8765, 8766, 8767) 2554.0
(6947, 6948, 6949) 2540.0
(6551, 6552, 6553) 2002.0
(1049, 1050, 1051) 1920.0
(4579, 4580, 4581) 2398.0
(4220, 4221, 4222) 1845.0
(1000, 1001, 1002) 2512.0
(6925, 6926, 6927) 2101.0
(2740, 2741, 2742) 1782.0
(4834, 4835, 4836) 2023.0
(3554, 3555, 3556) 2222.0
(8164, 8165, 8166) 1945.0
(8628, 8629, 8630) 2539.0
(524, 525, 526) 2209.0
(1991, 1992, 1993) 2171.0
(3109, 3110, 3111) 2832.0
(6626, 6627, 6628) 2553.0
(6582, 6583, 6584) 2012.0
(2193, 2194, 2195) 1341.0
(5043, 5044, 5045) 2069.0
(556, 557, 558) 1849.0
(2647, 2648, 2649) 2730.0
(8631, 8632, 8633) 1835.0
(9648, 9649, 9650) 2601.0
(4155, 4156, 4157) 1866.0
(9020, 9021, 9022) 1969.0
(6324, 6325, 6326) 2042.0
(1297, 1298, 1299) 2428.0
(8977, 8978, 8979) 2781.0
(661, 662, 663) 1800.0
(353, 354, 355) 2013.0
(6578, 6579, 6580) 2216.0
(228, 229, 230) 2014.0
(3452, 3453, 3454) 2059.0
(169, 170, 171) 1468.0
(7503, 7504, 7505) 2404.0
(8551, 8552, 8553) 3061.0
(907, 908, 909) 2054.0
(2947, 2948, 2949) 1671.0
(1286, 1287, 1288) 1850.0
(2144, 2145, 2146) 2007.0
(4892, 4893, 4894) 1995.0
(3634, 3635, 3636) 2365.0
(2497, 2498, 2499) 2193.0
(4144, 4145, 4146) 2113.0
(850, 851, 852) 1996.0
(2215, 2216, 2217) 2254.0
(562, 563, 564) 2334.0
(8332, 8333, 8334) 2287.0
(479, 480, 481) 1932.0
(8664, 8665, 8666) 2439.0
(3412, 3413, 3414) 1691.0
(6969, 6970, 6971) 1857.0
(9659, 9660, 9661) 2174.0
(242, 243, 244) 1743.0
(6332, 6333, 6334) 1763.0
(9029, 9030, 9031) 2207.0
(4082, 4083, 4084) 1970.0
(8059, 8060, 8061) 1903.0
(7138, 7139, 7140) 1914.0
(9517, 9518, 9519) 2374.0
(6063, 6064, 6065) 1599.0
(5218, 5219, 5220) 2117.0
(2228, 2229, 2230) 2226.0
(1223, 1224, 1225) 1943.0
(9335, 9336, 9337) 2242.0
(702, 703, 704) 2425.0
(7013, 7014, 7015) 1787.0
(4416, 4417, 4418) 1835.0
(8236, 8237, 8238) 1709.0
(3828, 3829, 3830) 2235.0
(5597, 5598, 5599) 1781.0
(3201, 3202, 3203) 2149.0
(2173, 2174, 2175) 1367.0
(5114, 5115, 5116) 1796.0
(8027, 8028, 8029) 2098.0
(6906, 6907, 6908) 1787.0
(1192, 1193, 1194) 2044.0
(5480, 5481, 5482) 1418.0
(9302, 9303, 9304) 2178.0
(4660, 4661, 4662) 2386.0
(1857, 1858, 1859) 1804.0
(1174, 1175, 1176) 1750.0
(6203, 6204, 6205) 1982.0
(5418, 5419, 5420) 1902.0
(7124, 7125, 7126) 2029.0
(42, 43, 44) 1806.0
(8211, 8212, 8213) 2073.0
(2735, 2736, 2737) 1703.0
(1643, 1644, 1645) 1828.0
(4169, 4170, 4171) 2171.0
(5993, 5994, 5995) 1722.0
(4938, 4939, 4940) 1833.0
(5617, 5618, 5619) 1968.0
(9050, 9051, 9052) 1733.0
(1582, 1583, 1584) 2162.0
(2193, 2194, 2195) 1341.0
(5233, 5234, 5235) 2054.0
(498, 499, 500) 2152.0
(2549, 2550, 2551) 1685.0
(8834, 8835, 8836) 2053.0
(8539, 8540, 8541) 2113.0
(6444, 6445, 6446) 1972.0
(3193, 3194, 3195) 1443.0
(2771, 2772, 2773) 1853.0
(6434, 6435, 6436) 2809.0
(4411, 4412, 4413) 2213.0
(912, 913, 914) 2094.0
(5604, 5605, 5606) 1719.0
(2203, 2204, 2205) 1501.0
(1063, 1064, 1065) 1726.0
(1023, 1024, 1025) 2025.0
(7802, 7803, 7804) 2040.0
(4243, 4244, 4245) 2037.0
(8163, 8164, 8165) 2577.0
(5283, 5284, 5285) 1832.0
(908, 909, 910) 1713.0
(9041, 9042, 9043) 2020.0
(1343, 1344, 1345) 2189.0
(5315, 5316, 5317) 2068.0
(8039, 8040, 8041) 1616.0
(5196, 5197, 5198) 1823.0
(6555, 6556, 6557) 1626.0
(6817, 6818, 6819) 2020.0
(4170, 4171, 4172) 1901.0
(8290, 8291, 8292) 1820.0
(5021, 5022, 5023) 2333.0
(5493, 5494, 5495) 2358.0
(3926, 3927, 3928) 1913.0
(5157, 5158, 5159) 2414.0
(3893, 3894, 3895) 2244.0
(1822, 1823, 1824) 2104.0
(885, 886, 887) 2024.0
(2035, 2036, 2037) 2020.0
(4886, 4887, 4888) 3644.0
(5044, 5045, 5046) 1672.0
(9205, 9206, 9207) 2581.0
(8603, 8604, 8605) 2093.0
(2006, 2007, 2008) 1992.0
(702, 703, 704) 2425.0
(8097, 8098, 8099) 1374.0
(4652, 4653, 4654) 2662.0
(4568, 4569, 4570) 1936.0
(8707, 8708, 8709) 2193.0
(9215, 9216, 9217) 2012.0
(4357, 4358, 4359) 2062.0
(2260, 2261, 2262) 1728.0
(2537, 2538, 2539) 1707.0
(9840, 9841, 9842) 1828.0
(8472, 8473, 8474) 1729.0
(7612, 7613, 7614) 1724.0
(4859, 4860, 4861) 2274.0
(9466, 9467, 9468) 1646.0
(3834, 3835, 3836) 1894.0
(1726, 1727, 1728) 2300.0
(1783, 1784, 1785) 1880.0
(4613, 4614, 4615) 1841.0
(595, 596, 597) 1778.0
(792, 793, 794) 1763.0
(7096, 7097, 7098) 1871.0
(1509, 1510, 1511) 2095.0
(6697, 6698, 6699) 2153.0
(2373, 2374, 2375) 2576.0
(764, 765, 766) 1839.0
(5275, 5276, 5277) 1898.0
(1499, 1500, 1501) 2655.0
(7389, 7390, 7391) 2103.0
(8111, 8112, 8113) 1589.0
(1499, 1500, 1501) 2655.0
(6285, 6286, 6287) 2437.0
(9673, 9674, 9675) 2055.0
(639, 640, 641) 2064.0
(2219, 2220, 2221) 1868.0
(4868, 4869, 4870) 1686.0
(8523, 8524, 8525) 2160.0
(6698, 6699, 6700) 1951.0
(7018, 7019, 7020) 1851.0
(6644, 6645, 6646) 1555.0
(7406, 7407, 7408) 1611.0
(2315, 2316, 2317) 3637.0
(7882, 7883, 7884) 2233.0
(8315, 8316, 8317) 2269.0
(1691, 1692, 1693) 1777.0
(6382, 6383, 6384) 1910.0
(2985, 2986, 2987) 1734.0
(3985, 3986, 3987) 1610.0
(8873, 8874, 8875) 2329.0
(5692, 5693, 5694) 1750.0
(6395, 6396, 6397) 1991.0
(121, 122, 123) 2074.0
(6500, 6501, 6502) 1997.0
(2695, 2696, 2697) 2091.0
(9784, 9785, 9786) 1808.0
(148, 149, 150) 1835.0
(9955, 9956, 9957) 1825.0
(875, 876, 877) 1424.0
(5204, 5205, 5206) 1986.0
(3704, 3705, 3706) 2350.0
(9940, 9941, 9942) 1599.0
(5896, 5897, 5898) 2343.0
(3348, 3349, 3350) 2005.0
(7778, 7779, 7780) 2733.0
(3440, 3441, 3442) 2757.0
(357, 358, 359) 1940.0
(5053, 5054, 5055) 1853.0
(5991, 5992, 5993) 1923.0
(6173, 6174, 6175) 1807.0
(5267, 5268, 5269) 2081.0
(3908, 3909, 3910) 1712.0
(298, 299, 300) 1608.0
(3422, 3423, 3424) 1862.0
(821, 822, 823) 1854.0
(8444, 8445, 8446) 2092.0
(5478, 5479, 5480) 2112.0
(4185, 4186, 4187) 2598.0
(7750, 7751, 7752) 1973.0
(2695, 2696, 2697) 2091.0
(3082, 3083, 3084) 1840.0
(7090, 7091, 7092) 2620.0
(4140, 4141, 4142) 1856.0
(1501, 1502, 1503) 1931.0
(5606, 5607, 5608) 1575.0
(8478, 8479, 8480) 1922.0
(6541, 6542, 6543) 1942.0
(8276, 8277, 8278) 2110.0
(7590, 7591, 7592) 1994.0
(8680, 8681, 8682) 1828.0
(2684, 2685, 2686) 2153.0
(5259, 5260, 5261) 1845.0
(3029, 3030, 3031) 2031.0
(3033, 3034, 3035) 1700.0
(6042, 6043, 6044) 1931.0
(2587, 2588, 2589) 2370.0
(8278, 8279, 8280) 2504.0
(7694, 7695, 7696) 1669.0
(9760, 9761, 9762) 1921.0
(9117, 9118, 9119) 1574.0
(2944, 2945, 2946) 2241.0
(3952, 3953, 3954) 2106.0
(5711, 5712, 5713) 1779.0
(8987, 8988, 8989) 1979.0
(9639, 9640, 9641) 2068.0
(5786, 5787, 5788) 2045.0
(756, 757, 758) 2288.0
(3476, 3477, 3478) 1614.0
(4490, 4491, 4492) 2369.0
(7316, 7317, 7318) 1828.0
(1321, 1322, 1323) 2160.0
(6279, 6280, 6281) 1894.0
(2682, 2683, 2684) 1771.0
(4784, 4785, 4786) 1771.0
(7335, 7336, 7337) 2182.0
(7914, 7915, 7916) 2030.0
(2416, 2417, 2418) 2265.0
(6162, 6163, 6164) 2271.0
(6165, 6166, 6167) 2075.0
(5756, 5757, 5758) 2496.0
(6261, 6262, 6263) 2412.0
(8968, 8969, 8970) 1862.0
(8538, 8539, 8540) 1629.0
(5546, 5547, 5548) 2095.0
(203, 204, 205) 2019.0
(5951, 5952, 5953) 1856.0
(3376, 3377, 3378) 1758.0
(5213, 5214, 5215) 1818.0
(7245, 7246, 7247) 1632.0
(1776, 1777, 1778) 2176.0
(5188, 5189, 5190) 2382.0
(8111, 8112, 8113) 1589.0
(8828, 8829, 8830) 1702.0
(7594, 7595, 7596) 2118.0
(3349, 3350, 3351) 2210.0
(1006, 1007, 1008) 2072.0
(604, 605, 606) 2203.0
(414, 415, 416) 2065.0
(9623, 9624, 9625) 2011.0
(5696, 5697, 5698) 1872.0
(6864, 6865, 6866) 2316.0
(409, 410, 411) 1937.0
(5400, 5401, 5402) 2605.0
(2931, 2932, 2933) 1695.0
(4809, 4810, 4811) 1939.0
(7217, 7218, 7219) 2231.0
(8637, 8638, 8639) 2169.0
(5792, 5793, 5794) 2241.0
(4873, 4874, 4875) 2261.0
(4747, 4748, 4749) 1975.0
(291, 292, 293) 1577.0
(5840, 5841, 5842) 1662.0
(3532, 3533, 3534) 2316.0
(7144, 7145, 7146) 2185.0
(3637, 3638, 3639) 2006.0
(979, 980, 981) 3468.0
(2056, 2057, 2058) 2573.0
(5018, 5019, 5020) 2355.0
(1151, 1152, 1153) 2813.0
(1926, 1927, 1928) 2218.0
(1755, 1756, 1757) 2503.0
(5465, 5466, 5467) 2098.0
(9844, 9845, 9846) 1753.0
(7181, 7182, 7183) 1929.0
(9506, 9507, 9508) 1856.0
(1166, 1167, 1168) 1758.0
(4300, 4301, 4302) 1911.0
(9522, 9523, 9524) 1901.0
(2691, 2692, 2693) 3467.0
(6588, 6589, 6590) 2188.0
(9013, 9014, 9015) 2295.0
(8444, 8445, 8446) 2092.0
(2828, 2829, 2830) 2054.0
(419, 420, 421) 2010.0
(4940, 4941, 4942) 1596.0
(1285, 1286, 1287) 1853.0
(7266, 7267, 7268) 1889.0
(5971, 5972, 5973) 1696.0
(3912, 3913, 3914) 2204.0
(7606, 7607, 7608) 1855.0
(9640, 9641, 9642) 2125.0
(2348, 2349, 2350) 2630.0
(1381, 1382, 1383) 1881.0
(5661, 5662, 5663) 2436.0
(5278, 5279, 5280) 1716.0
(6775, 6776, 6777) 2261.0
(3115, 3116, 3117) 2426.0
(2349, 2350, 2351) 1958.0
(5005, 5006, 5007) 1809.0
(9485, 9486, 9487) 2116.0
(7896, 7897, 7898) 1965.0
(4990, 4991, 4992) 1905.0
(2053, 2054, 2055) 1898.0
(1500, 1501, 1502) 1900.0
(6167, 6168, 6169) 1959.0
(7858, 7859, 7860) 2159.0
(2736, 2737, 2738) 1490.0
(5086, 5087, 5088) 1769.0
(9723, 9724, 9725) 1974.0
(5116, 5117, 5118) 2078.0
(1072, 1073, 1074) 1720.0
(7448, 7449, 7450) 2024.0
(6521, 6522, 6523) 1739.0
(6922, 6923, 6924) 2266.0
(4307, 4308, 4309) 1847.0
(2834, 2835, 2836) 2192.0
(7149, 7150, 7151) 2117.0
(16, 17, 18) 2250.0
(6805, 6806, 6807) 1635.0
(6451, 6452, 6453) 2594.0
(7878, 7879, 7880) 1910.0
(7270, 7271, 7272) 1679.0
(9848, 9849, 9850) 1809.0
(4198, 4199, 4200) 2169.0
(2059, 2060, 2061) 2501.0
(4164, 4165, 4166) 1712.0
(5217, 5218, 5219) 2709.0
(2266, 2267, 2268) 1757.0
(5183, 5184, 5185) 2256.0
(5779, 5780, 5781) 1890.0
(1361, 1362, 1363) 1729.0
(200, 201, 202) 2197.0
(7883, 7884, 7885) 2552.0
(9015, 9016, 9017) 2187.0
(1601, 1602, 1603) 1982.0
(8946, 8947, 8948) 1990.0
(9784, 9785, 9786) 1808.0
(407, 408, 409) 2467.0
(2752, 2753, 2754) 2056.0
(9931, 9932, 9933) 2353.0
(8497, 8498, 8499) 2481.0
(1757, 1758, 1759) 2086.0
(3213, 3214, 3215) 1884.0
(2121, 2122, 2123) 1410.0
(3626, 3627, 3628) 1857.0
(6700, 6701, 6702) 2199.0
(2808, 2809, 2810) 1550.0
(9006, 9007, 9008) 1944.0
(7590, 7591, 7592) 1994.0
(530, 531, 532) 2215.0
(241, 242, 243) 1670.0
(2544, 2545, 2546) 1759.0
(9002, 9003, 9004) 1868.0
(6700, 6701, 6702) 2199.0
(3578, 3579, 3580) 2072.0
(9448, 9449, 9450) 1697.0
(4563, 4564, 4565) 2028.0
(1046, 1047, 1048) 1574.0
(5642, 5643, 5644) 2179.0
(9995, 9996, 9997) 1963.0
(6112, 6113, 6114) 2168.0
(6564, 6565, 6566) 2019.0
(67, 68, 69) 2961.0
(6905, 6906, 6907) 1959.0
(2228, 2229, 2230) 2226.0
(2006, 2007, 2008) 1992.0
(438, 439, 440) 1656.0
(5825, 5826, 5827) 1938.0
(4514, 4515, 4516) 2000.0
(1660, 1661, 1662) 1855.0
(1310, 1311, 1312) 1591.0
(5799, 5800, 5801) 2210.0
(2654, 2655, 2656) 2127.0
(7086, 7087, 7088) 1776.0
(7454, 7455, 7456) 2098.0
(1521, 1522, 1523) 2202.0
(5070, 5071, 5072) 2213.0
(8560, 8561, 8562) 1942.0
(604, 605, 606) 2203.0
(8739, 8740, 8741) 2255.0
(6130, 6131, 6132) 1633.0
