(9385, 9386, 9387) 2162.0
(8624, 8625, 8626) 1833.0
(3616, 3617, 3618) 1729.0
(6572, 6573, 6574) 2296.0
(7919, 7920, 7921) 2411.0
(3685, 3686, 3687) 1742.0
(1160, 1161, 1162) 2352.0
(3055, 3056, 3057) 2096.0
(778, 779, 780) 2004.0
(1773, 1774, 1775) 2185.0
(239, 240, 241) 2925.0
(9629, 9630, 9631) 2693.0
(5981, 5982, 5983) 1997.0
(7221, 7222, 7223) 1638.0
(4687, 4688, 4689) 1596.0
(7720, 7721, 7722) 2058.0
(2008, 2009, 2010) 1919.0
(8417, 8418, 8419) 2263.0
(7331, 7332, 7333) 1777.0
(1733, 1734, 1735) 2347.0
(9828, 9829, 9830) 2321.0
(5055, 5056, 5057) 2040.0
(9526, 9527, 9528) 1806.0
(4574, 4575, 4576) 2584.0
(614, 615, 616) 2074.0
(7496, 7497, 7498) 2074.0
(3620, 3621, 3622) 2251.0
(9397, 9398, 9399) 1972.0
(9710, 9711, 9712) 2223.0
(681, 682, 683) 2436.0
(2568, 2569, 2570) 2080.0
(8547, 8548, 8549) 2356.0
(9271, 9272, 9273) 2164.0
(6932, 6933, 6934) 2268.0
(3500, 3501, 3502) 1898.0
(9094, 9095, 9096) 2982.0
(1921, 1922, 1923) 2125.0
(264, 265, 266) 2145.0
(6456, 6457, 6458) 2054.0
(6592, 6593, 6594) 2228.0
(6615, 6616, 6617) 2172.0
(3878, 3879, 3880) 1981.0
(2888, 2889, 2890) 2017.0
(5546, 5547, 5548) 1974.0
(9253, 9254, 9255) 2313.0
(6512, 6513, 6514) 2250.0
(1018, 1019, 1020) 2447.0
(6441, 6442, 6443) 2716.0
(4598, 4599, 4600) 1964.0
(5724, 5725, 5726) 2247.0
(2592, 2593, 2594) 2005.0
(5121, 5122, 5123) 2645.0
(6809, 6810, 6811) 1887.0
(8197, 8198, 8199) 1672.0
(9787, 9788, 9789) 1709.0
(5034, 5035, 5036) 1668.0
(467, 468, 469) 2068.0
(1057, 1058, 1059) 2093.0
(2161, 2162, 2163) 2044.0
(2286, 2287, 2288) 2058.0
(1052, 1053, 1054) 2168.0
(25, 26, 27) 2565.0
(4223, 4224, 4225) 2057.0
(6870, 6871, 6872) 1801.0
(828, 829, 830) 2265.0
(1334, 1335, 1336) 1890.0
(1677, 1678, 1679) 2566.0
(972, 973, 974) 2068.0
(1762, 1763, 1764) 2412.0
(471, 472, 473) 2320.0
(2309, 2310, 2311) 1696.0
(5197, 5198, 5199) 2354.0
(6949, 6950, 6951) 1666.0
(9186, 9187, 9188) 2246.0
(331, 332, 333) 2681.0
(6173, 6174, 6175) 1803.0
(7285, 7286, 7287) 1768.0
(8039, 8040, 8041) 1758.0
(8503, 8504, 8505) 2360.0
(6159, 6160, 6161) 1837.0
(1108, 1109, 1110) 1998.0
(552, 553, 554) 1983.0
(3585, 3586, 3587) 2162.0
(3579, 3580, 3581) 2110.0
(9377, 9378, 9379) 2499.0
(3708, 3709, 3710) 1986.0
(3343, 3344, 3345) 2070.0
(4219, 4220, 4221) 1919.0
(2749, 2750, 2751) 2241.0
(6396, 6397, 6398) 2958.0
(3322, 3323, 3324) 2948.0
(5139, 5140, 5141) 1919.0
(1113, 1114, 1115) 2128.0
(8521, 8522, 8523) 1865.0
(3935, 3936, 3937) 2027.0
(2062, 2063, 2064) 2748.0
(1070, 1071, 1072) 1818.0
(4748, 4749, 4750) 1599.0
(5179, 5180, 5181) 1947.0
(7341, 7342, 7343) 2053.0
(8235, 8236, 8237) 1961.0
(263, 264, 265) 2376.0
(9245, 9246, 9247) 2126.0
(4767, 4768, 4769) 1845.0
(1315, 1316, 1317) 1788.0
(4308, 4309, 4310) 2316.0
(2709, 2710, 2711) 1926.0
(3150, 3151, 3152) 2128.0
(1357, 1358, 1359) 1863.0
(3160, 3161, 3162) 2538.0
(944, 945, 946) 2246.0
(8248, 8249, 8250) 2288.0
(3156, 3157, 3158) 1724.0
(8154, 8155, 8156) 2330.0
(4187, 4188, 4189) 2291.0
(2426, 2427, 2428) 1926.0
(9050, 9051, 9052) 1983.0
(2427, 2428, 2429) 1987.0
(5315, 5316, 5317) 2293.0
(7118, 7119, 7120) 2073.0
(2661, 2662, 2663) 2658.0
(7027, 7028, 7029) 2486.0
(1505, 1506, 1507) 1924.0
(1187, 1188, 1189) 1779.0
(7634, 7635, 7636) 2078.0
(915, 916, 917) 1340.0
(8064, 8065, 8066) 2265.0
(8603, 8604, 8605) 2168.0
(4743, 4744, 4745) 2740.0
(2540, 2541, 2542) 3314.0
(3675, 3676, 3677) 2017.0
(7596, 7597, 7598) 2109.0
(9934, 9935, 9936) 2528.0
(3121, 3122, 3123) 2210.0
(272, 273, 274) 1916.0
(9722, 9723, 9724) 1995.0
(4689, 4690, 4691) 1900.0
(5203, 5204, 5205) 2577.0
(5613, 5614, 5615) 1640.0
(6306, 6307, 6308) 2164.0
(5339, 5340, 5341) 2347.0
(3005, 3006, 3007) 1843.0
(5389, 5390, 5391) 2010.0
(8548, 8549, 8550) 2120.0
(4771, 4772, 4773) 2082.0
(7383, 7384, 7385) 1947.0
(6494, 6495, 6496) 1851.0
(4944, 4945, 4946) 2055.0
(4264, 4265, 4266) 2315.0
(9089, 9090, 9091) 1866.0
(3779, 3780, 3781) 2143.0
(5167, 5168, 5169) 2296.0
(9671, 9672, 9673) 1896.0
(3792, 3793, 3794) 2294.0
(6401, 6402, 6403) 2173.0
(7260, 7261, 7262) 2039.0
(4807, 4808, 4809) 2143.0
(2900, 2901, 2902) 1756.0
(9806, 9807, 9808) 2218.0
(6421, 6422, 6423) 1922.0
(1386, 1387, 1388) 2483.0
(3539, 3540, 3541) 2453.0
(6446, 6447, 6448) 2454.0
(5712, 5713, 5714) 2283.0
(7637, 7638, 7639) 2229.0
(18, 19, 20) 2141.0
(4089, 4090, 4091) 2144.0
(4199, 4200, 4201) 1821.0
(1462, 1463, 1464) 1770.0
(8580, 8581, 8582) 1988.0
(2705, 2706, 2707) 1848.0
(7109, 7110, 7111) 2135.0
(9669, 9670, 9671) 2539.0
(7843, 7844, 7845) 2840.0
(149, 150, 151) 2305.0
(7435, 7436, 7437) 1774.0
(7255, 7256, 7257) 1988.0
(9714, 9715, 9716) 2285.0
(4076, 4077, 4078) 2074.0
(3493, 3494, 3495) 1998.0
(5437, 5438, 5439) 1738.0
(7608, 7609, 7610) 2196.0
(1198, 1199, 1200) 2160.0
(6963, 6964, 6965) 2163.0
(7793, 7794, 7795) 2271.0
(5587, 5588, 5589) 1983.0
(7295, 7296, 7297) 2023.0
(3540, 3541, 3542) 2131.0
(1848, 1849, 1850) 2297.0
(8245, 8246, 8247) 1873.0
(971, 972, 973) 1923.0
(212, 213, 214) 2023.0
(4291, 4292, 4293) 2273.0
(3864, 3865, 3866) 1821.0
(5645, 5646, 5647) 2118.0
(7978, 7979, 7980) 1913.0
(6108, 6109, 6110) 1838.0
(832, 833, 834) 3128.0
(8031, 8032, 8033) 2037.0
(6741, 6742, 6743) 1922.0
(6185, 6186, 6187) 2210.0
(7527, 7528, 7529) 2457.0
(3903, 3904, 3905) 2092.0
(8342, 8343, 8344) 2415.0
(4405, 4406, 4407) 1863.0
(4399, 4400, 4401) 2301.0
(4883, 4884, 4885) 2249.0
(3986, 3987, 3988) 1954.0
(5203, 5204, 5205) 2577.0
(4046, 4047, 4048) 2359.0
(1826, 1827, 1828) 2123.0
(7781, 7782, 7783) 2321.0
(4901, 4902, 4903) 2090.0
(2438, 2439, 2440) 1802.0
(9062, 9063, 9064) 2361.0
(8310, 8311, 8312) 2188.0
(8505, 8506, 8507) 2165.0
(8162, 8163, 8164) 1936.0
(1798, 1799, 1800) 1946.0
(7694, 7695, 7696) 1810.0
(5056, 5057, 5058) 2352.0
(198, 199, 200) 1998.0
(700, 701, 702) 2538.0
(566, 567, 568) 2064.0
(7549, 7550, 7551) 2392.0
(1529, 1530, 1531) 1733.0
(8952, 8953, 8954) 1807.0
(6424, 6425, 6426) 2045.0
(5152, 5153, 5154) 1863.0
(346, 347, 348) 2063.0
(7257, 7258, 7259) 2486.0
(9009, 9010, 9011) 2023.0
(379, 380, 381) 3219.0
(4311, 4312, 4313) 2159.0
(7900, 7901, 7902) 2190.0
(7035, 7036, 7037) 2229.0
(4007, 4008, 4009) 1762.0
(7750, 7751, 7752) 1849.0
(4979, 4980, 4981) 2054.0
(2494, 2495, 2496) 1968.0
(1298, 1299, 1300) 1723.0
(5697, 5698, 5699) 2489.0
(2962, 2963, 2964) 2530.0
(2921, 2922, 2923) 2289.0
(3326, 3327, 3328) 1637.0
(6906, 6907, 6908) 2037.0
(7399, 7400, 7401) 2055.0
(7576, 7577, 7578) 1493.0
(2711, 2712, 2713) 2051.0
(1059, 1060, 1061) 2406.0
(7746, 7747, 7748) 1887.0
(4183, 4184, 4185) 2981.0
(8751, 8752, 8753) 2094.0
(8641, 8642, 8643) 1884.0
(6965, 6966, 6967) 2054.0
(2644, 2645, 2646) 1990.0
(211, 212, 213) 2119.0
(5609, 5610, 5611) 2094.0
(6029, 6030, 6031) 2290.0
(4172, 4173, 4174) 1819.0
(7168, 7169, 7170) 2210.0
(4180, 4181, 4182) 1925.0
(4132, 4133, 4134) 2256.0
(9798, 9799, 9800) 2099.0
(9643, 9644, 9645) 1915.0
(6003, 6004, 6005) 1932.0
(265, 266, 267) 2132.0
(1156, 1157, 1158) 2178.0
(7658, 7659, 7660) 2614.0
(5128, 5129, 5130) 2634.0
(6720, 6721, 6722) 1954.0
(3819, 3820, 3821) 2071.0
(4387, 4388, 4389) 1598.0
(1408, 1409, 1410) 2575.0
(8745, 8746, 8747) 1976.0
(7138, 7139, 7140) 1996.0
(9697, 9698, 9699) 1795.0
(8055, 8056, 8057) 2977.0
(8448, 8449, 8450) 2156.0
(576, 577, 578) 1996.0
(8767, 8768, 8769) 1980.0
(6490, 6491, 6492) 2316.0
(8031, 8032, 8033) 2037.0
(4363, 4364, 4365) 1871.0
(6799, 6800, 6801) 2079.0
(9273, 9274, 9275) 1905.0
(3639, 3640, 3641) 2520.0
(2076, 2077, 2078) 1896.0
(6964, 6965, 6966) 1748.0
(1837, 1838, 1839) 2503.0
(4368, 4369, 4370) 2327.0
(4997, 4998, 4999) 1599.0
(7463, 7464, 7465) 1852.0
(7354, 7355, 7356) 2320.0
(9605, 9606, 9607) 2084.0
(685, 686, 687) 1618.0
(8951, 8952, 8953) 1661.0
(6297, 6298, 6299) 2182.0
(7968, 7969, 7970) 1978.0
(1072, 1073, 1074) 1812.0
(6277, 6278, 6279) 2211.0
