(6337, 6338, 6339) 2024.0
(1815, 1816, 1817) 2432.0
(2171, 2172, 2173) 2471.0
(5562, 5563, 5564) 2211.0
(480, 481, 482) 2994.0
(4243, 4244, 4245) 2249.0
(6480, 6481, 6482) 2078.0
(9681, 9682, 9683) 1879.0
(1770, 1771, 1772) 2587.0
(7184, 7185, 7186) 2274.0
(7769, 7770, 7771) 2522.0
(500, 501, 502) 2244.0
(846, 847, 848) 2398.0
(9648, 9649, 9650) 2829.0
(420, 421, 422) 2835.0
(2344, 2345, 2346) 2527.0
(9430, 9431, 9432) 2727.0
(6948, 6949, 6950) 1608.0
(5971, 5972, 5973) 1902.0
(4487, 4488, 4489) 2760.0
(6312, 6313, 6314) 1856.0
(8254, 8255, 8256) 2369.0
(2240, 2241, 2242) 2367.0
(8041, 8042, 8043) 2390.0
(6900, 6901, 6902) 2138.0
(4430, 4431, 4432) 2391.0
(7625, 7626, 7627) 2226.0
(1235, 1236, 1237) 1814.0
(8463, 8464, 8465) 2139.0
(863, 864, 865) 2606.0
(4619, 4620, 4621) 2368.0
(4121, 4122, 4123) 2120.0
(7669, 7670, 7671) 2757.0
(691, 692, 693) 2246.0
(5315, 5316, 5317) 2514.0
(5764, 5765, 5766) 2272.0
(9395, 9396, 9397) 2393.0
(2265, 2266, 2267) 1735.0
(5838, 5839, 5840) 2583.0
(412, 413, 414) 2583.0
(245, 246, 247) 2180.0
(6780, 6781, 6782) 2332.0
(1726, 1727, 1728) 2582.0
(1889, 1890, 1891) 2927.0
(8135, 8136, 8137) 1571.0
(5485, 5486, 5487) 2777.0
(687, 688, 689) 1926.0
(2987, 2988, 2989) 2506.0
(7669, 7670, 7671) 2757.0
(7648, 7649, 7650) 2954.0
(783, 784, 785) 2651.0
(6856, 6857, 6858) 1894.0
(272, 273, 274) 2024.0
(8951, 8952, 8953) 1846.0
(9082, 9083, 9084) 2344.0
(1455, 1456, 1457) 2273.0
(4242, 4243, 4244) 2046.0
(385, 386, 387) 2250.0
(2091, 2092, 2093) 2321.0
(5328, 5329, 5330) 1509.0
(2836, 2837, 2838) 2116.0
(7363, 7364, 7365) 2151.0
(2839, 2840, 2841) 2787.0
(4689, 4690, 4691) 2055.0
(9437, 9438, 9439) 2262.0
(661, 662, 663) 2037.0
(5884, 5885, 5886) 2235.0
(2253, 2254, 2255) 2024.0
(3830, 3831, 3832) 2332.0
(8670, 8671, 8672) 2306.0
(6681, 6682, 6683) 2451.0
(7272, 7273, 7274) 2563.0
(794, 795, 796) 2078.0
(2726, 2727, 2728) 2019.0
(3169, 3170, 3171) 2297.0
(9017, 9018, 9019) 2039.0
(8087, 8088, 8089) 2128.0
(1409, 1410, 1411) 2286.0
(7123, 7124, 7125) 2520.0
(8493, 8494, 8495) 1788.0
(4419, 4420, 4421) 2054.0
(2712, 2713, 2714) 2259.0
(7312, 7313, 7314) 1890.0
(725, 726, 727) 2358.0
(7648, 7649, 7650) 2954.0
(654, 655, 656) 2053.0
(1333, 1334, 1335) 2904.0
(5234, 5235, 5236) 2023.0
(5339, 5340, 5341) 2475.0
(9951, 9952, 9953) 2086.0
(607, 608, 609) 2043.0
(5470, 5471, 5472) 1901.0
(4971, 4972, 4973) 2213.0
(665, 666, 667) 2875.0
(6077, 6078, 6079) 2314.0
(1500, 1501, 1502) 2175.0
(9303, 9304, 9305) 1834.0
(5178, 5179, 5180) 3182.0
(8082, 8083, 8084) 2407.0
(7837, 7838, 7839) 2138.0
(5002, 5003, 5004) 2394.0
(6483, 6484, 6485) 2097.0
(5141, 5142, 5143) 2559.0
(5454, 5455, 5456) 2039.0
(2156, 2157, 2158) 2021.0
(2766, 2767, 2768) 2225.0
(9161, 9162, 9163) 2591.0
(5633, 5634, 5635) 2253.0
(2515, 2516, 2517) 2129.0
(9950, 9951, 9952) 2215.0
(1933, 1934, 1935) 2589.0
(2104, 2105, 2106) 2128.0
(6992, 6993, 6994) 2251.0
(5857, 5858, 5859) 2649.0
(3195, 3196, 3197) 2683.0
(8301, 8302, 8303) 2605.0
(2238, 2239, 2240) 2626.0
(8093, 8094, 8095) 2138.0
(8025, 8026, 8027) 2211.0
(235, 236, 237) 2362.0
(7350, 7351, 7352) 2603.0
(4936, 4937, 4938) 1986.0
(7763, 7764, 7765) 1929.0
(2004, 2005, 2006) 2809.0
(9787, 9788, 9789) 1912.0
(3758, 3759, 3760) 2383.0
(592, 593, 594) 1896.0
(4649, 4650, 4651) 2316.0
(392, 393, 394) 2257.0
(4668, 4669, 4670) 2011.0
(1798, 1799, 1800) 2114.0
(6785, 6786, 6787) 2482.0
(8303, 8304, 8305) 1910.0
(212, 213, 214) 2185.0
(7420, 7421, 7422) 2562.0
(4139, 4140, 4141) 2558.0
(6630, 6631, 6632) 2366.0
(1819, 1820, 1821) 2158.0
(1346, 1347, 1348) 3213.0
(3114, 3115, 3116) 2686.0
(1264, 1265, 1266) 2431.0
(5427, 5428, 5429) 2391.0
(1164, 1165, 1166) 2613.0
(7629, 7630, 7631) 2738.0
(2839, 2840, 2841) 2787.0
(9377, 9378, 9379) 2613.0
(8973, 8974, 8975) 2293.0
(1614, 1615, 1616) 2674.0
(79, 80, 81) 2414.0
(3898, 3899, 3900) 2249.0
(527, 528, 529) 2858.0
(7747, 7748, 7749) 2130.0
(3783, 3784, 3785) 1835.0
(4208, 4209, 4210) 2234.0
(2995, 2996, 2997) 2418.0
(5961, 5962, 5963) 2255.0
(4668, 4669, 4670) 2011.0
(2123, 2124, 2125) 2222.0
(5219, 5220, 5221) 1987.0
(8366, 8367, 8368) 2964.0
(888, 889, 890) 2272.0
(3388, 3389, 3390) 2827.0
(384, 385, 386) 1985.0
(5137, 5138, 5139) 2401.0
(6794, 6795, 6796) 2205.0
(3447, 3448, 3449) 2232.0
(6639, 6640, 6641) 1962.0
(4817, 4818, 4819) 2375.0
(7444, 7445, 7446) 2552.0
(6467, 6468, 6469) 2978.0
(3362, 3363, 3364) 2464.0
(7353, 7354, 7355) 2227.0
(414, 415, 416) 2442.0
(5059, 5060, 5061) 2202.0
(6985, 6986, 6987) 2123.0
(7553, 7554, 7555) 1931.0
(642, 643, 644) 2372.0
(622, 623, 624) 2707.0
(8990, 8991, 8992) 2863.0
(2738, 2739, 2740) 2224.0
(7029, 7030, 7031) 2900.0
(7821, 7822, 7823) 2063.0
(9097, 9098, 9099) 2060.0
(3690, 3691, 3692) 2179.0
(6495, 6496, 6497) 2650.0
(6338, 6339, 6340) 2113.0
(8484, 8485, 8486) 2509.0
(5810, 5811, 5812) 2166.0
(1355, 1356, 1357) 2658.0
(3372, 3373, 3374) 2180.0
(1300, 1301, 1302) 2802.0
(3284, 3285, 3286) 2164.0
(1676, 1677, 1678) 2219.0
(3830, 3831, 3832) 2332.0
(3163, 3164, 3165) 2924.0
(3836, 3837, 3838) 2066.0
(3657, 3658, 3659) 2288.0
(4154, 4155, 4156) 2311.0
(7760, 7761, 7762) 2531.0
(1600, 1601, 1602) 2636.0
(9945, 9946, 9947) 1791.0
(7025, 7026, 7027) 2089.0
(2953, 2954, 2955) 2086.0
(2631, 2632, 2633) 3364.0
(1896, 1897, 1898) 2232.0
(7920, 7921, 7922) 3111.0
(391, 392, 393) 2970.0
(3386, 3387, 3388) 1977.0
(521, 522, 523) 2301.0
(3267, 3268, 3269) 1965.0
(6854, 6855, 6856) 2104.0
(5505, 5506, 5507) 2060.0
(2710, 2711, 2712) 2815.0
(8778, 8779, 8780) 2557.0
(3590, 3591, 3592) 2212.0
(9401, 9402, 9403) 2114.0
(1009, 1010, 1011) 2283.0
(5586, 5587, 5588) 2108.0
(656, 657, 658) 2000.0
(6553, 6554, 6555) 2264.0
(2396, 2397, 2398) 2111.0
(8689, 8690, 8691) 2085.0
(4749, 4750, 4751) 2298.0
(8563, 8564, 8565) 2352.0
(2333, 2334, 2335) 2556.0
(3505, 3506, 3507) 2586.0
(2602, 2603, 2604) 2104.0
(3851, 3852, 3853) 2412.0
(628, 629, 630) 2418.0
(3790, 3791, 3792) 2138.0
(6912, 6913, 6914) 3506.0
(222, 223, 224) 2711.0
(885, 886, 887) 2326.0
(5984, 5985, 5986) 2617.0
(592, 593, 594) 1896.0
(5891, 5892, 5893) 2534.0
(6008, 6009, 6010) 2484.0
(3449, 3450, 3451) 2054.0
(8737, 8738, 8739) 2532.0
(1544, 1545, 1546) 2625.0
(5398, 5399, 5400) 2520.0
(6778, 6779, 6780) 3281.0
(2577, 2578, 2579) 2270.0
(6043, 6044, 6045) 2489.0
(3251, 3252, 3253) 2446.0
(1077, 1078, 1079) 2371.0
(6218, 6219, 6220) 2973.0
(6727, 6728, 6729) 2201.0
(706, 707, 708) 3037.0
(2688, 2689, 2690) 1953.0
(2464, 2465, 2466) 2226.0
(9019, 9020, 9021) 2407.0
(3856, 3857, 3858) 2398.0
(9914, 9915, 9916) 2382.0
(1631, 1632, 1633) 1808.0
(4229, 4230, 4231) 2185.0
(9302, 9303, 9304) 2335.0
(8669, 8670, 8671) 1966.0
(1513, 1514, 1515) 1975.0
(4696, 4697, 4698) 1682.0
(6302, 6303, 6304) 2206.0
(4051, 4052, 4053) 2163.0
(9774, 9775, 9776) 2096.0
(2502, 2503, 2504) 2632.0
(5523, 5524, 5525) 2184.0
(9636, 9637, 9638) 2314.0
(8442, 8443, 8444) 2615.0
(5125, 5126, 5127) 2044.0
(4697, 4698, 4699) 2154.0
(2166, 2167, 2168) 2264.0
(1333, 1334, 1335) 2904.0
(4007, 4008, 4009) 1740.0
(6613, 6614, 6615) 2023.0
(2768, 2769, 2770) 2808.0
(6149, 6150, 6151) 2487.0
(1294, 1295, 1296) 2186.0
(8332, 8333, 8334) 2568.0
(3063, 3064, 3065) 2288.0
(356, 357, 358) 1984.0
(6327, 6328, 6329) 2283.0
(4932, 4933, 4934) 1826.0
(3227, 3228, 3229) 2084.0
(5626, 5627, 5628) 4110.0
(1078, 1079, 1080) 2487.0
(5253, 5254, 5255) 2417.0
(8866, 8867, 8868) 2055.0
(7988, 7989, 7990) 2385.0
(189, 190, 191) 2315.0
(3759, 3760, 3761) 2261.0
(5940, 5941, 5942) 2513.0
(9164, 9165, 9166) 1956.0
(2389, 2390, 2391) 2392.0
(9024, 9025, 9026) 1772.0
(9334, 9335, 9336) 2180.0
(4371, 4372, 4373) 2291.0
(7293, 7294, 7295) 2564.0
(7654, 7655, 7656) 2551.0
(6160, 6161, 6162) 1992.0
(1011, 1012, 1013) 2291.0
(4265, 4266, 4267) 2226.0
(3182, 3183, 3184) 2700.0
