(7661, 7662, 7663) 2157.0
(9328, 9329, 9330) 2784.0
(2767, 2768, 2769) 2138.0
(4281, 4282, 4283) 2427.0
(8870, 8871, 8872) 2399.0
(598, 599, 600) 2665.0
(9747, 9748, 9749) 2230.0
(8812, 8813, 8814) 2737.0
(7999, 8000, 8001) 2904.0
(6331, 6332, 6333) 2065.0
(949, 950, 951) 2220.0
(908, 909, 910) 2026.0
(5277, 5278, 5279) 2358.0
(3611, 3612, 3613) 2529.0
(995, 996, 997) 2616.0
(2258, 2259, 2260) 2200.0
(3108, 3109, 3110) 2402.0
(5849, 5850, 5851) 2134.0
(2628, 2629, 2630) 2031.0
(5143, 5144, 5145) 2552.0
(4354, 4355, 4356) 2112.0
(6408, 6409, 6410) 2000.0
(6624, 6625, 6626) 2991.0
(3421, 3422, 3423) 2415.0
(1407, 1408, 1409) 2446.0
(7842, 7843, 7844) 2106.0
(3711, 3712, 3713) 2401.0
(834, 835, 836) 2510.0
(7785, 7786, 7787) 2502.0
(7885, 7886, 7887) 2205.0
(3318, 3319, 3320) 2252.0
(2515, 2516, 2517) 2209.0
(9880, 9881, 9882) 2266.0
(5670, 5671, 5672) 2458.0
(579, 580, 581) 3574.0
(6102, 6103, 6104) 2966.0
(2840, 2841, 2842) 2479.0
(2182, 2183, 2184) 2734.0
(733, 734, 735) 2462.0
(5585, 5586, 5587) 2657.0
(7694, 7695, 7696) 2113.0
(8527, 8528, 8529) 2952.0
(1710, 1711, 1712) 1985.0
(9795, 9796, 9797) 3251.0
(2721, 2722, 2723) 3135.0
(8788, 8789, 8790) 2023.0
(6726, 6727, 6728) 2782.0
(4269, 4270, 4271) 2255.0
(6946, 6947, 6948) 2766.0
(217, 218, 219) 2637.0
(6878, 6879, 6880) 2174.0
(6880, 6881, 6882) 3595.0
(4173, 4174, 4175) 2783.0
(8731, 8732, 8733) 2929.0
(6793, 6794, 6795) 2778.0
(1776, 1777, 1778) 2479.0
(922, 923, 924) 1899.0
(9821, 9822, 9823) 2133.0
(7844, 7845, 7846) 2511.0
(3155, 3156, 3157) 2594.0
(6989, 6990, 6991) 2846.0
(5401, 5402, 5403) 2055.0
(1123, 1124, 1125) 2326.0
(3589, 3590, 3591) 2043.0
(8527, 8528, 8529) 2952.0
(845, 846, 847) 2702.0
(6383, 6384, 6385) 2535.0
(4900, 4901, 4902) 2777.0
(214, 215, 216) 2403.0
(5653, 5654, 5655) 2560.0
(137, 138, 139) 2279.0
(2076, 2077, 2078) 2068.0
(3517, 3518, 3519) 2183.0
(9382, 9383, 9384) 2345.0
(4393, 4394, 4395) 1895.0
(91, 92, 93) 2184.0
(2512, 2513, 2514) 2056.0
(9892, 9893, 9894) 2441.0
(3436, 3437, 3438) 2105.0
(6263, 6264, 6265) 2911.0
(65, 66, 67) 2527.0
(6400, 6401, 6402) 1851.0
(7632, 7633, 7634) 2021.0
(5777, 5778, 5779) 2425.0
(200, 201, 202) 2678.0
(4788, 4789, 4790) 2397.0
(3071, 3072, 3073) 2239.0
(1948, 1949, 1950) 2675.0
(1197, 1198, 1199) 2256.0
(5596, 5597, 5598) 2764.0
(5426, 5427, 5428) 2079.0
(8753, 8754, 8755) 1890.0
(1648, 1649, 1650) 2867.0
(1487, 1488, 1489) 1954.0
(4180, 4181, 4182) 2077.0
(5145, 5146, 5147) 2204.0
(5729, 5730, 5731) 2612.0
(5956, 5957, 5958) 2534.0
(3552, 3553, 3554) 2440.0
(220, 221, 222) 2794.0
(9220, 9221, 9222) 2455.0
(334, 335, 336) 2758.0
(1855, 1856, 1857) 2245.0
(5505, 5506, 5507) 2086.0
(2457, 2458, 2459) 1893.0
(6292, 6293, 6294) 2042.0
(4935, 4936, 4937) 2546.0
(6658, 6659, 6660) 2335.0
(749, 750, 751) 1937.0
(2031, 2032, 2033) 2781.0
(6033, 6034, 6035) 1968.0
(1615, 1616, 1617) 3141.0
(7439, 7440, 7441) 2397.0
(1007, 1008, 1009) 2561.0
(5894, 5895, 5896) 2425.0
(924, 925, 926) 2840.0
(106, 107, 108) 2185.0
(9427, 9428, 9429) 2511.0
(5870, 5871, 5872) 2523.0
(1264, 1265, 1266) 2770.0
(5754, 5755, 5756) 2097.0
(6090, 6091, 6092) 2056.0
(6943, 6944, 6945) 3047.0
(1587, 1588, 1589) 2107.0
(7218, 7219, 7220) 2476.0
(657, 658, 659) 3557.0
(2734, 2735, 2736) 2473.0
(3882, 3883, 3884) 2422.0
(9169, 9170, 9171) 1749.0
(4263, 4264, 4265) 2348.0
(9421, 9422, 9423) 2264.0
(7363, 7364, 7365) 2358.0
(6590, 6591, 6592) 2206.0
(7184, 7185, 7186) 2398.0
(7384, 7385, 7386) 2825.0
(2685, 2686, 2687) 2176.0
(5713, 5714, 5715) 2689.0
(2404, 2405, 2406) 3055.0
(6354, 6355, 6356) 2809.0
(1864, 1865, 1866) 3009.0
(3697, 3698, 3699) 3002.0
(6285, 6286, 6287) 2855.0
(4767, 4768, 4769) 2000.0
(5987, 5988, 5989) 2402.0
(8072, 8073, 8074) 2393.0
(4668, 4669, 4670) 2187.0
(2463, 2464, 2465) 3249.0
(8350, 8351, 8352) 2823.0
(328, 329, 330) 2306.0
(3796, 3797, 3798) 2314.0
(5344, 5345, 5346) 2425.0
(9736, 9737, 9738) 2000.0
(7828, 7829, 7830) 2254.0
(9117, 9118, 9119) 1825.0
(7219, 7220, 7221) 3238.0
(8392, 8393, 8394) 1832.0
(9748, 9749, 9750) 2930.0
(6502, 6503, 6504) 2985.0
(5868, 5869, 5870) 2603.0
(674, 675, 676) 2062.0
(8296, 8297, 8298) 2375.0
(3276, 3277, 3278) 3204.0
(1118, 1119, 1120) 2908.0
(9120, 9121, 9122) 2164.0
(9446, 9447, 9448) 2211.0
(3283, 3284, 3285) 2037.0
(7148, 7149, 7150) 2197.0
(1915, 1916, 1917) 2760.0
(9889, 9890, 9891) 2477.0
(6251, 6252, 6253) 1985.0
(716, 717, 718) 2254.0
(5659, 5660, 5661) 2036.0
(6209, 6210, 6211) 3093.0
(8389, 8390, 8391) 2274.0
(9099, 9100, 9101) 3552.0
(8489, 8490, 8491) 2241.0
(9569, 9570, 9571) 2247.0
(8194, 8195, 8196) 2243.0
(8736, 8737, 8738) 2227.0
(136, 137, 138) 1975.0
(4583, 4584, 4585) 2020.0
(4868, 4869, 4870) 1959.0
(1449, 1450, 1451) 2268.0
(9602, 9603, 9604) 2182.0
(1713, 1714, 1715) 2325.0
(9682, 9683, 9684) 2098.0
(8964, 8965, 8966) 2166.0
(7519, 7520, 7521) 2318.0
(7803, 7804, 7805) 2002.0
(5671, 5672, 5673) 2149.0
(1165, 1166, 1167) 2095.0
(9186, 9187, 9188) 2772.0
(484, 485, 486) 2083.0
(3683, 3684, 3685) 2171.0
(1685, 1686, 1687) 2384.0
(7891, 7892, 7893) 2542.0
(5069, 5070, 5071) 2098.0
(3216, 3217, 3218) 2443.0
(5385, 5386, 5387) 3867.0
(1467, 1468, 1469) 2022.0
(1725, 1726, 1727) 2400.0
(484, 485, 486) 2083.0
(7330, 7331, 7332) 2774.0
(7840, 7841, 7842) 2084.0
(4074, 4075, 4076) 2780.0
(1407, 1408, 1409) 2446.0
(4371, 4372, 4373) 2343.0
(3400, 3401, 3402) 2283.0
(7024, 7025, 7026) 2673.0
(9994, 9995, 9996) 2224.0
(9834, 9835, 9836) 2876.0
(7233, 7234, 7235) 2487.0
(4623, 4624, 4625) 3656.0
(4079, 4080, 4081) 2400.0
(2208, 2209, 2210) 2683.0
(6628, 6629, 6630) 2508.0
(6741, 6742, 6743) 2189.0
(3011, 3012, 3013) 2649.0
(4954, 4955, 4956) 2488.0
(2007, 2008, 2009) 2380.0
(858, 859, 860) 2338.0
(5597, 5598, 5599) 2109.0
(7898, 7899, 7900) 2471.0
(9854, 9855, 9856) 2541.0
(1147, 1148, 1149) 2439.0
(6290, 6291, 6292) 2737.0
(4544, 4545, 4546) 2828.0
(4594, 4595, 4596) 2399.0
(7393, 7394, 7395) 2361.0
(7045, 7046, 7047) 2678.0
(1799, 1800, 1801) 2592.0
(67, 68, 69) 3728.0
(5039, 5040, 5041) 2106.0
(6972, 6973, 6974) 2559.0
(6914, 6915, 6916) 2505.0
(8681, 8682, 8683) 2180.0
(6172, 6173, 6174) 2573.0
(591, 592, 593) 2392.0
(4049, 4050, 4051) 2424.0
(2720, 2721, 2722) 2152.0
(9717, 9718, 9719) 1942.0
(7754, 7755, 7756) 2383.0
(1275, 1276, 1277) 2517.0
(1731, 1732, 1733) 3004.0
(9540, 9541, 9542) 3264.0
(3443, 3444, 3445) 2174.0
(6909, 6910, 6911) 2707.0
(8177, 8178, 8179) 2127.0
(5854, 5855, 5856) 2386.0
(6857, 6858, 6859) 2778.0
(4623, 4624, 4625) 3656.0
(879, 880, 881) 1942.0
(1296, 1297, 1298) 2655.0
(5759, 5760, 5761) 2348.0
(3511, 3512, 3513) 2535.0
(957, 958, 959) 2086.0
(7063, 7064, 7065) 2659.0
(186, 187, 188) 2335.0
(4028, 4029, 4030) 2568.0
(9053, 9054, 9055) 2082.0
(8949, 8950, 8951) 2278.0
(642, 643, 644) 2430.0
(3399, 3400, 3401) 2645.0
(5474, 5475, 5476) 2316.0
(5547, 5548, 5549) 3033.0
(913, 914, 915) 2057.0
(3872, 3873, 3874) 2052.0
(7924, 7925, 7926) 2139.0
(2747, 2748, 2749) 2489.0
(9954, 9955, 9956) 3149.0
(8690, 8691, 8692) 2439.0
(8854, 8855, 8856) 3116.0
(8837, 8838, 8839) 2857.0
(9560, 9561, 9562) 2841.0
(6781, 6782, 6783) 2574.0
(6313, 6314, 6315) 2293.0
(247, 248, 249) 2504.0
(8922, 8923, 8924) 2797.0
(1480, 1481, 1482) 2263.0
(7808, 7809, 7810) 2383.0
(3351, 3352, 3353) 3175.0
(0, 1, 2) 2614.0
(8727, 8728, 8729) 2676.0
(4220, 4221, 4222) 2225.0
(5549, 5550, 5551) 2131.0
(9675, 9676, 9677) 2215.0
(5917, 5918, 5919) 2633.0
(4225, 4226, 4227) 2623.0
(8247, 8248, 8249) 2125.0
(380, 381, 382) 2727.0
(8709, 8710, 8711) 2314.0
(3790, 3791, 3792) 2156.0
(5829, 5830, 5831) 2678.0
(3517, 3518, 3519) 2183.0
(4484, 4485, 4486) 2755.0
(4859, 4860, 4861) 2730.0
(9563, 9564, 9565) 2258.0
(3441, 3442, 3443) 2020.0
(2280, 2281, 2282) 2040.0
(334, 335, 336) 2758.0
(3183, 3184, 3185) 2661.0
