(7669, 7670, 7671) 3010.0
(7885, 7886, 7887) 2582.0
(6276, 6277, 6278) 2488.0
(1945, 1946, 1947) 2816.0
(7616, 7617, 7618) 2675.0
(2557, 2558, 2559) 2737.0
(6413, 6414, 6415) 2125.0
(3629, 3630, 3631) 2756.0
(8800, 8801, 8802) 2395.0
(5994, 5995, 5996) 3025.0
(7197, 7198, 7199) 2639.0
(727, 728, 729) 2195.0
(342, 343, 344) 2966.0
(3592, 3593, 3594) 4403.0
(1676, 1677, 1678) 2747.0
(9363, 9364, 9365) 2195.0
(4332, 4333, 4334) 1981.0
(4490, 4491, 4492) 2810.0
(8532, 8533, 8534) 1960.0
(1306, 1307, 1308) 2643.0
(1906, 1907, 1908) 3176.0
(6245, 6246, 6247) 2678.0
(7223, 7224, 7225) 3975.0
(3664, 3665, 3666) 2987.0
(6962, 6963, 6964) 2816.0
(36, 37, 38) 2633.0
(8646, 8647, 8648) 2306.0
(8214, 8215, 8216) 2659.0
(9451, 9452, 9453) 2427.0
(6591, 6592, 6593) 2099.0
(8069, 8070, 8071) 1993.0
(6222, 6223, 6224) 2091.0
(5834, 5835, 5836) 2515.0
(7149, 7150, 7151) 3209.0
(6967, 6968, 6969) 3157.0
(4364, 4365, 4366) 2353.0
(4045, 4046, 4047) 2770.0
(9448, 9449, 9450) 2248.0
(4611, 4612, 4613) 2895.0
(7877, 7878, 7879) 2035.0
(2076, 2077, 2078) 2143.0
(6217, 6218, 6219) 2451.0
(1451, 1452, 1453) 2214.0
(1435, 1436, 1437) 2802.0
(9632, 9633, 9634) 2781.0
(7689, 7690, 7691) 2188.0
(6349, 6350, 6351) 2381.0
(4984, 4985, 4986) 2578.0
(6086, 6087, 6088) 2450.0
(8849, 8850, 8851) 2699.0
(3400, 3401, 3402) 2423.0
(4639, 4640, 4641) 2439.0
(9606, 9607, 9608) 2251.0
(6415, 6416, 6417) 2453.0
(102, 103, 104) 4027.0
(6454, 6455, 6456) 2319.0
(2714, 2715, 2716) 3073.0
(5705, 5706, 5707) 3144.0
(3923, 3924, 3925) 2749.0
(544, 545, 546) 3265.0
(3517, 3518, 3519) 2229.0
(5474, 5475, 5476) 2400.0
(6682, 6683, 6684) 2208.0
(720, 721, 722) 2497.0
(7475, 7476, 7477) 2352.0
(7652, 7653, 7654) 2404.0
(882, 883, 884) 2708.0
(5899, 5900, 5901) 2921.0
(637, 638, 639) 2993.0
(1175, 1176, 1177) 2458.0
(3479, 3480, 3481) 3101.0
(5908, 5909, 5910) 2226.0
(883, 884, 885) 3613.0
(2602, 2603, 2604) 2366.0
(861, 862, 863) 2565.0
(8982, 8983, 8984) 2928.0
(3738, 3739, 3740) 2559.0
(1720, 1721, 1722) 2725.0
(4643, 4644, 4645) 2275.0
(1203, 1204, 1205) 2994.0
(3816, 3817, 3818) 2641.0
(5888, 5889, 5890) 2489.0
(2343, 2344, 2345) 2660.0
(2703, 2704, 2705) 2794.0
(9390, 9391, 9392) 2446.0
(6942, 6943, 6944) 2175.0
(4377, 4378, 4379) 2323.0
(5579, 5580, 5581) 2598.0
(8743, 8744, 8745) 2286.0
(6161, 6162, 6163) 2438.0
(9418, 9419, 9420) 3626.0
(1503, 1504, 1505) 2686.0
(3561, 3562, 3563) 2396.0
(5936, 5937, 5938) 2277.0
(2750, 2751, 2752) 2287.0
(8121, 8122, 8123) 2255.0
(4559, 4560, 4561) 2457.0
(5656, 5657, 5658) 2685.0
(7470, 7471, 7472) 2290.0
(6014, 6015, 6016) 2939.0
(9335, 9336, 9337) 2597.0
(9922, 9923, 9924) 2235.0
(1197, 1198, 1199) 2734.0
(142, 143, 144) 2790.0
(2762, 2763, 2764) 3046.0
(2466, 2467, 2468) 2551.0
(4546, 4547, 4548) 2273.0
(6627, 6628, 6629) 3028.0
(3631, 3632, 3633) 3361.0
(5343, 5344, 5345) 2670.0
(2204, 2205, 2206) 2158.0
(837, 838, 839) 2421.0
(1900, 1901, 1902) 2355.0
(2263, 2264, 2265) 2774.0
(5213, 5214, 5215) 2187.0
(6063, 6064, 6065) 2174.0
(7989, 7990, 7991) 2536.0
(2498, 2499, 2500) 2354.0
(4352, 4353, 4354) 2638.0
(3878, 3879, 3880) 2482.0
(6252, 6253, 6254) 2494.0
(7831, 7832, 7833) 2840.0
(3279, 3280, 3281) 2507.0
(3535, 3536, 3537) 2947.0
(4233, 4234, 4235) 2699.0
(9634, 9635, 9636) 2635.0
(259, 260, 261) 2886.0
(6462, 6463, 6464) 2497.0
(1564, 1565, 1566) 2322.0
(2086, 2087, 2088) 2970.0
(484, 485, 486) 2274.0
(2006, 2007, 2008) 2389.0
(4640, 4641, 4642) 2292.0
(6166, 6167, 6168) 2463.0
(313, 314, 315) 2442.0
(61, 62, 63) 2498.0
(6769, 6770, 6771) 2461.0
(2540, 2541, 2542) 3452.0
(9140, 9141, 9142) 2689.0
(1342, 1343, 1344) 2581.0
(6033, 6034, 6035) 2006.0
(7317, 7318, 7319) 2618.0
(3395, 3396, 3397) 2610.0
(4660, 4661, 4662) 3332.0
(5957, 5958, 5959) 2088.0
(720, 721, 722) 2497.0
(4924, 4925, 4926) 2494.0
(9894, 9895, 9896) 2357.0
(6708, 6709, 6710) 2667.0
(2365, 2366, 2367) 2517.0
(3530, 3531, 3532) 2342.0
(5364, 5365, 5366) 2718.0
(5562, 5563, 5564) 2351.0
(5389, 5390, 5391) 2239.0
(527, 528, 529) 3531.0
(6669, 6670, 6671) 2281.0
(33, 34, 35) 2356.0
(1767, 1768, 1769) 2700.0
(3016, 3017, 3018) 2251.0
(6792, 6793, 6794) 3422.0
(1966, 1967, 1968) 2732.0
(9627, 9628, 9629) 2735.0
(8312, 8313, 8314) 2574.0
(7909, 7910, 7911) 2542.0
(2643, 2644, 2645) 2648.0
(322, 323, 324) 2416.0
(1017, 1018, 1019) 2916.0
(2278, 2279, 2280) 2566.0
(4338, 4339, 4340) 2488.0
(549, 550, 551) 2598.0
(6338, 6339, 6340) 2311.0
(1451, 1452, 1453) 2214.0
(4929, 4930, 4931) 2871.0
(977, 978, 979) 2342.0
(5780, 5781, 5782) 2461.0
(1214, 1215, 1216) 2561.0
(1617, 1618, 1619) 2312.0
(5956, 5957, 5958) 2644.0
(6153, 6154, 6155) 2785.0
(3518, 3519, 3520) 2616.0
(5406, 5407, 5408) 3010.0
(1248, 1249, 1250) 2393.0
(4952, 4953, 4954) 2487.0
(788, 789, 790) 2780.0
(4418, 4419, 4420) 3429.0
(4003, 4004, 4005) 2634.0
(2114, 2115, 2116) 2623.0
(7595, 7596, 7597) 2281.0
(5775, 5776, 5777) 2695.0
(4517, 4518, 4519) 2637.0
(8312, 8313, 8314) 2574.0
(2595, 2596, 2597) 2226.0
(9294, 9295, 9296) 2830.0
(6931, 6932, 6933) 2508.0
(137, 138, 139) 2366.0
(2384, 2385, 2386) 2662.0
(6421, 6422, 6423) 2188.0
(8874, 8875, 8876) 2222.0
(4675, 4676, 4677) 2810.0
(7177, 7178, 7179) 2604.0
(8706, 8707, 8708) 2247.0
(4801, 4802, 4803) 2259.0
(6137, 6138, 6139) 2401.0
(2348, 2349, 2350) 3013.0
(2305, 2306, 2307) 2827.0
(5275, 5276, 5277) 2163.0
(5235, 5236, 5237) 2854.0
(3460, 3461, 3462) 2594.0
(8266, 8267, 8268) 2665.0
(1695, 1696, 1697) 2498.0
(5860, 5861, 5862) 3755.0
(3611, 3612, 3613) 2687.0
(3932, 3933, 3934) 2528.0
(1923, 1924, 1925) 2115.0
(5641, 5642, 5643) 2102.0
(9027, 9028, 9029) 2064.0
(5512, 5513, 5514) 2325.0
(533, 534, 535) 2622.0
(8167, 8168, 8169) 2222.0
(6314, 6315, 6316) 3018.0
(4743, 4744, 4745) 3353.0
(2876, 2877, 2878) 3067.0
(9674, 9675, 9676) 2593.0
(4577, 4578, 4579) 3263.0
(217, 218, 219) 2572.0
(4197, 4198, 4199) 2563.0
(7347, 7348, 7349) 2531.0
(4205, 4206, 4207) 3571.0
(3630, 3631, 3632) 2790.0
(7486, 7487, 7488) 3130.0
(1660, 1661, 1662) 2280.0
(3846, 3847, 3848) 2395.0
(1875, 1876, 1877) 2562.0
(310, 311, 312) 2419.0
(8370, 8371, 8372) 2343.0
(343, 344, 345) 2603.0
(375, 376, 377) 2108.0
(777, 778, 779) 2836.0
(6685, 6686, 6687) 2387.0
(8814, 8815, 8816) 2561.0
(5662, 5663, 5664) 2408.0
(4122, 4123, 4124) 2203.0
(3081, 3082, 3083) 3652.0
(7123, 7124, 7125) 2753.0
(1357, 1358, 1359) 2847.0
(8837, 8838, 8839) 2944.0
(6382, 6383, 6384) 2799.0
(5398, 5399, 5400) 2727.0
(3905, 3906, 3907) 2324.0
(1972, 1973, 1974) 2349.0
(7821, 7822, 7823) 2285.0
(1601, 1602, 1603) 2886.0
(1477, 1478, 1479) 2795.0
(5980, 5981, 5982) 2326.0
(8812, 8813, 8814) 2790.0
(8706, 8707, 8708) 2247.0
(1439, 1440, 1441) 2150.0
(45, 46, 47) 3488.0
(4377, 4378, 4379) 2323.0
(8833, 8834, 8835) 2587.0
(5170, 5171, 5172) 2361.0
(4964, 4965, 4966) 2362.0
(7352, 7353, 7354) 2146.0
(2577, 2578, 2579) 2515.0
(6456, 6457, 6458) 2347.0
(9028, 9029, 9030) 2089.0
(6414, 6415, 6416) 2737.0
(6337, 6338, 6339) 2258.0
(1894, 1895, 1896) 2083.0
(8965, 8966, 8967) 2447.0
(1690, 1691, 1692) 2715.0
(2992, 2993, 2994) 2807.0
(2211, 2212, 2213) 2585.0
(9691, 9692, 9693) 2459.0
(16, 17, 18) 2713.0
(3353, 3354, 3355) 2419.0
(4395, 4396, 4397) 2867.0
(2803, 2804, 2805) 2446.0
(3439, 3440, 3441) 3683.0
(1771, 1772, 1773) 2573.0
(5424, 5425, 5426) 2666.0
(2966, 2967, 2968) 2824.0
(5353, 5354, 5355) 2474.0
(6799, 6800, 6801) 2435.0
(2463, 2464, 2465) 3354.0
(8818, 8819, 8820) 3147.0
(385, 386, 387) 2415.0
(6367, 6368, 6369) 2531.0
(802, 803, 804) 2498.0
(3539, 3540, 3541) 2722.0
(562, 563, 564) 3006.0
(8586, 8587, 8588) 2797.0
(8136, 8137, 8138) 2573.0
(9345, 9346, 9347) 2142.0
(7964, 7965, 7966) 2031.0
(9255, 9256, 9257) 2171.0
(8054, 8055, 8056) 2614.0
(5256, 5257, 5258) 2629.0
(2490, 2491, 2492) 3993.0
(9503, 9504, 9505) 2315.0
(292, 293, 294) 2283.0
