(1354, 1355, 1356) 2321.0
(1541, 1542, 1543) 2468.0
(2124, 2125, 2126) 3046.0
(758, 759, 760) 2167.0
(2929, 2930, 2931) 2783.0
(4705, 4706, 4707) 2706.0
(8979, 8980, 8981) 2919.0
(1709, 1710, 1711) 2507.0
(4295, 4296, 4297) 2278.0
(8395, 8396, 8397) 2290.0
(319, 320, 321) 2432.0
(4882, 4883, 4884) 2917.0
(9969, 9970, 9971) 2965.0
(3076, 3077, 3078) 2748.0
(987, 988, 989) 2730.0
(267, 268, 269) 2516.0
(1462, 1463, 1464) 2346.0
(6712, 6713, 6714) 2904.0
(5627, 5628, 5629) 3528.0
(2893, 2894, 2895) 2565.0
(8611, 8612, 8613) 2472.0
(1377, 1378, 1379) 2633.0
(1023, 1024, 1025) 2528.0
(284, 285, 286) 2654.0
(9353, 9354, 9355) 3399.0
(9883, 9884, 9885) 2191.0
(1959, 1960, 1961) 2843.0
(2099, 2100, 2101) 2391.0
(7210, 7211, 7212) 3076.0
(5817, 5818, 5819) 2550.0
(833, 834, 835) 2541.0
(6831, 6832, 6833) 3471.0
(3160, 3161, 3162) 3244.0
(1453, 1454, 1455) 2746.0
(5427, 5428, 5429) 2718.0
(2257, 2258, 2259) 2741.0
(4723, 4724, 4725) 2912.0
(7982, 7983, 7984) 2242.0
(1679, 1680, 1681) 3072.0
(3703, 3704, 3705) 2649.0
(4758, 4759, 4760) 2873.0
(4531, 4532, 4533) 2957.0
(5743, 5744, 5745) 2503.0
(4499, 4500, 4501) 2638.0
(3464, 3465, 3466) 2400.0
(7596, 7597, 7598) 2734.0
(7494, 7495, 7496) 2830.0
(1882, 1883, 1884) 2900.0
(3607, 3608, 3609) 3199.0
(7737, 7738, 7739) 3679.0
(9673, 9674, 9675) 3113.0
(9155, 9156, 9157) 2625.0
(9136, 9137, 9138) 2870.0
(694, 695, 696) 2538.0
(5839, 5840, 5841) 2897.0
(5868, 5869, 5870) 2882.0
(9548, 9549, 9550) 2162.0
(2992, 2993, 2994) 2899.0
(6480, 6481, 6482) 2686.0
(8745, 8746, 8747) 2561.0
(8373, 8374, 8375) 2578.0
(769, 770, 771) 2891.0
(6024, 6025, 6026) 2769.0
(3508, 3509, 3510) 2819.0
(8102, 8103, 8104) 2507.0
(3984, 3985, 3986) 2854.0
(6386, 6387, 6388) 2931.0
(4027, 4028, 4029) 2184.0
(3427, 3428, 3429) 2747.0
(3130, 3131, 3132) 2833.0
(215, 216, 217) 2913.0
(4466, 4467, 4468) 2508.0
(5766, 5767, 5768) 2810.0
(3797, 3798, 3799) 2594.0
(2328, 2329, 2330) 2551.0
(8082, 8083, 8084) 2803.0
(8465, 8466, 8467) 2416.0
(4033, 4034, 4035) 2443.0
(3581, 3582, 3583) 2311.0
(9365, 9366, 9367) 2725.0
(7706, 7707, 7708) 2421.0
(352, 353, 354) 2821.0
(7535, 7536, 7537) 2019.0
(355, 356, 357) 2664.0
(7082, 7083, 7084) 2711.0
(6548, 6549, 6550) 2652.0
(708, 709, 710) 2483.0
(7349, 7350, 7351) 2554.0
(1906, 1907, 1908) 3278.0
(3723, 3724, 3725) 3013.0
(2823, 2824, 2825) 2215.0
(8457, 8458, 8459) 2506.0
(7390, 7391, 7392) 3908.0
(8451, 8452, 8453) 3118.0
(8496, 8497, 8498) 2768.0
(7540, 7541, 7542) 2145.0
(9014, 9015, 9016) 2492.0
(3629, 3630, 3631) 3040.0
(132, 133, 134) 2997.0
(7069, 7070, 7071) 2168.0
(9207, 9208, 9209) 3580.0
(8416, 8417, 8418) 2616.0
(2875, 2876, 2877) 2476.0
(7916, 7917, 7918) 3018.0
(6444, 6445, 6446) 2652.0
(7235, 7236, 7237) 3082.0
(818, 819, 820) 3173.0
(8243, 8244, 8245) 2401.0
(3602, 3603, 3604) 2733.0
(4679, 4680, 4681) 3553.0
(1703, 1704, 1705) 2419.0
(333, 334, 335) 2672.0
(6645, 6646, 6647) 2883.0
(1332, 1333, 1334) 3044.0
(9697, 9698, 9699) 2222.0
(9877, 9878, 9879) 2992.0
(8526, 8527, 8528) 2387.0
(3896, 3897, 3898) 2685.0
(3191, 3192, 3193) 2377.0
(2327, 2328, 2329) 2843.0
(5546, 5547, 5548) 2498.0
(9207, 9208, 9209) 3580.0
(6154, 6155, 6156) 3066.0
(5977, 5978, 5979) 2725.0
(333, 334, 335) 2672.0
(6771, 6772, 6773) 2396.0
(4618, 4619, 4620) 2121.0
(9486, 9487, 9488) 2555.0
(7109, 7110, 7111) 2859.0
(4142, 4143, 4144) 2225.0
(4052, 4053, 4054) 2620.0
(2665, 2666, 2667) 2553.0
(8680, 8681, 8682) 3012.0
(9806, 9807, 9808) 2550.0
(2202, 2203, 2204) 2679.0
(6484, 6485, 6486) 2956.0
(1296, 1297, 1298) 2935.0
(9494, 9495, 9496) 2385.0
(6438, 6439, 6440) 2825.0
(3432, 3433, 3434) 2083.0
(2408, 2409, 2410) 1966.0
(8869, 8870, 8871) 2610.0
(2029, 2030, 2031) 2456.0
(7390, 7391, 7392) 3908.0
(6875, 6876, 6877) 3793.0
(2896, 2897, 2898) 2539.0
(5871, 5872, 5873) 3153.0
(7217, 7218, 7219) 2848.0
(4616, 4617, 4618) 2580.0
(2369, 2370, 2371) 2609.0
(1108, 1109, 1110) 2354.0
(5820, 5821, 5822) 2564.0
(2689, 2690, 2691) 2299.0
(947, 948, 949) 2250.0
(962, 963, 964) 2608.0
(6788, 6789, 6790) 2389.0
(4612, 4613, 4614) 2601.0
(35, 36, 37) 2823.0
(3058, 3059, 3060) 2873.0
(7513, 7514, 7515) 2379.0
(8964, 8965, 8966) 2741.0
(3170, 3171, 3172) 2744.0
(7747, 7748, 7749) 2460.0
(3255, 3256, 3257) 3110.0
(1241, 1242, 1243) 2452.0
(3165, 3166, 3167) 2711.0
(566, 567, 568) 2599.0
(3409, 3410, 3411) 2001.0
(1276, 1277, 1278) 2348.0
(2915, 2916, 2917) 2909.0
(9255, 9256, 9257) 2317.0
(9209, 9210, 9211) 2439.0
(6958, 6959, 6960) 2329.0
(9008, 9009, 9010) 2471.0
(2388, 2389, 2390) 2226.0
(9605, 9606, 9607) 2480.0
(4743, 4744, 4745) 3354.0
(4271, 4272, 4273) 2340.0
(1660, 1661, 1662) 2286.0
(9048, 9049, 9050) 3225.0
(4619, 4620, 4621) 2747.0
(6001, 6002, 6003) 2580.0
(2656, 2657, 2658) 2042.0
(5201, 5202, 5203) 3162.0
(5800, 5801, 5802) 2450.0
(1945, 1946, 1947) 2847.0
(1139, 1140, 1141) 2554.0
(8920, 8921, 8922) 2187.0
(6915, 6916, 6917) 3458.0
(9981, 9982, 9983) 2905.0
(2613, 2614, 2615) 2377.0
(1210, 1211, 1212) 2941.0
(8058, 8059, 8060) 2623.0
(989, 990, 991) 2432.0
(6498, 6499, 6500) 2250.0
(8172, 8173, 8174) 2820.0
(5199, 5200, 5201) 2640.0
(7101, 7102, 7103) 2789.0
(1767, 1768, 1769) 2890.0
(7809, 7810, 7811) 3459.0
(7469, 7470, 7471) 2510.0
(3417, 3418, 3419) 3213.0
(885, 886, 887) 3155.0
(881, 882, 883) 2676.0
(8837, 8838, 8839) 2958.0
(6427, 6428, 6429) 2600.0
(8408, 8409, 8410) 2087.0
(7365, 7366, 7367) 2898.0
(8910, 8911, 8912) 2974.0
(2547, 2548, 2549) 4021.0
(6551, 6552, 6553) 3100.0
(657, 658, 659) 3633.0
(9922, 9923, 9924) 2286.0
(237, 238, 239) 3027.0
(955, 956, 957) 2975.0
(5721, 5722, 5723) 2919.0
(379, 380, 381) 4075.0
(3337, 3338, 3339) 2821.0
(7367, 7368, 7369) 2964.0
(1353, 1354, 1355) 2837.0
(7834, 7835, 7836) 2914.0
(9180, 9181, 9182) 2339.0
(5942, 5943, 5944) 2411.0
(8520, 8521, 8522) 2677.0
(8504, 8505, 8506) 2649.0
(9488, 9489, 9490) 3443.0
(8942, 8943, 8944) 3127.0
(7464, 7465, 7466) 2299.0
(6779, 6780, 6781) 2687.0
(1572, 1573, 1574) 2156.0
(4073, 4074, 4075) 2564.0
(4358, 4359, 4360) 2304.0
(689, 690, 691) 3713.0
(6953, 6954, 6955) 2415.0
(8736, 8737, 8738) 2382.0
(6502, 6503, 6504) 3235.0
(7655, 7656, 7657) 2100.0
(8927, 8928, 8929) 2648.0
(410, 411, 412) 3237.0
(8537, 8538, 8539) 2615.0
(7523, 7524, 7525) 2923.0
(4968, 4969, 4970) 2568.0
(6576, 6577, 6578) 2415.0
(7534, 7535, 7536) 2336.0
(5716, 5717, 5718) 2880.0
(904, 905, 906) 3229.0
(722, 723, 724) 2368.0
(6253, 6254, 6255) 2380.0
(4767, 4768, 4769) 2627.0
(9532, 9533, 9534) 2907.0
(9506, 9507, 9508) 2495.0
(494, 495, 496) 3289.0
(92, 93, 94) 2280.0
(530, 531, 532) 2706.0
(6046, 6047, 6048) 2548.0
(5714, 5715, 5716) 2528.0
(4838, 4839, 4840) 2238.0
(5881, 5882, 5883) 3143.0
(3885, 3886, 3887) 2349.0
(5490, 5491, 5492) 2365.0
(4687, 4688, 4689) 2079.0
(9686, 9687, 9688) 2839.0
(8870, 8871, 8872) 2563.0
(8814, 8815, 8816) 2717.0
(8075, 8076, 8077) 3368.0
(8175, 8176, 8177) 1994.0
(5365, 5366, 5367) 2264.0
(4211, 4212, 4213) 2123.0
(4209, 4210, 4211) 2245.0
(289, 290, 291) 2360.0
(5716, 5717, 5718) 2880.0
(8027, 8028, 8029) 2589.0
(8689, 8690, 8691) 2558.0
(5821, 5822, 5823) 2691.0
(9593, 9594, 9595) 2912.0
(5441, 5442, 5443) 3025.0
(5733, 5734, 5735) 2655.0
(2022, 2023, 2024) 2381.0
(6896, 6897, 6898) 3313.0
(7888, 7889, 7890) 2706.0
(7958, 7959, 7960) 2405.0
(3663, 3664, 3665) 2146.0
(8525, 8526, 8527) 2702.0
(9910, 9911, 9912) 2984.0
(7241, 7242, 7243) 2519.0
(6389, 6390, 6391) 2298.0
(5528, 5529, 5530) 2771.0
(2772, 2773, 2774) 2543.0
(7353, 7354, 7355) 3136.0
(7616, 7617, 7618) 3462.0
(3216, 3217, 3218) 2723.0
(4923, 4924, 4925) 2705.0
(9840, 9841, 9842) 2318.0
(9597, 9598, 9599) 2408.0
(4798, 4799, 4800) 2832.0
(9407, 9408, 9409) 3060.0
(9095, 9096, 9097) 3629.0
(568, 569, 570) 2786.0
(9302, 9303, 9304) 2887.0
(7715, 7716, 7717) 2955.0
(2779, 2780, 2781) 2974.0
(6448, 6449, 6450) 2324.0
(211, 212, 213) 2482.0
(9978, 9979, 9980) 3157.0
(3721, 3722, 3723) 3428.0
(1618, 1619, 1620) 3034.0
(2970, 2971, 2972) 2542.0
(1033, 1034, 1035) 3107.0
(5679, 5680, 5681) 2306.0
(3313, 3314, 3315) 2728.0
(3574, 3575, 3576) 3214.0
(8472, 8473, 8474) 2444.0
(3243, 3244, 3245) 2615.0
(39, 40, 41) 3831.0
(6338, 6339, 6340) 2356.0
(7470, 7471, 7472) 2362.0
(7960, 7961, 7962) 2248.0
(1413, 1414, 1415) 2615.0
(7830, 7831, 7832) 2500.0
(7721, 7722, 7723) 2506.0
(7816, 7817, 7818) 2881.0
(7567, 7568, 7569) 2602.0
(4284, 4285, 4286) 2494.0
(7044, 7045, 7046) 3539.0
(5743, 5744, 5745) 2503.0
(5182, 5183, 5184) 3070.0
(1426, 1427, 1428) 2713.0
(3626, 3627, 3628) 2551.0
(5438, 5439, 5440) 3175.0
(3801, 3802, 3803) 2426.0
(5302, 5303, 5304) 3791.0
(7637, 7638, 7639) 2791.0
(3286, 3287, 3288) 2465.0
(9817, 9818, 9819) 3457.0
(5386, 5387, 5388) 2475.0
(255, 256, 257) 2354.0
(8523, 8524, 8525) 2865.0
(1735, 1736, 1737) 2801.0
(5350, 5351, 5352) 2670.0
(8546, 8547, 8548) 3298.0
(1179, 1180, 1181) 2527.0
(4119, 4120, 4121) 3168.0
(3465, 3466, 3467) 3135.0
(8771, 8772, 8773) 2280.0
(9911, 9912, 9913) 2275.0
(6580, 6581, 6582) 2538.0
(8158, 8159, 8160) 2395.0
(1238, 1239, 1240) 2297.0
(6458, 6459, 6460) 2867.0
(9412, 9413, 9414) 2686.0
(2997, 2998, 2999) 2099.0
(2242, 2243, 2244) 3323.0
(8884, 8885, 8886) 3292.0
(7233, 7234, 7235) 2677.0
(1907, 1908, 1909) 2192.0
(2180, 2181, 2182) 1888.0
(5728, 5729, 5730) 2348.0
(3524, 3525, 3526) 2754.0
(1460, 1461, 1462) 2635.0
(8094, 8095, 8096) 2652.0
(1822, 1823, 1824) 2685.0
(5283, 5284, 5285) 2409.0
(9833, 9834, 9835) 2341.0
(4762, 4763, 4764) 2706.0
(7431, 7432, 7433) 2542.0
(2534, 2535, 2536) 3073.0
(4464, 4465, 4466) 2430.0
(9807, 9808, 9809) 3323.0
(8126, 8127, 8128) 2936.0
(9862, 9863, 9864) 2756.0
(6029, 6030, 6031) 2802.0
(6476, 6477, 6478) 2928.0
(3437, 3438, 3439) 2360.0
(3713, 3714, 3715) 2674.0
(6347, 6348, 6349) 2147.0
(7767, 7768, 7769) 2594.0
(2169, 2170, 2171) 2416.0
(9388, 9389, 9390) 2791.0
(543, 544, 545) 2528.0
(5940, 5941, 5942) 2843.0
(5493, 5494, 5495) 3156.0
(3901, 3902, 3903) 3114.0
(7421, 7422, 7423) 2907.0
(1903, 1904, 1905) 2739.0
(6811, 6812, 6813) 2938.0
(9787, 9788, 9789) 2210.0
(6240, 6241, 6242) 3570.0
(4944, 4945, 4946) 2514.0
(6434, 6435, 6436) 3494.0
(4372, 4373, 4374) 2438.0
(8821, 8822, 8823) 2414.0
(5829, 5830, 5831) 3000.0
(650, 651, 652) 2735.0
(6212, 6213, 6214) 2807.0
(6038, 6039, 6040) 2272.0
(6159, 6160, 6161) 2344.0
(1469, 1470, 1471) 2651.0
(3856, 3857, 3858) 2560.0
(9648, 9649, 9650) 3224.0
(916, 917, 918) 2714.0
(5615, 5616, 5617) 2492.0
(856, 857, 858) 2572.0
(7142, 7143, 7144) 2842.0
(1659, 1660, 1661) 2328.0
(2706, 2707, 2708) 2410.0
(4680, 4681, 4682) 3028.0
(220, 221, 222) 3036.0
(5167, 5168, 5169) 3141.0
(7167, 7168, 7169) 2962.0
(9656, 9657, 9658) 3247.0
(4789, 4790, 4791) 2374.0
(870, 871, 872) 2664.0
(2102, 2103, 2104) 3005.0
(6638, 6639, 6640) 2957.0
(88, 89, 90) 2557.0
(225, 226, 227) 2684.0
(4009, 4010, 4011) 2338.0
(4792, 4793, 4794) 2978.0
(3726, 3727, 3728) 2487.0
(506, 507, 508) 2614.0
(7434, 7435, 7436) 2799.0
(7123, 7124, 7125) 2951.0
(8972, 8973, 8974) 2098.0
(311, 312, 313) 2238.0
(8275, 8276, 8277) 2835.0
(7616, 7617, 7618) 3462.0
(2273, 2274, 2275) 2808.0
(9742, 9743, 9744) 2598.0
(7803, 7804, 7805) 2291.0
(8664, 8665, 8666) 3951.0
(4023, 4024, 4025) 2764.0
(4100, 4101, 4102) 2523.0
(6288, 6289, 6290) 3020.0
(7723, 7724, 7725) 2675.0
(5754, 5755, 5756) 2352.0
(6550, 6551, 6552) 2494.0
(6713, 6714, 6715) 2540.0
(1296, 1297, 1298) 2935.0
(6834, 6835, 6836) 2540.0
(2258, 2259, 2260) 2576.0
(8682, 8683, 8684) 3141.0
(91, 92, 93) 2308.0
(5358, 5359, 5360) 2382.0
(751, 752, 753) 3424.0
(1363, 1364, 1365) 2027.0
(9687, 9688, 9689) 2866.0
(4988, 4989, 4990) 2665.0
(8032, 8033, 8034) 2961.0
(9421, 9422, 9423) 2675.0
(3219, 3220, 3221) 2860.0
(9450, 9451, 9452) 3119.0
(297, 298, 299) 3324.0
(9617, 9618, 9619) 2295.0
(8405, 8406, 8407) 3495.0
(5712, 5713, 5714) 2768.0
(7792, 7793, 7794) 2603.0
(1777, 1778, 1779) 2627.0
(7826, 7827, 7828) 3602.0
(8231, 8232, 8233) 2852.0
(2869, 2870, 2871) 2939.0
(6402, 6403, 6404) 2431.0
(8909, 8910, 8911) 3827.0
(9316, 9317, 9318) 2783.0
(4057, 4058, 4059) 3489.0
(4714, 4715, 4716) 2361.0
(873, 874, 875) 2917.0
(9388, 9389, 9390) 2791.0
(8115, 8116, 8117) 2931.0
(3563, 3564, 3565) 2197.0
(8270, 8271, 8272) 2288.0
(7972, 7973, 7974) 3278.0
(9906, 9907, 9908) 2517.0
(3659, 3660, 3661) 3307.0
(8760, 8761, 8762) 2543.0
(7902, 7903, 7904) 2163.0
(21, 22, 23) 2305.0
(217, 218, 219) 2815.0
(1301, 1302, 1303) 3313.0
(702, 703, 704) 3353.0
(4163, 4164, 4165) 3102.0
(5007, 5008, 5009) 2460.0
(7914, 7915, 7916) 2758.0
(9021, 9022, 9023) 2345.0
(6318, 6319, 6320) 2826.0
(4560, 4561, 4562) 3177.0
(106, 107, 108) 2481.0
(2285, 2286, 2287) 3040.0
(700, 701, 702) 3083.0
(5732, 5733, 5734) 2305.0
(7791, 7792, 7793) 2015.0
(6106, 6107, 6108) 3192.0
(9199, 9200, 9201) 3144.0
(3577, 3578, 3579) 2920.0
(2565, 2566, 2567) 2368.0
(5433, 5434, 5435) 2653.0
(3458, 3459, 3460) 3099.0
(2042, 2043, 2044) 2766.0
(117, 118, 119) 2420.0
(5646, 5647, 5648) 2633.0
(248, 249, 250) 2516.0
(5784, 5785, 5786) 2756.0
(8800, 8801, 8802) 2524.0
(9349, 9350, 9351) 3058.0
(1795, 1796, 1797) 2849.0
(2010, 2011, 2012) 2727.0
(9839, 9840, 9841) 3087.0
(19, 20, 21) 2348.0
(7728, 7729, 7730) 3029.0
(2194, 2195, 2196) 2741.0
(6225, 6226, 6227) 2982.0
(6048, 6049, 6050) 2644.0
(8233, 8234, 8235) 2672.0
(1551, 1552, 1553) 2647.0
(4918, 4919, 4920) 2804.0
(543, 544, 545) 2528.0
(6034, 6035, 6036) 2644.0
(563, 564, 565) 2406.0
(1283, 1284, 1285) 2662.0
(9041, 9042, 9043) 2784.0
(5725, 5726, 5727) 2608.0
(587, 588, 589) 2607.0
(5494, 5495, 5496) 2943.0
(6635, 6636, 6637) 2367.0
(4354, 4355, 4356) 2589.0
(4873, 4874, 4875) 2973.0
(5530, 5531, 5532) 3018.0
(2240, 2241, 2242) 2650.0
(8827, 8828, 8829) 3084.0
(4275, 4276, 4277) 2264.0
(3716, 3717, 3718) 2410.0
(7133, 7134, 7135) 2814.0
(2175, 2176, 2177) 2982.0
(1036, 1037, 1038) 2449.0
(4206, 4207, 4208) 2746.0
(6303, 6304, 6305) 2601.0
(5150, 5151, 5152) 2669.0
(8890, 8891, 8892) 2347.0
(8185, 8186, 8187) 2490.0
(935, 936, 937) 2762.0
(7900, 7901, 7902) 2740.0
(9952, 9953, 9954) 2250.0
(5141, 5142, 5143) 2859.0
(565, 566, 567) 2708.0
(9472, 9473, 9474) 2445.0
(6519, 6520, 6521) 2432.0
(7865, 7866, 7867) 2810.0
(8773, 8774, 8775) 2308.0
(650, 651, 652) 2735.0
(7656, 7657, 7658) 2213.0
(6275, 6276, 6277) 2234.0
(778, 779, 780) 2607.0
(345, 346, 347) 2318.0
(3207, 3208, 3209) 2593.0
(7478, 7479, 7480) 3232.0
(2273, 2274, 2275) 2808.0
(8263, 8264, 8265) 3709.0
(9497, 9498, 9499) 2626.0
(4907, 4908, 4909) 2714.0
(5970, 5971, 5972) 3102.0
(4835, 4836, 4837) 3109.0
(7365, 7366, 7367) 2898.0
(8757, 8758, 8759) 2482.0
(6126, 6127, 6128) 2365.0
(2095, 2096, 2097) 2596.0
(728, 729, 730) 2881.0
(4159, 4160, 4161) 2108.0
(2957, 2958, 2959) 2392.0
(3502, 3503, 3504) 3151.0
(7875, 7876, 7877) 2202.0
(6034, 6035, 6036) 2644.0
(4125, 4126, 4127) 2289.0
(7735, 7736, 7737) 3106.0
(1849, 1850, 1851) 2490.0
(8617, 8618, 8619) 2966.0
(9754, 9755, 9756) 2877.0
(4195, 4196, 4197) 2634.0
(689, 690, 691) 3713.0
(8480, 8481, 8482) 2604.0
(2218, 2219, 2220) 2295.0
(6564, 6565, 6566) 2837.0
(9969, 9970, 9971) 2965.0
(7784, 7785, 7786) 2522.0
(345, 346, 347) 2318.0
(7994, 7995, 7996) 2373.0
(904, 905, 906) 3229.0
(5920, 5921, 5922) 2697.0
(2600, 2601, 2602) 2854.0
(8566, 8567, 8568) 2472.0
(2989, 2990, 2991) 2999.0
(4220, 4221, 4222) 2321.0
(632, 633, 634) 2396.0
(8037, 8038, 8039) 3228.0
(6479, 6480, 6481) 2311.0
(4644, 4645, 4646) 2180.0
(3312, 3313, 3314) 3001.0
(3647, 3648, 3649) 2733.0
(9243, 9244, 9245) 2690.0
(42, 43, 44) 2241.0
(1610, 1611, 1612) 2966.0
(2857, 2858, 2859) 2707.0
(603, 604, 605) 2960.0
(8881, 8882, 8883) 2285.0
(6034, 6035, 6036) 2644.0
(2961, 2962, 2963) 2809.0
(5844, 5845, 5846) 3075.0
(4081, 4082, 4083) 2782.0
(5032, 5033, 5034) 2770.0
(3367, 3368, 3369) 2358.0
(6677, 6678, 6679) 2632.0
(4033, 4034, 4035) 2443.0
(4129, 4130, 4131) 2735.0
(7753, 7754, 7755) 2312.0
(7875, 7876, 7877) 2202.0
(9838, 9839, 9840) 2668.0
(5409, 5410, 5411) 2740.0
(7691, 7692, 7693) 2252.0
(9549, 9550, 9551) 2493.0
(4100, 4101, 4102) 2523.0
(147, 148, 149) 2755.0
(7783, 7784, 7785) 2718.0
(1161, 1162, 1163) 2488.0
(8932, 8933, 8934) 3046.0
(9055, 9056, 9057) 3126.0
(992, 993, 994) 2310.0
(8606, 8607, 8608) 3253.0
(2095, 2096, 2097) 2596.0
(6103, 6104, 6105) 2683.0
(5398, 5399, 5400) 2635.0
(3922, 3923, 3924) 2750.0
(5610, 5611, 5612) 2376.0
(1242, 1243, 1244) 2666.0
(3204, 3205, 3206) 2467.0
(7032, 7033, 7034) 2567.0
(6703, 6704, 6705) 2677.0
(4199, 4200, 4201) 2267.0
(2956, 2957, 2958) 2954.0
(8023, 8024, 8025) 2857.0
(624, 625, 626) 2880.0
(7133, 7134, 7135) 2814.0
(5970, 5971, 5972) 3102.0
(8209, 8210, 8211) 2621.0
(7317, 7318, 7319) 2665.0
(4828, 4829, 4830) 2718.0
(5593, 5594, 5595) 2469.0
(8121, 8122, 8123) 2335.0
(9924, 9925, 9926) 3348.0
(261, 262, 263) 3153.0
(831, 832, 833) 2504.0
(7601, 7602, 7603) 3100.0
(3816, 3817, 3818) 2788.0
(3847, 3848, 3849) 2846.0
(4522, 4523, 4524) 2984.0
(3723, 3724, 3725) 3013.0
(580, 581, 582) 2345.0
(4546, 4547, 4548) 2390.0
(5876, 5877, 5878) 2438.0
(1488, 1489, 1490) 2352.0
(7957, 7958, 7959) 2580.0
(6346, 6347, 6348) 2159.0
(2686, 2687, 2688) 2806.0
(2693, 2694, 2695) 2924.0
(2753, 2754, 2755) 2665.0
(6475, 6476, 6477) 2624.0
(8030, 8031, 8032) 2701.0
(5349, 5350, 5351) 3029.0
(1403, 1404, 1405) 2809.0
(4075, 4076, 4077) 2910.0
(3189, 3190, 3191) 2262.0
(8554, 8555, 8556) 2625.0
(5144, 5145, 5146) 2762.0
(3256, 3257, 3258) 2513.0
(5091, 5092, 5093) 2579.0
(5297, 5298, 5299) 3444.0
(416, 417, 418) 2655.0
(5581, 5582, 5583) 2526.0
(2685, 2686, 2687) 2514.0
(3084, 3085, 3086) 2645.0
(2993, 2994, 2995) 2880.0
(6455, 6456, 6457) 2654.0
(9205, 9206, 9207) 3331.0
(8321, 8322, 8323) 2075.0
(8140, 8141, 8142) 3081.0
(2672, 2673, 2674) 2522.0
(6347, 6348, 6349) 2147.0
(9405, 9406, 9407) 2741.0
(331, 332, 333) 3007.0
(8195, 8196, 8197) 2222.0
(9219, 9220, 9221) 2973.0
(644, 645, 646) 2310.0
(5981, 5982, 5983) 2622.0
(3316, 3317, 3318) 2352.0
(4020, 4021, 4022) 2257.0
(9649, 9650, 9651) 2499.0
(2603, 2604, 2605) 2816.0
(181, 182, 183) 2398.0
(4861, 4862, 4863) 2382.0
(1398, 1399, 1400) 2588.0
(1421, 1422, 1423) 2754.0
(8292, 8293, 8294) 3134.0
(8598, 8599, 8600) 2289.0
(5970, 5971, 5972) 3102.0
(6358, 6359, 6360) 2695.0
(1132, 1133, 1134) 2574.0
(7035, 7036, 7037) 2749.0
(3189, 3190, 3191) 2262.0
(2956, 2957, 2958) 2954.0
(859, 860, 861) 2621.0
(8578, 8579, 8580) 2551.0
(1798, 1799, 1800) 2364.0
(8888, 8889, 8890) 2454.0
(3670, 3671, 3672) 2748.0
(3923, 3924, 3925) 2822.0
(106, 107, 108) 2481.0
(7292, 7293, 7294) 3022.0
(5481, 5482, 5483) 2799.0
(6966, 6967, 6968) 2756.0
(4472, 4473, 4474) 3030.0
(185, 186, 187) 3427.0
(1724, 1725, 1726) 2927.0
(7093, 7094, 7095) 2463.0
(6130, 6131, 6132) 2302.0
(4827, 4828, 4829) 3000.0
(4774, 4775, 4776) 3578.0
(385, 386, 387) 2584.0
(8362, 8363, 8364) 3156.0
(209, 210, 211) 3534.0
(9740, 9741, 9742) 3043.0
(9126, 9127, 9128) 2862.0
(6633, 6634, 6635) 2209.0
(2889, 2890, 2891) 2655.0
(5942, 5943, 5944) 2411.0
(608, 609, 610) 2656.0
(8049, 8050, 8051) 3755.0
(371, 372, 373) 2483.0
(2951, 2952, 2953) 2852.0
(3623, 3624, 3625) 2799.0
(4890, 4891, 4892) 3457.0
(1378, 1379, 1380) 2507.0
(8509, 8510, 8511) 2783.0
(8726, 8727, 8728) 2102.0
(1353, 1354, 1355) 2837.0
(1197, 1198, 1199) 2993.0
(2866, 2867, 2868) 2304.0
(404, 405, 406) 2982.0
(9613, 9614, 9615) 2963.0
(512, 513, 514) 2995.0
(9539, 9540, 9541) 2762.0
(6880, 6881, 6882) 3803.0
(1137, 1138, 1139) 2863.0
(7309, 7310, 7311) 2343.0
(5110, 5111, 5112) 2239.0
(3052, 3053, 3054) 3198.0
(7152, 7153, 7154) 2792.0
(195, 196, 197) 2579.0
(1582, 1583, 1584) 2882.0
(9089, 9090, 9091) 2195.0
(4581, 4582, 4583) 2947.0
(1078, 1079, 1080) 2806.0
(2457, 2458, 2459) 2153.0
(9956, 9957, 9958) 3152.0
(5540, 5541, 5542) 2620.0
(3926, 3927, 3928) 2488.0
(2631, 2632, 2633) 3924.0
(6837, 6838, 6839) 2666.0
(3908, 3909, 3910) 2274.0
(5115, 5116, 5117) 2469.0
(4552, 4553, 4554) 2704.0
(8710, 8711, 8712) 2410.0
(5824, 5825, 5826) 3344.0
(4859, 4860, 4861) 3103.0
(7284, 7285, 7286) 3940.0
(4436, 4437, 4438) 2399.0
(1693, 1694, 1695) 2546.0
(827, 828, 829) 2803.0
(8299, 8300, 8301) 2739.0
(966, 967, 968) 2972.0
(1776, 1777, 1778) 2882.0
(2698, 2699, 2700) 2498.0
(8433, 8434, 8435) 2667.0
(4061, 4062, 4063) 2952.0
(5842, 5843, 5844) 2172.0
(1240, 1241, 1242) 2701.0
(4590, 4591, 4592) 2823.0
(8059, 8060, 8061) 2352.0
(5445, 5446, 5447) 2511.0
(1242, 1243, 1244) 2666.0
(4536, 4537, 4538) 2964.0
(4392, 4393, 4394) 2747.0
(6436, 6437, 6438) 2684.0
(4300, 4301, 4302) 2602.0
(4397, 4398, 4399) 3380.0
(7266, 7267, 7268) 2572.0
(6935, 6936, 6937) 2549.0
(6093, 6094, 6095) 3412.0
(4260, 4261, 4262) 2482.0
(6582, 6583, 6584) 2432.0
(9593, 9594, 9595) 2912.0
(5080, 5081, 5082) 2492.0
(3683, 3684, 3685) 2484.0
(9, 10, 11) 2503.0
(1195, 1196, 1197) 2835.0
(3565, 3566, 3567) 2623.0
(474, 475, 476) 2854.0
(6624, 6625, 6626) 3435.0
(3175, 3176, 3177) 2772.0
(4165, 4166, 4167) 2175.0
(4048, 4049, 4050) 2392.0
(4005, 4006, 4007) 2338.0
(8256, 8257, 8258) 2487.0
(3833, 3834, 3835) 2585.0
(5602, 5603, 5604) 2554.0
(4313, 4314, 4315) 2532.0
(7551, 7552, 7553) 3008.0
(8036, 8037, 8038) 2540.0
(6509, 6510, 6511) 2584.0
(4972, 4973, 4974) 2777.0
(9074, 9075, 9076) 2213.0
(486, 487, 488) 2851.0
(455, 456, 457) 2630.0
(6725, 6726, 6727) 2753.0
(7687, 7688, 7689) 3134.0
(8281, 8282, 8283) 3130.0
(4862, 4863, 4864) 2591.0
(1431, 1432, 1433) 2392.0
(7207, 7208, 7209) 2026.0
(4482, 4483, 4484) 1925.0
(1759, 1760, 1761) 2909.0
(3831, 3832, 3833) 2580.0
(7913, 7914, 7915) 2621.0
(6034, 6035, 6036) 2644.0
(5095, 5096, 5097) 3009.0
(3136, 3137, 3138) 2595.0
(630, 631, 632) 2729.0
(9007, 9008, 9009) 2340.0
(6416, 6417, 6418) 2872.0
(747, 748, 749) 3002.0
(9985, 9986, 9987) 2643.0
(1220, 1221, 1222) 2942.0
(7142, 7143, 7144) 2842.0
(1204, 1205, 1206) 2412.0
(1150, 1151, 1152) 2887.0
(823, 824, 825) 2870.0
(8151, 8152, 8153) 2745.0
(1416, 1417, 1418) 2446.0
(2122, 2123, 2124) 3038.0
(3278, 3279, 3280) 3355.0
(3728, 3729, 3730) 2704.0
(5567, 5568, 5569) 2531.0
(7689, 7690, 7691) 2371.0
(9263, 9264, 9265) 2193.0
(8818, 8819, 8820) 3257.0
(6098, 6099, 6100) 2812.0
(5572, 5573, 5574) 2849.0
(281, 282, 283) 2312.0
(6382, 6383, 6384) 2845.0
(8759, 8760, 8761) 2284.0
(4306, 4307, 4308) 2096.0
(838, 839, 840) 2140.0
(287, 288, 289) 3440.0
(6474, 6475, 6476) 2396.0
(4624, 4625, 4626) 2965.0
(4664, 4665, 4666) 2556.0
(8701, 8702, 8703) 2458.0
(3263, 3264, 3265) 2801.0
(1098, 1099, 1100) 2946.0
(7752, 7753, 7754) 2567.0
(5, 6, 7) 2665.0
(8208, 8209, 8210) 3470.0
(6366, 6367, 6368) 3186.0
(3210, 3211, 3212) 2844.0
(183, 184, 185) 2585.0
(1537, 1538, 1539) 2414.0
(795, 796, 797) 2406.0
(9512, 9513, 9514) 2585.0
(5132, 5133, 5134) 3131.0
(3500, 3501, 3502) 2239.0
(316, 317, 318) 3121.0
(3465, 3466, 3467) 3135.0
(3334, 3335, 3336) 2719.0
(7467, 7468, 7469) 2421.0
(8279, 8280, 8281) 2903.0
(7811, 7812, 7813) 2903.0
(7899, 7900, 7901) 3057.0
(9625, 9626, 9627) 3609.0
(3591, 3592, 3593) 3156.0
(6158, 6159, 6160) 2612.0
(7612, 7613, 7614) 2573.0
(3523, 3524, 3525) 3157.0
(6911, 6912, 6913) 2903.0
(8303, 8304, 8305) 2457.0
(4420, 4421, 4422) 2393.0
(353, 354, 355) 2509.0
(9047, 9048, 9049) 2826.0
(2369, 2370, 2371) 2609.0
(4488, 4489, 4490) 2630.0
(5847, 5848, 5849) 2621.0
(2275, 2276, 2277) 2841.0
(4814, 4815, 4816) 2912.0
(2803, 2804, 2805) 2415.0
(4333, 4334, 4335) 2761.0
(9609, 9610, 9611) 2293.0
(1816, 1817, 1818) 2498.0
(7292, 7293, 7294) 3022.0
(1399, 1400, 1401) 2996.0
(3949, 3950, 3951) 2825.0
(6216, 6217, 6218) 2300.0
(1214, 1215, 1216) 2620.0
(4825, 4826, 4827) 3082.0
(673, 674, 675) 2818.0
(4322, 4323, 4324) 2903.0
(6610, 6611, 6612) 2832.0
(1719, 1720, 1721) 2367.0
(8400, 8401, 8402) 4002.0
(7849, 7850, 7851) 2565.0
(1642, 1643, 1644) 3032.0
(6597, 6598, 6599) 2394.0
(8717, 8718, 8719) 3277.0
(1558, 1559, 1560) 2126.0
(6721, 6722, 6723) 2500.0
(7895, 7896, 7897) 3352.0
(4020, 4021, 4022) 2257.0
(1404, 1405, 1406) 2340.0
(3416, 3417, 3418) 2588.0
(2498, 2499, 2500) 2463.0
(6676, 6677, 6678) 2875.0
(6315, 6316, 6317) 2877.0
(5923, 5924, 5925) 2615.0
(5971, 5972, 5973) 2208.0
(3584, 3585, 3586) 2425.0
(9615, 9616, 9617) 2316.0
(9777, 9778, 9779) 2664.0
(8805, 8806, 8807) 2884.0
(5953, 5954, 5955) 2605.0
(8326, 8327, 8328) 2435.0
(2126, 2127, 2128) 2399.0
(7876, 7877, 7878) 2548.0
(9401, 9402, 9403) 2313.0
(7685, 7686, 7687) 2420.0
(3017, 3018, 3019) 2052.0
(9448, 9449, 9450) 2437.0
(2192, 2193, 2194) 2535.0
(8249, 8250, 8251) 2913.0
(3633, 3634, 3635) 2271.0
(9979, 9980, 9981) 2509.0
(9220, 9221, 9222) 2546.0
(604, 605, 606) 2745.0
(5280, 5281, 5282) 2785.0
(5840, 5841, 5842) 2544.0
(806, 807, 808) 2579.0
(7616, 7617, 7618) 3462.0
(9877, 9878, 9879) 2992.0
(1898, 1899, 1900) 2593.0
(1713, 1714, 1715) 2600.0
(9338, 9339, 9340) 2202.0
(1562, 1563, 1564) 3104.0
(3981, 3982, 3983) 2411.0
(6529, 6530, 6531) 2670.0
(5411, 5412, 5413) 2691.0
(4571, 4572, 4573) 3381.0
(7206, 7207, 7208) 2502.0
(2297, 2298, 2299) 2345.0
(2778, 2779, 2780) 3467.0
(59, 60, 61) 2462.0
(8477, 8478, 8479) 2664.0
(8941, 8942, 8943) 2867.0
(9885, 9886, 9887) 3104.0
(2309, 2310, 2311) 2132.0
(226, 227, 228) 3233.0
(9106, 9107, 9108) 2544.0
(1281, 1282, 1283) 2703.0
(8427, 8428, 8429) 2433.0
(7292, 7293, 7294) 3022.0
(9637, 9638, 9639) 3236.0
(2450, 2451, 2452) 2615.0
(3704, 3705, 3706) 3071.0
(3997, 3998, 3999) 2487.0
(8782, 8783, 8784) 2952.0
(526, 527, 528) 2695.0
(5377, 5378, 5379) 2471.0
(2411, 2412, 2413) 2435.0
(8828, 8829, 8830) 2275.0
(6625, 6626, 6627) 2900.0
(3101, 3102, 3103) 2523.0
(6952, 6953, 6954) 2576.0
(5521, 5522, 5523) 2323.0
(9343, 9344, 9345) 2381.0
(8580, 8581, 8582) 2605.0
(4391, 4392, 4393) 2948.0
(5232, 5233, 5234) 2855.0
(3426, 3427, 3428) 2853.0
(7294, 7295, 7296) 2885.0
(9490, 9491, 9492) 2533.0
(9927, 9928, 9929) 3250.0
(3532, 3533, 3534) 2914.0
(3753, 3754, 3755) 2638.0
(3427, 3428, 3429) 2747.0
(2050, 2051, 2052) 2981.0
(2454, 2455, 2456) 2043.0
(6205, 6206, 6207) 2817.0
(1325, 1326, 1327) 2312.0
(8770, 8771, 8772) 3527.0
(3970, 3971, 3972) 3457.0
(9704, 9705, 9706) 2465.0
(4652, 4653, 4654) 3606.0
(3928, 3929, 3930) 2808.0
(7909, 7910, 7911) 2541.0
(2279, 2280, 2281) 2577.0
(2618, 2619, 2620) 2796.0
(8090, 8091, 8092) 2547.0
(5187, 5188, 5189) 3384.0
(5906, 5907, 5908) 3163.0
(4370, 4371, 4372) 3025.0
(6391, 6392, 6393) 2315.0
(2250, 2251, 2252) 2904.0
(705, 706, 707) 2442.0
(4781, 4782, 4783) 3115.0
(7549, 7550, 7551) 2568.0
(8526, 8527, 8528) 2387.0
(6043, 6044, 6045) 3074.0
(7950, 7951, 7952) 2110.0
(4472, 4473, 4474) 3030.0
(7592, 7593, 7594) 2838.0
(9755, 9756, 9757) 2395.0
(811, 812, 813) 2553.0
(758, 759, 760) 2167.0
(2500, 2501, 2502) 2370.0
(8051, 8052, 8053) 3275.0
(4719, 4720, 4721) 2527.0
(3542, 3543, 3544) 2123.0
(1589, 1590, 1591) 2306.0
(2785, 2786, 2787) 2136.0
(5871, 5872, 5873) 3153.0
(2988, 2989, 2990) 2441.0
(3191, 3192, 3193) 2377.0
(1579, 1580, 1581) 2772.0
(1371, 1372, 1373) 3311.0
(2925, 2926, 2927) 2299.0
(2942, 2943, 2944) 2536.0
(710, 711, 712) 2550.0
(7793, 7794, 7795) 2674.0
(4899, 4900, 4901) 2714.0
(3548, 3549, 3550) 2360.0
(8813, 8814, 8815) 2691.0
(5665, 5666, 5667) 3082.0
(4809, 4810, 4811) 2311.0
(6314, 6315, 6316) 3361.0
(1626, 1627, 1628) 2326.0
(4711, 4712, 4713) 2656.0
(2207, 2208, 2209) 2568.0
(5203, 5204, 5205) 3343.0
(223, 224, 225) 2909.0
(2699, 2700, 2701) 2128.0
(207, 208, 209) 2700.0
(2644, 2645, 2646) 2553.0
(5310, 5311, 5312) 2781.0
(1311, 1312, 1313) 3427.0
(1298, 1299, 1300) 2479.0
(2188, 2189, 2190) 2466.0
(5825, 5826, 5827) 2666.0
(7120, 7121, 7122) 2530.0
(542, 543, 544) 2394.0
(1501, 1502, 1503) 2406.0
(990, 991, 992) 3374.0
(331, 332, 333) 3007.0
(9907, 9908, 9909) 2823.0
(7507, 7508, 7509) 2405.0
(6155, 6156, 6157) 3809.0
(7724, 7725, 7726) 3389.0
(1351, 1352, 1353) 3844.0
(9941, 9942, 9943) 2856.0
(1827, 1828, 1829) 2387.0
(9673, 9674, 9675) 3113.0
(8518, 8519, 8520) 2207.0
(5862, 5863, 5864) 2371.0
(7416, 7417, 7418) 2662.0
(178, 179, 180) 2383.0
(8549, 8550, 8551) 2501.0
(9589, 9590, 9591) 3588.0
(2133, 2134, 2135) 2456.0
(8177, 8178, 8179) 2459.0
(939, 940, 941) 2853.0
(2997, 2998, 2999) 2099.0
(7519, 7520, 7521) 2508.0
(2147, 2148, 2149) 2486.0
(3986, 3987, 3988) 2481.0
(2802, 2803, 2804) 3021.0
(2250, 2251, 2252) 2904.0
(2076, 2077, 2078) 2147.0
(746, 747, 748) 3031.0
(9422, 9423, 9424) 3077.0
(3220, 3221, 3222) 2010.0
(4987, 4988, 4989) 2374.0
(6877, 6878, 6879) 3072.0
(2463, 2464, 2465) 3663.0
(3677, 3678, 3679) 2784.0
(4139, 4140, 4141) 3135.0
(6791, 6792, 6793) 2492.0
(8376, 8377, 8378) 2429.0
(6417, 6418, 6419) 3124.0
(5745, 5746, 5747) 2029.0
(1437, 1438, 1439) 2279.0
(8207, 8208, 8209) 2437.0
(2459, 2460, 2461) 2976.0
(4125, 4126, 4127) 2289.0
(2897, 2898, 2899) 2646.0
(9995, 9996, 9997) 2623.0
(158, 159, 160) 2023.0
(6641, 6642, 6643) 2825.0
(4066, 4067, 4068) 2629.0
(8826, 8827, 8828) 2696.0
(1533, 1534, 1535) 2161.0
