(3553, 3554, 3555) 265.0
(207, 208, 209) 308.0
(6404, 6405, 6406) 159.0
(9894, 9895, 9896) 266.0
(6243, 6244, 6245) 238.0
(5490, 5491, 5492) 139.0
(9604, 9605, 9606) 219.0
(6128, 6129, 6130) 194.0
(4206, 4207, 4208) 161.0
(2062, 2063, 2064) 243.0
(3332, 3333, 3334) 357.0
(2268, 2269, 2270) 254.0
(3298, 3299, 3300) 222.0
(2633, 2634, 2635) 293.0
(3398, 3399, 3400) 202.0
(5614, 5615, 5616) 220.0
(7345, 7346, 7347) 167.0
(1181, 1182, 1183) 239.0
(5744, 5745, 5746) 236.0
(8232, 8233, 8234) 154.0
(8408, 8409, 8410) 231.0
(390, 391, 392) 228.0
(7498, 7499, 7500) 375.0
(982, 983, 984) 176.0
(2754, 2755, 2756) 229.0
(1538, 1539, 1540) 111.0
(8061, 8062, 8063) 170.0
(652, 653, 654) 204.0
(5239, 5240, 5241) 270.0
(8855, 8856, 8857) 210.0
(5200, 5201, 5202) 239.0
(8019, 8020, 8021) 287.0
(4718, 4719, 4720) 204.0
(849, 850, 851) 225.0
(1088, 1089, 1090) 221.0
(2655, 2656, 2657) 260.0
(2895, 2896, 2897) 165.0
(2539, 2540, 2541) 420.0
(1523, 1524, 1525) 292.0
(6054, 6055, 6056) 315.0
(6264, 6265, 6266) 250.0
(3642, 3643, 3644) 339.0
(7411, 7412, 7413) 356.0
(1317, 1318, 1319) 225.0
(195, 196, 197) 234.0
(1061, 1062, 1063) 237.0
(8419, 8420, 8421) 221.0
(4034, 4035, 4036) 281.0
(6938, 6939, 6940) 215.0
(443, 444, 445) 232.0
(6009, 6010, 6011) 173.0
(7886, 7887, 7888) 290.0
(7539, 7540, 7541) 333.0
(6324, 6325, 6326) 314.0
(4279, 4280, 4281) 161.0
(2944, 2945, 2946) 207.0
(5537, 5538, 5539) 318.0
(10, 11, 12) 212.0
(9168, 9169, 9170) 224.0
(1046, 1047, 1048) 226.0
(6853, 6854, 6855) 244.0
(9999, 10000, 10001) 232.0
(3059, 3060, 3061) 263.0
(7530, 7531, 7532) 140.0
(9206, 9207, 9208) 145.0
(7986, 7987, 7988) 288.0
(4172, 4173, 4174) 156.0
(823, 824, 825) 328.0
(7799, 7800, 7801) 129.0
(8962, 8963, 8964) 222.0
(9360, 9361, 9362) 215.0
(3491, 3492, 3493) 184.0
(2858, 2859, 2860) 159.0
(3813, 3814, 3815) 179.0
(7808, 7809, 7810) 242.0
(8148, 8149, 8150) 254.0
(4874, 4875, 4876) 251.0
(5641, 5642, 5643) 156.0
(8021, 8022, 8023) 216.0
(8788, 8789, 8790) 186.0
(9091, 9092, 9093) 264.0
(2013, 2014, 2015) 242.0
(3283, 3284, 3285) 147.0
(5668, 5669, 5670) 240.0
(54, 55, 56) 180.0
(96, 97, 98) 237.0
(8664, 8665, 8666) 205.0
(8753, 8754, 8755) 278.0
(7436, 7437, 7438) 211.0
(5099, 5100, 5101) 215.0
(7168, 7169, 7170) 196.0
(252, 253, 254) 269.0
(3024, 3025, 3026) 290.0
(3673, 3674, 3675) 245.0
(4527, 4528, 4529) 309.0
(3060, 3061, 3062) 284.0
(685, 686, 687) 271.0
(1076, 1077, 1078) 186.0
(405, 406, 407) 263.0
(8301, 8302, 8303) 265.0
(6399, 6400, 6401) 262.0
(8003, 8004, 8005) 267.0
(6772, 6773, 6774) 239.0
(9370, 9371, 9372) 266.0
(2806, 2807, 2808) 212.0
(7784, 7785, 7786) 188.0
(14, 15, 16) 199.0
(9163, 9164, 9165) 200.0
(7838, 7839, 7840) 180.0
(445, 446, 447) 144.0
(3335, 3336, 3337) 241.0
(7426, 7427, 7428) 275.0
(7054, 7055, 7056) 220.0
(9749, 9750, 9751) 281.0
(6548, 6549, 6550) 192.0
(7275, 7276, 7277) 273.0
(7869, 7870, 7871) 263.0
(5475, 5476, 5477) 268.0
(7349, 7350, 7351) 209.0
(2693, 2694, 2695) 293.0
(6828, 6829, 6830) 323.0
(3302, 3303, 3304) 315.0
(2758, 2759, 2760) 263.0
(1438, 1439, 1440) 306.0
(1617, 1618, 1619) 292.0
(786, 787, 788) 340.0
(1571, 1572, 1573) 312.0
(2779, 2780, 2781) 262.0
(5990, 5991, 5992) 235.0
(6059, 6060, 6061) 178.0
(9645, 9646, 9647) 193.0
(6775, 6776, 6777) 221.0
(3961, 3962, 3963) 227.0
(1960, 1961, 1962) 268.0
(2269, 2270, 2271) 123.0
(4955, 4956, 4957) 170.0
(7003, 7004, 7005) 160.0
(6399, 6400, 6401) 262.0
(7734, 7735, 7736) 183.0
(8273, 8274, 8275) 232.0
(3874, 3875, 3876) 260.0
(4531, 4532, 4533) 169.0
(4685, 4686, 4687) 258.0
(2514, 2515, 2516) 236.0
(3112, 3113, 3114) 264.0
(8392, 8393, 8394) 267.0
(7575, 7576, 7577) 212.0
(3069, 3070, 3071) 321.0
(9066, 9067, 9068) 229.0
(292, 293, 294) 198.0
(1123, 1124, 1125) 208.0
(5263, 5264, 5265) 155.0
(8288, 8289, 8290) 354.0
(1221, 1222, 1223) 260.0
(716, 717, 718) 192.0
(5492, 5493, 5494) 297.0
(5151, 5152, 5153) 246.0
(4130, 4131, 4132) 211.0
(6161, 6162, 6163) 332.0
(4596, 4597, 4598) 244.0
(6593, 6594, 6595) 248.0
(9886, 9887, 9888) 123.0
(113, 114, 115) 273.0
(6276, 6277, 6278) 260.0
(2553, 2554, 2555) 289.0
(9271, 9272, 9273) 208.0
(1412, 1413, 1414) 205.0
(1212, 1213, 1214) 185.0
(9800, 9801, 9802) 229.0
(9947, 9948, 9949) 314.0
(9801, 9802, 9803) 242.0
(9022, 9023, 9024) 228.0
(38, 39, 40) 222.0
(7450, 7451, 7452) 223.0
(2785, 2786, 2787) 225.0
(4037, 4038, 4039) 176.0
(9270, 9271, 9272) 193.0
(658, 659, 660) 201.0
(1577, 1578, 1579) 204.0
(3941, 3942, 3943) 227.0
(135, 136, 137) 208.0
(7464, 7465, 7466) 203.0
(5538, 5539, 5540) 191.0
(5188, 5189, 5190) 147.0
(8595, 8596, 8597) 245.0
(1, 2, 3) 175.0
(9733, 9734, 9735) 297.0
(639, 640, 641) 245.0
(7381, 7382, 7383) 300.0
(6123, 6124, 6125) 192.0
(5597, 5598, 5599) 190.0
(7420, 7421, 7422) 226.0
(5659, 5660, 5661) 153.0
(9505, 9506, 9507) 178.0
(3507, 3508, 3509) 224.0
(9208, 9209, 9210) 245.0
(8774, 8775, 8776) 179.0
(2022, 2023, 2024) 213.0
(7183, 7184, 7185) 237.0
(6271, 6272, 6273) 260.0
(9263, 9264, 9265) 149.0
(7646, 7647, 7648) 212.0
(4134, 4135, 4136) 257.0
(891, 892, 893) 271.0
(3425, 3426, 3427) 135.0
(5109, 5110, 5111) 221.0
(2340, 2341, 2342) 261.0
(1287, 1288, 1289) 221.0
(726, 727, 728) 194.0
(2941, 2942, 2943) 141.0
(9627, 9628, 9629) 288.0
(1485, 1486, 1487) 278.0
(1578, 1579, 1580) 218.0
(5943, 5944, 5945) 187.0
(9676, 9677, 9678) 255.0
(4642, 4643, 4644) 167.0
(2494, 2495, 2496) 186.0
(5022, 5023, 5024) 186.0
(6498, 6499, 6500) 155.0
(7569, 7570, 7571) 180.0
(9538, 9539, 9540) 230.0
(7589, 7590, 7591) 304.0
(8384, 8385, 8386) 278.0
(4068, 4069, 4070) 182.0
(7114, 7115, 7116) 219.0
(2378, 2379, 2380) 458.0
(3862, 3863, 3864) 211.0
(5263, 5264, 5265) 155.0
(9148, 9149, 9150) 216.0
(6997, 6998, 6999) 241.0
(3420, 3421, 3422) 177.0
(9778, 9779, 9780) 173.0
(7117, 7118, 7119) 178.0
(7505, 7506, 7507) 232.0
(1388, 1389, 1390) 163.0
(4432, 4433, 4434) 239.0
(3476, 3477, 3478) 164.0
(5865, 5866, 5867) 169.0
(445, 446, 447) 144.0
(8931, 8932, 8933) 272.0
(4831, 4832, 4833) 267.0
(2538, 2539, 2540) 269.0
(7983, 7984, 7985) 248.0
(1183, 1184, 1185) 191.0
(4327, 4328, 4329) 241.0
(442, 443, 444) 182.0
(9907, 9908, 9909) 166.0
(8698, 8699, 8700) 195.0
(7078, 7079, 7080) 283.0
(6410, 6411, 6412) 166.0
(1884, 1885, 1886) 267.0
(9183, 9184, 9185) 380.0
(6511, 6512, 6513) 201.0
(3418, 3419, 3420) 199.0
(7388, 7389, 7390) 180.0
(9259, 9260, 9261) 192.0
(4739, 4740, 4741) 309.0
(1372, 1373, 1374) 295.0
(6973, 6974, 6975) 242.0
(2896, 2897, 2898) 211.0
(1470, 1471, 1472) 188.0
(5744, 5745, 5746) 236.0
(185, 186, 187) 209.0
(7477, 7478, 7479) 212.0
(1916, 1917, 1918) 132.0
(4911, 4912, 4913) 251.0
(6997, 6998, 6999) 241.0
(6700, 6701, 6702) 289.0
(795, 796, 797) 325.0
(9068, 9069, 9070) 324.0
(9710, 9711, 9712) 132.0
(5193, 5194, 5195) 178.0
(8836, 8837, 8838) 275.0
(9297, 9298, 9299) 182.0
(9061, 9062, 9063) 192.0
(4930, 4931, 4932) 253.0
(3763, 3764, 3765) 155.0
(8198, 8199, 8200) 244.0
(1895, 1896, 1897) 304.0
(5857, 5858, 5859) 216.0
(904, 905, 906) 186.0
(3158, 3159, 3160) 194.0
(9964, 9965, 9966) 259.0
(5296, 5297, 5298) 187.0
(3554, 3555, 3556) 277.0
(1438, 1439, 1440) 306.0
(5562, 5563, 5564) 193.0
(8477, 8478, 8479) 183.0
(8476, 8477, 8478) 296.0
(4587, 4588, 4589) 154.0
(876, 877, 878) 207.0
(2692, 2693, 2694) 178.0
(4012, 4013, 4014) 166.0
(6247, 6248, 6249) 231.0
(8508, 8509, 8510) 287.0
(3800, 3801, 3802) 299.0
(4332, 4333, 4334) 176.0
(1695, 1696, 1697) 287.0
(4386, 4387, 4388) 273.0
(536, 537, 538) 200.0
(1460, 1461, 1462) 170.0
