(371, 372, 373) 2600.0
(5656, 5657, 5658) 2896.0
(3200, 3201, 3202) 2612.0
(5801, 5802, 5803) 3629.0
(1857, 1858, 1859) 2737.0
(5807, 5808, 5809) 2489.0
(2704, 2705, 2706) 2807.0
(4299, 4300, 4301) 2519.0
(5844, 5845, 5846) 3147.0
(9430, 9431, 9432) 3514.0
(624, 625, 626) 3078.0
(5049, 5050, 5051) 3087.0
(90, 91, 92) 2856.0
(9438, 9439, 9440) 2545.0
(3218, 3219, 3220) 2482.0
(6075, 6076, 6077) 2663.0
(5440, 5441, 5442) 2685.0
(3904, 3905, 3906) 2204.0
(1470, 1471, 1472) 2431.0
(3059, 3060, 3061) 3081.0
(9590, 9591, 9592) 2658.0
(9442, 9443, 9444) 3308.0
(9352, 9353, 9354) 2508.0
(2350, 2351, 2352) 2674.0
(7233, 7234, 7235) 2987.0
(7007, 7008, 7009) 2929.0
(4650, 4651, 4652) 2408.0
(9637, 9638, 9639) 3443.0
(9073, 9074, 9075) 2801.0
(1168, 1169, 1170) 2738.0
(1261, 1262, 1263) 2661.0
(4477, 4478, 4479) 2532.0
(9578, 9579, 9580) 3669.0
(8503, 8504, 8505) 3084.0
(7466, 7467, 7468) 2567.0
(176, 177, 178) 2890.0
(671, 672, 673) 2949.0
(5772, 5773, 5774) 2360.0
(5502, 5503, 5504) 2666.0
(6204, 6205, 6206) 2884.0
(3264, 3265, 3266) 3041.0
(1131, 1132, 1133) 2895.0
(2474, 2475, 2476) 3003.0
(9061, 9062, 9063) 2701.0
(812, 813, 814) 2706.0
(9223, 9224, 9225) 2656.0
(5970, 5971, 5972) 3323.0
(8218, 8219, 8220) 2739.0
(2320, 2321, 2322) 3098.0
(7874, 7875, 7876) 3238.0
(2271, 2272, 2273) 2930.0
(4791, 4792, 4793) 2384.0
(1350, 1351, 1352) 3728.0
(3016, 3017, 3018) 2595.0
(8421, 8422, 8423) 3661.0
(8359, 8360, 8361) 3346.0
(9013, 9014, 9015) 3586.0
(2405, 2406, 2407) 2343.0
(4290, 4291, 4292) 2411.0
(858, 859, 860) 3159.0
(4916, 4917, 4918) 2902.0
(9698, 9699, 9700) 2973.0
(986, 987, 988) 2483.0
(5157, 5158, 5159) 3387.0
(2940, 2941, 2942) 2430.0
(2557, 2558, 2559) 2972.0
(8554, 8555, 8556) 2714.0
(3947, 3948, 3949) 2369.0
(501, 502, 503) 2816.0
(5005, 5006, 5007) 2570.0
(6910, 6911, 6912) 2562.0
(5092, 5093, 5094) 2161.0
(7437, 7438, 7439) 3569.0
(2718, 2719, 2720) 2637.0
(7093, 7094, 7095) 2505.0
(2676, 2677, 2678) 3484.0
(7481, 7482, 7483) 2596.0
(5435, 5436, 5437) 2563.0
(5442, 5443, 5444) 2538.0
(9649, 9650, 9651) 2598.0
(9431, 9432, 9433) 2487.0
(8149, 8150, 8151) 2614.0
(5302, 5303, 5304) 3927.0
(8043, 8044, 8045) 2477.0
(3466, 3467, 3468) 3099.0
(2371, 2372, 2373) 2843.0
(4411, 4412, 4413) 2972.0
(3703, 3704, 3705) 2672.0
(7940, 7941, 7942) 2526.0
(7647, 7648, 7649) 2506.0
(2193, 2194, 2195) 2072.0
(2617, 2618, 2619) 3226.0
(3828, 3829, 3830) 2922.0
(5069, 5070, 5071) 2522.0
(1124, 1125, 1126) 2873.0
(523, 524, 525) 3425.0
(3755, 3756, 3757) 2634.0
(3207, 3208, 3209) 2583.0
(7874, 7875, 7876) 3238.0
(9047, 9048, 9049) 2841.0
(8344, 8345, 8346) 2621.0
(7068, 7069, 7070) 2454.0
(7899, 7900, 7901) 3224.0
(5604, 5605, 5606) 2507.0
(2351, 2352, 2353) 2247.0
(1445, 1446, 1447) 2591.0
(2362, 2363, 2364) 2607.0
(1629, 1630, 1631) 2508.0
(9726, 9727, 9728) 2736.0
(3825, 3826, 3827) 3094.0
(359, 360, 361) 2568.0
(3247, 3248, 3249) 3442.0
(221, 222, 223) 2553.0
(8061, 8062, 8063) 2312.0
(3110, 3111, 3112) 3691.0
(4395, 4396, 4397) 3122.0
(3152, 3153, 3154) 2743.0
(3332, 3333, 3334) 2833.0
(5532, 5533, 5534) 2354.0
(1752, 1753, 1754) 2631.0
(2885, 2886, 2887) 2960.0
(4301, 4302, 4303) 3190.0
(8691, 8692, 8693) 3217.0
(1886, 1887, 1888) 3219.0
(3331, 3332, 3333) 3490.0
(9581, 9582, 9583) 2461.0
(9590, 9591, 9592) 2658.0
(4165, 4166, 4167) 2310.0
(4544, 4545, 4546) 3171.0
(7761, 7762, 7763) 2715.0
(1496, 1497, 1498) 2777.0
(5285, 5286, 5287) 3106.0
(8749, 8750, 8751) 2507.0
(298, 299, 300) 2273.0
(1776, 1777, 1778) 3098.0
(8558, 8559, 8560) 3002.0
(8715, 8716, 8717) 2978.0
(9832, 9833, 9834) 3304.0
(2447, 2448, 2449) 3105.0
(165, 166, 167) 3495.0
(6363, 6364, 6365) 2820.0
(7349, 7350, 7351) 2593.0
(9891, 9892, 9893) 3960.0
(2161, 2162, 2163) 2679.0
(4374, 4375, 4376) 3113.0
(3309, 3310, 3311) 2751.0
(4988, 4989, 4990) 2854.0
(6571, 6572, 6573) 2681.0
(438, 439, 440) 2135.0
(5487, 5488, 5489) 3386.0
(9071, 9072, 9073) 2776.0
(577, 578, 579) 2813.0
(8221, 8222, 8223) 2357.0
(4538, 4539, 4540) 2655.0
(8125, 8126, 8127) 2471.0
(77, 78, 79) 3499.0
(1054, 1055, 1056) 2496.0
(1435, 1436, 1437) 2923.0
(909, 910, 911) 2613.0
(3504, 3505, 3506) 2463.0
(1136, 1137, 1138) 2796.0
(6881, 6882, 6883) 2860.0
(5370, 5371, 5372) 3709.0
(7949, 7950, 7951) 2799.0
(5073, 5074, 5075) 2625.0
(61, 62, 63) 2793.0
(7055, 7056, 7057) 2976.0
(5428, 5429, 5430) 2288.0
(695, 696, 697) 3268.0
(6302, 6303, 6304) 3415.0
(8824, 8825, 8826) 2811.0
(3384, 3385, 3386) 2353.0
(6985, 6986, 6987) 2662.0
(8170, 8171, 8172) 2540.0
(6568, 6569, 6570) 2294.0
(7495, 7496, 7497) 3786.0
(6070, 6071, 6072) 2492.0
(6132, 6133, 6134) 2969.0
(2590, 2591, 2592) 3440.0
(4631, 4632, 4633) 2986.0
(3262, 3263, 3264) 2908.0
(530, 531, 532) 3076.0
(8404, 8405, 8406) 2805.0
(6905, 6906, 6907) 2920.0
(5429, 5430, 5431) 2794.0
(6755, 6756, 6757) 3742.0
(1452, 1453, 1454) 2653.0
(373, 374, 375) 2390.0
(7905, 7906, 7907) 3440.0
(1967, 1968, 1969) 3173.0
(2337, 2338, 2339) 3678.0
(8392, 8393, 8394) 2200.0
(4858, 4859, 4860) 3206.0
(5439, 5440, 5441) 2409.0
(3537, 3538, 3539) 2579.0
(1527, 1528, 1529) 2839.0
(8249, 8250, 8251) 2888.0
(7184, 7185, 7186) 2769.0
(1697, 1698, 1699) 2961.0
(9695, 9696, 9697) 2695.0
(3584, 3585, 3586) 2463.0
(1499, 1500, 1501) 3342.0
(2906, 2907, 2908) 3135.0
(3354, 3355, 3356) 2956.0
(6580, 6581, 6582) 2699.0
(4855, 4856, 4857) 3050.0
(3510, 3511, 3512) 3282.0
(536, 537, 538) 2765.0
(1959, 1960, 1961) 3044.0
(3210, 3211, 3212) 3008.0
(9528, 9529, 9530) 3430.0
(3726, 3727, 3728) 2813.0
(2602, 2603, 2604) 2621.0
(3329, 3330, 3331) 2858.0
(1018, 1019, 1020) 3191.0
(1857, 1858, 1859) 2737.0
(3412, 3413, 3414) 2476.0
(9941, 9942, 9943) 2950.0
(1770, 1771, 1772) 3067.0
(8074, 8075, 8076) 2286.0
(2267, 2268, 2269) 2797.0
(9109, 9110, 9111) 2696.0
(3509, 3510, 3511) 2607.0
(3250, 3251, 3252) 2295.0
(8875, 8876, 8877) 2627.0
(5804, 5805, 5806) 3210.0
(1086, 1087, 1088) 2389.0
(9302, 9303, 9304) 2972.0
