(7549, 7550, 7551) 2772.0
(5588, 5589, 5590) 3686.0
(2712, 2713, 2714) 3058.0
(4842, 4843, 4844) 2848.0
(8040, 8041, 8042) 3470.0
(3244, 3245, 3246) 3167.0
(2067, 2068, 2069) 3399.0
(8725, 8726, 8727) 2972.0
(2696, 2697, 2698) 4126.0
(8392, 8393, 8394) 2325.0
(9386, 9387, 9388) 3079.0
(1968, 1969, 1970) 3302.0
(2950, 2951, 2952) 2853.0
(8863, 8864, 8865) 2925.0
(5449, 5450, 5451) 2585.0
(7761, 7762, 7763) 2878.0
(977, 978, 979) 2846.0
(8172, 8173, 8174) 2926.0
(8843, 8844, 8845) 3256.0
(3262, 3263, 3264) 2985.0
(875, 876, 877) 2334.0
(3805, 3806, 3807) 3103.0
(864, 865, 866) 2632.0
(3100, 3101, 3102) 3775.0
(9651, 9652, 9653) 2941.0
(1742, 1743, 1744) 3592.0
(5059, 5060, 5061) 2930.0
(9852, 9853, 9854) 2869.0
(6514, 6515, 6516) 3280.0
(3804, 3805, 3806) 3017.0
(6151, 6152, 6153) 2366.0
(3488, 3489, 3490) 3070.0
(6229, 6230, 6231) 3098.0
(9629, 9630, 9631) 3320.0
(8114, 8115, 8116) 3456.0
(5283, 5284, 5285) 2623.0
(5756, 5757, 5758) 3411.0
(611, 612, 613) 3491.0
(9366, 9367, 9368) 3483.0
(476, 477, 478) 3216.0
(8873, 8874, 8875) 3215.0
(5371, 5372, 5373) 3661.0
(6954, 6955, 6956) 2591.0
(5035, 5036, 5037) 2655.0
(3089, 3090, 3091) 3416.0
(6526, 6527, 6528) 2131.0
(4972, 4973, 4974) 3411.0
(8039, 8040, 8041) 2538.0
(4926, 4927, 4928) 2634.0
(3374, 3375, 3376) 2650.0
(164, 165, 166) 2848.0
(4314, 4315, 4316) 3028.0
(8788, 8789, 8790) 2348.0
(5079, 5080, 5081) 2496.0
(5929, 5930, 5931) 3414.0
(7089, 7090, 7091) 2697.0
(2955, 2956, 2957) 2590.0
(9552, 9553, 9554) 2967.0
(3564, 3565, 3566) 2572.0
(1267, 1268, 1269) 3527.0
(1633, 1634, 1635) 2328.0
(7493, 7494, 7495) 3576.0
(5321, 5322, 5323) 2849.0
(5465, 5466, 5467) 3745.0
(112, 113, 114) 3293.0
(9558, 9559, 9560) 2383.0
(3668, 3669, 3670) 2809.0
(4319, 4320, 4321) 3296.0
(1430, 1431, 1432) 3836.0
(4468, 4469, 4470) 2969.0
(8389, 8390, 8391) 2651.0
(4284, 4285, 4286) 3138.0
(137, 138, 139) 2706.0
(6108, 6109, 6110) 2650.0
(4072, 4073, 4074) 2572.0
(789, 790, 791) 2907.0
(1693, 1694, 1695) 2774.0
(4744, 4745, 4746) 3264.0
(8786, 8787, 8788) 2772.0
(115, 116, 117) 3982.0
(972, 973, 974) 3022.0
(8717, 8718, 8719) 3663.0
(6138, 6139, 6140) 2903.0
(414, 415, 416) 3363.0
(8936, 8937, 8938) 2850.0
(8673, 8674, 8675) 3106.0
(5224, 5225, 5226) 2995.0
(3948, 3949, 3950) 3574.0
(5452, 5453, 5454) 2204.0
(7491, 7492, 7493) 3036.0
(5472, 5473, 5474) 2446.0
(1335, 1336, 1337) 3530.0
(9716, 9717, 9718) 3204.0
(6666, 6667, 6668) 3736.0
(3106, 3107, 3108) 2649.0
(7693, 7694, 7695) 2857.0
(990, 991, 992) 3433.0
(5299, 5300, 5301) 2703.0
(8785, 8786, 8787) 4272.0
(5118, 5119, 5120) 3419.0
(8764, 8765, 8766) 3653.0
(261, 262, 263) 3028.0
(3070, 3071, 3072) 2409.0
(1837, 1838, 1839) 3501.0
(9472, 9473, 9474) 2549.0
(170, 171, 172) 2559.0
(7423, 7424, 7425) 2619.0
(8170, 8171, 8172) 2844.0
(6387, 6388, 6389) 2439.0
(1109, 1110, 1111) 2819.0
(6601, 6602, 6603) 2603.0
(5394, 5395, 5396) 3032.0
(8125, 8126, 8127) 2643.0
(9424, 9425, 9426) 2797.0
(8815, 8816, 8817) 2759.0
(9460, 9461, 9462) 3160.0
(8633, 8634, 8635) 2893.0
(6438, 6439, 6440) 3035.0
(5160, 5161, 5162) 3176.0
(1592, 1593, 1594) 2928.0
(6069, 6070, 6071) 3555.0
(1492, 1493, 1494) 2820.0
(9009, 9010, 9011) 2575.0
(7719, 7720, 7721) 2548.0
(1842, 1843, 1844) 2842.0
(8153, 8154, 8155) 2362.0
(1765, 1766, 1767) 2457.0
(6466, 6467, 6468) 2520.0
(8715, 8716, 8717) 3111.0
(9584, 9585, 9586) 3708.0
(2852, 2853, 2854) 3040.0
(4899, 4900, 4901) 2854.0
(1792, 1793, 1794) 2746.0
(6259, 6260, 6261) 3115.0
(8238, 8239, 8240) 2852.0
(5683, 5684, 5685) 2656.0
(2134, 2135, 2136) 3669.0
(638, 639, 640) 2821.0
(7946, 7947, 7948) 3207.0
(4693, 4694, 4695) 2719.0
(3735, 3736, 3737) 3038.0
(3308, 3309, 3310) 3270.0
(7701, 7702, 7703) 3573.0
(6811, 6812, 6813) 2991.0
(9557, 9558, 9559) 3010.0
(3881, 3882, 3883) 2815.0
(382, 383, 384) 2870.0
(6320, 6321, 6322) 2886.0
(4948, 4949, 4950) 2628.0
(9883, 9884, 9885) 2428.0
(2958, 2959, 2960) 2480.0
(7207, 7208, 7209) 2520.0
(3750, 3751, 3752) 3333.0
(9095, 9096, 9097) 4096.0
(8879, 8880, 8881) 2634.0
(1335, 1336, 1337) 3530.0
(2890, 2891, 2892) 2837.0
(8253, 8254, 8255) 3514.0
(1798, 1799, 1800) 2590.0
(390, 391, 392) 3393.0
(8728, 8729, 8730) 2791.0
(9602, 9603, 9604) 2463.0
(6830, 6831, 6832) 2713.0
(873, 874, 875) 3269.0
(4668, 4669, 4670) 2632.0
(3791, 3792, 3793) 3483.0
(8891, 8892, 8893) 3412.0
(1983, 1984, 1985) 2584.0
(1806, 1807, 1808) 2819.0
(2801, 2802, 2803) 3497.0
(6287, 6288, 6289) 3419.0
(186, 187, 188) 3489.0
(2838, 2839, 2840) 2853.0
(4758, 4759, 4760) 3404.0
(68, 69, 70) 2252.0
(8643, 8644, 8645) 2687.0
(6935, 6936, 6937) 2672.0
(7310, 7311, 7312) 2893.0
(341, 342, 343) 2632.0
(1741, 1742, 1743) 2492.0
(3334, 3335, 3336) 2882.0
(4871, 4872, 4873) 2857.0
(3456, 3457, 3458) 3362.0
(419, 420, 421) 2850.0
(3495, 3496, 3497) 2765.0
(3133, 3134, 3135) 2358.0
(4277, 4278, 4279) 3310.0
(8007, 8008, 8009) 2985.0
(7228, 7229, 7230) 2714.0
(4238, 4239, 4240) 2814.0
(4833, 4834, 4835) 3565.0
(4718, 4719, 4720) 3261.0
(9313, 9314, 9315) 3072.0
(8901, 8902, 8903) 3433.0
(6921, 6922, 6923) 3171.0
(3050, 3051, 3052) 3018.0
(2387, 2388, 2389) 2906.0
(6204, 6205, 6206) 3003.0
(6276, 6277, 6278) 2902.0
(1689, 1690, 1691) 3138.0
(3979, 3980, 3981) 3758.0
