(8848, 8849, 8850) 3485.0
(3592, 3593, 3594) 5080.0
(7417, 7418, 7419) 2737.0
(8895, 8896, 8897) 3579.0
(8949, 8950, 8951) 2973.0
(5094, 5095, 5096) 3120.0
(3089, 3090, 3091) 3630.0
(8868, 8869, 8870) 3331.0
(4997, 4998, 4999) 2600.0
(6286, 6287, 6288) 3295.0
(6066, 6067, 6068) 3289.0
(3637, 3638, 3639) 2923.0
(840, 841, 842) 3338.0
(2946, 2947, 2948) 3260.0
(5666, 5667, 5668) 3149.0
(2041, 2042, 2043) 2920.0
(6906, 6907, 6908) 3068.0
(5802, 5803, 5804) 3166.0
(1287, 1288, 1289) 3086.0
(3541, 3542, 3543) 3357.0
(4317, 4318, 4319) 3048.0
(5053, 5054, 5055) 3038.0
(9851, 9852, 9853) 3281.0
(4400, 4401, 4402) 3059.0
(3784, 3785, 3786) 2686.0
(9467, 9468, 9469) 3814.0
(2250, 2251, 2252) 3301.0
(3507, 3508, 3509) 2379.0
(1043, 1044, 1045) 2756.0
(3230, 3231, 3232) 3110.0
(7227, 7228, 7229) 3239.0
(8129, 8130, 8131) 2768.0
(848, 849, 850) 2494.0
(6915, 6916, 6917) 3603.0
(3150, 3151, 3152) 2900.0
(8892, 8893, 8894) 3383.0
(3934, 3935, 3936) 3023.0
(2129, 2130, 2131) 2806.0
(3063, 3064, 3065) 3036.0
(4589, 4590, 4591) 3852.0
(683, 684, 685) 3521.0
(2973, 2974, 2975) 2893.0
(8513, 8514, 8515) 3154.0
(6880, 6881, 6882) 4248.0
(581, 582, 583) 3595.0
(5271, 5272, 5273) 3451.0
(7710, 7711, 7712) 2599.0
(3025, 3026, 3027) 4089.0
(4743, 4744, 4745) 3793.0
(3460, 3461, 3462) 3060.0
(1509, 1510, 1511) 3018.0
(6502, 6503, 6504) 3788.0
(3466, 3467, 3468) 3239.0
(5376, 5377, 5378) 3575.0
(4588, 4589, 4590) 2867.0
(4065, 4066, 4067) 2762.0
(7189, 7190, 7191) 4016.0
(2731, 2732, 2733) 3480.0
(8469, 8470, 8471) 2744.0
(8595, 8596, 8597) 3274.0
(8268, 8269, 8270) 2522.0
(2466, 2467, 2468) 3039.0
(9360, 9361, 9362) 3403.0
(1882, 1883, 1884) 3463.0
(719, 720, 721) 4191.0
(7076, 7077, 7078) 2581.0
(9879, 9880, 9881) 3921.0
(2845, 2846, 2847) 3100.0
(3753, 3754, 3755) 3103.0
(2249, 2250, 2251) 3886.0
(4202, 4203, 4204) 2636.0
(5900, 5901, 5902) 3166.0
(4812, 4813, 4814) 3517.0
(5295, 5296, 5297) 4035.0
(2058, 2059, 2060) 3422.0
(8907, 8908, 8909) 3158.0
(7479, 7480, 7481) 3435.0
(3162, 3163, 3164) 3075.0
(1378, 1379, 1380) 3021.0
(5837, 5838, 5839) 2895.0
(2230, 2231, 2232) 2910.0
(3756, 3757, 3758) 2647.0
(5197, 5198, 5199) 3174.0
(3893, 3894, 3895) 2869.0
(6098, 6099, 6100) 3149.0
(872, 873, 874) 3222.0
(8302, 8303, 8304) 3437.0
(1673, 1674, 1675) 3292.0
(8433, 8434, 8435) 3044.0
(657, 658, 659) 4242.0
(1627, 1628, 1629) 2814.0
(154, 155, 156) 4067.0
(6042, 6043, 6044) 2640.0
(3723, 3724, 3725) 3309.0
(3925, 3926, 3927) 3431.0
(6786, 6787, 6788) 3468.0
(9339, 9340, 9341) 3395.0
(1173, 1174, 1175) 3005.0
(4950, 4951, 4952) 2859.0
(9361, 9362, 9363) 2982.0
(1188, 1189, 1190) 3183.0
(7091, 7092, 7093) 3757.0
(5547, 5548, 5549) 3740.0
(8884, 8885, 8886) 3405.0
(5502, 5503, 5504) 2940.0
(7868, 7869, 7870) 3438.0
(4072, 4073, 4074) 2634.0
(90, 91, 92) 3023.0
(4243, 4244, 4245) 3029.0
(8452, 8453, 8454) 2245.0
(2835, 2836, 2837) 3285.0
(8064, 8065, 8066) 3456.0
(4495, 4496, 4497) 3013.0
(1529, 1530, 1531) 2749.0
(316, 317, 318) 3647.0
(3524, 3525, 3526) 3224.0
(4290, 4291, 4292) 2828.0
(4617, 4618, 4619) 2637.0
(4121, 4122, 4123) 2857.0
(8758, 8759, 8760) 3723.0
(7158, 7159, 7160) 3099.0
(2051, 2052, 2053) 2817.0
(7719, 7720, 7721) 2540.0
(5662, 5663, 5664) 3103.0
(3320, 3321, 3322) 3325.0
(7754, 7755, 7756) 3131.0
(6501, 6502, 6503) 3321.0
(9447, 9448, 9449) 3098.0
(5626, 5627, 5628) 5477.0
(3187, 3188, 3189) 2537.0
(2792, 2793, 2794) 2830.0
(391, 392, 393) 3548.0
(2425, 2426, 2427) 3229.0
(4416, 4417, 4418) 3066.0
(8735, 8736, 8737) 3668.0
(9080, 9081, 9082) 2689.0
(3666, 3667, 3668) 3527.0
(9238, 9239, 9240) 3573.0
(5534, 5535, 5536) 2913.0
(6357, 6358, 6359) 2968.0
(8367, 8368, 8369) 4607.0
(9599, 9600, 9601) 3312.0
(5852, 5853, 5854) 3025.0
(474, 475, 476) 3319.0
(8007, 8008, 8009) 3092.0
(2678, 2679, 2680) 3430.0
(3839, 3840, 3841) 2984.0
(3383, 3384, 3385) 3741.0
(7396, 7397, 7398) 3459.0
(8081, 8082, 8083) 2610.0
(6898, 6899, 6900) 2971.0
(482, 483, 484) 2873.0
(5463, 5464, 5465) 4480.0
(3613, 3614, 3615) 3151.0
(4442, 4443, 4444) 3469.0
(8829, 8830, 8831) 3884.0
(3838, 3839, 3840) 2690.0
(3100, 3101, 3102) 3847.0
(791, 792, 793) 3335.0
(7395, 7396, 7397) 3095.0
(3894, 3895, 3896) 2911.0
(9948, 9949, 9950) 3668.0
(1461, 1462, 1463) 3217.0
(2813, 2814, 2815) 2646.0
(4215, 4216, 4217) 2791.0
(5347, 5348, 5349) 2899.0
(6585, 6586, 6587) 3238.0
(78, 79, 80) 3151.0
(742, 743, 744) 3098.0
(4500, 4501, 4502) 3109.0
(8614, 8615, 8616) 2823.0
(6976, 6977, 6978) 3504.0
(94, 95, 96) 3927.0
(9539, 9540, 9541) 3032.0
(4640, 4641, 4642) 2589.0
(4337, 4338, 4339) 3021.0
(3033, 3034, 3035) 3108.0
(2198, 2199, 2200) 3234.0
(8017, 8018, 8019) 2718.0
(5949, 5950, 5951) 3173.0
(2150, 2151, 2152) 3669.0
(8064, 8065, 8066) 3456.0
(2411, 2412, 2413) 2769.0
(5302, 5303, 5304) 4239.0
(9647, 9648, 9649) 3150.0
(382, 383, 384) 3171.0
(7982, 7983, 7984) 2496.0
(6063, 6064, 6065) 3307.0
(1883, 1884, 1885) 3024.0
(1667, 1668, 1669) 2873.0
(5811, 5812, 5813) 2958.0
(9032, 9033, 9034) 3846.0
(6350, 6351, 6352) 3776.0
(1885, 1886, 1887) 2781.0
(7077, 7078, 7079) 3060.0
(7390, 7391, 7392) 4393.0
(9796, 9797, 9798) 3248.0
(6425, 6426, 6427) 3823.0
(4938, 4939, 4940) 2491.0
(3748, 3749, 3750) 2926.0
(3651, 3652, 3653) 2582.0
