(6515, 6516, 6517) 3544.0
(3022, 3023, 3024) 2904.0
(9480, 9481, 9482) 4437.0
(1971, 1972, 1973) 3401.0
(4116, 4117, 4118) 3942.0
(5847, 5848, 5849) 3119.0
(7065, 7066, 7067) 2838.0
(3651, 3652, 3653) 2817.0
(436, 437, 438) 3403.0
(4469, 4470, 4471) 3019.0
(5724, 5725, 5726) 3206.0
(8427, 8428, 8429) 3174.0
(3918, 3919, 3920) 3263.0
(8, 9, 10) 3010.0
(6940, 6941, 6942) 3849.0
(554, 555, 556) 2928.0
(8116, 8117, 8118) 3061.0
(9017, 9018, 9019) 2888.0
(384, 385, 386) 3167.0
(7162, 7163, 7164) 2971.0
(1014, 1015, 1016) 3219.0
(4523, 4524, 4525) 3949.0
(9907, 9908, 9909) 2969.0
(175, 176, 177) 3598.0
(8357, 8358, 8359) 3159.0
(8454, 8455, 8456) 3031.0
(5662, 5663, 5664) 3264.0
(6916, 6917, 6918) 3348.0
(1860, 1861, 1862) 3760.0
(4001, 4002, 4003) 3682.0
(8171, 8172, 8173) 2856.0
(8984, 8985, 8986) 3487.0
(1974, 1975, 1976) 3324.0
(3584, 3585, 3586) 2747.0
(6840, 6841, 6842) 2985.0
(4954, 4955, 4956) 3386.0
(5120, 5121, 5122) 3114.0
(6787, 6788, 6789) 3821.0
(3927, 3928, 3929) 3730.0
(1521, 1522, 1523) 3214.0
(9792, 9793, 9794) 3264.0
(8469, 8470, 8471) 2865.0
(2005, 2006, 2007) 3503.0
(1236, 1237, 1238) 2996.0
(9054, 9055, 9056) 2908.0
(5333, 5334, 5335) 3740.0
(837, 838, 839) 2906.0
(3206, 3207, 3208) 2832.0
(8460, 8461, 8462) 3519.0
(9292, 9293, 9294) 3151.0
(1197, 1198, 1199) 3257.0
(9889, 9890, 9891) 3472.0
(1030, 1031, 1032) 3155.0
(6855, 6856, 6857) 3034.0
(8269, 8270, 8271) 2820.0
(7284, 7285, 7286) 4862.0
(924, 925, 926) 3335.0
(2728, 2729, 2730) 3290.0
(9373, 9374, 9375) 3502.0
(5931, 5932, 5933) 2851.0
(8952, 8953, 8954) 3016.0
(3743, 3744, 3745) 3657.0
(7363, 7364, 7365) 2977.0
(661, 662, 663) 3062.0
(8173, 8174, 8175) 3548.0
(6599, 6600, 6601) 3334.0
(2895, 2896, 2897) 3375.0
(3658, 3659, 3660) 3324.0
(4816, 4817, 4818) 3591.0
(7524, 7525, 7526) 4028.0
(7047, 7048, 7049) 3676.0
(3839, 3840, 3841) 3240.0
(1307, 1308, 1309) 3535.0
(670, 671, 672) 4211.0
(8397, 8398, 8399) 3218.0
(424, 425, 426) 3496.0
(7885, 7886, 7887) 3390.0
(1012, 1013, 1014) 3712.0
(589, 590, 591) 3780.0
(3411, 3412, 3413) 4008.0
(7683, 7684, 7685) 3199.0
(2144, 2145, 2146) 2866.0
(4271, 4272, 4273) 2824.0
(8717, 8718, 8719) 3938.0
(9449, 9450, 9451) 2647.0
(9353, 9354, 9355) 3544.0
(9568, 9569, 9570) 3066.0
(3691, 3692, 3693) 3391.0
(306, 307, 308) 3709.0
(5169, 5170, 5171) 2739.0
(4460, 4461, 4462) 3175.0
(9541, 9542, 9543) 3516.0
(7971, 7972, 7973) 3155.0
(6682, 6683, 6684) 3064.0
(3642, 3643, 3644) 2893.0
(2316, 2317, 2318) 4120.0
(8333, 8334, 8335) 3664.0
(1951, 1952, 1953) 3906.0
(5710, 5711, 5712) 2658.0
(3246, 3247, 3248) 3599.0
(56, 57, 58) 2709.0
(1554, 1555, 1556) 2978.0
(310, 311, 312) 3222.0
(2305, 2306, 2307) 3606.0
(4918, 4919, 4920) 3312.0
(4181, 4182, 4183) 2740.0
(4344, 4345, 4346) 3388.0
(4568, 4569, 4570) 3194.0
(6135, 6136, 6137) 2834.0
(6735, 6736, 6737) 2744.0
(4276, 4277, 4278) 3650.0
(6771, 6772, 6773) 2742.0
(6046, 6047, 6048) 3065.0
(6468, 6469, 6470) 2661.0
(8356, 8357, 8358) 3205.0
(4208, 4209, 4210) 3383.0
(5740, 5741, 5742) 3359.0
(1274, 1275, 1276) 4284.0
(4117, 4118, 4119) 3528.0
(3246, 3247, 3248) 3599.0
(8678, 8679, 8680) 3569.0
(1188, 1189, 1190) 3406.0
(7474, 7475, 7476) 3288.0
(519, 520, 521) 2839.0
(7486, 7487, 7488) 3834.0
(9342, 9343, 9344) 3584.0
(8564, 8565, 8566) 4019.0
(7213, 7214, 7215) 3120.0
(1531, 1532, 1533) 3356.0
(7048, 7049, 7050) 3473.0
(3709, 3710, 3711) 2916.0
(2165, 2166, 2167) 3179.0
(536, 537, 538) 3413.0
(8006, 8007, 8008) 4239.0
(7078, 7079, 7080) 3154.0
(5178, 5179, 5180) 4065.0
(5755, 5756, 5757) 3210.0
(2283, 2284, 2285) 3108.0
(8522, 8523, 8524) 3056.0
(4548, 4549, 4550) 2987.0
(3600, 3601, 3602) 2724.0
(4020, 4021, 4022) 2854.0
(8063, 8064, 8065) 2923.0
(9540, 9541, 9542) 4649.0
(9973, 9974, 9975) 2829.0
(5808, 5809, 5810) 3735.0
(390, 391, 392) 3652.0
(8329, 8330, 8331) 3322.0
(4082, 4083, 4084) 3219.0
(2954, 2955, 2956) 3374.0
(4958, 4959, 4960) 4040.0
(4789, 4790, 4791) 3115.0
(5300, 5301, 5302) 2554.0
(8579, 8580, 8581) 3218.0
(9112, 9113, 9114) 3533.0
(7906, 7907, 7908) 3284.0
(6494, 6495, 6496) 2560.0
(1733, 1734, 1735) 3599.0
(793, 794, 795) 3133.0
(9798, 9799, 9800) 2859.0
(5388, 5389, 5390) 3081.0
(7041, 7042, 7043) 3466.0
(8898, 8899, 8900) 3638.0
(485, 486, 487) 3206.0
(6718, 6719, 6720) 4387.0
(6725, 6726, 6727) 3116.0
(5683, 5684, 5685) 2964.0
(3035, 3036, 3037) 4568.0
(8097, 8098, 8099) 2597.0
(8908, 8909, 8910) 2855.0
(7896, 7897, 7898) 3204.0
(3353, 3354, 3355) 3017.0
(5834, 5835, 5836) 3068.0
(1172, 1173, 1174) 3075.0
(4882, 4883, 4884) 3810.0
(5770, 5771, 5772) 3507.0
(235, 236, 237) 3881.0
(289, 290, 291) 2925.0
(8200, 8201, 8202) 3985.0
(2652, 2653, 2654) 2679.0
(7552, 7553, 7554) 2903.0
(6100, 6101, 6102) 4789.0
(1666, 1667, 1668) 3694.0
(3092, 3093, 3094) 2950.0
(3830, 3831, 3832) 3080.0
(6475, 6476, 6477) 3176.0
(3019, 3020, 3021) 3810.0
(5452, 5453, 5454) 2476.0
(8246, 8247, 8248) 3968.0
(7437, 7438, 7439) 4220.0
(6044, 6045, 6046) 3244.0
(2623, 2624, 2625) 3365.0
(2076, 2077, 2078) 2715.0
(2807, 2808, 2809) 2948.0
(8310, 8311, 8312) 2716.0
(4127, 4128, 4129) 3476.0
(2596, 2597, 2598) 2854.0
(5582, 5583, 5584) 2702.0
(9768, 9769, 9770) 2764.0
(7738, 7739, 7740) 3350.0
(3045, 3046, 3047) 4248.0
