(4993, 4994, 4995) 3266.0
(3858, 3859, 3860) 2773.0
(5181, 5182, 5183) 3187.0
(1529, 1530, 1531) 2978.0
(7218, 7219, 7220) 3555.0
(7178, 7179, 7180) 3261.0
(7587, 7588, 7589) 3036.0
(1518, 1519, 1520) 3346.0
(2393, 2394, 2395) 3636.0
(1442, 1443, 1444) 3504.0
(1098, 1099, 1100) 3535.0
(4766, 4767, 4768) 2830.0
(585, 586, 587) 3058.0
(3669, 3670, 3671) 3385.0
(2341, 2342, 2343) 3162.0
(7391, 7392, 7393) 2788.0
(2959, 2960, 2961) 3211.0
(4068, 4069, 4070) 3970.0
(2598, 2599, 2600) 4039.0
(2379, 2380, 2381) 3694.0
(8134, 8135, 8136) 3139.0
(6320, 6321, 6322) 3219.0
(1767, 1768, 1769) 3611.0
(4352, 4353, 4354) 3906.0
(7498, 7499, 7500) 3222.0
(4917, 4918, 4919) 4453.0
(4304, 4305, 4306) 3265.0
(8660, 8661, 8662) 3354.0
(8793, 8794, 8795) 3017.0
(2177, 2178, 2179) 3211.0
(5607, 5608, 5609) 4274.0
(5251, 5252, 5253) 3889.0
(798, 799, 800) 3540.0
(3978, 3979, 3980) 3539.0
(3073, 3074, 3075) 4062.0
(6543, 6544, 6545) 3526.0
(4738, 4739, 4740) 2692.0
(8809, 8810, 8811) 3206.0
(8988, 8989, 8990) 4294.0
(7269, 7270, 7271) 3715.0
(9846, 9847, 9848) 3673.0
(7649, 7650, 7651) 3680.0
(7258, 7259, 7260) 3287.0
(9331, 9332, 9333) 3139.0
(6661, 6662, 6663) 3584.0
(8414, 8415, 8416) 4110.0
(6433, 6434, 6435) 3358.0
(7390, 7391, 7392) 4665.0
(7886, 7887, 7888) 2959.0
(1957, 1958, 1959) 3722.0
(1665, 1666, 1667) 3761.0
(3270, 3271, 3272) 4195.0
(1963, 1964, 1965) 3524.0
(5138, 5139, 5140) 4168.0
(6290, 6291, 6292) 4127.0
(5195, 5196, 5197) 3450.0
(4650, 4651, 4652) 3240.0
(2133, 2134, 2135) 3332.0
(8286, 8287, 8288) 3180.0
(5759, 5760, 5761) 3609.0
(2148, 2149, 2150) 2987.0
(5758, 5759, 5760) 3288.0
(6691, 6692, 6693) 3350.0
(6121, 6122, 6123) 3148.0
(4293, 4294, 4295) 3205.0
(3469, 3470, 3471) 3806.0
(3455, 3456, 3457) 3301.0
(7068, 7069, 7070) 3018.0
(3179, 3180, 3181) 3571.0
(4009, 4010, 4011) 3031.0
(9380, 9381, 9382) 2832.0
(5713, 5714, 5715) 3578.0
(5881, 5882, 5883) 4005.0
(6950, 6951, 6952) 2759.0
(9306, 9307, 9308) 2883.0
(8771, 8772, 8773) 2977.0
(8826, 8827, 8828) 3466.0
(408, 409, 410) 4406.0
(894, 895, 896) 4153.0
(6682, 6683, 6684) 3240.0
(7097, 7098, 7099) 4243.0
(1715, 1716, 1717) 2731.0
(9666, 9667, 9668) 3145.0
(2731, 2732, 2733) 3664.0
(845, 846, 847) 3414.0
(9377, 9378, 9379) 3777.0
(9205, 9206, 9207) 3623.0
(9252, 9253, 9254) 3067.0
(4012, 4013, 4014) 3620.0
(5080, 5081, 5082) 3144.0
(8852, 8853, 8854) 2816.0
(2832, 2833, 2834) 3171.0
(6581, 6582, 6583) 3990.0
(4739, 4740, 4741) 3970.0
(8171, 8172, 8173) 3027.0
(1426, 1427, 1428) 3217.0
(9723, 9724, 9725) 3605.0
(3756, 3757, 3758) 2950.0
(66, 67, 68) 3001.0
(4411, 4412, 4413) 3823.0
(583, 584, 585) 3703.0
(3742, 3743, 3744) 3113.0
(5364, 5365, 5366) 3709.0
(2614, 2615, 2616) 3377.0
(4451, 4452, 4453) 3515.0
(1510, 1511, 1512) 2797.0
(1498, 1499, 1500) 3724.0
(4631, 4632, 4633) 3284.0
(3301, 3302, 3303) 3806.0
(9803, 9804, 9805) 3765.0
(6343, 6344, 6345) 4157.0
(385, 386, 387) 3310.0
(1563, 1564, 1565) 4058.0
(9003, 9004, 9005) 3606.0
(9645, 9646, 9647) 3228.0
(5413, 5414, 5415) 3143.0
(8709, 8710, 8711) 3190.0
(3211, 3212, 3213) 3381.0
(7991, 7992, 7993) 3305.0
(617, 618, 619) 3318.0
(9449, 9450, 9451) 2808.0
(5286, 5287, 5288) 3041.0
(7851, 7852, 7853) 3736.0
(8344, 8345, 8346) 3216.0
(680, 681, 682) 3838.0
(7917, 7918, 7919) 2901.0
(7859, 7860, 7861) 3249.0
(2781, 2782, 2783) 3781.0
(554, 555, 556) 3074.0
(753, 754, 755) 3453.0
(9008, 9009, 9010) 3451.0
(4725, 4726, 4727) 2784.0
(7227, 7228, 7229) 3567.0
(5636, 5637, 5638) 3145.0
(3267, 3268, 3269) 3645.0
(7757, 7758, 7759) 4221.0
(2972, 2973, 2974) 3388.0
(602, 603, 604) 3342.0
(1309, 1310, 1311) 3647.0
(7607, 7608, 7609) 2796.0
(5862, 5863, 5864) 3365.0
(7427, 7428, 7429) 3481.0
(6714, 6715, 6716) 2995.0
(7160, 7161, 7162) 3135.0
(3395, 3396, 3397) 3818.0
(3604, 3605, 3606) 3697.0
(5709, 5710, 5711) 3321.0
(7691, 7692, 7693) 2961.0
(5618, 5619, 5620) 2911.0
(5270, 5271, 5272) 3299.0
(8931, 8932, 8933) 3336.0
(6053, 6054, 6055) 4830.0
(6940, 6941, 6942) 4221.0
(7617, 7618, 7619) 3034.0
(9734, 9735, 9736) 3682.0
(1414, 1415, 1416) 3152.0
(2099, 2100, 2101) 3504.0
(2939, 2940, 2941) 3324.0
(5490, 5491, 5492) 3098.0
(1885, 1886, 1887) 3091.0
(4124, 4125, 4126) 3137.0
(9225, 9226, 9227) 3629.0
(8908, 8909, 8910) 3093.0
(3377, 3378, 3379) 3785.0
(2247, 2248, 2249) 3577.0
(604, 605, 606) 3645.0
(5356, 5357, 5358) 3737.0
(2503, 2504, 2505) 3399.0
(9585, 9586, 9587) 3305.0
(6724, 6725, 6726) 3220.0
(7500, 7501, 7502) 3182.0
(1505, 1506, 1507) 3073.0
(8196, 8197, 8198) 2990.0
(7226, 7227, 7228) 3919.0
(7608, 7609, 7610) 4281.0
(4087, 4088, 4089) 3109.0
(3642, 3643, 3644) 3181.0
(8467, 8468, 8469) 3315.0
(7115, 7116, 7117) 2900.0
(6552, 6553, 6554) 4176.0
(6313, 6314, 6315) 3101.0
(3864, 3865, 3866) 3274.0
(3674, 3675, 3676) 2857.0
(662, 663, 664) 3363.0
(1251, 1252, 1253) 3359.0
(6515, 6516, 6517) 3684.0
(5243, 5244, 5245) 2788.0
(6172, 6173, 6174) 3382.0
(349, 350, 351) 3365.0
(1290, 1291, 1292) 3518.0
(7617, 7618, 7619) 3034.0
(3177, 3178, 3179) 3732.0
(6127, 6128, 6129) 3007.0
(3618, 3619, 3620) 3309.0
(5638, 5639, 5640) 3191.0
(3501, 3502, 3503) 3389.0
(7109, 7110, 7111) 3336.0
(3255, 3256, 3257) 3881.0
(6831, 6832, 6833) 3791.0
(5784, 5785, 5786) 3840.0
(6764, 6765, 6766) 3339.0
(4999, 5000, 5001) 2835.0
(4773, 4774, 4775) 3217.0
(9930, 9931, 9932) 3307.0
(7323, 7324, 7325) 3375.0
(8414, 8415, 8416) 4110.0
(7960, 7961, 7962) 3230.0
(2264, 2265, 2266) 3422.0
(4172, 4173, 4174) 2941.0
(7139, 7140, 7141) 2979.0
(8116, 8117, 8118) 3242.0
(1624, 1625, 1626) 2882.0
(420, 421, 422) 4393.0
(7488, 7489, 7490) 3141.0
(1964, 1965, 1966) 3389.0
(4207, 4208, 4209) 2310.0
(9406, 9407, 9408) 4088.0
(6817, 6818, 6819) 4256.0
(9600, 9601, 9602) 3523.0
(6919, 6920, 6921) 3246.0
(7483, 7484, 7485) 3563.0
(2013, 2014, 2015) 3404.0
(3465, 3466, 3467) 3569.0
(315, 316, 317) 4161.0
(3619, 3620, 3621) 3131.0
(8054, 8055, 8056) 3288.0
(5721, 5722, 5723) 3640.0
(6646, 6647, 6648) 3229.0
(303, 304, 305) 3607.0
(8917, 8918, 8919) 3890.0
(5058, 5059, 5060) 2811.0
(6339, 6340, 6341) 3149.0
(75, 76, 77) 3541.0
(5849, 5850, 5851) 2972.0
(2442, 2443, 2444) 4274.0
(8533, 8534, 8535) 2876.0
(6232, 6233, 6234) 3079.0
(3994, 3995, 3996) 4017.0
(4143, 4144, 4145) 3630.0
(235, 236, 237) 4036.0
(4763, 4764, 4765) 3364.0
(1489, 1490, 1491) 3887.0
(9295, 9296, 9297) 3544.0
(6237, 6238, 6239) 4286.0
(1926, 1927, 1928) 3250.0
(482, 483, 484) 3086.0
(423, 424, 425) 4673.0
(4347, 4348, 4349) 3832.0
(4265, 4266, 4267) 3330.0
(6709, 6710, 6711) 3830.0
(7529, 7530, 7531) 3683.0
(1273, 1274, 1275) 3510.0
(1325, 1326, 1327) 3413.0
(8624, 8625, 8626) 2947.0
(3593, 3594, 3595) 2488.0
(1542, 1543, 1544) 3384.0
(9240, 9241, 9242) 3459.0
(329, 330, 331) 3797.0
(1239, 1240, 1241) 2891.0
(4323, 4324, 4325) 3579.0
(1751, 1752, 1753) 3217.0
(3459, 3460, 3461) 3240.0
(1313, 1314, 1315) 2811.0
(4776, 4777, 4778) 3990.0
(192, 193, 194) 3630.0
(243, 244, 245) 2895.0
(1337, 1338, 1339) 3266.0
(1798, 1799, 1800) 3432.0
(8982, 8983, 8984) 3741.0
(1927, 1928, 1929) 2876.0
(5865, 5866, 5867) 3431.0
(7462, 7463, 7464) 2747.0
(6811, 6812, 6813) 3378.0
(2098, 2099, 2100) 3799.0
(2903, 2904, 2905) 3025.0
(8141, 8142, 8143) 3540.0
(9592, 9593, 9594) 2871.0
(4581, 4582, 4583) 3722.0
(8873, 8874, 8875) 3664.0
(766, 767, 768) 3004.0
(9745, 9746, 9747) 3232.0
(4726, 4727, 4728) 3852.0
(4455, 4456, 4457) 3864.0
(4421, 4422, 4423) 3158.0
(2235, 2236, 2237) 3604.0
(8941, 8942, 8943) 3206.0
(3178, 3179, 3180) 3381.0
(3762, 3763, 3764) 2930.0
(1266, 1267, 1268) 3221.0
(7104, 7105, 7106) 2923.0
(146, 147, 148) 3944.0
(6633, 6634, 6635) 2759.0
(9080, 9081, 9082) 2839.0
(7220, 7221, 7222) 3821.0
(4585, 4586, 4587) 3558.0
(3113, 3114, 3115) 3150.0
(1527, 1528, 1529) 3411.0
(1872, 1873, 1874) 2835.0
(2636, 2637, 2638) 3687.0
(7836, 7837, 7838) 3438.0
(6674, 6675, 6676) 3700.0
(3542, 3543, 3544) 2804.0
(7813, 7814, 7815) 3698.0
(9184, 9185, 9186) 2825.0
(732, 733, 734) 3680.0
(707, 708, 709) 3694.0
(697, 698, 699) 3457.0
(8695, 8696, 8697) 3967.0
(3952, 3953, 3954) 3316.0
(9551, 9552, 9553) 3207.0
(9880, 9881, 9882) 3002.0
(6793, 6794, 6795) 3568.0
(4046, 4047, 4048) 3622.0
(1739, 1740, 1741) 3160.0
(486, 487, 488) 3576.0
(8251, 8252, 8253) 3937.0
(5548, 5549, 5550) 4007.0
(1976, 1977, 1978) 2837.0
(7462, 7463, 7464) 2747.0
(2013, 2014, 2015) 3404.0
(8576, 8577, 8578) 4797.0
(5020, 5021, 5022) 3455.0
(138, 139, 140) 3864.0
(2664, 2665, 2666) 4134.0
(6138, 6139, 6140) 3091.0
(6895, 6896, 6897) 2831.0
(3830, 3831, 3832) 3649.0
(9575, 9576, 9577) 3433.0
(9735, 9736, 9737) 3466.0
(5401, 5402, 5403) 2752.0
(9706, 9707, 9708) 3444.0
(8890, 8891, 8892) 2732.0
(903, 904, 905) 3110.0
(9964, 9965, 9966) 3717.0
(147, 148, 149) 3478.0
(7721, 7722, 7723) 3089.0
(6365, 6366, 6367) 3853.0
(6206, 6207, 6208) 3294.0
(2335, 2336, 2337) 4444.0
(3553, 3554, 3555) 3552.0
(3317, 3318, 3319) 3703.0
(768, 769, 770) 2989.0
(8687, 8688, 8689) 3507.0
(5521, 5522, 5523) 3024.0
(8649, 8650, 8651) 3440.0
(7463, 7464, 7465) 3671.0
(2715, 2716, 2717) 3717.0
(1179, 1180, 1181) 2982.0
(3578, 3579, 3580) 3770.0
(9385, 9386, 9387) 3345.0
(3558, 3559, 3560) 3096.0
(280, 281, 282) 3525.0
(6052, 6053, 6054) 4192.0
(5160, 5161, 5162) 3490.0
(1305, 1306, 1307) 3195.0
(9731, 9732, 9733) 3264.0
(5667, 5668, 5669) 3615.0
(488, 489, 490) 3301.0
(615, 616, 617) 3544.0
(4053, 4054, 4055) 3273.0
(8587, 8588, 8589) 2767.0
(8287, 8288, 8289) 3065.0
(5622, 5623, 5624) 3071.0
(6866, 6867, 6868) 3809.0
(4697, 4698, 4699) 3280.0
(4065, 4066, 4067) 2976.0
(5807, 5808, 5809) 3640.0
(5738, 5739, 5740) 3445.0
(9541, 9542, 9543) 3432.0
(1907, 1908, 1909) 2674.0
(2422, 2423, 2424) 3455.0
(6107, 6108, 6109) 3621.0
(9494, 9495, 9496) 2890.0
(6578, 6579, 6580) 3385.0
(7009, 7010, 7011) 4109.0
(8449, 8450, 8451) 3250.0
(9989, 9990, 9991) 3392.0
(1722, 1723, 1724) 3210.0
(7429, 7430, 7431) 4065.0
(3111, 3112, 3113) 3703.0
(176, 177, 178) 3272.0
(1598, 1599, 1600) 3401.0
(4354, 4355, 4356) 3479.0
(5413, 5414, 5415) 3143.0
(1081, 1082, 1083) 3122.0
(9460, 9461, 9462) 3471.0
(7736, 7737, 7738) 3856.0
(9991, 9992, 9993) 3352.0
(2759, 2760, 2761) 2713.0
(9306, 9307, 9308) 2883.0
(9656, 9657, 9658) 3954.0
(7410, 7411, 7412) 3295.0
(8864, 8865, 8866) 3052.0
(9362, 9363, 9364) 3297.0
(2075, 2076, 2077) 2821.0
(1818, 1819, 1820) 2940.0
(5898, 5899, 5900) 3419.0
(5587, 5588, 5589) 3052.0
(9280, 9281, 9282) 3432.0
(4510, 4511, 4512) 3382.0
(6891, 6892, 6893) 3041.0
(8449, 8450, 8451) 3250.0
(2305, 2306, 2307) 3686.0
(9797, 9798, 9799) 3042.0
(5345, 5346, 5347) 3376.0
(7977, 7978, 7979) 3011.0
(7908, 7909, 7910) 4512.0
(3839, 3840, 3841) 3431.0
(1875, 1876, 1877) 3799.0
(9277, 9278, 9279) 3192.0
(483, 484, 485) 3254.0
(2837, 2838, 2839) 3401.0
(1960, 1961, 1962) 3008.0
(3564, 3565, 3566) 3019.0
(6717, 6718, 6719) 3860.0
(1447, 1448, 1449) 2969.0
(8784, 8785, 8786) 3070.0
(4781, 4782, 4783) 4151.0
(1195, 1196, 1197) 3680.0
(8576, 8577, 8578) 4797.0
(2613, 2614, 2615) 3562.0
(9590, 9591, 9592) 2983.0
(1070, 1071, 1072) 2906.0
(3376, 3377, 3378) 3008.0
(4132, 4133, 4134) 3757.0
(9822, 9823, 9824) 3061.0
(8299, 8300, 8301) 3325.0
(3701, 3702, 3703) 2752.0
(1615, 1616, 1617) 4400.0
(8947, 8948, 8949) 3713.0
(2201, 2202, 2203) 5075.0
(9987, 9988, 9989) 3260.0
(3561, 3562, 3563) 3504.0
(9421, 9422, 9423) 3343.0
(9132, 9133, 9134) 3302.0
(2245, 2246, 2247) 3645.0
(2422, 2423, 2424) 3455.0
(6807, 6808, 6809) 3411.0
(1784, 1785, 1786) 3488.0
(57, 58, 59) 4279.0
(2963, 2964, 2965) 3133.0
(403, 404, 405) 3454.0
(9357, 9358, 9359) 3339.0
(8405, 8406, 8407) 4189.0
(2191, 2192, 2193) 4508.0
(273, 274, 275) 2949.0
(5698, 5699, 5700) 3441.0
(4034, 4035, 4036) 3498.0
(8361, 8362, 8363) 3533.0
(8633, 8634, 8635) 3096.0
(1063, 1064, 1065) 3078.0
(6224, 6225, 6226) 3646.0
(1105, 1106, 1107) 3229.0
(6270, 6271, 6272) 3196.0
(1042, 1043, 1044) 3731.0
(2901, 2902, 2903) 3351.0
(3690, 3691, 3692) 2989.0
(2114, 2115, 2116) 3289.0
(6367, 6368, 6369) 3353.0
(8667, 8668, 8669) 3809.0
(2749, 2750, 2751) 3976.0
(6412, 6413, 6414) 2874.0
(3501, 3502, 3503) 3389.0
(426, 427, 428) 4320.0
(4880, 4881, 4882) 4368.0
(1388, 1389, 1390) 3311.0
(7735, 7736, 7737) 4211.0
(209, 210, 211) 4277.0
(5789, 5790, 5791) 3211.0
(5832, 5833, 5834) 3399.0
(6128, 6129, 6130) 3328.0
(7859, 7860, 7861) 3249.0
(1393, 1394, 1395) 3434.0
(3832, 3833, 3834) 3048.0
(164, 165, 166) 3117.0
(8988, 8989, 8990) 4294.0
(9428, 9429, 9430) 3059.0
(826, 827, 828) 3173.0
(1227, 1228, 1229) 3408.0
(4733, 4734, 4735) 4172.0
(5183, 5184, 5185) 3618.0
(303, 304, 305) 3607.0
(7813, 7814, 7815) 3698.0
(4682, 4683, 4684) 3685.0
(6666, 6667, 6668) 3983.0
(7494, 7495, 7496) 3866.0
(4981, 4982, 4983) 3088.0
(7396, 7397, 7398) 3655.0
(3989, 3990, 3991) 3301.0
(1522, 1523, 1524) 3485.0
(9450, 9451, 9452) 3714.0
(4028, 4029, 4030) 3654.0
(397, 398, 399) 4259.0
(1110, 1111, 1112) 4393.0
(6548, 6549, 6550) 3264.0
(6152, 6153, 6154) 3472.0
(4599, 4600, 4601) 3156.0
(3716, 3717, 3718) 2765.0
(5902, 5903, 5904) 3795.0
(9332, 9333, 9334) 3194.0
(8058, 8059, 8060) 3502.0
(6275, 6276, 6277) 2979.0
(84, 85, 86) 3724.0
(4051, 4052, 4053) 3712.0
(3661, 3662, 3663) 3043.0
(5336, 5337, 5338) 4872.0
(7562, 7563, 7564) 3329.0
(208, 209, 210) 3538.0
(7857, 7858, 7859) 3323.0
(8869, 8870, 8871) 2917.0
(315, 316, 317) 4161.0
(3300, 3301, 3302) 3400.0
(3549, 3550, 3551) 2952.0
(8461, 8462, 8463) 2574.0
(4892, 4893, 4894) 3283.0
(812, 813, 814) 3146.0
(3724, 3725, 3726) 3731.0
(9036, 9037, 9038) 3141.0
(4591, 4592, 4593) 3520.0
(2389, 2390, 2391) 3926.0
(8269, 8270, 8271) 2895.0
(979, 980, 981) 4999.0
(3526, 3527, 3528) 3120.0
(6160, 6161, 6162) 3003.0
(2898, 2899, 2900) 3534.0
(9812, 9813, 9814) 3104.0
(3347, 3348, 3349) 3116.0
(3443, 3444, 3445) 3471.0
(2972, 2973, 2974) 3388.0
(5641, 5642, 5643) 2942.0
(1723, 1724, 1725) 3034.0
(2878, 2879, 2880) 4181.0
(8918, 8919, 8920) 4157.0
(9385, 9386, 9387) 3345.0
(7698, 7699, 7700) 3813.0
(6398, 6399, 6400) 3339.0
(8702, 8703, 8704) 2916.0
(3689, 3690, 3691) 3281.0
(1046, 1047, 1048) 2699.0
(5962, 5963, 5964) 3683.0
(2334, 2335, 2336) 3073.0
(8866, 8867, 8868) 3684.0
(4365, 4366, 4367) 3337.0
(786, 787, 788) 3006.0
(3125, 3126, 3127) 3227.0
(997, 998, 999) 3030.0
(8002, 8003, 8004) 4016.0
(9502, 9503, 9504) 3239.0
(9106, 9107, 9108) 2906.0
(501, 502, 503) 3276.0
(5525, 5526, 5527) 3808.0
(4787, 4788, 4789) 3218.0
(8281, 8282, 8283) 3884.0
(4043, 4044, 4045) 3009.0
(2867, 2868, 2869) 3297.0
(1406, 1407, 1408) 4075.0
(4012, 4013, 4014) 3620.0
(7858, 7859, 7860) 3357.0
(1489, 1490, 1491) 3887.0
(6384, 6385, 6386) 3361.0
(2167, 2168, 2169) 3685.0
(6819, 6820, 6821) 2910.0
(8234, 8235, 8236) 2929.0
(7912, 7913, 7914) 3715.0
(5750, 5751, 5752) 3201.0
(8359, 8360, 8361) 4164.0
(649, 650, 651) 3425.0
(1877, 1878, 1879) 3773.0
(5772, 5773, 5774) 2958.0
(8214, 8215, 8216) 4307.0
(2913, 2914, 2915) 3180.0
(2580, 2581, 2582) 3735.0
(8120, 8121, 8122) 4074.0
(9532, 9533, 9534) 3919.0
(6443, 6444, 6445) 2902.0
(971, 972, 973) 2845.0
(9364, 9365, 9366) 3305.0
(6484, 6485, 6486) 3508.0
(3806, 3807, 3808) 2685.0
(5239, 5240, 5241) 3289.0
(7671, 7672, 7673) 3567.0
(9866, 9867, 9868) 3133.0
(7816, 7817, 7818) 3736.0
(3874, 3875, 3876) 3187.0
(1950, 1951, 1952) 3364.0
(7283, 7284, 7285) 3775.0
(1458, 1459, 1460) 4670.0
(626, 627, 628) 3865.0
(5954, 5955, 5956) 3420.0
(7129, 7130, 7131) 3206.0
(478, 479, 480) 3536.0
(157, 158, 159) 2754.0
(7811, 7812, 7813) 3461.0
(354, 355, 356) 3295.0
(4082, 4083, 4084) 3364.0
(3206, 3207, 3208) 3153.0
(6172, 6173, 6174) 3382.0
(5261, 5262, 5263) 2951.0
(7598, 7599, 7600) 3238.0
(7341, 7342, 7343) 3578.0
(9854, 9855, 9856) 3577.0
(1631, 1632, 1633) 3023.0
(1917, 1918, 1919) 3385.0
(9625, 9626, 9627) 4450.0
(2825, 2826, 2827) 3398.0
(1703, 1704, 1705) 2888.0
(794, 795, 796) 3148.0
(1495, 1496, 1497) 3623.0
(5019, 5020, 5021) 2761.0
(7082, 7083, 7084) 3612.0
(6750, 6751, 6752) 3332.0
(746, 747, 748) 4275.0
(8050, 8051, 8052) 3342.0
(5650, 5651, 5652) 3897.0
(8294, 8295, 8296) 3836.0
(5594, 5595, 5596) 2840.0
(9842, 9843, 9844) 3532.0
(6048, 6049, 6050) 3643.0
(2700, 2701, 2702) 3173.0
(4157, 4158, 4159) 2953.0
(4438, 4439, 4440) 3283.0
(8184, 8185, 8186) 3103.0
(6953, 6954, 6955) 3076.0
(9181, 9182, 9183) 3830.0
(4383, 4384, 4385) 4111.0
(9888, 9889, 9890) 2931.0
(8907, 8908, 8909) 3357.0
(6832, 6833, 6834) 3067.0
(7156, 7157, 7158) 3718.0
(4057, 4058, 4059) 4309.0
(9874, 9875, 9876) 3131.0
(6675, 6676, 6677) 3919.0
(1869, 1870, 1871) 3361.0
(645, 646, 647) 2825.0
(3714, 3715, 3716) 3200.0
(7874, 7875, 7876) 4062.0
(8615, 8616, 8617) 2686.0
(368, 369, 370) 3204.0
(9628, 9629, 9630) 3091.0
(4807, 4808, 4809) 3171.0
(5247, 5248, 5249) 3437.0
(1535, 1536, 1537) 3583.0
(8400, 8401, 8402) 4954.0
(8871, 8872, 8873) 3152.0
(9323, 9324, 9325) 3461.0
(9827, 9828, 9829) 3959.0
(2205, 2206, 2207) 3780.0
(5726, 5727, 5728) 2860.0
(6516, 6517, 6518) 3168.0
(889, 890, 891) 4236.0
(9594, 9595, 9596) 3700.0
(5985, 5986, 5987) 3565.0
(7732, 7733, 7734) 3530.0
(6976, 6977, 6978) 3778.0
(9271, 9272, 9273) 4205.0
(7741, 7742, 7743) 3144.0
(3464, 3465, 3466) 3015.0
(1799, 1800, 1801) 3415.0
(33, 34, 35) 2977.0
(7808, 7809, 7810) 3111.0
(4967, 4968, 4969) 3335.0
(528, 529, 530) 3594.0
(4364, 4365, 4366) 2846.0
(9267, 9268, 9269) 3989.0
(6134, 6135, 6136) 4129.0
(6943, 6944, 6945) 3685.0
(3802, 3803, 3804) 3022.0
(7077, 7078, 7079) 3288.0
(3253, 3254, 3255) 4306.0
(1919, 1920, 1921) 3474.0
(704, 705, 706) 3113.0
(3865, 3866, 3867) 3030.0
(7201, 7202, 7203) 3168.0
(5508, 5509, 5510) 3397.0
(3104, 3105, 3106) 3094.0
(4302, 4303, 4304) 3416.0
(5176, 5177, 5178) 3255.0
(9366, 9367, 9368) 3761.0
(7394, 7395, 7396) 3665.0
(7327, 7328, 7329) 4320.0
(854, 855, 856) 3119.0
(4559, 4560, 4561) 3077.0
(5135, 5136, 5137) 3882.0
(6639, 6640, 6641) 3561.0
(1037, 1038, 1039) 3030.0
(1741, 1742, 1743) 3029.0
(6756, 6757, 6758) 3077.0
(5906, 5907, 5908) 3711.0
(4798, 4799, 4800) 3374.0
(9151, 9152, 9153) 2910.0
(1216, 1217, 1218) 3429.0
(529, 530, 531) 4065.0
(6823, 6824, 6825) 3108.0
(9860, 9861, 9862) 3572.0
(9190, 9191, 9192) 3527.0
(4132, 4133, 4134) 3757.0
(4582, 4583, 4584) 2993.0
(4887, 4888, 4889) 3240.0
(3156, 3157, 3158) 3262.0
(4940, 4941, 4942) 2858.0
(4971, 4972, 4973) 3453.0
(1713, 1714, 1715) 3026.0
(6918, 6919, 6920) 2853.0
(3930, 3931, 3932) 3501.0
(433, 434, 435) 3574.0
(6427, 6428, 6429) 3619.0
(4820, 4821, 4822) 3249.0
(5673, 5674, 5675) 2790.0
(7868, 7869, 7870) 3471.0
(3299, 3300, 3301) 3401.0
(2626, 2627, 2628) 4321.0
(1777, 1778, 1779) 3550.0
(3589, 3590, 3591) 3505.0
(9342, 9343, 9344) 3768.0
(8878, 8879, 8880) 3745.0
(8951, 8952, 8953) 3342.0
(8785, 8786, 8787) 4955.0
(7059, 7060, 7061) 3737.0
(8180, 8181, 8182) 3924.0
(8913, 8914, 8915) 3810.0
(6478, 6479, 6480) 4418.0
(1773, 1774, 1775) 4191.0
(3978, 3979, 3980) 3539.0
(8651, 8652, 8653) 3628.0
(12, 13, 14) 3653.0
(1227, 1228, 1229) 3408.0
(690, 691, 692) 3310.0
(5268, 5269, 5270) 3218.0
(6897, 6898, 6899) 4396.0
(5093, 5094, 5095) 2922.0
(9866, 9867, 9868) 3133.0
(8946, 8947, 8948) 3407.0
(4128, 4129, 4130) 3521.0
(6814, 6815, 6816) 4149.0
(5479, 5480, 5481) 3230.0
(1942, 1943, 1944) 2638.0
(6085, 6086, 6087) 2991.0
(2419, 2420, 2421) 3390.0
(5590, 5591, 5592) 4635.0
(3708, 3709, 3710) 3724.0
(8730, 8731, 8732) 5008.0
(4047, 4048, 4049) 3238.0
(5127, 5128, 5129) 3388.0
(8951, 8952, 8953) 3342.0
(8838, 8839, 8840) 3222.0
(3286, 3287, 3288) 2880.0
(953, 954, 955) 3662.0
(9862, 9863, 9864) 3259.0
(9721, 9722, 9723) 2938.0
(3339, 3340, 3341) 3110.0
(8131, 8132, 8133) 3626.0
(3868, 3869, 3870) 3037.0
(8825, 8826, 8827) 5302.0
(9106, 9107, 9108) 2906.0
(763, 764, 765) 3607.0
(645, 646, 647) 2825.0
(408, 409, 410) 4406.0
(7379, 7380, 7381) 3283.0
(5482, 5483, 5484) 2851.0
(1877, 1878, 1879) 3773.0
(412, 413, 414) 3539.0
(2934, 2935, 2936) 2728.0
(7163, 7164, 7165) 3385.0
(7458, 7459, 7460) 3444.0
(9274, 9275, 9276) 3172.0
(9306, 9307, 9308) 2883.0
(9187, 9188, 9189) 3390.0
(4951, 4952, 4953) 3696.0
(9346, 9347, 9348) 3631.0
(1035, 1036, 1037) 3106.0
(3415, 3416, 3417) 4019.0
(4762, 4763, 4764) 3255.0
(1426, 1427, 1428) 3217.0
(8398, 8399, 8400) 3067.0
(9574, 9575, 9576) 3526.0
(2356, 2357, 2358) 3881.0
(262, 263, 264) 4025.0
(7691, 7692, 7693) 2961.0
(6399, 6400, 6401) 2273.0
(4404, 4405, 4406) 2748.0
(3220, 3221, 3222) 2656.0
(7546, 7547, 7548) 3091.0
(2088, 2089, 2090) 3073.0
(9939, 9940, 9941) 2651.0
(7708, 7709, 7710) 4192.0
(1904, 1905, 1906) 3931.0
(4045, 4046, 4047) 3536.0
(3850, 3851, 3852) 3712.0
(5591, 5592, 5593) 3512.0
(9104, 9105, 9106) 3492.0
(2937, 2938, 2939) 3474.0
(8404, 8405, 8406) 3104.0
(7562, 7563, 7564) 3329.0
(5416, 5417, 5418) 2887.0
(4119, 4120, 4121) 3796.0
(1819, 1820, 1821) 3248.0
(8317, 8318, 8319) 3028.0
(1539, 1540, 1541) 3448.0
(3536, 3537, 3538) 2921.0
(6781, 6782, 6783) 3777.0
(5258, 5259, 5260) 3570.0
(8276, 8277, 8278) 3197.0
(9376, 9377, 9378) 2836.0
(222, 223, 224) 3703.0
(2639, 2640, 2641) 3756.0
(9147, 9148, 9149) 3693.0
(1899, 1900, 1901) 3508.0
(94, 95, 96) 4186.0
(4650, 4651, 4652) 3240.0
(2507, 2508, 2509) 3522.0
(3087, 3088, 3089) 3308.0
(4124, 4125, 4126) 3137.0
(8646, 8647, 8648) 2831.0
(4961, 4962, 4963) 3270.0
(6994, 6995, 6996) 3248.0
(3043, 3044, 3045) 3428.0
(8305, 8306, 8307) 2968.0
(6563, 6564, 6565) 3940.0
(8875, 8876, 8877) 3039.0
(9143, 9144, 9145) 3259.0
(9585, 9586, 9587) 3305.0
(8020, 8021, 8022) 2725.0
(9666, 9667, 9668) 3145.0
(5754, 5755, 5756) 2594.0
(4738, 4739, 4740) 2692.0
(5006, 5007, 5008) 3915.0
(2802, 2803, 2804) 3911.0
(2157, 2158, 2159) 3216.0
(2969, 2970, 2971) 3424.0
(6442, 6443, 6444) 3206.0
(682, 683, 684) 3285.0
(9133, 9134, 9135) 3118.0
(6201, 6202, 6203) 4274.0
(2623, 2624, 2625) 3455.0
(1603, 1604, 1605) 3261.0
(8713, 8714, 8715) 3216.0
(7800, 7801, 7802) 2963.0
(9731, 9732, 9733) 3264.0
(4838, 4839, 4840) 2851.0
(3983, 3984, 3985) 2927.0
(2727, 2728, 2729) 3823.0
(6135, 6136, 6137) 3049.0
(2114, 2115, 2116) 3289.0
(8689, 8690, 8691) 3157.0
(5797, 5798, 5799) 3099.0
(6072, 6073, 6074) 3229.0
(4929, 4930, 4931) 3412.0
(8579, 8580, 8581) 3374.0
(9908, 9909, 9910) 2823.0
(2080, 2081, 2082) 3165.0
(3763, 3764, 3765) 3286.0
(1721, 1722, 1723) 4154.0
(2870, 2871, 2872) 3696.0
(283, 284, 285) 3129.0
(3738, 3739, 3740) 4615.0
(2499, 2500, 2501) 3113.0
(2069, 2070, 2071) 3587.0
(3690, 3691, 3692) 2989.0
(1754, 1755, 1756) 5242.0
(9403, 9404, 9405) 4169.0
(9018, 9019, 9020) 3014.0
(5102, 5103, 5104) 2763.0
(7475, 7476, 7477) 3183.0
(3991, 3992, 3993) 3019.0
(4541, 4542, 4543) 3631.0
(9947, 9948, 9949) 3571.0
(5987, 5988, 5989) 3308.0
(6364, 6365, 6366) 3081.0
(4322, 4323, 4324) 3507.0
(4976, 4977, 4978) 3131.0
(8299, 8300, 8301) 3325.0
(9531, 9532, 9533) 4004.0
(6136, 6137, 6138) 3982.0
(7921, 7922, 7923) 3780.0
(9867, 9868, 9869) 2887.0
(6202, 6203, 6204) 3053.0
(8427, 8428, 8429) 3177.0
(1886, 1887, 1888) 3704.0
(5217, 5218, 5219) 4671.0
(8284, 8285, 8286) 3216.0
(8578, 8579, 8580) 3420.0
(1657, 1658, 1659) 3921.0
(9960, 9961, 9962) 3558.0
(6274, 6275, 6276) 3191.0
(2754, 2755, 2756) 3185.0
(5347, 5348, 5349) 3067.0
(3732, 3733, 3734) 3979.0
(499, 500, 501) 3714.0
(1610, 1611, 1612) 3805.0
(1648, 1649, 1650) 3967.0
(8806, 8807, 8808) 2937.0
(8147, 8148, 8149) 3874.0
(2687, 2688, 2689) 3334.0
(679, 680, 681) 3702.0
(875, 876, 877) 2735.0
(8893, 8894, 8895) 3876.0
(1033, 1034, 1035) 3670.0
(4651, 4652, 4653) 3074.0
(3362, 3363, 3364) 3071.0
(4626, 4627, 4628) 3272.0
(7092, 7093, 7094) 4327.0
(4687, 4688, 4689) 2584.0
(9640, 9641, 9642) 5184.0
(1103, 1104, 1105) 3281.0
(6393, 6394, 6395) 3762.0
(612, 613, 614) 3686.0
(8232, 8233, 8234) 3076.0
(1527, 1528, 1529) 3411.0
(536, 537, 538) 3685.0
(657, 658, 659) 4731.0
(5328, 5329, 5330) 2723.0
