(6594, 6595, 6596) 3779.0
(26, 27, 28) 3763.0
(9411, 9412, 9413) 3619.0
(5573, 5574, 5575) 3512.0
(8550, 8551, 8552) 3146.0
(1467, 1468, 1469) 3005.0
(9270, 9271, 9272) 3496.0
(2599, 2600, 2601) 3177.0
(3056, 3057, 3058) 4140.0
(8466, 8467, 8468) 3386.0
(6473, 6474, 6475) 4012.0
(4075, 4076, 4077) 3689.0
(8410, 8411, 8412) 3410.0
(846, 847, 848) 4351.0
(415, 416, 417) 3559.0
(4919, 4920, 4921) 4106.0
(5046, 5047, 5048) 3349.0
(2467, 2468, 2469) 3677.0
(7310, 7311, 7312) 3781.0
(8328, 8329, 8330) 3723.0
(5383, 5384, 5385) 3105.0
(4457, 4458, 4459) 3367.0
(3326, 3327, 3328) 2605.0
(2478, 2479, 2480) 4334.0
(7186, 7187, 7188) 3817.0
(9795, 9796, 9797) 3926.0
(9052, 9053, 9054) 3086.0
(4436, 4437, 4438) 3233.0
(3552, 3553, 3554) 3376.0
(2075, 2076, 2077) 2898.0
(636, 637, 638) 3657.0
(2178, 2179, 2180) 3505.0
(7730, 7731, 7732) 2879.0
(6423, 6424, 6425) 3806.0
(2436, 2437, 2438) 3747.0
(7807, 7808, 7809) 3573.0
(5637, 5638, 5639) 3452.0
(3478, 3479, 3480) 4507.0
(8491, 8492, 8493) 3373.0
(8267, 8268, 8269) 3073.0
(7927, 7928, 7929) 3622.0
(3905, 3906, 3907) 3383.0
(6512, 6513, 6514) 3777.0
(7452, 7453, 7454) 4279.0
(1768, 1769, 1770) 3296.0
(3332, 3333, 3334) 3893.0
(2414, 2415, 2416) 4139.0
(2257, 2258, 2259) 3578.0
(9198, 9199, 9200) 5437.0
(9540, 9541, 9542) 5504.0
(3939, 3940, 3941) 3171.0
(9904, 9905, 9906) 3445.0
(2007, 2008, 2009) 3055.0
(517, 518, 519) 3150.0
(3671, 3672, 3673) 3618.0
(4983, 4984, 4985) 3288.0
(7457, 7458, 7459) 3466.0
(2189, 2190, 2191) 3533.0
(2593, 2594, 2595) 3680.0
(9746, 9747, 9748) 3733.0
(7952, 7953, 7954) 3025.0
(8363, 8364, 8365) 3324.0
(7974, 7975, 7976) 3933.0
(8851, 8852, 8853) 3850.0
(1350, 1351, 1352) 4465.0
(2836, 2837, 2838) 3304.0
(2116, 2117, 2118) 3505.0
(7499, 7500, 7501) 3378.0
(9392, 9393, 9394) 3506.0
(3139, 3140, 3141) 2959.0
(278, 279, 280) 3724.0
(3431, 3432, 3433) 3481.0
(6149, 6150, 6151) 3667.0
(8376, 8377, 8378) 3082.0
(6151, 6152, 6153) 3064.0
(9083, 9084, 9085) 3416.0
(999, 1000, 1001) 3096.0
(6124, 6125, 6126) 3965.0
(1333, 1334, 1335) 4281.0
(4263, 4264, 4265) 3457.0
(1470, 1471, 1472) 3211.0
(2381, 2382, 2383) 4073.0
(7336, 7337, 7338) 3477.0
(409, 410, 411) 3859.0
(6143, 6144, 6145) 4329.0
(8159, 8160, 8161) 3216.0
(2043, 2044, 2045) 3478.0
(3541, 3542, 3543) 3798.0
(1803, 1804, 1805) 3779.0
(5358, 5359, 5360) 3429.0
(1703, 1704, 1705) 3020.0
(5736, 5737, 5738) 4088.0
(2870, 2871, 2872) 3700.0
(219, 220, 221) 3551.0
(9987, 9988, 9989) 3381.0
(8446, 8447, 8448) 3551.0
(9254, 9255, 9256) 3068.0
(1521, 1522, 1523) 3336.0
(5952, 5953, 5954) 3460.0
(4367, 4368, 4369) 3940.0
(748, 749, 750) 2836.0
(4538, 4539, 4540) 3797.0
(533, 534, 535) 3152.0
(6216, 6217, 6218) 3192.0
(5652, 5653, 5654) 3884.0
(8649, 8650, 8651) 3474.0
(9083, 9084, 9085) 3416.0
(4162, 4163, 4164) 3474.0
(6268, 6269, 6270) 4135.0
(6974, 6975, 6976) 2803.0
(911, 912, 913) 3470.0
(7753, 7754, 7755) 3136.0
(7239, 7240, 7241) 3811.0
(7430, 7431, 7432) 3352.0
(254, 255, 256) 2827.0
(2156, 2157, 2158) 2963.0
(2657, 2658, 2659) 3432.0
(7612, 7613, 7614) 3129.0
(4026, 4027, 4028) 4125.0
(2331, 2332, 2333) 3348.0
(706, 707, 708) 4855.0
(9152, 9153, 9154) 4436.0
(4511, 4512, 4513) 3973.0
(8105, 8106, 8107) 3122.0
(484, 485, 486) 3166.0
(2015, 2016, 2017) 3912.0
(8829, 8830, 8831) 4333.0
(6464, 6465, 6466) 3760.0
(7120, 7121, 7122) 3384.0
(2293, 2294, 2295) 2914.0
(8471, 8472, 8473) 3213.0
(9355, 9356, 9357) 3619.0
(1755, 1756, 1757) 4207.0
(5749, 5750, 5751) 3698.0
(2887, 2888, 2889) 3097.0
(697, 698, 699) 3648.0
(2173, 2174, 2175) 2679.0
(9798, 9799, 9800) 3216.0
(5647, 5648, 5649) 3461.0
(551, 552, 553) 3660.0
(5277, 5278, 5279) 3284.0
(4668, 4669, 4670) 3090.0
(3304, 3305, 3306) 3129.0
(7797, 7798, 7799) 3712.0
(4265, 4266, 4267) 3555.0
(5644, 5645, 5646) 3894.0
(197, 198, 199) 4177.0
(3581, 3582, 3583) 3009.0
(8610, 8611, 8612) 4454.0
(7051, 7052, 7053) 3441.0
(5599, 5600, 5601) 3387.0
(4446, 4447, 4448) 3735.0
(3737, 3738, 3739) 4896.0
(9921, 9922, 9923) 2715.0
(9021, 9022, 9023) 3115.0
(9038, 9039, 9040) 3626.0
(7677, 7678, 7679) 3773.0
(8468, 8469, 8470) 3687.0
(2475, 2476, 2477) 3253.0
(7139, 7140, 7141) 3199.0
(187, 188, 189) 3338.0
(8060, 8061, 8062) 3607.0
(7639, 7640, 7641) 4225.0
(8452, 8453, 8454) 2657.0
(1517, 1518, 1519) 3831.0
(7954, 7955, 7956) 3654.0
(9250, 9251, 9252) 3633.0
(2864, 2865, 2866) 3380.0
(8077, 8078, 8079) 4521.0
(1640, 1641, 1642) 3941.0
(9227, 9228, 9229) 3147.0
(8673, 8674, 8675) 3701.0
(7551, 7552, 7553) 3973.0
(7350, 7351, 7352) 4104.0
(3683, 3684, 3685) 3152.0
(4246, 4247, 4248) 4331.0
(523, 524, 525) 4168.0
(1914, 1915, 1916) 3145.0
(336, 337, 338) 3488.0
(4335, 4336, 4337) 3447.0
(293, 294, 295) 3647.0
(9410, 9411, 9412) 4066.0
(9636, 9637, 9638) 3420.0
(5246, 5247, 5248) 3039.0
(521, 522, 523) 3786.0
(5257, 5258, 5259) 3641.0
(973, 974, 975) 3105.0
(7037, 7038, 7039) 3983.0
(2478, 2479, 2480) 4334.0
(2703, 2704, 2705) 3539.0
(8125, 8126, 8127) 3328.0
(3610, 3611, 3612) 3951.0
(4950, 4951, 4952) 3309.0
(1458, 1459, 1460) 4587.0
(5376, 5377, 5378) 3976.0
(8347, 8348, 8349) 3339.0
(3783, 3784, 3785) 3142.0
(7856, 7857, 7858) 3858.0
(2599, 2600, 2601) 3177.0
(6329, 6330, 6331) 3404.0
(188, 189, 190) 5062.0
