(4662, 4663, 4664) 3639.0
(5487, 5488, 5489) 3968.0
(9962, 9963, 9964) 3492.0
(7509, 7510, 7511) 5560.0
(5937, 5938, 5939) 5038.0
(56, 57, 58) 3278.0
(3278, 3279, 3280) 4142.0
(6447, 6448, 6449) 3916.0
(1652, 1653, 1654) 3632.0
(3724, 3725, 3726) 4030.0
(4787, 4788, 4789) 3367.0
(5230, 5231, 5232) 4068.0
(7095, 7096, 7097) 3478.0
(522, 523, 524) 4005.0
(1643, 1644, 1645) 3919.0
(8443, 8444, 8445) 3765.0
(4104, 4105, 4106) 4358.0
(2567, 2568, 2569) 5298.0
(2178, 2179, 2180) 3579.0
(8517, 8518, 8519) 3987.0
(7540, 7541, 7542) 2778.0
(9113, 9114, 9115) 4300.0
(6658, 6659, 6660) 3312.0
(5353, 5354, 5355) 3708.0
(9330, 9331, 9332) 3589.0
(1732, 1733, 1734) 3637.0
(7163, 7164, 7165) 3425.0
(2810, 2811, 2812) 3638.0
(2858, 2859, 2860) 3065.0
(2285, 2286, 2287) 4159.0
(8183, 8184, 8185) 4355.0
(6578, 6579, 6580) 3544.0
(1516, 1517, 1518) 3989.0
(135, 136, 137) 3070.0
(4297, 4298, 4299) 3514.0
(1276, 1277, 1278) 3904.0
(7176, 7177, 7178) 4401.0
(331, 332, 333) 3996.0
(5009, 5010, 5011) 3835.0
(6896, 6897, 6898) 3982.0
(1353, 1354, 1355) 3789.0
(9392, 9393, 9394) 3454.0
(8161, 8162, 8163) 3132.0
(8202, 8203, 8204) 3442.0
(8199, 8200, 8201) 3362.0
(9533, 9534, 9535) 4009.0
(8418, 8419, 8420) 3866.0
(4798, 4799, 4800) 3802.0
(134, 135, 136) 3390.0
(1545, 1546, 1547) 4103.0
(3499, 3500, 3501) 5049.0
(4082, 4083, 4084) 3626.0
(127, 128, 129) 3280.0
(7664, 7665, 7666) 3459.0
(2319, 2320, 2321) 3364.0
(1445, 1446, 1447) 3494.0
(9993, 9994, 9995) 3361.0
(7970, 7971, 7972) 3631.0
(9775, 9776, 9777) 4593.0
(9342, 9343, 9344) 3887.0
(9135, 9136, 9137) 4773.0
(4390, 4391, 4392) 3526.0
(8057, 8058, 8059) 3015.0
(6309, 6310, 6311) 3349.0
(4308, 4309, 4310) 3401.0
(8499, 8500, 8501) 3713.0
(6964, 6965, 6966) 3233.0
(4498, 4499, 4500) 5074.0
(3612, 3613, 3614) 4496.0
(4790, 4791, 4792) 3639.0
(9535, 9536, 9537) 3665.0
(4276, 4277, 4278) 4484.0
(7826, 7827, 7828) 4642.0
(2218, 2219, 2220) 3099.0
(5650, 5651, 5652) 4294.0
(4439, 4440, 4441) 3361.0
(5532, 5533, 5534) 3223.0
(7578, 7579, 7580) 3263.0
(6031, 6032, 6033) 3783.0
(9389, 9390, 9391) 4503.0
(8298, 8299, 8300) 3185.0
(6754, 6755, 6756) 3776.0
(7730, 7731, 7732) 3007.0
(9650, 9651, 9652) 3888.0
(5227, 5228, 5229) 3878.0
(50, 51, 52) 3304.0
(1739, 1740, 1741) 4052.0
(7111, 7112, 7113) 3342.0
(7404, 7405, 7406) 3966.0
(6141, 6142, 6143) 3920.0
(1952, 1953, 1954) 3403.0
(1044, 1045, 1046) 3085.0
(3200, 3201, 3202) 3611.0
(6232, 6233, 6234) 3196.0
(6625, 6626, 6627) 3899.0
(7605, 7606, 7607) 2782.0
(9266, 9267, 9268) 3212.0
(254, 255, 256) 3120.0
(5428, 5429, 5430) 3337.0
(3545, 3546, 3547) 4290.0
(8326, 8327, 8328) 3349.0
(8491, 8492, 8493) 3482.0
(2730, 2731, 2732) 3185.0
(9273, 9274, 9275) 3289.0
(2507, 2508, 2509) 3908.0
(9588, 9589, 9590) 4385.0
(9873, 9874, 9875) 3220.0
(2970, 2971, 2972) 3503.0
(8575, 8576, 8577) 3609.0
(8393, 8394, 8395) 3818.0
(8040, 8041, 8042) 3755.0
(1192, 1193, 1194) 3521.0
(4587, 4588, 4589) 4046.0
(1389, 1390, 1391) 4038.0
(8692, 8693, 8694) 3254.0
(8618, 8619, 8620) 3218.0
(7179, 7180, 7181) 2981.0
(1703, 1704, 1705) 3136.0
(1682, 1683, 1684) 3741.0
(8146, 8147, 8148) 3685.0
(9046, 9047, 9048) 4464.0
(6392, 6393, 6394) 4990.0
(5042, 5043, 5044) 3532.0
(6647, 6648, 6649) 3997.0
(5537, 5538, 5539) 3174.0
(6463, 6464, 6465) 3279.0
(5194, 5195, 5196) 3380.0
(3389, 3390, 3391) 4228.0
(5127, 5128, 5129) 3755.0
(6770, 6771, 6772) 3478.0
(9309, 9310, 9311) 3425.0
(7369, 7370, 7371) 3561.0
(545, 546, 547) 4037.0
(7107, 7108, 7109) 3904.0
(2369, 2370, 2371) 4268.0
(7190, 7191, 7192) 4178.0
(416, 417, 418) 3649.0
(8500, 8501, 8502) 3365.0
(2186, 2187, 2188) 3902.0
(3901, 3902, 3903) 3952.0
(6372, 6373, 6374) 3660.0
(1347, 1348, 1349) 3825.0
(2958, 2959, 2960) 3048.0
(3842, 3843, 3844) 3261.0
(2092, 2093, 2094) 3131.0
(3096, 3097, 3098) 2836.0
(402, 403, 404) 3543.0
(2893, 2894, 2895) 3534.0
(4788, 4789, 4790) 3839.0
(8071, 8072, 8073) 3945.0
(9363, 9364, 9365) 3411.0
(7469, 7470, 7471) 3579.0
(2294, 2295, 2296) 3765.0
(5903, 5904, 5905) 3492.0
(6937, 6938, 6939) 3271.0
(1679, 1680, 1681) 4010.0
(3321, 3322, 3323) 3413.0
(6990, 6991, 6992) 3298.0
(4539, 4540, 4541) 4078.0
(9376, 9377, 9378) 3308.0
(9634, 9635, 9636) 3725.0
(3033, 3034, 3035) 3480.0
(5492, 5493, 5494) 4250.0
(5273, 5274, 5275) 3679.0
(3827, 3828, 3829) 3727.0
(3405, 3406, 3407) 3148.0
(2460, 2461, 2462) 3449.0
(5307, 5308, 5309) 4139.0
(5170, 5171, 5172) 3284.0
(6328, 6329, 6330) 4084.0
(8194, 8195, 8196) 3517.0
(1467, 1468, 1469) 3171.0
(5581, 5582, 5583) 3375.0
(5073, 5074, 5075) 3371.0
(1061, 1062, 1063) 4213.0
(6520, 6521, 6522) 3319.0
(7849, 7850, 7851) 3803.0
(2790, 2791, 2792) 4969.0
(3204, 3205, 3206) 3338.0
(7439, 7440, 7441) 3951.0
(9731, 9732, 9733) 3556.0
(8121, 8122, 8123) 3709.0
(4431, 4432, 4433) 4153.0
(9368, 9369, 9370) 4078.0
(7019, 7020, 7021) 4272.0
(8001, 8002, 8003) 4094.0
(5901, 5902, 5903) 3450.0
(3933, 3934, 3935) 3093.0
(1701, 1702, 1703) 4214.0
(1183, 1184, 1185) 3199.0
(3520, 3521, 3522) 2915.0
(675, 676, 677) 4083.0
(5072, 5073, 5074) 3282.0
(3398, 3399, 3400) 3702.0
(6084, 6085, 6086) 4009.0
(2356, 2357, 2358) 4240.0
(5029, 5030, 5031) 3646.0
(1510, 1511, 1512) 3329.0
(7302, 7303, 7304) 4494.0
(8902, 8903, 8904) 3261.0
(8978, 8979, 8980) 4102.0
