(1157, 1158, 1159) 3492.0
(8616, 8617, 8618) 3554.0
(1732, 1733, 1734) 3883.0
(9342, 9343, 9344) 3976.0
(4826, 4827, 4828) 3748.0
(6504, 6505, 6506) 3748.0
(3185, 3186, 3187) 3897.0
(5146, 5147, 5148) 3644.0
(2154, 2155, 2156) 3288.0
(5052, 5053, 5054) 3364.0
(5727, 5728, 5729) 3048.0
(512, 513, 514) 3873.0
(7541, 7542, 7543) 4000.0
(7113, 7114, 7115) 3322.0
(6746, 6747, 6748) 3476.0
(4999, 5000, 5001) 3026.0
(3657, 3658, 3659) 3771.0
(6545, 6546, 6547) 3757.0
(9125, 9126, 9127) 3419.0
(2711, 2712, 2713) 3388.0
(7274, 7275, 7276) 3649.0
(7110, 7111, 7112) 4915.0
(9826, 9827, 9828) 4154.0
(629, 630, 631) 3879.0
(4198, 4199, 4200) 4176.0
(1310, 1311, 1312) 3447.0
(3618, 3619, 3620) 3995.0
(5558, 5559, 5560) 5349.0
(2006, 2007, 2008) 3867.0
(4326, 4327, 4328) 3965.0
(8192, 8193, 8194) 4105.0
(1943, 1944, 1945) 3510.0
(249, 250, 251) 3656.0
(5478, 5479, 5480) 3791.0
(961, 962, 963) 4036.0
(9060, 9061, 9062) 4314.0
(714, 715, 716) 4978.0
(7311, 7312, 7313) 3357.0
(7189, 7190, 7191) 4648.0
(2798, 2799, 2800) 4405.0
(8529, 8530, 8531) 3174.0
(2649, 2650, 2651) 3869.0
(3031, 3032, 3033) 3941.0
(9049, 9050, 9051) 3489.0
(9556, 9557, 9558) 3850.0
(766, 767, 768) 3473.0
(9896, 9897, 9898) 3394.0
(2862, 2863, 2864) 3510.0
(3359, 3360, 3361) 3673.0
(3011, 3012, 3013) 3949.0
(3835, 3836, 3837) 4918.0
(8045, 8046, 8047) 3360.0
(7044, 7045, 7046) 4487.0
(2268, 2269, 2270) 4014.0
(2652, 2653, 2654) 3074.0
(5385, 5386, 5387) 5101.0
(6857, 6858, 6859) 4050.0
(6223, 6224, 6225) 3680.0
(2113, 2114, 2115) 3423.0
(4056, 4057, 4058) 3947.0
(9343, 9344, 9345) 3591.0
(8715, 8716, 8717) 3834.0
(2187, 2188, 2189) 3652.0
(7081, 7082, 7083) 5676.0
(8386, 8387, 8388) 4583.0
(4022, 4023, 4024) 4687.0
(2285, 2286, 2287) 4309.0
(5790, 5791, 5792) 3592.0
(2869, 2870, 2871) 3761.0
(8007, 8008, 8009) 3841.0
(5869, 5870, 5871) 4028.0
(9827, 9828, 9829) 4262.0
(7773, 7774, 7775) 3050.0
(5247, 5248, 5249) 3717.0
(857, 858, 859) 4014.0
(8906, 8907, 8908) 3885.0
(3722, 3723, 3724) 4090.0
(3480, 3481, 3482) 3891.0
(9896, 9897, 9898) 3394.0
(1392, 1393, 1394) 3989.0
(1281, 1282, 1283) 3748.0
(5860, 5861, 5862) 4902.0
(2544, 2545, 2546) 3844.0
(6403, 6404, 6405) 3755.0
(3152, 3153, 3154) 3736.0
(9176, 9177, 9178) 4276.0
(4623, 4624, 4625) 4924.0
(1296, 1297, 1298) 3837.0
(3257, 3258, 3259) 3325.0
(7989, 7990, 7991) 3628.0
(6114, 6115, 6116) 3783.0
(3418, 3419, 3420) 3725.0
(6724, 6725, 6726) 3724.0
(9581, 9582, 9583) 3459.0
(8651, 8652, 8653) 3681.0
(9807, 9808, 9809) 4114.0
(3405, 3406, 3407) 3303.0
(7415, 7416, 7417) 3674.0
(148, 149, 150) 3885.0
(7987, 7988, 7989) 3682.0
(3933, 3934, 3935) 3339.0
(7394, 7395, 7396) 4195.0
(5401, 5402, 5403) 3021.0
(1842, 1843, 1844) 3639.0
(8683, 8684, 8685) 3488.0
(189, 190, 191) 3899.0
(8411, 8412, 8413) 3471.0
(9474, 9475, 9476) 3764.0
(1975, 1976, 1977) 3592.0
(143, 144, 145) 3916.0
(3339, 3340, 3341) 3360.0
(6653, 6654, 6655) 4363.0
(8425, 8426, 8427) 3780.0
(164, 165, 166) 3667.0
(1999, 2000, 2001) 4255.0
(3477, 3478, 3479) 3620.0
(659, 660, 661) 3070.0
(5432, 5433, 5434) 4541.0
(8847, 8848, 8849) 3358.0
(5620, 5621, 5622) 3492.0
(3321, 3322, 3323) 3607.0
(5463, 5464, 5465) 5151.0
(5686, 5687, 5688) 4458.0
(3020, 3021, 3022) 3542.0
(22, 23, 24) 3368.0
(6776, 6777, 6778) 3080.0
(1815, 1816, 1817) 3912.0
(3728, 3729, 3730) 4558.0
(882, 883, 884) 3695.0
(4465, 4466, 4467) 4595.0
(9634, 9635, 9636) 3776.0
(2541, 2542, 2543) 3593.0
(7220, 7221, 7222) 4061.0
(7994, 7995, 7996) 3647.0
(1096, 1097, 1098) 3830.0
(7328, 7329, 7330) 3571.0
(1427, 1428, 1429) 3195.0
(9264, 9265, 9266) 4237.0
(2768, 2769, 2770) 4591.0
(2967, 2968, 2969) 4130.0
(9831, 9832, 9833) 4221.0
(5008, 5009, 5010) 3370.0
(331, 332, 333) 3966.0
(3936, 3937, 3938) 4481.0
(6733, 6734, 6735) 4649.0
(4667, 4668, 4669) 3488.0
(38, 39, 40) 3872.0
(5381, 5382, 5383) 4211.0
(2126, 2127, 2128) 3592.0
(2780, 2781, 2782) 4180.0
(8411, 8412, 8413) 3471.0
(4981, 4982, 4983) 3556.0
(1665, 1666, 1667) 3977.0
(9982, 9983, 9984) 3743.0
(8715, 8716, 8717) 3834.0
(9607, 9608, 9609) 4156.0
(699, 700, 701) 4501.0
(6360, 6361, 6362) 3428.0
(708, 709, 710) 3359.0
(9027, 9028, 9029) 3334.0
(5343, 5344, 5345) 3823.0
(6708, 6709, 6710) 4294.0
(7325, 7326, 7327) 3569.0
(110, 111, 112) 3592.0
(2420, 2421, 2422) 4827.0
(2076, 2077, 2078) 3085.0
(7786, 7787, 7788) 4556.0
(8921, 8922, 8923) 4065.0
(1193, 1194, 1195) 3818.0
(8178, 8179, 8180) 3823.0
(3287, 3288, 3289) 3971.0
(5066, 5067, 5068) 3615.0
(4136, 4137, 4138) 3028.0
(5094, 5095, 5096) 4084.0
(4059, 4060, 4061) 3541.0
(2759, 2760, 2761) 2948.0
(6029, 6030, 6031) 3791.0
(1828, 1829, 1830) 3653.0
(2486, 2487, 2488) 3552.0
(6262, 6263, 6264) 3908.0
(4553, 4554, 4555) 3367.0
(6158, 6159, 6160) 3746.0
(7003, 7004, 7005) 3179.0
(2496, 2497, 2498) 3789.0
(2115, 2116, 2117) 4552.0
(8153, 8154, 8155) 2888.0
(3461, 3462, 3463) 3358.0
(3755, 3756, 3757) 3425.0
(4330, 4331, 4332) 3543.0
(3863, 3864, 3865) 3733.0
(3009, 3010, 3011) 3915.0
(8125, 8126, 8127) 3441.0
(3385, 3386, 3387) 3711.0
(9629, 9630, 9631) 4357.0
(5043, 5044, 5045) 3542.0
(8080, 8081, 8082) 4029.0
(9198, 9199, 9200) 5570.0
(482, 483, 484) 3402.0
(6376, 6377, 6378) 3294.0
(9887, 9888, 9889) 4736.0
(6584, 6585, 6586) 3731.0
