(4242, 4243, 4244) 3280.0
(9954, 9955, 9956) 5081.0
(8499, 8500, 8501) 3977.0
(6230, 6231, 6232) 3325.0
(5457, 5458, 5459) 3757.0
(2644, 2645, 2646) 3936.0
(4358, 4359, 4360) 3086.0
(4622, 4623, 4624) 4548.0
(4408, 4409, 4410) 4251.0
(2798, 2799, 2800) 4345.0
(2518, 2519, 2520) 4554.0
(2571, 2572, 2573) 4242.0
(6790, 6791, 6792) 3905.0
(8050, 8051, 8052) 4173.0
(2352, 2353, 2354) 4077.0
(8836, 8837, 8838) 3650.0
(588, 589, 590) 4407.0
(3560, 3561, 3562) 4623.0
(862, 863, 864) 4054.0
(3159, 3160, 3161) 5560.0
(4619, 4620, 4621) 4010.0
(8210, 8211, 8212) 4114.0
(8807, 8808, 8809) 3801.0
(2036, 2037, 2038) 3281.0
(7069, 7070, 7071) 3477.0
(2391, 2392, 2393) 3618.0
(350, 351, 352) 3856.0
(6430, 6431, 6432) 3298.0
(6842, 6843, 6844) 3812.0
(12, 13, 14) 3986.0
(4148, 4149, 4150) 3799.0
(3209, 3210, 3211) 3775.0
(2804, 2805, 2806) 4486.0
(9152, 9153, 9154) 5016.0
(9572, 9573, 9574) 3300.0
(465, 466, 467) 3623.0
(988, 989, 990) 3826.0
(8076, 8077, 8078) 3663.0
(188, 189, 190) 5495.0
(5673, 5674, 5675) 3326.0
(7929, 7930, 7931) 3757.0
(6829, 6830, 6831) 4539.0
(7002, 7003, 7004) 4358.0
(2821, 2822, 2823) 4251.0
(5940, 5941, 5942) 4272.0
(4901, 4902, 4903) 3719.0
(9625, 9626, 9627) 4769.0
(5730, 5731, 5732) 5009.0
(1364, 1365, 1366) 4859.0
(732, 733, 734) 4495.0
(2899, 2900, 2901) 4677.0
(6077, 6078, 6079) 3585.0
(2432, 2433, 2434) 3497.0
(2626, 2627, 2628) 4631.0
(3089, 3090, 3091) 4713.0
(3319, 3320, 3321) 5008.0
(7338, 7339, 7340) 4363.0
(4087, 4088, 4089) 3478.0
(867, 868, 869) 3880.0
(5288, 5289, 5290) 4981.0
(7680, 7681, 7682) 3532.0
(5845, 5846, 5847) 4096.0
(4247, 4248, 4249) 4078.0
(169, 170, 171) 3258.0
(9576, 9577, 9578) 4156.0
(5670, 5671, 5672) 3563.0
(8515, 8516, 8517) 3531.0
(8538, 8539, 8540) 3203.0
(3269, 3270, 3271) 3767.0
(2403, 2404, 2405) 4469.0
(9779, 9780, 9781) 3748.0
(4377, 4378, 4379) 3467.0
(4768, 4769, 4770) 4268.0
(6932, 6933, 6934) 4239.0
(5663, 5664, 5665) 3697.0
(4847, 4848, 4849) 3968.0
(6234, 6235, 6236) 3371.0
(1602, 1603, 1604) 3983.0
(7742, 7743, 7744) 3254.0
(5350, 5351, 5352) 3844.0
(1496, 1497, 1498) 3669.0
(6896, 6897, 6898) 4318.0
(9367, 9368, 9369) 4927.0
(1935, 1936, 1937) 3319.0
(9700, 9701, 9702) 3476.0
(6171, 6172, 6173) 4413.0
(1049, 1050, 1051) 3926.0
(5124, 5125, 5126) 3855.0
(3968, 3969, 3970) 3659.0
(7107, 7108, 7109) 3956.0
(8790, 8791, 8792) 3624.0
(696, 697, 698) 3695.0
(8018, 8019, 8020) 5333.0
(4025, 4026, 4027) 3980.0
(4942, 4943, 4944) 4050.0
(79, 80, 81) 4073.0
(7022, 7023, 7024) 3121.0
(9439, 9440, 9441) 4478.0
(1166, 1167, 1168) 4548.0
(1123, 1124, 1125) 3934.0
(6664, 6665, 6666) 4767.0
(9298, 9299, 9300) 5118.0
(564, 565, 566) 3373.0
(9614, 9615, 9616) 4044.0
(2217, 2218, 2219) 3295.0
(3630, 3631, 3632) 4200.0
(1487, 1488, 1489) 3130.0
(3878, 3879, 3880) 3788.0
(9238, 9239, 9240) 4740.0
(2960, 2961, 2962) 3428.0
(6184, 6185, 6186) 3494.0
(3298, 3299, 3300) 3517.0
(594, 595, 596) 4685.0
(5494, 5495, 5496) 4234.0
(98, 99, 100) 3699.0
(3914, 3915, 3916) 4642.0
(1216, 1217, 1218) 4059.0
(8289, 8290, 8291) 3746.0
(5503, 5504, 5505) 3914.0
(96, 97, 98) 3635.0
(2629, 2630, 2631) 3344.0
(7633, 7634, 7635) 3790.0
(1847, 1848, 1849) 3645.0
(6446, 6447, 6448) 4456.0
(880, 881, 882) 4540.0
(4684, 4685, 4686) 3994.0
(1138, 1139, 1140) 4203.0
(7922, 7923, 7924) 4525.0
(8726, 8727, 8728) 3691.0
(9482, 9483, 9484) 4807.0
(5144, 5145, 5146) 3931.0
(1097, 1098, 1099) 4326.0
(4555, 4556, 4557) 4090.0
(4126, 4127, 4128) 4042.0
(2050, 2051, 2052) 4275.0
(1025, 1026, 1027) 3345.0
(3032, 3033, 3034) 3638.0
(4799, 4800, 4801) 4314.0
(8395, 8396, 8397) 3341.0
(7629, 7630, 7631) 4025.0
(9987, 9988, 9989) 3624.0
(3454, 3455, 3456) 4269.0
(3952, 3953, 3954) 3557.0
(4068, 4069, 4070) 4528.0
(465, 466, 467) 3623.0
(7149, 7150, 7151) 5109.0
(5473, 5474, 5475) 3487.0
(5209, 5210, 5211) 3874.0
(6806, 6807, 6808) 3627.0
(3197, 3198, 3199) 3192.0
(796, 797, 798) 4411.0
(1191, 1192, 1193) 4401.0
(1198, 1199, 1200) 3703.0
(5362, 5363, 5364) 3053.0
(5649, 5650, 5651) 3417.0
(7236, 7237, 7238) 4520.0
(3188, 3189, 3190) 3971.0
(6003, 6004, 6005) 3350.0
(9339, 9340, 9341) 4507.0
(4390, 4391, 4392) 4084.0
(1185, 1186, 1187) 3809.0
(2081, 2082, 2083) 3112.0
(4080, 4081, 4082) 4359.0
(1741, 1742, 1743) 3468.0
(3556, 3557, 3558) 4370.0
(1107, 1108, 1109) 3077.0
(359, 360, 361) 3638.0
(5790, 5791, 5792) 3860.0
(9093, 9094, 9095) 3469.0
(184, 185, 186) 4253.0
(8651, 8652, 8653) 3956.0
(2408, 2409, 2410) 3289.0
(6438, 6439, 6440) 3873.0
(1647, 1648, 1649) 3590.0
(9785, 9786, 9787) 4604.0
(8257, 8258, 8259) 4058.0
(4302, 4303, 4304) 3990.0
(3294, 3295, 3296) 3598.0
(5515, 5516, 5517) 4235.0
(447, 448, 449) 3689.0
(5835, 5836, 5837) 4211.0
(3553, 3554, 3555) 4298.0
(3831, 3832, 3833) 3409.0
(4102, 4103, 4104) 4247.0
(1067, 1068, 1069) 5698.0
(3025, 3026, 3027) 5280.0
(6057, 6058, 6059) 4153.0
(8855, 8856, 8857) 4007.0
(6396, 6397, 6398) 4231.0
(8061, 8062, 8063) 3345.0
(5295, 5296, 5297) 5252.0
(1623, 1624, 1625) 4157.0
(9609, 9610, 9611) 3667.0
(6560, 6561, 6562) 3472.0
(7884, 7885, 7886) 4176.0
(4356, 4357, 4358) 3557.0
(8020, 8021, 8022) 3178.0
(1222, 1223, 1224) 4429.0
(3334, 3335, 3336) 4187.0
(9458, 9459, 9460) 3639.0
(9868, 9869, 9870) 3836.0
