(3501, 3502, 3503) 4087.0
(1300, 1301, 1302) 4802.0
(1646, 1647, 1648) 3668.0
(53, 54, 55) 4229.0
(8051, 8052, 8053) 4286.0
(9531, 9532, 9533) 4895.0
(5057, 5058, 5059) 4973.0
(4212, 4213, 4214) 3851.0
(1153, 1154, 1155) 3945.0
(2962, 2963, 2964) 4155.0
(9787, 9788, 9789) 3517.0
(571, 572, 573) 3875.0
(7293, 7294, 7295) 3842.0
(9089, 9090, 9091) 4883.0
(5024, 5025, 5026) 5465.0
(5114, 5115, 5116) 3713.0
(6801, 6802, 6803) 3765.0
(9367, 9368, 9369) 5092.0
(4363, 4364, 4365) 4454.0
(1162, 1163, 1164) 3953.0
(1113, 1114, 1115) 3839.0
(7255, 7256, 7257) 4252.0
(7318, 7319, 7320) 4408.0
(7424, 7425, 7426) 3823.0
(7460, 7461, 7462) 3439.0
(3349, 3350, 3351) 4579.0
(3781, 3782, 3783) 4440.0
(7878, 7879, 7880) 4190.0
(1244, 1245, 1246) 3847.0
(2735, 2736, 2737) 4103.0
(7795, 7796, 7797) 3523.0
(2453, 2454, 2455) 5232.0
(882, 883, 884) 3941.0
(1318, 1319, 1320) 4195.0
(5425, 5426, 5427) 3493.0
(5889, 5890, 5891) 4072.0
(8222, 8223, 8224) 4245.0
(9788, 9789, 9790) 3908.0
(9958, 9959, 9960) 3962.0
(6310, 6311, 6312) 4876.0
(6664, 6665, 6666) 4947.0
(1442, 1443, 1444) 4453.0
(5906, 5907, 5908) 5097.0
(6071, 6072, 6073) 3328.0
(3730, 3731, 3732) 4553.0
(5292, 5293, 5294) 4222.0
(2071, 2072, 2073) 4862.0
(6516, 6517, 6518) 3756.0
(604, 605, 606) 4280.0
(9068, 9069, 9070) 4192.0
(9273, 9274, 9275) 3651.0
(2746, 2747, 2748) 4149.0
(2896, 2897, 2898) 3689.0
(1948, 1949, 1950) 4635.0
(2352, 2353, 2354) 4095.0
(3710, 3711, 3712) 5066.0
(7044, 7045, 7046) 4617.0
(6959, 6960, 6961) 4532.0
(2211, 2212, 2213) 4801.0
(2029, 2030, 2031) 3915.0
(944, 945, 946) 3936.0
(1147, 1148, 1149) 3691.0
(9465, 9466, 9467) 4873.0
(6811, 6812, 6813) 4100.0
(1291, 1292, 1293) 4623.0
(8109, 8110, 8111) 3651.0
(4524, 4525, 4526) 4917.0
(99, 100, 101) 4272.0
(9925, 9926, 9927) 4147.0
(9613, 9614, 9615) 4318.0
(6930, 6931, 6932) 4062.0
(813, 814, 815) 4303.0
(1949, 1950, 1951) 3912.0
(7280, 7281, 7282) 4223.0
(3451, 3452, 3453) 3994.0
(7613, 7614, 7615) 3825.0
(8183, 8184, 8185) 4925.0
(3087, 3088, 3089) 3806.0
(8278, 8279, 8280) 5055.0
(9435, 9436, 9437) 4737.0
(8568, 8569, 8570) 3868.0
(9213, 9214, 9215) 3971.0
(2524, 2525, 2526) 5436.0
(6226, 6227, 6228) 3713.0
(2154, 2155, 2156) 3578.0
(3272, 3273, 3274) 4393.0
(3593, 3594, 3595) 3250.0
(6886, 6887, 6888) 4086.0
(6700, 6701, 6702) 4269.0
(4636, 4637, 4638) 2980.0
(1907, 1908, 1909) 3184.0
(2237, 2238, 2239) 3810.0
(6735, 6736, 6737) 3445.0
(687, 688, 689) 3723.0
(3157, 3158, 3159) 4614.0
(7012, 7013, 7014) 4729.0
(2175, 2176, 2177) 4469.0
(6015, 6016, 6017) 3450.0
(4037, 4038, 4039) 4345.0
(4989, 4990, 4991) 4144.0
(8135, 8136, 8137) 3570.0
(2676, 2677, 2678) 4789.0
(6829, 6830, 6831) 4690.0
(8938, 8939, 8940) 4063.0
(2110, 2111, 2112) 3918.0
(8382, 8383, 8384) 3798.0
(2475, 2476, 2477) 3799.0
(8170, 8171, 8172) 4125.0
(4363, 4364, 4365) 4454.0
(3249, 3250, 3251) 4885.0
(8433, 8434, 8435) 3900.0
(2136, 2137, 2138) 3392.0
(1868, 1869, 1870) 4087.0
(1423, 1424, 1425) 4325.0
(7785, 7786, 7787) 4083.0
(9457, 9458, 9459) 4652.0
(6277, 6278, 6279) 4117.0
(1566, 1567, 1568) 4029.0
(1063, 1064, 1065) 3328.0
(7436, 7437, 7438) 4217.0
(790, 791, 792) 3713.0
(3421, 3422, 3423) 3797.0
(7081, 7082, 7083) 6135.0
(9070, 9071, 9072) 4255.0
(9477, 9478, 9479) 3896.0
(24, 25, 26) 4945.0
(7866, 7867, 7868) 4147.0
(308, 309, 310) 4117.0
(6039, 6040, 6041) 4015.0
(2700, 2701, 2702) 4108.0
(951, 952, 953) 3845.0
(6335, 6336, 6337) 3745.0
(3248, 3249, 3250) 4370.0
(5804, 5805, 5806) 4745.0
(588, 589, 590) 4552.0
(2802, 2803, 2804) 4185.0
(5300, 5301, 5302) 3349.0
(6861, 6862, 6863) 3797.0
(7439, 7440, 7441) 4307.0
(7393, 7394, 7395) 4544.0
(4510, 4511, 4512) 4316.0
(7800, 7801, 7802) 3321.0
(6075, 6076, 6077) 3562.0
(7285, 7286, 7287) 3695.0
(5223, 5224, 5225) 4708.0
(5928, 5929, 5930) 3935.0
(6512, 6513, 6514) 4570.0
(3691, 3692, 3693) 4037.0
(7793, 7794, 7795) 3504.0
(7330, 7331, 7332) 4625.0
(8405, 8406, 8407) 5262.0
(5699, 5700, 5701) 3819.0
(6722, 6723, 6724) 3488.0
(7897, 7898, 7899) 3650.0
(4075, 4076, 4077) 4004.0
(1242, 1243, 1244) 4163.0
(225, 226, 227) 4730.0
(6303, 6304, 6305) 4030.0
(1634, 1635, 1636) 4173.0
(8759, 8760, 8761) 3600.0
(2358, 2359, 2360) 5225.0
(3633, 3634, 3635) 3999.0
(5128, 5129, 5130) 4459.0
(5865, 5866, 5867) 3926.0
(3641, 3642, 3643) 4303.0
(5510, 5511, 5512) 4296.0
(7901, 7902, 7903) 3700.0
(3739, 3740, 3741) 3627.0
(4224, 4225, 4226) 3844.0
(3020, 3021, 3022) 4022.0
(3975, 3976, 3977) 4464.0
(8851, 8852, 8853) 4182.0
(3866, 3867, 3868) 3728.0
(987, 988, 989) 4164.0
(185, 186, 187) 4733.0
(8620, 8621, 8622) 4675.0
(1467, 1468, 1469) 3517.0
(848, 849, 850) 3611.0
(7367, 7368, 7369) 4262.0
(5797, 5798, 5799) 3505.0
(1132, 1133, 1134) 4106.0
(2044, 2045, 2046) 3897.0
(5632, 5633, 5634) 3907.0
(8753, 8754, 8755) 3964.0
(5025, 5026, 5027) 3504.0
(1149, 1150, 1151) 4326.0
(592, 593, 594) 4061.0
(8584, 8585, 8586) 4014.0
(5189, 5190, 5191) 4204.0
(6458, 6459, 6460) 4119.0
(7610, 7611, 7612) 4072.0
(3057, 3058, 3059) 4300.0
(233, 234, 235) 5131.0
(9936, 9937, 9938) 3579.0
(4486, 4487, 4488) 3426.0
(7898, 7899, 7900) 4414.0
(5553, 5554, 5555) 4120.0
(3485, 3486, 3487) 3946.0
(30, 31, 32) 3916.0
(7391, 7392, 7393) 3420.0
(5915, 5916, 5917) 4805.0
(5266, 5267, 5268) 4250.0
(4665, 4666, 4667) 4704.0
(5740, 5741, 5742) 4057.0
(1741, 1742, 1743) 3632.0
(8995, 8996, 8997) 3622.0
(5411, 5412, 5413) 3837.0
(6080, 6081, 6082) 5196.0
(7344, 7345, 7346) 4445.0
(258, 259, 260) 4347.0
(1310, 1311, 1312) 3855.0
(5033, 5034, 5035) 3904.0
(7964, 7965, 7966) 3523.0
(5277, 5278, 5279) 4070.0
(842, 843, 844) 3788.0
(5081, 5082, 5083) 4226.0
(1584, 1585, 1586) 4243.0
(51, 52, 53) 5292.0
(9691, 9692, 9693) 3706.0
(8681, 8682, 8683) 4297.0
(155, 156, 157) 4335.0
(1308, 1309, 1310) 3830.0
(4873, 4874, 4875) 3887.0
(1658, 1659, 1660) 4574.0
(405, 406, 407) 5035.0
(8555, 8556, 8557) 3676.0
(4108, 4109, 4110) 4070.0
(7441, 7442, 7443) 4299.0
(6054, 6055, 6056) 4984.0
(1392, 1393, 1394) 4114.0
(1518, 1519, 1520) 4020.0
(4353, 4354, 4355) 4247.0
(3651, 3652, 3653) 3520.0
(8408, 8409, 8410) 3634.0
(2259, 2260, 2261) 3846.0
(6528, 6529, 6530) 4055.0
(9713, 9714, 9715) 3798.0
(1241, 1242, 1243) 4081.0
(1358, 1359, 1360) 4767.0
(4471, 4472, 4473) 4163.0
(1866, 1867, 1868) 4010.0
(5624, 5625, 5626) 4137.0
(1614, 1615, 1616) 4584.0
(6696, 6697, 6698) 4795.0
(684, 685, 686) 4395.0
(1742, 1743, 1744) 4406.0
(4048, 4049, 4050) 3859.0
(8975, 8976, 8977) 4358.0
(1071, 1072, 1073) 4667.0
(7207, 7208, 7209) 3218.0
(9439, 9440, 9441) 4677.0
(7330, 7331, 7332) 4625.0
(341, 342, 343) 3456.0
(468, 469, 470) 3760.0
(1007, 1008, 1009) 3525.0
(9885, 9886, 9887) 4238.0
(9934, 9935, 9936) 4506.0
(9719, 9720, 9721) 4400.0
(2450, 2451, 2452) 4143.0
(1, 2, 3) 5438.0
(6208, 6209, 6210) 3519.0
(6010, 6011, 6012) 3733.0
(3605, 3606, 3607) 3929.0
(9479, 9480, 9481) 4281.0
(7353, 7354, 7355) 4362.0
(6795, 6796, 6797) 3817.0
(5640, 5641, 5642) 4145.0
(3103, 3104, 3105) 3339.0
(5508, 5509, 5510) 4340.0
(3840, 3841, 3842) 4845.0
(9480, 9481, 9482) 5176.0
(2688, 2689, 2690) 3446.0
(1526, 1527, 1528) 3591.0
(2404, 2405, 2406) 4114.0
(1165, 1166, 1167) 3773.0
(7629, 7630, 7631) 4273.0
(8209, 8210, 8211) 4774.0
(186, 187, 188) 4424.0
(2053, 2054, 2055) 3779.0
(2530, 2531, 2532) 3928.0
(9740, 9741, 9742) 4193.0
(1917, 1918, 1919) 4214.0
(7749, 7750, 7751) 4639.0
(9474, 9475, 9476) 4031.0
(7677, 7678, 7679) 4262.0
(1382, 1383, 1384) 4280.0
(6035, 6036, 6037) 4164.0
(1482, 1483, 1484) 5340.0
(3779, 3780, 3781) 3553.0
(3850, 3851, 3852) 4208.0
(8802, 8803, 8804) 4261.0
(4291, 4292, 4293) 4704.0
(3854, 3855, 3856) 3209.0
(999, 1000, 1001) 3710.0
(6371, 6372, 6373) 4216.0
(8537, 8538, 8539) 3712.0
(888, 889, 890) 4823.0
(254, 255, 256) 3441.0
(5768, 5769, 5770) 3687.0
(3834, 3835, 3836) 3953.0
(6459, 6460, 6461) 4716.0
(7123, 7124, 7125) 4109.0
(4878, 4879, 4880) 4256.0
(2855, 2856, 2857) 4747.0
(3427, 3428, 3429) 3919.0
(7649, 7650, 7651) 4481.0
(5681, 5682, 5683) 4161.0
(4703, 4704, 4705) 3581.0
(6973, 6974, 6975) 4040.0
(6155, 6156, 6157) 5369.0
(9010, 9011, 9012) 4415.0
(3142, 3143, 3144) 3795.0
(274, 275, 276) 3943.0
(2719, 2720, 2721) 3926.0
(3322, 3323, 3324) 4613.0
(8605, 8606, 8607) 4361.0
(9907, 9908, 9909) 3558.0
(7227, 7228, 7229) 4500.0
(9500, 9501, 9502) 3866.0
(97, 98, 99) 3747.0
(873, 874, 875) 5208.0
(6309, 6310, 6311) 3940.0
(358, 359, 360) 4142.0
(3270, 3271, 3272) 5773.0
(9103, 9104, 9105) 4313.0
(5725, 5726, 5727) 3965.0
(6287, 6288, 6289) 4935.0
(5579, 5580, 5581) 4724.0
(9474, 9475, 9476) 4031.0
(1414, 1415, 1416) 3816.0
(9323, 9324, 9325) 4196.0
(8557, 8558, 8559) 4164.0
(2339, 2340, 2341) 4418.0
(1914, 1915, 1916) 3694.0
(6046, 6047, 6048) 3628.0
(2997, 2998, 2999) 3758.0
(6967, 6968, 6969) 4563.0
(7237, 7238, 7239) 3712.0
(5495, 5496, 5497) 4200.0
(8466, 8467, 8468) 4216.0
(3056, 3057, 3058) 5027.0
(8662, 8663, 8664) 5060.0
(6909, 6910, 6911) 4153.0
(2728, 2729, 2730) 3938.0
(5219, 5220, 5221) 3920.0
(3457, 3458, 3459) 4278.0
(1225, 1226, 1227) 4099.0
(1100, 1101, 1102) 4044.0
(667, 668, 669) 3587.0
(9512, 9513, 9514) 3867.0
(37, 38, 39) 3988.0
(9513, 9514, 9515) 4140.0
(3617, 3618, 3619) 3304.0
(61, 62, 63) 4142.0
(8973, 8974, 8975) 3571.0
(5204, 5205, 5206) 4023.0
(1922, 1923, 1924) 3531.0
(2186, 2187, 2188) 4641.0
(1106, 1107, 1108) 5242.0
(8687, 8688, 8689) 4163.0
(3904, 3905, 3906) 3363.0
(5969, 5970, 5971) 3986.0
(5263, 5264, 5265) 4301.0
(8813, 8814, 8815) 3564.0
(9092, 9093, 9094) 4943.0
(2904, 2905, 2906) 3780.0
(7700, 7701, 7702) 3850.0
(6516, 6517, 6518) 3756.0
(9281, 9282, 9283) 3710.0
(8184, 8185, 8186) 4338.0
(5597, 5598, 5599) 3597.0
(5375, 5376, 5377) 4092.0
(8534, 8535, 8536) 3827.0
(6070, 6071, 6072) 3757.0
(1388, 1389, 1390) 4145.0
(4795, 4796, 4797) 4380.0
(4247, 4248, 4249) 4204.0
(6943, 6944, 6945) 4425.0
(173, 174, 175) 3963.0
(9946, 9947, 9948) 4501.0
(82, 83, 84) 4779.0
(8658, 8659, 8660) 3549.0
(4479, 4480, 4481) 4184.0
(7031, 7032, 7033) 3618.0
(5842, 5843, 5844) 3910.0
(8458, 8459, 8460) 4507.0
(4450, 4451, 4452) 4955.0
(4876, 4877, 4878) 4620.0
(1832, 1833, 1834) 4071.0
(3766, 3767, 3768) 4268.0
(3153, 3154, 3155) 4355.0
(3064, 3065, 3066) 3323.0
(3554, 3555, 3556) 4851.0
(9907, 9908, 9909) 3558.0
(2173, 2174, 2175) 3337.0
(5533, 5534, 5535) 4173.0
(9777, 9778, 9779) 4153.0
(9940, 9941, 9942) 4038.0
(3585, 3586, 3587) 4531.0
(9574, 9575, 9576) 4253.0
(2452, 2453, 2454) 3651.0
(2207, 2208, 2209) 4162.0
(5371, 5372, 5373) 4574.0
(3236, 3237, 3238) 4020.0
(146, 147, 148) 4472.0
(5498, 5499, 5500) 4122.0
(3737, 3738, 3739) 5197.0
(8949, 8950, 8951) 3650.0
(6951, 6952, 6953) 4552.0
(8957, 8958, 8959) 3897.0
(4779, 4780, 4781) 4745.0
(4357, 4358, 4359) 4208.0
(3880, 3881, 3882) 3795.0
(5960, 5961, 5962) 4512.0
(5842, 5843, 5844) 3910.0
(649, 650, 651) 4181.0
(4869, 4870, 4871) 4375.0
(4751, 4752, 4753) 4350.0
(5845, 5846, 5847) 4327.0
(1428, 1429, 1430) 4105.0
(9390, 9391, 9392) 3986.0
(6478, 6479, 6480) 4803.0
(4813, 4814, 4815) 4668.0
(4286, 4287, 4288) 4528.0
(10, 11, 12) 4621.0
(1581, 1582, 1583) 4268.0
(3408, 3409, 3410) 4823.0
(7205, 7206, 7207) 4937.0
(3406, 3407, 3408) 4555.0
(4836, 4837, 4838) 4241.0
(8876, 8877, 8878) 3752.0
(1938, 1939, 1940) 4793.0
(7050, 7051, 7052) 3900.0
(2463, 2464, 2465) 4895.0
(506, 507, 508) 3963.0
(5291, 5292, 5293) 3888.0
(8754, 8755, 8756) 4453.0
(505, 506, 507) 5512.0
(4591, 4592, 4593) 4168.0
(6997, 6998, 6999) 3868.0
(6048, 6049, 6050) 4513.0
(863, 864, 865) 3980.0
(1211, 1212, 1213) 3921.0
(5764, 5765, 5766) 3648.0
(8238, 8239, 8240) 4039.0
(1843, 1844, 1845) 4152.0
(4543, 4544, 4545) 4070.0
(534, 535, 536) 3679.0
(8251, 8252, 8253) 4547.0
(2828, 2829, 2830) 3927.0
(4638, 4639, 4640) 4115.0
(3177, 3178, 3179) 4144.0
(6851, 6852, 6853) 4077.0
(5674, 5675, 5676) 3713.0
(7230, 7231, 7232) 4188.0
(151, 152, 153) 3886.0
(3253, 3254, 3255) 5263.0
(545, 546, 547) 4376.0
(6780, 6781, 6782) 4576.0
(6813, 6814, 6815) 3689.0
(1223, 1224, 1225) 4002.0
(7871, 7872, 7873) 4150.0
(6790, 6791, 6792) 4047.0
(5682, 5683, 5684) 4195.0
(3983, 3984, 3985) 3391.0
(7084, 7085, 7086) 3923.0
(2310, 2311, 2312) 5480.0
(7759, 7760, 7761) 4142.0
(3621, 3622, 3623) 4605.0
(4880, 4881, 4882) 5197.0
(8272, 8273, 8274) 4524.0
(1093, 1094, 1095) 3689.0
(396, 397, 398) 4648.0
(5303, 5304, 5305) 4521.0
(8582, 8583, 8584) 4483.0
(8569, 8570, 8571) 3598.0
(7443, 7444, 7445) 3961.0
(1513, 1514, 1515) 3241.0
(6192, 6193, 6194) 4817.0
(8037, 8038, 8039) 4934.0
(8142, 8143, 8144) 4238.0
(1412, 1413, 1414) 3783.0
(2672, 2673, 2674) 3685.0
(2352, 2353, 2354) 4095.0
(4830, 4831, 4832) 3685.0
(7885, 7886, 7887) 3996.0
(9131, 9132, 9133) 4006.0
(7490, 7491, 7492) 4820.0
(5215, 5216, 5217) 4077.0
(625, 626, 627) 3705.0
(9780, 9781, 9782) 5702.0
(8412, 8413, 8414) 4660.0
(2003, 2004, 2005) 3279.0
(2323, 2324, 2325) 3711.0
(5207, 5208, 5209) 4157.0
(3833, 3834, 3835) 4771.0
(8049, 8050, 8051) 5017.0
(621, 622, 623) 5461.0
(9822, 9823, 9824) 3888.0
(8658, 8659, 8660) 3549.0
(9410, 9411, 9412) 5228.0
(3156, 3157, 3158) 3902.0
(9425, 9426, 9427) 3402.0
(4593, 4594, 4595) 4655.0
(6932, 6933, 6934) 4321.0
(7392, 7393, 7394) 3912.0
(370, 371, 372) 3483.0
(5867, 5868, 5869) 3576.0
(4083, 4084, 4085) 4216.0
(704, 705, 706) 3677.0
(1503, 1504, 1505) 4154.0
(1852, 1853, 1854) 4825.0
(2769, 2770, 2771) 4711.0
(3949, 3950, 3951) 3488.0
(8904, 8905, 8906) 3812.0
(5306, 5307, 5308) 4405.0
(1604, 1605, 1606) 4380.0
(3136, 3137, 3138) 4338.0
(9141, 9142, 9143) 4844.0
(6298, 6299, 6300) 3753.0
(5715, 5716, 5717) 4119.0
(7050, 7051, 7052) 3900.0
(5334, 5335, 5336) 4390.0
(1769, 1770, 1771) 4143.0
(6843, 6844, 6845) 4503.0
(4109, 4110, 4111) 4823.0
(8190, 8191, 8192) 4235.0
(2451, 2452, 2453) 3712.0
(4896, 4897, 4898) 3927.0
(6206, 6207, 6208) 4059.0
(1789, 1790, 1791) 4863.0
(5670, 5671, 5672) 3698.0
(6955, 6956, 6957) 3567.0
(556, 557, 558) 4045.0
(9227, 9228, 9229) 3557.0
(7344, 7345, 7346) 4445.0
(6781, 6782, 6783) 4318.0
(8012, 8013, 8014) 5560.0
(4669, 4670, 4671) 4585.0
(690, 691, 692) 4446.0
(1834, 1835, 1836) 3557.0
(6543, 6544, 6545) 4141.0
(4628, 4629, 4630) 4753.0
(8696, 8697, 8698) 3928.0
(9443, 9444, 9445) 4311.0
(6284, 6285, 6286) 4531.0
(254, 255, 256) 3441.0
(8621, 8622, 8623) 4358.0
(5274, 5275, 5276) 3958.0
(8294, 8295, 8296) 4388.0
(9249, 9250, 9251) 3980.0
(2413, 2414, 2415) 3586.0
(7741, 7742, 7743) 3705.0
(6653, 6654, 6655) 4420.0
(5716, 5717, 5718) 4363.0
(2763, 2764, 2765) 4273.0
(2424, 2425, 2426) 3945.0
(7847, 7848, 7849) 4249.0
(4155, 4156, 4157) 4124.0
(3380, 3381, 3382) 3723.0
(6873, 6874, 6875) 4332.0
(5208, 5209, 5210) 3807.0
(6692, 6693, 6694) 4711.0
(1648, 1649, 1650) 5279.0
(3262, 3263, 3264) 4362.0
(5073, 5074, 5075) 3943.0
(746, 747, 748) 5346.0
(2239, 2240, 2241) 4204.0
(1585, 1586, 1587) 3438.0
(8313, 8314, 8315) 5163.0
(5580, 5581, 5582) 3639.0
(8612, 8613, 8614) 4516.0
(173, 174, 175) 3963.0
(5886, 5887, 5888) 3618.0
(8307, 8308, 8309) 5746.0
(6774, 6775, 6776) 3905.0
(7208, 7209, 7210) 3974.0
(6588, 6589, 6590) 4892.0
(1424, 1425, 1426) 4222.0
(1094, 1095, 1096) 4309.0
(2765, 2766, 2767) 3360.0
(5342, 5343, 5344) 4066.0
(5382, 5383, 5384) 3990.0
(7360, 7361, 7362) 3685.0
(1688, 1689, 1690) 3679.0
(5739, 5740, 5741) 4826.0
(5502, 5503, 5504) 3590.0
(2898, 2899, 2900) 4291.0
(6937, 6938, 6939) 3724.0
(5577, 5578, 5579) 3916.0
(218, 219, 220) 3566.0
(1213, 1214, 1215) 4004.0
(2757, 2758, 2759) 3906.0
(7293, 7294, 7295) 3842.0
(9045, 9046, 9047) 4696.0
(755, 756, 757) 3999.0
(7249, 7250, 7251) 3925.0
(5775, 5776, 5777) 3760.0
(1202, 1203, 1204) 5077.0
(7776, 7777, 7778) 3939.0
(8278, 8279, 8280) 5055.0
(2018, 2019, 2020) 3373.0
(4125, 4126, 4127) 4087.0
(4162, 4163, 4164) 4095.0
(2032, 2033, 2034) 3320.0
(6805, 6806, 6807) 3849.0
(9479, 9480, 9481) 4281.0
(5680, 5681, 5682) 3744.0
(9117, 9118, 9119) 3642.0
(8068, 8069, 8070) 4349.0
(3632, 3633, 3634) 3775.0
(9768, 9769, 9770) 3355.0
(1784, 1785, 1786) 4123.0
(6331, 6332, 6333) 3810.0
(528, 529, 530) 4592.0
(7012, 7013, 7014) 4729.0
(7599, 7600, 7601) 3787.0
(375, 376, 377) 4063.0
(2282, 2283, 2284) 4378.0
(3456, 3457, 3458) 4230.0
(9256, 9257, 9258) 3718.0
(5186, 5187, 5188) 4640.0
(3458, 3459, 3460) 4328.0
(9402, 9403, 9404) 3975.0
(624, 625, 626) 4774.0
(6759, 6760, 6761) 4227.0
(8518, 8519, 8520) 3496.0
(76, 77, 78) 4070.0
(9282, 9283, 9284) 5298.0
(391, 392, 393) 4523.0
(7407, 7408, 7409) 3612.0
(7092, 7093, 7094) 5048.0
(9569, 9570, 9571) 3890.0
(4041, 4042, 4043) 3862.0
(3088, 3089, 3090) 4309.0
(2232, 2233, 2234) 3806.0
(9677, 9678, 9679) 5020.0
(9313, 9314, 9315) 4688.0
(1997, 1998, 1999) 4766.0
(3594, 3595, 3596) 3403.0
(2877, 2878, 2879) 3194.0
(9900, 9901, 9902) 4524.0
(692, 693, 694) 3322.0
(4757, 4758, 4759) 3694.0
(7749, 7750, 7751) 4639.0
(6001, 6002, 6003) 4373.0
(6914, 6915, 6916) 4095.0
(3917, 3918, 3919) 3736.0
(2250, 2251, 2252) 4498.0
(4530, 4531, 4532) 4291.0
(5184, 5185, 5186) 4500.0
(6355, 6356, 6357) 3570.0
(493, 494, 495) 3426.0
(8822, 8823, 8824) 3716.0
(2355, 2356, 2357) 4904.0
(703, 704, 705) 4220.0
(7633, 7634, 7635) 3796.0
(4568, 4569, 4570) 4067.0
(5300, 5301, 5302) 3349.0
(1737, 1738, 1739) 3977.0
(8857, 8858, 8859) 5058.0
(1222, 1223, 1224) 4670.0
(1304, 1305, 1306) 3798.0
(8694, 8695, 8696) 3801.0
(7778, 7779, 7780) 5247.0
(5439, 5440, 5441) 3371.0
(3722, 3723, 3724) 5125.0
(2615, 2616, 2617) 4628.0
(2419, 2420, 2421) 4177.0
(1793, 1794, 1795) 3818.0
(1983, 1984, 1985) 3878.0
(1026, 1027, 1028) 3623.0
(9759, 9760, 9761) 3243.0
(8967, 8968, 8969) 4016.0
(8921, 8922, 8923) 4438.0
(4208, 4209, 4210) 4250.0
(5645, 5646, 5647) 4694.0
(6032, 6033, 6034) 4766.0
(5765, 5766, 5767) 4080.0
(353, 354, 355) 3574.0
(5044, 5045, 5046) 3745.0
(4194, 4195, 4196) 4521.0
(5302, 5303, 5304) 5331.0
(1530, 1531, 1532) 4193.0
(9662, 9663, 9664) 4834.0
(3490, 3491, 3492) 3900.0
(6344, 6345, 6346) 3790.0
(4522, 4523, 4524) 4563.0
(1072, 1073, 1074) 4031.0
(1317, 1318, 1319) 4491.0
(3013, 3014, 3015) 4303.0
(7158, 7159, 7160) 4115.0
(1604, 1605, 1606) 4380.0
(3369, 3370, 3371) 4658.0
(6847, 6848, 6849) 4407.0
(5903, 5904, 5905) 3911.0
(2113, 2114, 2115) 3578.0
(2000, 2001, 2002) 4293.0
(4196, 4197, 4198) 4242.0
(7174, 7175, 7176) 4233.0
(7690, 7691, 7692) 3955.0
(1201, 1202, 1203) 3342.0
(9160, 9161, 9162) 4555.0
(6840, 6841, 6842) 4532.0
(8548, 8549, 8550) 4523.0
(4286, 4287, 4288) 4528.0
(8993, 8994, 8995) 3359.0
(8528, 8529, 8530) 3454.0
(9418, 9419, 9420) 5142.0
(51, 52, 53) 5292.0
(2434, 2435, 2436) 3570.0
(693, 694, 695) 3863.0
(9464, 9465, 9466) 4306.0
(9563, 9564, 9565) 5136.0
(7792, 7793, 7794) 3985.0
(8930, 8931, 8932) 3945.0
(9513, 9514, 9515) 4140.0
(336, 337, 338) 3818.0
(9501, 9502, 9503) 4817.0
(8136, 8137, 8138) 3868.0
(2642, 2643, 2644) 4149.0
(5815, 5816, 5817) 3421.0
(3660, 3661, 3662) 4076.0
(21, 22, 23) 3687.0
(4352, 4353, 4354) 4632.0
(2007, 2008, 2009) 3741.0
(364, 365, 366) 4895.0
(7724, 7725, 7726) 4647.0
(9609, 9610, 9611) 3780.0
(152, 153, 154) 4001.0
(9463, 9464, 9465) 4349.0
(2037, 2038, 2039) 4176.0
(3880, 3881, 3882) 3795.0
(8084, 8085, 8086) 3332.0
(2325, 2326, 2327) 3438.0
(3445, 3446, 3447) 3925.0
(1611, 1612, 1613) 4243.0
(3948, 3949, 3950) 4608.0
(7463, 7464, 7465) 4053.0
(3941, 3942, 3943) 5109.0
(89, 90, 91) 3700.0
(4698, 4699, 4700) 5214.0
(1026, 1027, 1028) 3623.0
(3573, 3574, 3575) 4472.0
(4995, 4996, 4997) 5374.0
(8475, 8476, 8477) 4486.0
(6468, 6469, 6470) 3347.0
(5137, 5138, 5139) 4372.0
(9571, 9572, 9573) 4280.0
(4347, 4348, 4349) 4766.0
(9623, 9624, 9625) 4520.0
(5933, 5934, 5935) 4012.0
(5826, 5827, 5828) 4809.0
(5723, 5724, 5725) 4458.0
(1474, 1475, 1476) 4506.0
(5811, 5812, 5813) 3783.0
(4505, 4506, 4507) 3658.0
(2926, 2927, 2928) 4046.0
(928, 929, 930) 4311.0
(3804, 3805, 3806) 4282.0
(9040, 9041, 9042) 4052.0
(2980, 2981, 2982) 4973.0
(1713, 1714, 1715) 3753.0
(1456, 1457, 1458) 4687.0
(5359, 5360, 5361) 4233.0
(3867, 3868, 3869) 3770.0
(3837, 3838, 3839) 4156.0
(7335, 7336, 7337) 4098.0
(1678, 1679, 1680) 3967.0
(1840, 1841, 1842) 5137.0
(812, 813, 814) 3792.0
(6439, 6440, 6441) 4534.0
(1731, 1732, 1733) 4476.0
(7458, 7459, 7460) 3896.0
(8802, 8803, 8804) 4261.0
(7436, 7437, 7438) 4217.0
(7387, 7388, 7389) 4498.0
(5929, 5930, 5931) 4534.0
(6668, 6669, 6670) 3707.0
(6535, 6536, 6537) 4092.0
(6789, 6790, 6791) 5159.0
(2217, 2218, 2219) 3483.0
(1902, 1903, 1904) 4350.0
(5948, 5949, 5950) 3634.0
(1063, 1064, 1065) 3328.0
(6336, 6337, 6338) 4166.0
(5216, 5217, 5218) 3784.0
(5772, 5773, 5774) 3340.0
(980, 981, 982) 4037.0
(7979, 7980, 7981) 4861.0
(6770, 6771, 6772) 3883.0
(8142, 8143, 8144) 4238.0
(9226, 9227, 9228) 3911.0
(3732, 3733, 3734) 4418.0
(563, 564, 565) 4653.0
(8657, 8658, 8659) 3963.0
(6943, 6944, 6945) 4425.0
(5106, 5107, 5108) 4990.0
(8677, 8678, 8679) 4930.0
(9518, 9519, 9520) 3717.0
(9767, 9768, 9769) 4617.0
(9036, 9037, 9038) 3906.0
(7618, 7619, 7620) 4199.0
(7524, 7525, 7526) 4796.0
(7766, 7767, 7768) 3723.0
(8628, 8629, 8630) 4600.0
(4818, 4819, 4820) 3730.0
(5000, 5001, 5002) 4616.0
(2826, 2827, 2828) 4471.0
(7044, 7045, 7046) 4617.0
(6022, 6023, 6024) 3827.0
(5407, 5408, 5409) 4354.0
(231, 232, 233) 4575.0
(1971, 1972, 1973) 4827.0
(301, 302, 303) 4188.0
(5721, 5722, 5723) 3823.0
(627, 628, 629) 3600.0
(6348, 6349, 6350) 4385.0
(7710, 7711, 7712) 3609.0
(1350, 1351, 1352) 5189.0
(1406, 1407, 1408) 4667.0
(1753, 1754, 1755) 4537.0
(2943, 2944, 2945) 3231.0
(3884, 3885, 3886) 3758.0
(8022, 8023, 8024) 3571.0
(7672, 7673, 7674) 3918.0
(9053, 9054, 9055) 3630.0
(2688, 2689, 2690) 3446.0
(5460, 5461, 5462) 4061.0
(4083, 4084, 4085) 4216.0
(7778, 7779, 7780) 5247.0
(3653, 3654, 3655) 3857.0
(1609, 1610, 1611) 4503.0
(3902, 3903, 3904) 5033.0
(8849, 8850, 8851) 3875.0
(1230, 1231, 1232) 4609.0
(9190, 9191, 9192) 4299.0
(8236, 8237, 8238) 3334.0
(326, 327, 328) 3917.0
(1926, 1927, 1928) 4282.0
(3283, 3284, 3285) 3870.0
(4877, 4878, 4879) 3722.0
(6467, 6468, 6469) 4632.0
(5950, 5951, 5952) 4361.0
(3888, 3889, 3890) 3757.0
(1318, 1319, 1320) 4195.0
(9605, 9606, 9607) 3520.0
(9691, 9692, 9693) 3706.0
(9717, 9718, 9719) 3807.0
(4300, 4301, 4302) 3734.0
(1608, 1609, 1610) 3676.0
(847, 848, 849) 3662.0
(636, 637, 638) 4239.0
(7940, 7941, 7942) 4112.0
(9300, 9301, 9302) 3537.0
(9320, 9321, 9322) 3646.0
(459, 460, 461) 3711.0
(6393, 6394, 6395) 4465.0
(8613, 8614, 8615) 3547.0
(6664, 6665, 6666) 4947.0
(8023, 8024, 8025) 4567.0
(2753, 2754, 2755) 3999.0
(943, 944, 945) 4611.0
(1791, 1792, 1793) 3580.0
(8052, 8053, 8054) 4002.0
(924, 925, 926) 4162.0
(1288, 1289, 1290) 4337.0
(2100, 2101, 2102) 4172.0
(7338, 7339, 7340) 4616.0
(7045, 7046, 7047) 3958.0
(3586, 3587, 3588) 3530.0
(4352, 4353, 4354) 4632.0
(7089, 7090, 7091) 3464.0
(4358, 4359, 4360) 3244.0
(3280, 3281, 3282) 3555.0
(5963, 5964, 5965) 3676.0
(9168, 9169, 9170) 4091.0
(6034, 6035, 6036) 4153.0
(4641, 4642, 4643) 4094.0
(4472, 4473, 4474) 4999.0
(5612, 5613, 5614) 4057.0
(3477, 3478, 3479) 3919.0
(3213, 3214, 3215) 3772.0
(320, 321, 322) 3972.0
(8248, 8249, 8250) 4900.0
(7023, 7024, 7025) 3508.0
(9789, 9790, 9791) 4189.0
(2965, 2966, 2967) 3245.0
(2336, 2337, 2338) 4494.0
(4288, 4289, 4290) 3263.0
(9349, 9350, 9351) 4475.0
(1519, 1520, 1521) 3467.0
(3388, 3389, 3390) 4180.0
(238, 239, 240) 4311.0
(6083, 6084, 6085) 4482.0
(5689, 5690, 5691) 4130.0
(5801, 5802, 5803) 4718.0
(9837, 9838, 9839) 3981.0
(1699, 1700, 1701) 3788.0
(2492, 2493, 2494) 3880.0
(9308, 9309, 9310) 3990.0
(7871, 7872, 7873) 4150.0
(6749, 6750, 6751) 4503.0
(6097, 6098, 6099) 4241.0
(5774, 5775, 5776) 4865.0
(4369, 4370, 4371) 3778.0
(7986, 7987, 7988) 3563.0
(108, 109, 110) 3623.0
(4262, 4263, 4264) 4572.0
(6891, 6892, 6893) 3984.0
(7269, 7270, 7271) 4089.0
(2298, 2299, 2300) 4413.0
(3720, 3721, 3722) 4913.0
(4913, 4914, 4915) 3425.0
(2914, 2915, 2916) 4940.0
(5680, 5681, 5682) 3744.0
(9327, 9328, 9329) 3863.0
(744, 745, 746) 4282.0
(1022, 1023, 1024) 3587.0
(3275, 3276, 3277) 3623.0
(1226, 1227, 1228) 4773.0
(683, 684, 685) 4566.0
(1406, 1407, 1408) 4667.0
(4920, 4921, 4922) 4869.0
(8711, 8712, 8713) 3220.0
(4396, 4397, 4398) 4551.0
(9529, 9530, 9531) 4430.0
(9927, 9928, 9929) 4598.0
(5049, 5050, 5051) 4083.0
(9204, 9205, 9206) 4410.0
(8622, 8623, 8624) 4055.0
(8576, 8577, 8578) 5905.0
(9382, 9383, 9384) 4279.0
(4485, 4486, 4487) 4049.0
(3510, 3511, 3512) 4299.0
(3033, 3034, 3035) 3759.0
(7327, 7328, 7329) 5435.0
(3909, 3910, 3911) 3870.0
(1287, 1288, 1289) 4271.0
(5012, 5013, 5014) 4381.0
(4516, 4517, 4518) 4292.0
(9754, 9755, 9756) 4220.0
(1535, 1536, 1537) 4302.0
(1184, 1185, 1186) 4971.0
(3442, 3443, 3444) 4429.0
(8231, 8232, 8233) 4217.0
(4569, 4570, 4571) 3943.0
(6084, 6085, 6086) 4276.0
(3568, 3569, 3570) 4215.0
(6369, 6370, 6371) 4356.0
(1728, 1729, 1730) 4244.0
(7828, 7829, 7830) 4098.0
(4430, 4431, 4432) 4541.0
(9959, 9960, 9961) 4315.0
(8527, 8528, 8529) 4194.0
(3956, 3957, 3958) 4279.0
(8880, 8881, 8882) 5009.0
(3398, 3399, 3400) 4553.0
(7264, 7265, 7266) 4338.0
(7596, 7597, 7598) 4648.0
(6765, 6766, 6767) 3678.0
(699, 700, 701) 5086.0
(9549, 9550, 9551) 3806.0
(8335, 8336, 8337) 6425.0
(8972, 8973, 8974) 3568.0
(9077, 9078, 9079) 3826.0
(7397, 7398, 7399) 4152.0
(6670, 6671, 6672) 3389.0
(429, 430, 431) 3944.0
(2327, 2328, 2329) 4450.0
(9237, 9238, 9239) 5261.0
(7489, 7490, 7491) 4216.0
(5923, 5924, 5925) 3929.0
(6728, 6729, 6730) 3573.0
(9736, 9737, 9738) 3444.0
(7965, 7966, 7967) 3744.0
(1476, 1477, 1478) 5048.0
(1303, 1304, 1305) 3968.0
(1576, 1577, 1578) 3320.0
(2608, 2609, 2610) 3910.0
(5238, 5239, 5240) 3416.0
(2080, 2081, 2082) 3719.0
(6018, 6019, 6020) 6121.0
(4132, 4133, 4134) 4706.0
(5163, 5164, 5165) 4146.0
(5326, 5327, 5328) 3277.0
(9761, 9762, 9763) 4127.0
(1829, 1830, 1831) 5092.0
(9766, 9767, 9768) 3870.0
(523, 524, 525) 4948.0
(2048, 2049, 2050) 3590.0
(7338, 7339, 7340) 4616.0
(2256, 2257, 2258) 5830.0
(5801, 5802, 5803) 4718.0
(1410, 1411, 1412) 4174.0
(1681, 1682, 1683) 4001.0
(9990, 9991, 9992) 4627.0
(4648, 4649, 4650) 4607.0
(4448, 4449, 4450) 4172.0
(312, 313, 314) 5158.0
(8752, 8753, 8754) 3302.0
(6297, 6298, 6299) 4358.0
(2006, 2007, 2008) 4156.0
(6220, 6221, 6222) 4460.0
(9536, 9537, 9538) 3881.0
(3404, 3405, 3406) 4636.0
(8542, 8543, 8544) 4007.0
(2631, 2632, 2633) 6081.0
(6102, 6103, 6104) 4981.0
(8821, 8822, 8823) 3554.0
(3048, 3049, 3050) 3511.0
