(9273, 9274, 9275) 310.0
(8053, 8054, 8055) 404.0
(945, 946, 947) 430.0
(6391, 6392, 6393) 297.0
(4772, 4773, 4774) 271.0
(707, 708, 709) 457.0
(5982, 5983, 5984) 393.0
(4796, 4797, 4798) 411.0
(8527, 8528, 8529) 331.0
(9164, 9165, 9166) 334.0
(9873, 9874, 9875) 399.0
(3677, 3678, 3679) 642.0
(3081, 3082, 3083) 383.0
(7284, 7285, 7286) 523.0
(4249, 4250, 4251) 410.0
(9085, 9086, 9087) 249.0
(7039, 7040, 7041) 272.0
(3459, 3460, 3461) 290.0
(9269, 9270, 9271) 399.0
(5381, 5382, 5383) 390.0
(2692, 2693, 2694) 270.0
(1926, 1927, 1928) 331.0
(4698, 4699, 4700) 326.0
(5388, 5389, 5390) 431.0
(8763, 8764, 8765) 411.0
(3849, 3850, 3851) 347.0
(7181, 7182, 7183) 268.0
(8218, 8219, 8220) 260.0
(4688, 4689, 4690) 351.0
(9580, 9581, 9582) 368.0
(2408, 2409, 2410) 287.0
(3768, 3769, 3770) 416.0
(6475, 6476, 6477) 245.0
(9083, 9084, 9085) 245.0
(2394, 2395, 2396) 335.0
(8385, 8386, 8387) 252.0
(9576, 9577, 9578) 395.0
(4947, 4948, 4949) 494.0
(1010, 1011, 1012) 315.0
(4953, 4954, 4955) 277.0
(7968, 7969, 7970) 297.0
(303, 304, 305) 346.0
(7227, 7228, 7229) 188.0
(1056, 1057, 1058) 311.0
(8513, 8514, 8515) 408.0
(3380, 3381, 3382) 254.0
(3811, 3812, 3813) 317.0
(650, 651, 652) 228.0
(5885, 5886, 5887) 391.0
(4515, 4516, 4517) 238.0
(3787, 3788, 3789) 467.0
(5501, 5502, 5503) 364.0
(7438, 7439, 7440) 337.0
(4094, 4095, 4096) 335.0
(2504, 2505, 2506) 343.0
(1686, 1687, 1688) 373.0
(5688, 5689, 5690) 521.0
(1752, 1753, 1754) 524.0
(4672, 4673, 4674) 192.0
(6604, 6605, 6606) 273.0
(8818, 8819, 8820) 335.0
(1659, 1660, 1661) 263.0
(700, 701, 702) 321.0
(4472, 4473, 4474) 385.0
(104, 105, 106) 527.0
(8308, 8309, 8310) 333.0
(3280, 3281, 3282) 424.0
(2710, 2711, 2712) 375.0
(1699, 1700, 1701) 313.0
(7155, 7156, 7157) 432.0
(7451, 7452, 7453) 182.0
(2173, 2174, 2175) 259.0
(2603, 2604, 2605) 303.0
(9939, 9940, 9941) 377.0
(6476, 6477, 6478) 481.0
(2000, 2001, 2002) 402.0
(241, 242, 243) 389.0
(979, 980, 981) 376.0
(5010, 5011, 5012) 267.0
(2123, 2124, 2125) 355.0
(6009, 6010, 6011) 419.0
(7481, 7482, 7483) 256.0
(9260, 9261, 9262) 554.0
(8063, 8064, 8065) 229.0
(4044, 4045, 4046) 390.0
(632, 633, 634) 328.0
(4378, 4379, 4380) 313.0
(7471, 7472, 7473) 294.0
(4228, 4229, 4230) 336.0
(5849, 5850, 5851) 195.0
(7160, 7161, 7162) 333.0
(7405, 7406, 7407) 369.0
(423, 424, 425) 279.0
(7661, 7662, 7663) 258.0
(7312, 7313, 7314) 324.0
(4110, 4111, 4112) 363.0
(7800, 7801, 7802) 354.0
(3925, 3926, 3927) 461.0
(1838, 1839, 1840) 402.0
(6048, 6049, 6050) 323.0
(8922, 8923, 8924) 537.0
(24, 25, 26) 358.0
(2758, 2759, 2760) 558.0
(5928, 5929, 5930) 291.0
(936, 937, 938) 410.0
(6730, 6731, 6732) 528.0
(8206, 8207, 8208) 307.0
(6932, 6933, 6934) 228.0
(9078, 9079, 9080) 333.0
(1093, 1094, 1095) 277.0
(6372, 6373, 6374) 478.0
(744, 745, 746) 481.0
(6118, 6119, 6120) 274.0
(3026, 3027, 3028) 440.0
(2632, 2633, 2634) 312.0
(6333, 6334, 6335) 392.0
(8662, 8663, 8664) 441.0
(4251, 4252, 4253) 438.0
(6729, 6730, 6731) 406.0
(4045, 4046, 4047) 473.0
(240, 241, 242) 378.0
(4269, 4270, 4271) 264.0
(5940, 5941, 5942) 327.0
(8554, 8555, 8556) 330.0
(3039, 3040, 3041) 342.0
(4440, 4441, 4442) 328.0
(8154, 8155, 8156) 445.0
(3620, 3621, 3622) 472.0
(6594, 6595, 6596) 402.0
(8592, 8593, 8594) 311.0
(7755, 7756, 7757) 335.0
(5849, 5850, 5851) 195.0
(5204, 5205, 5206) 451.0
(3182, 3183, 3184) 363.0
(1132, 1133, 1134) 222.0
(8540, 8541, 8542) 281.0
(5017, 5018, 5019) 300.0
(2714, 2715, 2716) 214.0
(6527, 6528, 6529) 291.0
(4366, 4367, 4368) 413.0
(9377, 9378, 9379) 335.0
(1645, 1646, 1647) 295.0
(2702, 2703, 2704) 294.0
(8500, 8501, 8502) 208.0
(4158, 4159, 4160) 270.0
(6704, 6705, 6706) 450.0
(7310, 7311, 7312) 551.0
(4945, 4946, 4947) 368.0
(3190, 3191, 3192) 597.0
(9313, 9314, 9315) 480.0
(6222, 6223, 6224) 301.0
(340, 341, 342) 278.0
(401, 402, 403) 307.0
(5144, 5145, 5146) 277.0
(1145, 1146, 1147) 250.0
(8224, 8225, 8226) 351.0
(4186, 4187, 4188) 514.0
(5558, 5559, 5560) 519.0
(8814, 8815, 8816) 357.0
(541, 542, 543) 280.0
(842, 843, 844) 391.0
(9751, 9752, 9753) 401.0
(5908, 5909, 5910) 420.0
(4368, 4369, 4370) 370.0
(3742, 3743, 3744) 372.0
(3019, 3020, 3021) 367.0
(4429, 4430, 4431) 315.0
(5994, 5995, 5996) 444.0
(6542, 6543, 6544) 536.0
(3807, 3808, 3809) 311.0
(8092, 8093, 8094) 555.0
(6558, 6559, 6560) 288.0
(4886, 4887, 4888) 599.0
(7306, 7307, 7308) 300.0
(6244, 6245, 6246) 516.0
(1657, 1658, 1659) 469.0
(6260, 6261, 6262) 436.0
(9298, 9299, 9300) 588.0
(4081, 4082, 4083) 547.0
(1302, 1303, 1304) 264.0
(9924, 9925, 9926) 278.0
(3865, 3866, 3867) 354.0
(694, 695, 696) 320.0
(7533, 7534, 7535) 373.0
(4465, 4466, 4467) 429.0
(5348, 5349, 5350) 384.0
(705, 706, 707) 475.0
(2581, 2582, 2583) 241.0
(3305, 3306, 3307) 442.0
(2624, 2625, 2626) 391.0
(1919, 1920, 1921) 421.0
(8441, 8442, 8443) 443.0
(5883, 5884, 5885) 283.0
(8051, 8052, 8053) 424.0
(3681, 3682, 3683) 295.0
(1559, 1560, 1561) 322.0
(1088, 1089, 1090) 323.0
(7433, 7434, 7435) 299.0
(8628, 8629, 8630) 452.0
(307, 308, 309) 420.0
(4548, 4549, 4550) 296.0
(6487, 6488, 6489) 342.0
(4352, 4353, 4354) 406.0
(2426, 2427, 2428) 340.0
(3281, 3282, 3283) 364.0
(7120, 7121, 7122) 283.0
(5270, 5271, 5272) 413.0
(1766, 1767, 1768) 283.0
(88, 89, 90) 226.0
(9697, 9698, 9699) 321.0
(4915, 4916, 4917) 404.0
(8594, 8595, 8596) 568.0
(7303, 7304, 7305) 293.0
(9511, 9512, 9513) 260.0
(4372, 4373, 4374) 381.0
(4850, 4851, 4852) 338.0
(5973, 5974, 5975) 285.0
(1346, 1347, 1348) 394.0
(9108, 9109, 9110) 348.0
(766, 767, 768) 400.0
(1308, 1309, 1310) 301.0
(1339, 1340, 1341) 420.0
(5956, 5957, 5958) 432.0
(105, 106, 107) 321.0
(2420, 2421, 2422) 335.0
(3606, 3607, 3608) 360.0
(77, 78, 79) 448.0
(3645, 3646, 3647) 339.0
(3016, 3017, 3018) 482.0
(1317, 1318, 1319) 338.0
(8612, 8613, 8614) 555.0
(3046, 3047, 3048) 589.0
(7314, 7315, 7316) 557.0
(327, 328, 329) 435.0
(993, 994, 995) 384.0
(3083, 3084, 3085) 386.0
(9054, 9055, 9056) 262.0
(1873, 1874, 1875) 264.0
(7641, 7642, 7643) 390.0
(7913, 7914, 7915) 290.0
(4000, 4001, 4002) 405.0
(104, 105, 106) 527.0
(8674, 8675, 8676) 373.0
(9914, 9915, 9916) 425.0
(9456, 9457, 9458) 474.0
(4435, 4436, 4437) 256.0
(4421, 4422, 4423) 433.0
(8964, 8965, 8966) 267.0
(4684, 4685, 4686) 361.0
(4768, 4769, 4770) 493.0
(4811, 4812, 4813) 400.0
(6033, 6034, 6035) 310.0
(8626, 8627, 8628) 472.0
(8241, 8242, 8243) 330.0
(6348, 6349, 6350) 294.0
(6007, 6008, 6009) 322.0
(5193, 5194, 5195) 366.0
(8350, 8351, 8352) 512.0
(2968, 2969, 2970) 436.0
(1230, 1231, 1232) 308.0
(1230, 1231, 1232) 308.0
(4342, 4343, 4344) 308.0
(6935, 6936, 6937) 394.0
(5015, 5016, 5017) 497.0
(8240, 8241, 8242) 301.0
(4140, 4141, 4142) 486.0
(2637, 2638, 2639) 312.0
(9761, 9762, 9763) 251.0
(1013, 1014, 1015) 252.0
(6087, 6088, 6089) 281.0
(7408, 7409, 7410) 506.0
(9542, 9543, 9544) 385.0
(4553, 4554, 4555) 487.0
(3282, 3283, 3284) 575.0
(6461, 6462, 6463) 365.0
(9144, 9145, 9146) 319.0
(9476, 9477, 9478) 336.0
(4075, 4076, 4077) 381.0
(8207, 8208, 8209) 407.0
(3399, 3400, 3401) 281.0
(9600, 9601, 9602) 413.0
(6636, 6637, 6638) 322.0
(4512, 4513, 4514) 412.0
(2248, 2249, 2250) 321.0
(4039, 4040, 4041) 315.0
(7728, 7729, 7730) 363.0
(4097, 4098, 4099) 390.0
(8144, 8145, 8146) 351.0
(1064, 1065, 1066) 382.0
(85, 86, 87) 280.0
(5647, 5648, 5649) 272.0
(6067, 6068, 6069) 429.0
(715, 716, 717) 355.0
(2542, 2543, 2544) 310.0
(8048, 8049, 8050) 577.0
(9585, 9586, 9587) 333.0
(9202, 9203, 9204) 552.0
(7951, 7952, 7953) 407.0
(8167, 8168, 8169) 291.0
(7297, 7298, 7299) 417.0
(2651, 2652, 2653) 315.0
