(1228, 1229, 1230) 4519.0
(8280, 8281, 8282) 4007.0
(4269, 4270, 4271) 4450.0
(8152, 8153, 8154) 4911.0
(8663, 8664, 8665) 3736.0
(6925, 6926, 6927) 3765.0
(7087, 7088, 7089) 3922.0
(8107, 8108, 8109) 4429.0
(5775, 5776, 5777) 4066.0
(7040, 7041, 7042) 4995.0
(44, 45, 46) 4115.0
(2572, 2573, 2574) 4444.0
(5135, 5136, 5137) 5283.0
(2509, 2510, 2511) 3666.0
(9936, 9937, 9938) 3571.0
(4756, 4757, 4758) 4090.0
(7216, 7217, 7218) 5439.0
(3260, 3261, 3262) 4410.0
(1986, 1987, 1988) 4351.0
(5916, 5917, 5918) 4781.0
(1543, 1544, 1545) 3996.0
(613, 614, 615) 3895.0
(7710, 7711, 7712) 3864.0
(6108, 6109, 6110) 3834.0
(4628, 4629, 4630) 4747.0
(4501, 4502, 4503) 4096.0
(5689, 5690, 5691) 4286.0
(60, 61, 62) 3503.0
(3852, 3853, 3854) 3946.0
(764, 765, 766) 4166.0
(5707, 5708, 5709) 4282.0
(5870, 5871, 5872) 4293.0
(732, 733, 734) 4897.0
(4115, 4116, 4117) 3300.0
(9444, 9445, 9446) 4248.0
(7987, 7988, 7989) 4039.0
(3365, 3366, 3367) 4101.0
(2892, 2893, 2894) 4590.0
(7105, 7106, 7107) 4506.0
(6286, 6287, 6288) 4732.0
(6024, 6025, 6026) 4519.0
(3644, 3645, 3646) 4566.0
(9474, 9475, 9476) 4079.0
(2735, 2736, 2737) 4508.0
(8971, 8972, 8973) 4342.0
(841, 842, 843) 3256.0
(2549, 2550, 2551) 4003.0
(6802, 6803, 6804) 5438.0
(7998, 7999, 8000) 4114.0
(7144, 7145, 7146) 4141.0
(4187, 4188, 4189) 3963.0
(5830, 5831, 5832) 4342.0
(3666, 3667, 3668) 4446.0
(4800, 4801, 4802) 4169.0
(9388, 9389, 9390) 4309.0
(3700, 3701, 3702) 4089.0
(9691, 9692, 9693) 3685.0
(580, 581, 582) 3982.0
(1031, 1032, 1033) 5355.0
(2259, 2260, 2261) 4010.0
(5252, 5253, 5254) 4653.0
(4371, 4372, 4373) 3620.0
(6836, 6837, 6838) 4222.0
(6201, 6202, 6203) 4710.0
(857, 858, 859) 4364.0
(2366, 2367, 2368) 3477.0
(6806, 6807, 6808) 4033.0
(6142, 6143, 6144) 3422.0
(193, 194, 195) 3785.0
(7450, 7451, 7452) 5497.0
(4753, 4754, 4755) 3989.0
(3360, 3361, 3362) 4539.0
(4947, 4948, 4949) 5039.0
(6989, 6990, 6991) 4301.0
(5675, 5676, 5677) 4358.0
(4872, 4873, 4874) 5711.0
(8340, 8341, 8342) 4390.0
(5430, 5431, 5432) 4469.0
(8328, 8329, 8330) 4911.0
(4889, 4890, 4891) 4595.0
(1155, 1156, 1157) 4026.0
(1163, 1164, 1165) 4460.0
(4662, 4663, 4664) 4183.0
(6987, 6988, 6989) 4123.0
(3176, 3177, 3178) 4638.0
(8296, 8297, 8298) 3636.0
(851, 852, 853) 4017.0
(5412, 5413, 5414) 4657.0
(2095, 2096, 2097) 4649.0
(9611, 9612, 9613) 4183.0
(5994, 5995, 5996) 5470.0
(2026, 2027, 2028) 4348.0
(7949, 7950, 7951) 4766.0
(8853, 8854, 8855) 4885.0
(5229, 5230, 5231) 4374.0
(2736, 2737, 2738) 3519.0
(3201, 3202, 3203) 3939.0
(8980, 8981, 8982) 4110.0
(8586, 8587, 8588) 3890.0
(2755, 2756, 2757) 4082.0
(5812, 5813, 5814) 4026.0
(8004, 8005, 8006) 4283.0
(2417, 2418, 2419) 4683.0
(5899, 5900, 5901) 4101.0
(9013, 9014, 9015) 4747.0
(4097, 4098, 4099) 4304.0
(1053, 1054, 1055) 5098.0
(4051, 4052, 4053) 4267.0
(6923, 6924, 6925) 3855.0
(5300, 5301, 5302) 3627.0
(8074, 8075, 8076) 3625.0
(8264, 8265, 8266) 4002.0
(6139, 6140, 6141) 4671.0
(6105, 6106, 6107) 4127.0
(3904, 3905, 3906) 3680.0
(3682, 3683, 3684) 5232.0
(9974, 9975, 9976) 4587.0
(913, 914, 915) 4097.0
(7950, 7951, 7952) 4458.0
(6311, 6312, 6313) 4208.0
(7375, 7376, 7377) 3891.0
(1882, 1883, 1884) 4771.0
(6256, 6257, 6258) 4633.0
(8157, 8158, 8159) 3906.0
(1827, 1828, 1829) 3891.0
(5332, 5333, 5334) 4278.0
(1619, 1620, 1621) 4344.0
(5336, 5337, 5338) 5231.0
(5301, 5302, 5303) 4163.0
(6989, 6990, 6991) 4301.0
(9780, 9781, 9782) 5760.0
(2235, 2236, 2237) 4578.0
(4314, 4315, 4316) 3715.0
(1354, 1355, 1356) 4000.0
(7330, 7331, 7332) 4824.0
(4547, 4548, 4549) 4469.0
(7412, 7413, 7414) 4378.0
(3741, 3742, 3743) 4524.0
(2213, 2214, 2215) 4353.0
(2566, 2567, 2568) 3867.0
(9493, 9494, 9495) 4100.0
(7288, 7289, 7290) 5476.0
(1561, 1562, 1563) 4927.0
(2504, 2505, 2506) 4120.0
(2067, 2068, 2069) 5004.0
(3804, 3805, 3806) 4291.0
(8937, 8938, 8939) 5364.0
(289, 290, 291) 3683.0
(2444, 2445, 2446) 5741.0
(8582, 8583, 8584) 4577.0
(1433, 1434, 1435) 4417.0
(8764, 8765, 8766) 4959.0
(4828, 4829, 4830) 4216.0
(4828, 4829, 4830) 4216.0
(6290, 6291, 6292) 4716.0
(1338, 1339, 1340) 4431.0
(878, 879, 880) 4173.0
(3033, 3034, 3035) 3975.0
(6348, 6349, 6350) 4488.0
(9072, 9073, 9074) 4812.0
(7354, 7355, 7356) 3938.0
(6566, 6567, 6568) 4492.0
(997, 998, 999) 4006.0
(7879, 7880, 7881) 4008.0
(3266, 3267, 3268) 4816.0
(8039, 8040, 8041) 3493.0
(6106, 6107, 6108) 4727.0
(1985, 1986, 1987) 5029.0
(6150, 6151, 6152) 4870.0
(2792, 2793, 2794) 3556.0
(3169, 3170, 3171) 4337.0
(8218, 8219, 8220) 3933.0
(1450, 1451, 1452) 4058.0
(6094, 6095, 6096) 4390.0
(9737, 9738, 9739) 3830.0
(3200, 3201, 3202) 4287.0
(8602, 8603, 8604) 3755.0
(7254, 7255, 7256) 3491.0
(4727, 4728, 4729) 4058.0
(637, 638, 639) 4317.0
(583, 584, 585) 4461.0
(2924, 2925, 2926) 3747.0
(1156, 1157, 1158) 4033.0
(8853, 8854, 8855) 4885.0
(2834, 2835, 2836) 4398.0
(7151, 7152, 7153) 4141.0
(9879, 9880, 9881) 4730.0
(7205, 7206, 7207) 5101.0
(860, 861, 862) 3781.0
(7497, 7498, 7499) 3553.0
(2435, 2436, 2437) 4920.0
(2123, 2124, 2125) 4560.0
(5754, 5755, 5756) 3546.0
(8132, 8133, 8134) 4079.0
(5551, 5552, 5553) 4062.0
(7598, 7599, 7600) 4730.0
(1366, 1367, 1368) 5418.0
(9622, 9623, 9624) 3994.0
(9614, 9615, 9616) 4538.0
(8725, 8726, 8727) 3962.0
(9255, 9256, 9257) 3757.0
