(3867, 3868, 3869) 4128.0
(7283, 7284, 7285) 4849.0
(2906, 2907, 2908) 4715.0
(8882, 8883, 8884) 4260.0
(3710, 3711, 3712) 5326.0
(2518, 2519, 2520) 5036.0
(8529, 8530, 8531) 3563.0
(9335, 9336, 9337) 4802.0
(1803, 1804, 1805) 4839.0
(2882, 2883, 2884) 4047.0
(5668, 5669, 5670) 3910.0
(1054, 1055, 1056) 3710.0
(9262, 9263, 9264) 4466.0
(5611, 5612, 5613) 5597.0
(409, 410, 411) 4819.0
(7362, 7363, 7364) 3863.0
(9810, 9811, 9812) 4584.0
(3381, 3382, 3383) 4136.0
(3750, 3751, 3752) 4327.0
(1149, 1150, 1151) 4571.0
(3186, 3187, 3188) 5556.0
(427, 428, 429) 3423.0
(4439, 4440, 4441) 4318.0
(9976, 9977, 9978) 4608.0
(388, 389, 390) 4018.0
(5258, 5259, 5260) 4482.0
(5560, 5561, 5562) 3691.0
(8784, 8785, 8786) 3678.0
(485, 486, 487) 4452.0
(6209, 6210, 6211) 4832.0
(4937, 4938, 4939) 4326.0
(7367, 7368, 7369) 4710.0
(8537, 8538, 8539) 3906.0
(5626, 5627, 5628) 7061.0
(9634, 9635, 9636) 4540.0
(5300, 5301, 5302) 3830.0
(7142, 7143, 7144) 4550.0
(2759, 2760, 2761) 3503.0
(4989, 4990, 4991) 4388.0
(5580, 5581, 5582) 4060.0
(3763, 3764, 3765) 4181.0
(8847, 8848, 8849) 4067.0
(872, 873, 874) 4125.0
(8881, 8882, 8883) 3706.0
(9321, 9322, 9323) 4020.0
(5666, 5667, 5668) 4460.0
(4483, 4484, 4485) 4940.0
(4702, 4703, 4704) 3997.0
(1889, 1890, 1891) 5928.0
(7579, 7580, 7581) 4593.0
(5581, 5582, 5583) 3779.0
(337, 338, 339) 4525.0
(6528, 6529, 6530) 4419.0
(4284, 4285, 4286) 4835.0
(9990, 9991, 9992) 4859.0
(8335, 8336, 8337) 6622.0
(2384, 2385, 2386) 3807.0
(4286, 4287, 4288) 4983.0
(2369, 2370, 2371) 4921.0
(1440, 1441, 1442) 5328.0
(6088, 6089, 6090) 4563.0
(4866, 4867, 4868) 4442.0
(4776, 4777, 4778) 5514.0
(6268, 6269, 6270) 4754.0
(1540, 1541, 1542) 3952.0
(2167, 2168, 2169) 4857.0
(1865, 1866, 1867) 4233.0
(5279, 5280, 5281) 4139.0
(4631, 4632, 4633) 4166.0
(5107, 5108, 5109) 4577.0
(8962, 8963, 8964) 4271.0
(4012, 4013, 4014) 4019.0
(5467, 5468, 5469) 4205.0
(5876, 5877, 5878) 4108.0
(291, 292, 293) 4212.0
(7846, 7847, 7848) 4331.0
(9818, 9819, 9820) 5139.0
(6252, 6253, 6254) 3838.0
(4708, 4709, 4710) 4097.0
(3459, 3460, 3461) 3952.0
(1221, 1222, 1223) 5098.0
(8289, 8290, 8291) 4389.0
(4211, 4212, 4213) 3746.0
(5099, 5100, 5101) 4068.0
(9033, 9034, 9035) 5077.0
(8080, 8081, 8082) 4516.0
(8338, 8339, 8340) 4261.0
(4830, 4831, 4832) 3770.0
(2268, 2269, 2270) 4407.0
(5864, 5865, 5866) 4672.0
(7826, 7827, 7828) 5863.0
(2739, 2740, 2741) 4288.0
(450, 451, 452) 4810.0
(1507, 1508, 1509) 4050.0
(6107, 6108, 6109) 4504.0
(5312, 5313, 5314) 4883.0
(4688, 4689, 4690) 4479.0
(9947, 9948, 9949) 4397.0
(7522, 7523, 7524) 4245.0
(7069, 7070, 7071) 3908.0
(4973, 4974, 4975) 4879.0
(7642, 7643, 7644) 4109.0
(9457, 9458, 9459) 6110.0
(4224, 4225, 4226) 4275.0
(4626, 4627, 4628) 4834.0
(4960, 4961, 4962) 4225.0
(4970, 4971, 4972) 5175.0
(2336, 2337, 2338) 4720.0
(4159, 4160, 4161) 4211.0
(153, 154, 155) 5163.0
(804, 805, 806) 4001.0
(9961, 9962, 9963) 5298.0
(7816, 7817, 7818) 4809.0
(7617, 7618, 7619) 4003.0
(1414, 1415, 1416) 4136.0
(4381, 4382, 4383) 4380.0
(2483, 2484, 2485) 5101.0
(1623, 1624, 1625) 4434.0
(1923, 1924, 1925) 3662.0
(7345, 7346, 7347) 4758.0
(1189, 1190, 1191) 4669.0
(7300, 7301, 7302) 5362.0
(2807, 2808, 2809) 4329.0
(3977, 3978, 3979) 4555.0
(2309, 2310, 2311) 3449.0
(2386, 2387, 2388) 3967.0
(861, 862, 863) 4103.0
(5651, 5652, 5653) 5259.0
(8931, 8932, 8933) 4428.0
(4007, 4008, 4009) 3449.0
(8444, 8445, 8446) 4676.0
(17, 18, 19) 5412.0
(3359, 3360, 3361) 4196.0
(2573, 2574, 2575) 4030.0
(7961, 7962, 7963) 4848.0
(7360, 7361, 7362) 3953.0
(6627, 6628, 6629) 4701.0
(5341, 5342, 5343) 4308.0
(7443, 7444, 7445) 4342.0
(5323, 5324, 5325) 4111.0
(7623, 7624, 7625) 4384.0
(1443, 1444, 1445) 4121.0
(7113, 7114, 7115) 3976.0
(6892, 6893, 6894) 4223.0
(7560, 7561, 7562) 4357.0
(8220, 8221, 8222) 5212.0
(5429, 5430, 5431) 4352.0
(9582, 9583, 9584) 4149.0
(6428, 6429, 6430) 3682.0
(9411, 9412, 9413) 4606.0
(8277, 8278, 8279) 6034.0
(2780, 2781, 2782) 4484.0
(6847, 6848, 6849) 4621.0
(8118, 8119, 8120) 3813.0
(4412, 4413, 4414) 5964.0
(8628, 8629, 8630) 4838.0
(1008, 1009, 1010) 5089.0
(5464, 5465, 5466) 3746.0
(5415, 5416, 5417) 4559.0
(8640, 8641, 8642) 5256.0
(649, 650, 651) 4845.0
(6148, 6149, 6150) 4539.0
(7909, 7910, 7911) 4510.0
(6430, 6431, 6432) 3770.0
(1086, 1087, 1088) 3842.0
(3833, 3834, 3835) 5046.0
(7518, 7519, 7520) 4939.0
(6318, 6319, 6320) 4260.0
(6913, 6914, 6915) 4215.0
(4334, 4335, 4336) 4625.0
(7213, 7214, 7215) 4409.0
(9170, 9171, 9172) 4809.0
(4157, 4158, 4159) 3975.0
(2870, 2871, 2872) 4306.0
(5444, 5445, 5446) 5254.0
(5472, 5473, 5474) 3750.0
(8574, 8575, 8576) 4369.0
(3547, 3548, 3549) 4802.0
(3415, 3416, 3417) 5481.0
(6468, 6469, 6470) 3497.0
(361, 362, 363) 5575.0
(9878, 9879, 9880) 5286.0
(9928, 9929, 9930) 4031.0
(3728, 3729, 3730) 4970.0
(7482, 7483, 7484) 4273.0
(3195, 3196, 3197) 4680.0
(6017, 6018, 6019) 4098.0
(4596, 4597, 4598) 4562.0
(9122, 9123, 9124) 4690.0
(3609, 3610, 3611) 4117.0
(155, 156, 157) 4665.0
(5171, 5172, 5173) 4287.0
(5064, 5065, 5066) 5551.0
(2518, 2519, 2520) 5036.0
(6839, 6840, 6841) 4666.0
(1397, 1398, 1399) 4112.0
(3337, 3338, 3339) 4314.0
(1532, 1533, 1534) 4040.0
(2795, 2796, 2797) 4040.0
(1277, 1278, 1279) 3891.0
(4806, 4807, 4808) 5057.0
