(328, 329, 330) 4149.0
(9477, 9478, 9479) 4406.0
(2056, 2057, 2058) 5186.0
(6228, 6229, 6230) 4427.0
(7336, 7337, 7338) 4289.0
(6907, 6908, 6909) 4500.0
(6440, 6441, 6442) 5615.0
(2764, 2765, 2766) 3994.0
(2670, 2671, 2672) 4487.0
(6324, 6325, 6326) 5209.0
(7671, 7672, 7673) 4716.0
(3052, 3053, 3054) 4765.0
(3773, 3774, 3775) 5050.0
(1142, 1143, 1144) 4851.0
(3771, 3772, 3773) 4186.0
(6035, 6036, 6037) 4958.0
(7357, 7358, 7359) 4958.0
(5476, 5477, 5478) 4744.0
(2351, 2352, 2353) 3537.0
(601, 602, 603) 4549.0
(7938, 7939, 7940) 4073.0
(5254, 5255, 5256) 4051.0
(5526, 5527, 5528) 4453.0
(7930, 7931, 7932) 4633.0
(4205, 4206, 4207) 5689.0
(6000, 6001, 6002) 4589.0
(8565, 8566, 8567) 4404.0
(455, 456, 457) 5053.0
(2165, 2166, 2167) 4153.0
(8841, 8842, 8843) 4201.0
(996, 997, 998) 4495.0
(5652, 5653, 5654) 4675.0
(2639, 2640, 2641) 4722.0
(6320, 6321, 6322) 4233.0
(6020, 6021, 6022) 4801.0
(7113, 7114, 7115) 4189.0
(6899, 6900, 6901) 4289.0
(9961, 9962, 9963) 5388.0
(6118, 6119, 6120) 3976.0
(7161, 7162, 7163) 4380.0
(6532, 6533, 6534) 4651.0
(9172, 9173, 9174) 5757.0
(1179, 1180, 1181) 4163.0
(393, 394, 395) 3593.0
(8660, 8661, 8662) 4060.0
(969, 970, 971) 4924.0
(8601, 8602, 8603) 5616.0
(9215, 9216, 9217) 4456.0
(7557, 7558, 7559) 3772.0
(9120, 9121, 9122) 4282.0
(9169, 9170, 9171) 3612.0
(4324, 4325, 4326) 5238.0
(6597, 6598, 6599) 3977.0
(337, 338, 339) 4558.0
(7620, 7621, 7622) 4512.0
(2369, 2370, 2371) 5110.0
(8901, 8902, 8903) 4310.0
(2031, 2032, 2033) 4463.0
(9260, 9261, 9262) 4576.0
(2514, 2515, 2516) 4621.0
(1511, 1512, 1513) 4447.0
(7126, 7127, 7128) 4922.0
(2345, 2346, 2347) 4345.0
(2133, 2134, 2135) 4764.0
(5632, 5633, 5634) 4339.0
(8326, 8327, 8328) 4217.0
(4198, 4199, 4200) 5143.0
(3241, 3242, 3243) 4695.0
(3534, 3535, 3536) 4299.0
(4910, 4911, 4912) 4590.0
(4467, 4468, 4469) 4892.0
(7840, 7841, 7842) 3927.0
(1448, 1449, 1450) 4969.0
(4947, 4948, 4949) 5233.0
(6896, 6897, 6898) 5350.0
(9415, 9416, 9417) 3952.0
(4455, 4456, 4457) 4728.0
(7126, 7127, 7128) 4922.0
(9757, 9758, 9759) 4226.0
(3406, 3407, 3408) 5066.0
(8402, 8403, 8404) 4036.0
(6306, 6307, 6308) 4430.0
(4859, 4860, 4861) 4452.0
(1682, 1683, 1684) 4174.0
(3657, 3658, 3659) 4481.0
(9315, 9316, 9317) 4786.0
(3270, 3271, 3272) 6141.0
(8749, 8750, 8751) 5267.0
(1166, 1167, 1168) 5307.0
(3191, 3192, 3193) 3978.0
(1724, 1725, 1726) 4527.0
(5657, 5658, 5659) 4309.0
(4141, 4142, 4143) 4799.0
(985, 986, 987) 5513.0
(1979, 1980, 1981) 4318.0
(3582, 3583, 3584) 4706.0
(9743, 9744, 9745) 5080.0
(5722, 5723, 5724) 4796.0
(668, 669, 670) 4030.0
(1777, 1778, 1779) 4314.0
(3759, 3760, 3761) 4282.0
(8584, 8585, 8586) 4671.0
(8318, 8319, 8320) 5644.0
(3861, 3862, 3863) 7494.0
(5875, 5876, 5877) 4854.0
(6595, 6596, 6597) 4869.0
(4338, 4339, 4340) 4961.0
(2188, 2189, 2190) 4450.0
(1464, 1465, 1466) 3724.0
(7856, 7857, 7858) 4742.0
(9976, 9977, 9978) 4786.0
(7026, 7027, 7028) 5109.0
(3172, 3173, 3174) 4493.0
(9510, 9511, 9512) 4327.0
(684, 685, 686) 5120.0
(7887, 7888, 7889) 5411.0
(239, 240, 241) 5554.0
(3062, 3063, 3064) 5339.0
(7919, 7920, 7921) 5101.0
(9799, 9800, 9801) 5063.0
(5895, 5896, 5897) 4533.0
(9545, 9546, 9547) 4681.0
(5166, 5167, 5168) 4309.0
(8743, 8744, 8745) 4024.0
(2953, 2954, 2955) 4627.0
(9288, 9289, 9290) 4972.0
(4885, 4886, 4887) 4041.0
(1959, 1960, 1961) 4886.0
(9401, 9402, 9403) 5264.0
(4009, 4010, 4011) 3923.0
(7839, 7840, 7841) 4273.0
(2180, 2181, 2182) 3459.0
(3648, 3649, 3650) 4614.0
(1561, 1562, 1563) 5499.0
(5513, 5514, 5515) 3872.0
(2300, 2301, 2302) 4371.0
(7564, 7565, 7566) 4334.0
(8923, 8924, 8925) 4996.0
(9746, 9747, 9748) 4852.0
(6190, 6191, 6192) 4382.0
(6872, 6873, 6874) 4565.0
(7454, 7455, 7456) 4515.0
(1018, 1019, 1020) 4609.0
(9023, 9024, 9025) 4287.0
(373, 374, 375) 3969.0
(133, 134, 135) 3734.0
(4695, 4696, 4697) 4748.0
(695, 696, 697) 4833.0
(1354, 1355, 1356) 4429.0
(2488, 2489, 2490) 3780.0
(329, 330, 331) 4672.0
(8267, 8268, 8269) 4453.0
(8624, 8625, 8626) 4082.0
(6260, 6261, 6262) 4170.0
(6056, 6057, 6058) 5637.0
(5670, 5671, 5672) 4207.0
(6610, 6611, 6612) 4420.0
(8429, 8430, 8431) 4660.0
(6497, 6498, 6499) 4182.0
(7014, 7015, 7016) 5593.0
(4928, 4929, 4930) 4259.0
(6206, 6207, 6208) 4439.0
(9838, 9839, 9840) 4716.0
(1703, 1704, 1705) 3768.0
(7460, 7461, 7462) 3703.0
(2178, 2179, 2180) 4279.0
(7629, 7630, 7631) 4899.0
(5115, 5116, 5117) 4186.0
(2324, 2325, 2326) 5228.0
(3671, 3672, 3673) 4534.0
(2453, 2454, 2455) 5812.0
(6538, 6539, 6540) 4745.0
(3183, 3184, 3185) 5802.0
(8164, 8165, 8166) 4760.0
(7102, 7103, 7104) 4369.0
(6026, 6027, 6028) 4234.0
(4550, 4551, 4552) 4481.0
(9717, 9718, 9719) 4191.0
(3324, 3325, 3326) 4781.0
(109, 110, 111) 4356.0
(8139, 8140, 8141) 4281.0
(3958, 3959, 3960) 3879.0
(8756, 8757, 8758) 4299.0
(8920, 8921, 8922) 4045.0
(1218, 1219, 1220) 4727.0
(8514, 8515, 8516) 3839.0
(1319, 1320, 1321) 4699.0
(2331, 2332, 2333) 4006.0
(4502, 4503, 4504) 4545.0
(6343, 6344, 6345) 5111.0
(7738, 7739, 7740) 4719.0
(215, 216, 217) 5173.0
(6704, 6705, 6706) 4322.0
(6315, 6316, 6317) 4732.0
(8810, 8811, 8812) 3906.0
(737, 738, 739) 4602.0
(3156, 3157, 3158) 4335.0
(9367, 9368, 9369) 5528.0
(5481, 5482, 5483) 4684.0
(5968, 5969, 5970) 5182.0
(197, 198, 199) 5616.0
