(7308, 7309, 7310) 4403.0
(6065, 6066, 6067) 5100.0
(5491, 5492, 5493) 4615.0
(3119, 3120, 3121) 4563.0
(4738, 4739, 4740) 4305.0
(8918, 8919, 8920) 5011.0
(4665, 4666, 4667) 5388.0
(8823, 8824, 8825) 4919.0
(66, 67, 68) 4219.0
(6495, 6496, 6497) 5008.0
(532, 533, 534) 5520.0
(1634, 1635, 1636) 4851.0
(508, 509, 510) 4387.0
(2919, 2920, 2921) 4563.0
(4625, 4626, 4627) 4648.0
(155, 156, 157) 5044.0
(8694, 8695, 8696) 4290.0
(6836, 6837, 6838) 4515.0
(420, 421, 422) 6037.0
(5433, 5434, 5435) 4873.0
(5357, 5358, 5359) 5821.0
(6884, 6885, 6886) 4627.0
(9082, 9083, 9084) 4530.0
(8607, 8608, 8609) 4314.0
(7581, 7582, 7583) 4553.0
(1126, 1127, 1128) 3981.0
(5025, 5026, 5027) 4361.0
(3261, 3262, 3263) 4095.0
(1795, 1796, 1797) 5668.0
(8047, 8048, 8049) 5024.0
(3950, 3951, 3952) 5203.0
(5409, 5410, 5411) 4304.0
(5668, 5669, 5670) 4173.0
(3361, 3362, 3363) 4252.0
(2341, 2342, 2343) 4263.0
(218, 219, 220) 4144.0
(1839, 1840, 1841) 4650.0
(622, 623, 624) 5583.0
(3990, 3991, 3992) 4880.0
(4601, 4602, 4603) 5021.0
(5615, 5616, 5617) 3968.0
(2283, 2284, 2285) 4377.0
(8770, 8771, 8772) 5133.0
(8701, 8702, 8703) 5810.0
(6594, 6595, 6596) 4757.0
(8073, 8074, 8075) 5383.0
(2832, 2833, 2834) 4322.0
(2816, 2817, 2818) 4878.0
(6769, 6770, 6771) 4497.0
(3246, 3247, 3248) 4616.0
(272, 273, 274) 4360.0
(4176, 4177, 4178) 4108.0
(5045, 5046, 5047) 5773.0
(4193, 4194, 4195) 5166.0
(9618, 9619, 9620) 5564.0
(133, 134, 135) 4033.0
(6125, 6126, 6127) 5134.0
(735, 736, 737) 5139.0
(221, 222, 223) 4418.0
(1061, 1062, 1063) 5269.0
(2332, 2333, 2334) 5147.0
(8744, 8745, 8746) 4680.0
(4046, 4047, 4048) 4913.0
(6522, 6523, 6524) 5787.0
(5433, 5434, 5435) 4873.0
(1952, 1953, 1954) 4185.0
(8583, 8584, 8585) 5174.0
(5296, 5297, 5298) 4130.0
(8794, 8795, 8796) 5361.0
(3765, 3766, 3767) 4769.0
(7640, 7641, 7642) 4780.0
(63, 64, 65) 4194.0
(7971, 7972, 7973) 4967.0
(8868, 8869, 8870) 4444.0
(7543, 7544, 7545) 4758.0
(5171, 5172, 5173) 4561.0
(9647, 9648, 9649) 5467.0
(729, 730, 731) 5137.0
(4187, 4188, 4189) 4499.0
(5696, 5697, 5698) 4967.0
(3270, 3271, 3272) 6281.0
(8634, 8635, 8636) 5031.0
(2084, 2085, 2086) 4440.0
(7782, 7783, 7784) 4708.0
(2886, 2887, 2888) 4644.0
(7685, 7686, 7687) 4001.0
(6341, 6342, 6343) 5091.0
(8768, 8769, 8770) 4437.0
(7584, 7585, 7586) 4257.0
(9770, 9771, 9772) 5221.0
(6996, 6997, 6998) 4118.0
(579, 580, 581) 5817.0
(775, 776, 777) 4086.0
(9910, 9911, 9912) 5550.0
(5725, 5726, 5727) 4433.0
(2485, 2486, 2487) 3568.0
(8602, 8603, 8604) 4213.0
(7841, 7842, 7843) 4743.0
(9677, 9678, 9679) 5825.0
(48, 49, 50) 3962.0
(1617, 1618, 1619) 4405.0
(7257, 7258, 7259) 5061.0
(4600, 4601, 4602) 4369.0
(1682, 1683, 1684) 4433.0
(8498, 8499, 8500) 4104.0
(7643, 7644, 7645) 4230.0
(4498, 4499, 4500) 6663.0
(1968, 1969, 1970) 5200.0
(3454, 3455, 3456) 5085.0
(8316, 8317, 8318) 4731.0
(4156, 4157, 4158) 4983.0
(2658, 2659, 2660) 4986.0
(1843, 1844, 1845) 4745.0
(9621, 9622, 9623) 4513.0
(2329, 2330, 2331) 3997.0
(1035, 1036, 1037) 5321.0
(1978, 1979, 1980) 4180.0
(7466, 7467, 7468) 4246.0
(3305, 3306, 3307) 5156.0
(4737, 4738, 4739) 5573.0
(7852, 7853, 7854) 5113.0
(9360, 9361, 9362) 4609.0
(8162, 8163, 8164) 4305.0
(3546, 3547, 3548) 4139.0
(7096, 7097, 7098) 5095.0
(5197, 5198, 5199) 4491.0
(7805, 7806, 7807) 4560.0
(8760, 8761, 8762) 4502.0
(6385, 6386, 6387) 4355.0
(6752, 6753, 6754) 5189.0
(5237, 5238, 5239) 4824.0
(1207, 1208, 1209) 4931.0
(5834, 5835, 5836) 4294.0
(6272, 6273, 6274) 4420.0
(4571, 4572, 4573) 4830.0
(98, 99, 100) 4411.0
(2359, 2360, 2361) 4268.0
(4357, 4358, 4359) 5053.0
(4082, 4083, 4084) 3944.0
(3342, 3343, 3344) 4820.0
(3046, 3047, 3048) 5086.0
(239, 240, 241) 5720.0
(485, 486, 487) 5059.0
(3120, 3121, 3122) 6219.0
(1417, 1418, 1419) 3785.0
(4132, 4133, 4134) 5343.0
(3328, 3329, 3330) 4900.0
(3224, 3225, 3226) 4919.0
(6519, 6520, 6521) 4012.0
(4477, 4478, 4479) 4430.0
(436, 437, 438) 4858.0
(7659, 7660, 7661) 4185.0
(7528, 7529, 7530) 4486.0
(902, 903, 904) 4490.0
(3838, 3839, 3840) 3734.0
(5686, 5687, 5688) 5576.0
(6061, 6062, 6063) 4540.0
(409, 410, 411) 4877.0
(7458, 7459, 7460) 4388.0
(9854, 9855, 9856) 5158.0
(3556, 3557, 3558) 5061.0
(2525, 2526, 2527) 4465.0
(299, 300, 301) 4586.0
(356, 357, 358) 4901.0
(5442, 5443, 5444) 4680.0
(4765, 4766, 4767) 5421.0
(596, 597, 598) 4617.0
(4222, 4223, 4224) 4378.0
(3180, 3181, 3182) 4346.0
(8519, 8520, 8521) 4031.0
(3082, 3083, 3084) 4310.0
(4366, 4367, 4368) 4157.0
(3106, 3107, 3108) 4310.0
(8176, 8177, 8178) 4372.0
(7687, 7688, 7689) 4679.0
(8132, 8133, 8134) 4459.0
(7907, 7908, 7909) 5080.0
(659, 660, 661) 3970.0
(2875, 2876, 2877) 4320.0
(8396, 8397, 8398) 4528.0
(1721, 1722, 1723) 5548.0
(9831, 9832, 9833) 4973.0
(9748, 9749, 9750) 5002.0
(9961, 9962, 9963) 5343.0
(870, 871, 872) 4165.0
(5197, 5198, 5199) 4491.0
(5615, 5616, 5617) 3968.0
(1275, 1276, 1277) 4666.0
(6422, 6423, 6424) 4190.0
(543, 544, 545) 4838.0
(9228, 9229, 9230) 5322.0
(4803, 4804, 4805) 4761.0
(2632, 2633, 2634) 3789.0
(556, 557, 558) 4594.0
(5488, 5489, 5490) 5691.0
(7217, 7218, 7219) 5196.0
(1677, 1678, 1679) 4934.0
(930, 931, 932) 5597.0
(587, 588, 589) 4011.0
(5636, 5637, 5638) 4492.0
(5368, 5369, 5370) 4531.0
