(23, 24, 25) 4369.0
(13, 14, 15) 4072.0
(2687, 2688, 2689) 4798.0
(566, 567, 568) 4696.0
(6635, 6636, 6637) 4129.0
(8601, 8602, 8603) 5942.0
(3522, 3523, 3524) 5238.0
(6069, 6070, 6071) 5723.0
(4514, 4515, 4516) 4889.0
(300, 301, 302) 5401.0
(4006, 4007, 4008) 5060.0
(4, 5, 6) 4281.0
(3718, 3719, 3720) 4322.0
(7567, 7568, 7569) 4212.0
(3032, 3033, 3034) 4368.0
(7247, 7248, 7249) 4129.0
(8481, 8482, 8483) 4773.0
(6819, 6820, 6821) 4308.0
(3142, 3143, 3144) 4368.0
(1709, 1710, 1711) 4268.0
(9997, 9998, 9999) 5266.0
(3654, 3655, 3656) 4424.0
(8614, 8615, 8616) 4490.0
(1946, 1947, 1948) 4705.0
(6057, 6058, 6059) 5248.0
(4476, 4477, 4478) 4256.0
(7080, 7081, 7082) 5102.0
(799, 800, 801) 5603.0
(4391, 4392, 4393) 4695.0
(7680, 7681, 7682) 4335.0
(2413, 2414, 2415) 4141.0
(5228, 5229, 5230) 5194.0
(5077, 5078, 5079) 5992.0
(6790, 6791, 6792) 4695.0
(2441, 2442, 2443) 4408.0
(191, 192, 193) 4951.0
(6484, 6485, 6486) 5145.0
(9691, 9692, 9693) 4409.0
(4315, 4316, 4317) 4606.0
(2974, 2975, 2976) 4739.0
(809, 810, 811) 4755.0
(4903, 4904, 4905) 4055.0
(6132, 6133, 6134) 5306.0
(5912, 5913, 5914) 5167.0
(6603, 6604, 6605) 4337.0
(9408, 9409, 9410) 5053.0
(4215, 4216, 4217) 4627.0
(6665, 6666, 6667) 4783.0
(5355, 5356, 5357) 5751.0
(3891, 3892, 3893) 3854.0
(8796, 8797, 8798) 4422.0
(9465, 9466, 9467) 5266.0
(4050, 4051, 4052) 4707.0
(3409, 3410, 3411) 4223.0
(7897, 7898, 7899) 4202.0
(410, 411, 412) 5183.0
(2104, 2105, 2106) 4990.0
(4750, 4751, 4752) 5393.0
(7904, 7905, 7906) 5588.0
(6571, 6572, 6573) 5011.0
(9984, 9985, 9986) 4603.0
(3092, 3093, 3094) 4449.0
(4737, 4738, 4739) 5599.0
(380, 381, 382) 5501.0
(5068, 5069, 5070) 5274.0
(7756, 7757, 7758) 4439.0
(8594, 8595, 8596) 4936.0
(5848, 5849, 5850) 4690.0
(7314, 7315, 7316) 5222.0
(1585, 1586, 1587) 4283.0
(29, 30, 31) 4828.0
(8086, 8087, 8088) 4234.0
(3544, 3545, 3546) 4053.0
(5973, 5974, 5975) 4717.0
(5231, 5232, 5233) 4686.0
(2084, 2085, 2086) 4648.0
(5361, 5362, 5363) 4509.0
(8557, 8558, 8559) 4620.0
(9220, 9221, 9222) 5005.0
(1714, 1715, 1716) 4409.0
(7174, 7175, 7176) 4712.0
(8802, 8803, 8804) 5153.0
(9153, 9154, 9155) 4879.0
(1171, 1172, 1173) 5621.0
(3068, 3069, 3070) 5645.0
(7040, 7041, 7042) 5720.0
(9766, 9767, 9768) 4753.0
(9412, 9413, 9414) 5426.0
(657, 658, 659) 5864.0
(9017, 9018, 9019) 4469.0
(2832, 2833, 2834) 4528.0
(4608, 4609, 4610) 5176.0
(9141, 9142, 9143) 6054.0
(6300, 6301, 6302) 5990.0
(2066, 2067, 2068) 5535.0
(4799, 4800, 4801) 5747.0
(4706, 4707, 4708) 4302.0
(3180, 3181, 3182) 4560.0
(7237, 7238, 7239) 4625.0
(8478, 8479, 8480) 4344.0
(2888, 2889, 2890) 4540.0
(168, 169, 170) 4367.0
(3843, 3844, 3845) 4223.0
(5841, 5842, 5843) 4930.0
(854, 855, 856) 4873.0
(6011, 6012, 6013) 4555.0
(5058, 5059, 5060) 4626.0
(5874, 5875, 5876) 5733.0
(1817, 1818, 1819) 4284.0
(5421, 5422, 5423) 5009.0
(7589, 7590, 7591) 6221.0
(8487, 8488, 8489) 5123.0
(2453, 2454, 2455) 6389.0
(6165, 6166, 6167) 4296.0
(9752, 9753, 9754) 3696.0
(7413, 7414, 7415) 4964.0
(4214, 4215, 4216) 4315.0
(6797, 6798, 6799) 3915.0
(9558, 9559, 9560) 4940.0
(3436, 3437, 3438) 4283.0
(709, 710, 711) 4156.0
(3382, 3383, 3384) 5462.0
(1816, 1817, 1818) 4432.0
(8749, 8750, 8751) 5406.0
(8863, 8864, 8865) 4575.0
(4165, 4166, 4167) 4003.0
(3674, 3675, 3676) 4657.0
(7922, 7923, 7924) 5100.0
(5485, 5486, 5487) 6376.0
(6588, 6589, 6590) 5897.0
(3296, 3297, 3298) 4699.0
(9700, 9701, 9702) 4265.0
(7294, 7295, 7296) 5086.0
(3176, 3177, 3178) 5191.0
(4472, 4473, 4474) 5854.0
(8615, 8616, 8617) 4590.0
(9100, 9101, 9102) 4633.0
(3747, 3748, 3749) 4884.0
(79, 80, 81) 4219.0
(3237, 3238, 3239) 3969.0
(8385, 8386, 8387) 4793.0
(8838, 8839, 8840) 3959.0
(5878, 5879, 5880) 5351.0
(2659, 2660, 2661) 4605.0
(850, 851, 852) 4651.0
(1199, 1200, 1201) 4413.0
(2844, 2845, 2846) 4532.0
(6337, 6338, 6339) 4483.0
(9868, 9869, 9870) 4835.0
(9498, 9499, 9500) 5460.0
(4539, 4540, 4541) 5242.0
(7581, 7582, 7583) 4523.0
(6336, 6337, 6338) 5166.0
(1123, 1124, 1125) 4413.0
(4434, 4435, 4436) 6512.0
(2983, 2984, 2985) 5093.0
(9855, 9856, 9857) 4244.0
(7742, 7743, 7744) 3958.0
(5030, 5031, 5032) 5088.0
(7374, 7375, 7376) 5265.0
(389, 390, 391) 4648.0
(8716, 8717, 8718) 5144.0
(3719, 3720, 3721) 5454.0
(7916, 7917, 7918) 4817.0
(5028, 5029, 5030) 4698.0
(3533, 3534, 3535) 5276.0
(9129, 9130, 9131) 4665.0
(2714, 2715, 2716) 5529.0
(2730, 2731, 2732) 4529.0
(4916, 4917, 4918) 4768.0
(6188, 6189, 6190) 4641.0
(4465, 4466, 4467) 7743.0
(6761, 6762, 6763) 4542.0
(6125, 6126, 6127) 5489.0
(2183, 2184, 2185) 6101.0
(9413, 9414, 9415) 4521.0
(107, 108, 109) 5055.0
(8507, 8508, 8509) 3977.0
(4988, 4989, 4990) 4954.0
(3924, 3925, 3926) 4385.0
(7340, 7341, 7342) 4375.0
(9307, 9308, 9309) 6556.0
(4241, 4242, 4243) 4861.0
(1677, 1678, 1679) 5226.0
(6039, 6040, 6041) 4775.0
(7968, 7969, 7970) 4237.0
(5324, 5325, 5326) 5036.0
(4561, 4562, 4563) 5321.0
(609, 610, 611) 4595.0
(8125, 8126, 8127) 4423.0
(7390, 7391, 7392) 6365.0
(3847, 3848, 3849) 5068.0
(9017, 9018, 9019) 4469.0
(2592, 2593, 2594) 5171.0
(6726, 6727, 6728) 5089.0
(4237, 4238, 4239) 4718.0
(7626, 7627, 7628) 4682.0
(1991, 1992, 1993) 4404.0
(7006, 7007, 7008) 5255.0
(7375, 7376, 7377) 4472.0
(7567, 7568, 7569) 4212.0
(8073, 8074, 8075) 5479.0
(5217, 5218, 5219) 6285.0
(6876, 6877, 6878) 4911.0
(7673, 7674, 7675) 4553.0
(9546, 9547, 9548) 4521.0
(7204, 7205, 7206) 5003.0
(8686, 8687, 8688) 4867.0
(8751, 8752, 8753) 5103.0
(8761, 8762, 8763) 4618.0
(6812, 6813, 6814) 4256.0
(1226, 1227, 1228) 6076.0
(2425, 2426, 2427) 4562.0
(1117, 1118, 1119) 4524.0
(9838, 9839, 9840) 5163.0
(8950, 8951, 8952) 4919.0
(1314, 1315, 1316) 3821.0
(7772, 7773, 7774) 4989.0
(7819, 7820, 7821) 4853.0
(834, 835, 836) 5141.0
(1806, 1807, 1808) 4759.0
(8768, 8769, 8770) 4444.0
(9130, 9131, 9132) 5777.0
(878, 879, 880) 4539.0
(2044, 2045, 2046) 4624.0
(5803, 5804, 5805) 4741.0
(2918, 2919, 2920) 5247.0
(7119, 7120, 7121) 4678.0
(1265, 1266, 1267) 5012.0
(4392, 4393, 4394) 5223.0
(5067, 5068, 5069) 4912.0
(5553, 5554, 5555) 4982.0
(6251, 6252, 6253) 5214.0
(5226, 5227, 5228) 4379.0
(1044, 1045, 1046) 4758.0
(5848, 5849, 5850) 4690.0
(7018, 7019, 7020) 4942.0
(1977, 1978, 1979) 5502.0
(8082, 8083, 8084) 5023.0
(9317, 9318, 9319) 4765.0
(4791, 4792, 4793) 4073.0
(8043, 8044, 8045) 4466.0
(3102, 3103, 3104) 4054.0
(7821, 7822, 7823) 4453.0
(8340, 8341, 8342) 5051.0
(5178, 5179, 5180) 4768.0
(5214, 5215, 5216) 5043.0
(4632, 4633, 4634) 3899.0
(2691, 2692, 2693) 6197.0
(8974, 8975, 8976) 5180.0
(1049, 1050, 1051) 5070.0
(3439, 3440, 3441) 5591.0
(1937, 1938, 1939) 4829.0
(1448, 1449, 1450) 5220.0
(7377, 7378, 7379) 5238.0
(9387, 9388, 9389) 5598.0
(6367, 6368, 6369) 4638.0
(6818, 6819, 6820) 5295.0
(4666, 4667, 4668) 4574.0
(2102, 2103, 2104) 5484.0
(6203, 6204, 6205) 5456.0
(47, 48, 49) 4864.0
(4947, 4948, 4949) 5554.0
(6028, 6029, 6030) 4448.0
(4327, 4328, 4329) 4546.0
(6317, 6318, 6319) 4846.0
(8605, 8606, 8607) 4961.0
(6472, 6473, 6474) 5203.0
(5642, 5643, 5644) 4830.0
(7372, 7373, 7374) 4152.0
(4624, 4625, 4626) 5706.0
(2582, 2583, 2584) 4172.0
(6119, 6120, 6121) 5213.0
(6183, 6184, 6185) 5738.0
(6990, 6991, 6992) 4425.0
(8749, 8750, 8751) 5406.0
(5103, 5104, 5105) 4225.0
(7804, 7805, 7806) 5627.0
(3790, 3791, 3792) 4269.0
(2802, 2803, 2804) 5075.0
(2095, 2096, 2097) 5416.0
(7601, 7602, 7603) 5112.0
(6884, 6885, 6886) 4861.0
(5891, 5892, 5893) 4841.0
(3464, 3465, 3466) 4416.0
(3961, 3962, 3963) 4425.0
(1724, 1725, 1726) 4770.0
(9166, 9167, 9168) 4953.0
(4426, 4427, 4428) 4299.0
(1549, 1550, 1551) 4667.0
(4232, 4233, 4234) 6453.0
(7449, 7450, 7451) 4535.0
(2107, 2108, 2109) 4392.0
(4507, 4508, 4509) 3610.0
(8367, 8368, 8369) 6389.0
(1944, 1945, 1946) 4615.0
(778, 779, 780) 4514.0
(3750, 3751, 3752) 5012.0
(8617, 8618, 8619) 4828.0
(8409, 8410, 8411) 5144.0
(9512, 9513, 9514) 4369.0
(5923, 5924, 5925) 5080.0
(5530, 5531, 5532) 4536.0
(5314, 5315, 5316) 4769.0
(843, 844, 845) 5304.0
(5459, 5460, 5461) 4591.0
(9066, 9067, 9068) 4572.0
(5494, 5495, 5496) 5140.0
(4624, 4625, 4626) 5706.0
(7783, 7784, 7785) 4568.0
(4239, 4240, 4241) 4340.0
(302, 303, 304) 6142.0
(9007, 9008, 9009) 4467.0
(8339, 8340, 8341) 5090.0
(6817, 6818, 6819) 5782.0
(9304, 9305, 9306) 6022.0
(9413, 9414, 9415) 4521.0
(8985, 8986, 8987) 4875.0
(2475, 2476, 2477) 5201.0
(4544, 4545, 4546) 4557.0
(1067, 1068, 1069) 6173.0
(8722, 8723, 8724) 5437.0
(2583, 2584, 2585) 5377.0
(1603, 1604, 1605) 4455.0
(7036, 7037, 7038) 3796.0
(346, 347, 348) 5176.0
(9401, 9402, 9403) 5464.0
(9692, 9693, 9694) 4937.0
(2690, 2691, 2692) 5167.0
(1338, 1339, 1340) 5038.0
(8987, 8988, 8989) 4792.0
(7894, 7895, 7896) 4130.0
(8448, 8449, 8450) 5392.0
(3799, 3800, 3801) 5088.0
(8374, 8375, 8376) 4587.0
(2036, 2037, 2038) 4484.0
(9245, 9246, 9247) 4888.0
(2979, 2980, 2981) 4730.0
(3106, 3107, 3108) 4434.0
(8908, 8909, 8910) 4324.0
(6982, 6983, 6984) 4882.0
(4442, 4443, 4444) 4690.0
(7734, 7735, 7736) 4436.0
(4840, 4841, 4842) 4538.0
(7237, 7238, 7239) 4625.0
(6993, 6994, 6995) 4740.0
(9243, 9244, 9245) 5143.0
(4423, 4424, 4425) 4688.0
(2387, 2388, 2389) 4833.0
(98, 99, 100) 4448.0
(911, 912, 913) 4767.0
(8244, 8245, 8246) 5072.0
(5211, 5212, 5213) 4951.0
(9921, 9922, 9923) 3809.0
(8227, 8228, 8229) 5061.0
(6169, 6170, 6171) 5135.0
(5902, 5903, 5904) 5019.0
(7787, 7788, 7789) 4303.0
(3457, 3458, 3459) 4959.0
(2560, 2561, 2562) 4351.0
(2730, 2731, 2732) 4529.0
(2806, 2807, 2808) 4890.0
(274, 275, 276) 4885.0
(3391, 3392, 3393) 4673.0
(752, 753, 754) 4253.0
(6090, 6091, 6092) 4249.0
(6142, 6143, 6144) 4106.0
(147, 148, 149) 5370.0
(825, 826, 827) 5655.0
(9912, 9913, 9914) 4499.0
(4402, 4403, 4404) 4365.0
(5975, 5976, 5977) 4212.0
(6907, 6908, 6909) 4666.0
(9475, 9476, 9477) 4689.0
(3234, 3235, 3236) 4517.0
(3261, 3262, 3263) 4206.0
(8500, 8501, 8502) 4419.0
(2335, 2336, 2337) 6069.0
(885, 886, 887) 5881.0
(3789, 3790, 3791) 4756.0
(1640, 1641, 1642) 5914.0
(3592, 3593, 3594) 7359.0
(5216, 5217, 5218) 4315.0
(2910, 2911, 2912) 4361.0
(288, 289, 290) 6151.0
(5443, 5444, 5445) 4581.0
(9484, 9485, 9486) 5203.0
(9619, 9620, 9621) 4137.0
(1576, 1577, 1578) 3844.0
(2159, 2160, 2161) 5554.0
(3074, 3075, 3076) 4665.0
(5059, 5060, 5061) 5424.0
(5228, 5229, 5230) 5194.0
(4548, 4549, 4550) 4139.0
(4922, 4923, 4924) 5323.0
(434, 435, 436) 4735.0
(7204, 7205, 7206) 5003.0
(9639, 9640, 9641) 4390.0
(6809, 6810, 6811) 4082.0
(4404, 4405, 4406) 3944.0
(2814, 2815, 2816) 5815.0
(7150, 7151, 7152) 4233.0
(9886, 9887, 9888) 4866.0
(9144, 9145, 9146) 4444.0
(9782, 9783, 9784) 4947.0
(5822, 5823, 5824) 5494.0
(8332, 8333, 8334) 4285.0
(7717, 7718, 7719) 4719.0
(3029, 3030, 3031) 6307.0
(3091, 3092, 3093) 4391.0
(5985, 5986, 5987) 4940.0
(2248, 2249, 2250) 5193.0
(6851, 6852, 6853) 4744.0
(387, 388, 389) 4667.0
(7212, 7213, 7214) 5069.0
(9447, 9448, 9449) 5300.0
(3116, 3117, 3118) 4554.0
(9166, 9167, 9168) 4953.0
(5986, 5987, 5988) 4167.0
(8865, 8866, 8867) 4870.0
(7331, 7332, 7333) 4531.0
(9050, 9051, 9052) 4688.0
(1161, 1162, 1163) 4763.0
(6281, 6282, 6283) 4001.0
(3680, 3681, 3682) 5564.0
(375, 376, 377) 5013.0
(7338, 7339, 7340) 4896.0
(1771, 1772, 1773) 4362.0
(2511, 2512, 2513) 5469.0
(8152, 8153, 8154) 5508.0
(7341, 7342, 7343) 5021.0
(3391, 3392, 3393) 4673.0
(8105, 8106, 8107) 4406.0
(978, 979, 980) 4630.0
(9544, 9545, 9546) 4800.0
(1977, 1978, 1979) 5502.0
(6271, 6272, 6273) 5269.0
(135, 136, 137) 4347.0
(4100, 4101, 4102) 4041.0
(6907, 6908, 6909) 4666.0
(8781, 8782, 8783) 4720.0
(3654, 3655, 3656) 4424.0
(8948, 8949, 8950) 5928.0
(8399, 8400, 8401) 5393.0
(1943, 1944, 1945) 4207.0
(8024, 8025, 8026) 5123.0
(7927, 7928, 7929) 5017.0
(1942, 1943, 1944) 3686.0
(7847, 7848, 7849) 5253.0
(9499, 9500, 9501) 4571.0
(5415, 5416, 5417) 5165.0
(3181, 3182, 3183) 4477.0
(6603, 6604, 6605) 4337.0
(2891, 2892, 2893) 4729.0
(8830, 8831, 8832) 5453.0
(9509, 9510, 9511) 5313.0
(1353, 1354, 1355) 4893.0
(4822, 4823, 4824) 4850.0
(9258, 9259, 9260) 4575.0
(2397, 2398, 2399) 4408.0
(4437, 4438, 4439) 5858.0
(4117, 4118, 4119) 5039.0
(9251, 9252, 9253) 4770.0
(7918, 7919, 7920) 4936.0
(3053, 3054, 3055) 4553.0
(469, 470, 471) 5668.0
(2906, 2907, 2908) 4836.0
(3767, 3768, 3769) 4006.0
(5679, 5680, 5681) 4450.0
(7856, 7857, 7858) 4962.0
(3538, 3539, 3540) 4202.0
(8378, 8379, 8380) 5011.0
(5240, 5241, 5242) 4453.0
(3728, 3729, 3730) 5721.0
(6039, 6040, 6041) 4775.0
(4141, 4142, 4143) 5014.0
(9067, 9068, 9069) 4612.0
(8039, 8040, 8041) 4108.0
(5264, 5265, 5266) 5834.0
(230, 231, 232) 5628.0
(1190, 1191, 1192) 4282.0
(9458, 9459, 9460) 4293.0
(6240, 6241, 6242) 5574.0
(9042, 9043, 9044) 4773.0
(6470, 6471, 6472) 4996.0
(1439, 1440, 1441) 4574.0
(4166, 4167, 4168) 5168.0
(6112, 6113, 6114) 4843.0
(7383, 7384, 7385) 4364.0
(5947, 5948, 5949) 4749.0
(369, 370, 371) 4049.0
(754, 755, 756) 5480.0
(3303, 3304, 3305) 6583.0
(8820, 8821, 8822) 4798.0
(8873, 8874, 8875) 4930.0
(7821, 7822, 7823) 4453.0
(7822, 7823, 7824) 4777.0
(8553, 8554, 8555) 4815.0
(2406, 2407, 2408) 6043.0
(2112, 2113, 2114) 4910.0
(4945, 4946, 4947) 4388.0
(2763, 2764, 2765) 4860.0
(20, 21, 22) 3922.0
(3953, 3954, 3955) 5361.0
(3789, 3790, 3791) 4756.0
(9070, 9071, 9072) 5340.0
(5543, 5544, 5545) 4187.0
(6313, 6314, 6315) 4907.0
(7160, 7161, 7162) 4450.0
(4659, 4660, 4661) 4638.0
(1104, 1105, 1106) 4832.0
(7750, 7751, 7752) 4977.0
(5595, 5596, 5597) 3961.0
(6690, 6691, 6692) 5060.0
(3972, 3973, 3974) 4680.0
(2392, 2393, 2394) 5604.0
(4879, 4880, 4881) 4498.0
(263, 264, 265) 5276.0
(5382, 5383, 5384) 4156.0
(9835, 9836, 9837) 5156.0
(1662, 1663, 1664) 5887.0
(5985, 5986, 5987) 4940.0
(332, 333, 334) 4339.0
(9321, 9322, 9323) 4795.0
(8950, 8951, 8952) 4919.0
(1273, 1274, 1275) 4883.0
(2607, 2608, 2609) 7783.0
(3519, 3520, 3521) 4488.0
(2152, 2153, 2154) 4897.0
(6130, 6131, 6132) 4259.0
(1933, 1934, 1935) 4726.0
(6947, 6948, 6949) 4796.0
(4805, 4806, 4807) 5342.0
(9270, 9271, 9272) 4879.0
(3875, 3876, 3877) 4188.0
(1224, 1225, 1226) 4812.0
(1075, 1076, 1077) 5421.0
(2071, 2072, 2073) 5550.0
(8260, 8261, 8262) 5062.0
(2952, 2953, 2954) 4672.0
(5506, 5507, 5508) 5455.0
(8595, 8596, 8597) 5353.0
(3813, 3814, 3815) 4498.0
(4249, 4250, 4251) 4173.0
(716, 717, 718) 5217.0
(1949, 1950, 1951) 5333.0
(1964, 1965, 1966) 4806.0
(1817, 1818, 1819) 4284.0
(9560, 9561, 9562) 5517.0
(9577, 9578, 9579) 4992.0
(2190, 2191, 2192) 4847.0
(582, 583, 584) 4442.0
(4314, 4315, 4316) 4511.0
(5456, 5457, 5458) 4533.0
(2643, 2644, 2645) 5265.0
(761, 762, 763) 4965.0
(7731, 7732, 7733) 4428.0
(4699, 4700, 4701) 4556.0
(7332, 7333, 7334) 4208.0
(1061, 1062, 1063) 5445.0
(4139, 4140, 4141) 4770.0
(8753, 8754, 8755) 4431.0
(4186, 4187, 4188) 4578.0
(380, 381, 382) 5501.0
(5813, 5814, 5815) 5248.0
(5190, 5191, 5192) 4827.0
(1824, 1825, 1826) 4903.0
(3401, 3402, 3403) 5243.0
(980, 981, 982) 5094.0
(3462, 3463, 3464) 5580.0
(6958, 6959, 6960) 4786.0
(2941, 2942, 2943) 4495.0
(6779, 6780, 6781) 4625.0
(6487, 6488, 6489) 5392.0
(3617, 3618, 3619) 4289.0
(4351, 4352, 4353) 4212.0
(3188, 3189, 3190) 4835.0
(2379, 2380, 2381) 5179.0
(5001, 5002, 5003) 5283.0
(9013, 9014, 9015) 5464.0
(1712, 1713, 1714) 4636.0
(8689, 8690, 8691) 4503.0
(1630, 1631, 1632) 5060.0
(2700, 2701, 2702) 4682.0
(4137, 4138, 4139) 4656.0
(6827, 6828, 6829) 4710.0
(280, 281, 282) 7290.0
(3523, 3524, 3525) 4663.0
(7302, 7303, 7304) 5787.0
(3233, 3234, 3235) 4553.0
(93, 94, 95) 4402.0
(1310, 1311, 1312) 4398.0
(5322, 5323, 5324) 4441.0
(7487, 7488, 7489) 4471.0
(8625, 8626, 8627) 4606.0
(9387, 9388, 9389) 5598.0
(4351, 4352, 4353) 4212.0
(5368, 5369, 5370) 4690.0
(904, 905, 906) 5616.0
(9471, 9472, 9473) 4611.0
(8202, 8203, 8204) 4380.0
(7272, 7273, 7274) 4756.0
(537, 538, 539) 6595.0
(6579, 6580, 6581) 3985.0
(5485, 5486, 5487) 6376.0
(3349, 3350, 3351) 5276.0
(1526, 1527, 1528) 4291.0
(738, 739, 740) 4926.0
(2172, 2173, 2174) 4852.0
(2937, 2938, 2939) 5046.0
(1252, 1253, 1254) 4535.0
(2182, 2183, 2184) 4857.0
(852, 853, 854) 4670.0
(250, 251, 252) 4394.0
(249, 250, 251) 4793.0
(8568, 8569, 8570) 4589.0
(8423, 8424, 8425) 4752.0
(9724, 9725, 9726) 4991.0
(221, 222, 223) 4415.0
(1755, 1756, 1757) 5199.0
(923, 924, 925) 5156.0
(3976, 3977, 3978) 5018.0
(1452, 1453, 1454) 4657.0
(3124, 3125, 3126) 4411.0
(3449, 3450, 3451) 4348.0
(4509, 4510, 4511) 4860.0
(2122, 2123, 2124) 4519.0
(6702, 6703, 6704) 5945.0
(9471, 9472, 9473) 4611.0
(3349, 3350, 3351) 5276.0
(3670, 3671, 3672) 4981.0
(4046, 4047, 4048) 5114.0
(8082, 8083, 8084) 5023.0
(4574, 4575, 4576) 6025.0
(3060, 3061, 3062) 4649.0
(4344, 4345, 4346) 5168.0
(6195, 6196, 6197) 5113.0
(8918, 8919, 8920) 5365.0
(8342, 8343, 8344) 4434.0
(7708, 7709, 7710) 5547.0
(5568, 5569, 5570) 5325.0
(1425, 1426, 1427) 5019.0
(3499, 3500, 3501) 6001.0
(701, 702, 703) 4935.0
(7279, 7280, 7281) 5199.0
(7602, 7603, 7604) 4386.0
(7468, 7469, 7470) 4591.0
(1804, 1805, 1806) 4666.0
(8075, 8076, 8077) 5834.0
(869, 870, 871) 4744.0
(9621, 9622, 9623) 4839.0
(2805, 2806, 2807) 4720.0
(3661, 3662, 3663) 3964.0
(7008, 7009, 7010) 4798.0
(2336, 2337, 2338) 4976.0
(5638, 5639, 5640) 5079.0
(8678, 8679, 8680) 5478.0
(8741, 8742, 8743) 5153.0
(7595, 7596, 7597) 4156.0
(4077, 4078, 4079) 4815.0
(2142, 2143, 2144) 4816.0
(8578, 8579, 8580) 4770.0
(8573, 8574, 8575) 4468.0
(8823, 8824, 8825) 4987.0
(4271, 4272, 4273) 4353.0
(9948, 9949, 9950) 5652.0
(8352, 8353, 8354) 4520.0
(4958, 4959, 4960) 5852.0
(2807, 2808, 2809) 4736.0
(3588, 3589, 3590) 5431.0
(2912, 2913, 2914) 5136.0
(8629, 8630, 8631) 4833.0
(547, 548, 549) 4798.0
(3390, 3391, 3392) 4993.0
(483, 484, 485) 5231.0
(3697, 3698, 3699) 5609.0
(9764, 9765, 9766) 5532.0
(2573, 2574, 2575) 4535.0
(2654, 2655, 2656) 4002.0
(4972, 4973, 4974) 5215.0
(5999, 6000, 6001) 4754.0
(1932, 1933, 1934) 5041.0
(417, 418, 419) 6383.0
(5523, 5524, 5525) 5015.0
(4674, 4675, 4676) 4731.0
(3984, 3985, 3986) 4764.0
(1039, 1040, 1041) 5552.0
(764, 765, 766) 4878.0
(4831, 4832, 4833) 4334.0
(9317, 9318, 9319) 4765.0
(8299, 8300, 8301) 4547.0
(4201, 4202, 4203) 4342.0
(3802, 3803, 3804) 4516.0
(1627, 1628, 1629) 4005.0
(6708, 6709, 6710) 5262.0
(8463, 8464, 8465) 4139.0
(5467, 5468, 5469) 4268.0
(2760, 2761, 2762) 5330.0
(1718, 1719, 1720) 5223.0
(2347, 2348, 2349) 4574.0
(9920, 9921, 9922) 4904.0
(871, 872, 873) 4257.0
(260, 261, 262) 4531.0
(8957, 8958, 8959) 4768.0
(7415, 7416, 7417) 4538.0
(6971, 6972, 6973) 4308.0
(276, 277, 278) 4768.0
(1351, 1352, 1353) 6177.0
(2722, 2723, 2724) 4697.0
(488, 489, 490) 4796.0
(2344, 2345, 2346) 6347.0
(911, 912, 913) 4767.0
(4297, 4298, 4299) 4727.0
(5868, 5869, 5870) 5007.0
(5189, 5190, 5191) 5486.0
(3327, 3328, 3329) 5282.0
(2482, 2483, 2484) 5176.0
(1695, 1696, 1697) 5005.0
(5946, 5947, 5948) 4406.0
(5951, 5952, 5953) 5631.0
(8337, 8338, 8339) 4439.0
(4361, 4362, 4363) 4856.0
(4640, 4641, 4642) 4049.0
(9279, 9280, 9281) 4669.0
(7420, 7421, 7422) 4713.0
(1847, 1848, 1849) 4575.0
(3566, 3567, 3568) 4657.0
(1713, 1714, 1715) 4586.0
(3895, 3896, 3897) 6040.0
(9104, 9105, 9106) 5345.0
(1240, 1241, 1242) 4631.0
(9351, 9352, 9353) 4349.0
(2799, 2800, 2801) 4827.0
(6279, 6280, 6281) 4416.0
(2748, 2749, 2750) 4546.0
(6101, 6102, 6103) 5222.0
(1373, 1374, 1375) 4217.0
(6881, 6882, 6883) 5384.0
(6384, 6385, 6386) 4815.0
(4330, 4331, 4332) 4549.0
(5137, 5138, 5139) 5735.0
(3744, 3745, 3746) 4858.0
(4670, 4671, 4672) 5564.0
(6006, 6007, 6008) 5228.0
(6953, 6954, 6955) 4537.0
(6359, 6360, 6361) 4323.0
(2560, 2561, 2562) 4351.0
(3640, 3641, 3642) 5278.0
(1591, 1592, 1593) 5296.0
(1066, 1067, 1068) 4915.0
(7248, 7249, 7250) 4469.0
(4910, 4911, 4912) 4880.0
(4524, 4525, 4526) 6018.0
(4109, 4110, 4111) 5045.0
(6283, 6284, 6285) 4870.0
(9342, 9343, 9344) 4955.0
(1472, 1473, 1474) 4778.0
(5365, 5366, 5367) 4240.0
(3239, 3240, 3241) 5008.0
(4252, 4253, 4254) 4486.0
(7396, 7397, 7398) 4964.0
(638, 639, 640) 4782.0
(8066, 8067, 8068) 5893.0
(8738, 8739, 8740) 4552.0
(1893, 1894, 1895) 4414.0
(4162, 4163, 4164) 4848.0
(5693, 5694, 5695) 5650.0
(8637, 8638, 8639) 4548.0
(8789, 8790, 8791) 4650.0
(5163, 5164, 5165) 4730.0
(6320, 6321, 6322) 4653.0
(4944, 4945, 4946) 4626.0
(9691, 9692, 9693) 4409.0
(8705, 8706, 8707) 5021.0
(6979, 6980, 6981) 4972.0
(6095, 6096, 6097) 5413.0
(7141, 7142, 7143) 4929.0
(9949, 9950, 9951) 5836.0
(5147, 5148, 5149) 4814.0
(4812, 4813, 4814) 5039.0
(228, 229, 230) 4278.0
(849, 850, 851) 4540.0
(6677, 6678, 6679) 5012.0
(1193, 1194, 1195) 4833.0
(8636, 8637, 8638) 4038.0
(1954, 1955, 1956) 3995.0
(2314, 2315, 2316) 4519.0
(2566, 2567, 2568) 4084.0
(3243, 3244, 3245) 5471.0
(9584, 9585, 9586) 5311.0
(6907, 6908, 6909) 4666.0
(9785, 9786, 9787) 5271.0
(4665, 4666, 4667) 5657.0
(1518, 1519, 1520) 4729.0
(890, 891, 892) 5391.0
(5251, 5252, 5253) 5263.0
(9909, 9910, 9911) 4411.0
(6052, 6053, 6054) 5817.0
(6388, 6389, 6390) 4384.0
(8743, 8744, 8745) 4472.0
(1292, 1293, 1294) 4437.0
(3733, 3734, 3735) 4834.0
(9587, 9588, 9589) 6720.0
(4389, 4390, 4391) 4964.0
(6902, 6903, 6904) 4704.0
(5317, 5318, 5319) 4984.0
(3960, 3961, 3962) 5026.0
(9969, 9970, 9971) 4805.0
(223, 224, 225) 5530.0
(2973, 2974, 2975) 4382.0
(3618, 3619, 3620) 5205.0
(993, 994, 995) 4820.0
(137, 138, 139) 4675.0
(4521, 4522, 4523) 4542.0
(6932, 6933, 6934) 5083.0
(9011, 9012, 9013) 3985.0
(1303, 1304, 1305) 4582.0
(3685, 3686, 3687) 4385.0
(2509, 2510, 2511) 4046.0
(1998, 1999, 2000) 4097.0
(9127, 9128, 9129) 4158.0
(5056, 5057, 5058) 5162.0
(103, 104, 105) 4752.0
(3047, 3048, 3049) 4278.0
(8464, 8465, 8466) 4371.0
(1710, 1711, 1712) 4202.0
(7218, 7219, 7220) 4787.0
(1079, 1080, 1081) 4447.0
(9161, 9162, 9163) 4746.0
(6045, 6046, 6047) 4666.0
(8215, 8216, 8217) 4195.0
(4450, 4451, 4452) 5764.0
(780, 781, 782) 5538.0
(5895, 5896, 5897) 4791.0
(952, 953, 954) 4596.0
(7719, 7720, 7721) 4155.0
(9680, 9681, 9682) 5016.0
(8178, 8179, 8180) 4668.0
(3743, 3744, 3745) 4957.0
(2622, 2623, 2624) 4794.0
(1252, 1253, 1254) 4535.0
(840, 841, 842) 5613.0
(5293, 5294, 5295) 4625.0
(28, 29, 30) 4065.0
(9112, 9113, 9114) 4649.0
(2534, 2535, 2536) 4870.0
(6692, 6693, 6694) 5272.0
(3650, 3651, 3652) 4584.0
(9487, 9488, 9489) 5372.0
(4268, 4269, 4270) 4847.0
(7860, 7861, 7862) 5327.0
(8673, 8674, 8675) 4852.0
(7152, 7153, 7154) 5270.0
(7772, 7773, 7774) 4989.0
(4587, 4588, 4589) 5365.0
(2924, 2925, 2926) 4186.0
(3466, 3467, 3468) 4685.0
(142, 143, 144) 5352.0
(3721, 3722, 3723) 6078.0
(5387, 5388, 5389) 5138.0
(7010, 7011, 7012) 6090.0
(5719, 5720, 5721) 4393.0
(3212, 3213, 3214) 4580.0
(8250, 8251, 8252) 5625.0
(2022, 2023, 2024) 4484.0
(2214, 2215, 2216) 5843.0
(190, 191, 192) 4140.0
(2556, 2557, 2558) 5310.0
(9088, 9089, 9090) 3947.0
(7682, 7683, 7684) 4084.0
(4569, 4570, 4571) 4771.0
(7205, 7206, 7207) 5809.0
(6988, 6989, 6990) 4708.0
(8454, 8455, 8456) 4710.0
(3165, 3166, 3167) 4185.0
(9142, 9143, 9144) 4326.0
(1078, 1079, 1080) 4724.0
(2855, 2856, 2857) 5400.0
(6466, 6467, 6468) 5432.0
(7890, 7891, 7892) 4605.0
(5893, 5894, 5895) 3749.0
(1180, 1181, 1182) 4821.0
(5702, 5703, 5704) 4425.0
(4791, 4792, 4793) 4073.0
(312, 313, 314) 5678.0
(9294, 9295, 9296) 4661.0
(5751, 5752, 5753) 4434.0
(4712, 4713, 4714) 5126.0
(6725, 6726, 6727) 4786.0
(3490, 3491, 3492) 4588.0
(9015, 9016, 9017) 4835.0
(6124, 6125, 6126) 4840.0
(2681, 2682, 2683) 4702.0
(1927, 1928, 1929) 4900.0
(5114, 5115, 5116) 4696.0
(2732, 2733, 2734) 5947.0
(472, 473, 474) 3889.0
(5075, 5076, 5077) 6272.0
(6352, 6353, 6354) 4823.0
(5200, 5201, 5202) 4585.0
(8407, 8408, 8409) 3730.0
(5715, 5716, 5717) 5070.0
(403, 404, 405) 4590.0
(8780, 8781, 8782) 5119.0
(7048, 7049, 7050) 5942.0
(9782, 9783, 9784) 4947.0
(437, 438, 439) 4900.0
(9005, 9006, 9007) 6231.0
(3757, 3758, 3759) 4893.0
(8561, 8562, 8563) 4981.0
(3450, 3451, 3452) 6462.0
