(6148, 6149, 6150) 4906.0
(2946, 2947, 2948) 5028.0
(5379, 5380, 5381) 5217.0
(2251, 2252, 2253) 4796.0
(1867, 1868, 1869) 4799.0
(4936, 4937, 4938) 4921.0
(9618, 9619, 9620) 5766.0
(9616, 9617, 9618) 5205.0
(8672, 8673, 8674) 4727.0
(9592, 9593, 9594) 4412.0
(6993, 6994, 6995) 4582.0
(8579, 8580, 8581) 4721.0
(166, 167, 168) 5720.0
(353, 354, 355) 4594.0
(5886, 5887, 5888) 4277.0
(6170, 6171, 6172) 4790.0
(3268, 3269, 3270) 4978.0
(6554, 6555, 6556) 4711.0
(4032, 4033, 4034) 4991.0
(6065, 6066, 6067) 5158.0
(6360, 6361, 6362) 4663.0
(1710, 1711, 1712) 4790.0
(9251, 9252, 9253) 4988.0
(4491, 4492, 4493) 4227.0
(9428, 9429, 9430) 4491.0
(7627, 7628, 7629) 5453.0
(62, 63, 64) 4142.0
(6493, 6494, 6495) 5498.0
(8392, 8393, 8394) 4296.0
(1276, 1277, 1278) 5175.0
(1057, 1058, 1059) 4928.0
(7216, 7217, 7218) 6360.0
(6323, 6324, 6325) 4264.0
(2288, 2289, 2290) 4957.0
(1543, 1544, 1545) 4645.0
(7905, 7906, 7907) 5708.0
(2216, 2217, 2218) 4353.0
(6844, 6845, 6846) 5284.0
(5889, 5890, 5891) 4877.0
(87, 88, 89) 5117.0
(9632, 9633, 9634) 5255.0
(4101, 4102, 4103) 4676.0
(4752, 4753, 4754) 4109.0
(1337, 1338, 1339) 5467.0
(5233, 5234, 5235) 4564.0
(692, 693, 694) 5226.0
(9430, 9431, 9432) 5290.0
(8824, 8825, 8826) 4182.0
(9658, 9659, 9660) 4517.0
(2663, 2664, 2665) 5181.0
(7439, 7440, 7441) 5717.0
(3054, 3055, 3056) 4578.0
(6990, 6991, 6992) 4458.0
(4861, 4862, 4863) 4745.0
(2189, 2190, 2191) 4957.0
(8363, 8364, 8365) 4529.0
(9885, 9886, 9887) 5243.0
(6095, 6096, 6097) 5491.0
(9127, 9128, 9129) 4468.0
(637, 638, 639) 4930.0
(6122, 6123, 6124) 4619.0
(3173, 3174, 3175) 4044.0
(9049, 9050, 9051) 4651.0
(787, 788, 789) 4695.0
(816, 817, 818) 5065.0
(2795, 2796, 2797) 4728.0
(5656, 5657, 5658) 4728.0
(4512, 4513, 4514) 5140.0
(4061, 4062, 4063) 4572.0
(5659, 5660, 5661) 4299.0
(1954, 1955, 1956) 4112.0
(7516, 7517, 7518) 4757.0
(9880, 9881, 9882) 4403.0
(8745, 8746, 8747) 5019.0
(5442, 5443, 5444) 4838.0
(7584, 7585, 7586) 4985.0
(7551, 7552, 7553) 5476.0
(5728, 5729, 5730) 4237.0
(9581, 9582, 9583) 4697.0
(7211, 7212, 7213) 5025.0
(7768, 7769, 7770) 5108.0
(7762, 7763, 7764) 5156.0
(5934, 5935, 5936) 4629.0
(7661, 7662, 7663) 4266.0
(7679, 7680, 7681) 4026.0
(6971, 6972, 6973) 4352.0
(9282, 9283, 9284) 6553.0
(6469, 6470, 6471) 4620.0
(3564, 3565, 3566) 4644.0
(4605, 4606, 4607) 4892.0
(722, 723, 724) 4633.0
(2125, 2126, 2127) 5532.0
(8411, 8412, 8413) 4702.0
(2762, 2763, 2764) 5630.0
(4551, 4552, 4553) 4442.0
(9614, 9615, 9616) 5199.0
(3894, 3895, 3896) 4785.0
(9129, 9130, 9131) 4655.0
(5814, 5815, 5816) 5829.0
(9333, 9334, 9335) 4653.0
(967, 968, 969) 5001.0
(5753, 5754, 5755) 5036.0
(6092, 6093, 6094) 4853.0
(3783, 3784, 3785) 3933.0
(2334, 2335, 2336) 5591.0
(4748, 4749, 4750) 4363.0
(8732, 8733, 8734) 5263.0
(2078, 2079, 2080) 4429.0
(416, 417, 418) 4874.0
(8521, 8522, 8523) 4501.0
(487, 488, 489) 4451.0
(5872, 5873, 5874) 6043.0
(8972, 8973, 8974) 3984.0
(2795, 2796, 2797) 4728.0
(7993, 7994, 7995) 5433.0
(5907, 5908, 5909) 4148.0
(7511, 7512, 7513) 4960.0
(5128, 5129, 5130) 5609.0
(3307, 3308, 3309) 5344.0
(522, 523, 524) 5561.0
(7491, 7492, 7493) 4908.0
(4912, 4913, 4914) 4147.0
(8598, 8599, 8600) 4920.0
(9976, 9977, 9978) 5210.0
(1112, 1113, 1114) 5403.0
(4273, 4274, 4275) 6005.0
(7526, 7527, 7528) 5233.0
(6619, 6620, 6621) 5347.0
(3454, 3455, 3456) 5251.0
(9712, 9713, 9714) 6231.0
(1143, 1144, 1145) 4342.0
(4214, 4215, 4216) 4616.0
(1200, 1201, 1202) 5052.0
(6758, 6759, 6760) 6740.0
(8057, 8058, 8059) 4181.0
(9017, 9018, 9019) 4610.0
(9650, 9651, 9652) 5329.0
(7203, 7204, 7205) 4456.0
(3691, 3692, 3693) 4973.0
(3263, 3264, 3265) 4707.0
(2707, 2708, 2709) 5264.0
(2193, 2194, 2195) 3912.0
(627, 628, 629) 4454.0
(8343, 8344, 8345) 3825.0
(2633, 2634, 2635) 6690.0
(3305, 3306, 3307) 5063.0
(6295, 6296, 6297) 5295.0
(7626, 7627, 7628) 4878.0
(9496, 9497, 9498) 4961.0
(6314, 6315, 6316) 4908.0
(8999, 9000, 9001) 4095.0
(6059, 6060, 6061) 4167.0
(2249, 2250, 2251) 5560.0
(3417, 3418, 3419) 5350.0
(2839, 2840, 2841) 5145.0
(9866, 9867, 9868) 4406.0
(1082, 1083, 1084) 5005.0
(9492, 9493, 9494) 5161.0
(7625, 7626, 7627) 4638.0
(9244, 9245, 9246) 4081.0
(4880, 4881, 4882) 6415.0
(7190, 7191, 7192) 5319.0
(7387, 7388, 7389) 4854.0
(3563, 3564, 3565) 3913.0
(5674, 5675, 5676) 4794.0
(3470, 3471, 3472) 5887.0
(8219, 8220, 8221) 4587.0
(7603, 7604, 7605) 4238.0
(4821, 4822, 4823) 4708.0
(4786, 4787, 4788) 4944.0
(6746, 6747, 6748) 4705.0
(973, 974, 975) 4367.0
(6431, 6432, 6433) 4393.0
(7244, 7245, 7246) 4969.0
(9145, 9146, 9147) 5062.0
(2198, 2199, 2200) 4996.0
(9887, 9888, 9889) 6180.0
(7086, 7087, 7088) 5067.0
(3101, 3102, 3103) 4409.0
(2110, 2111, 2112) 4759.0
(5083, 5084, 5085) 5039.0
(4775, 4776, 4777) 5258.0
(9119, 9120, 9121) 4830.0
(7023, 7024, 7025) 4423.0
(5331, 5332, 5333) 5047.0
(1184, 1185, 1186) 5961.0
(7513, 7514, 7515) 4355.0
(3125, 3126, 3127) 4352.0
(2688, 2689, 2690) 4136.0
(1884, 1885, 1886) 4735.0
(2097, 2098, 2099) 5473.0
(3562, 3563, 3564) 5314.0
(4959, 4960, 4961) 4623.0
(2468, 2469, 2470) 6233.0
(681, 682, 683) 5133.0
(7791, 7792, 7793) 4128.0
(5433, 5434, 5435) 5029.0
(2770, 2771, 2772) 4901.0
(6207, 6208, 6209) 4737.0
(4088, 4089, 4090) 5423.0
(7547, 7548, 7549) 5149.0
