(930, 931, 932) 6399.0
(1804, 1805, 1806) 5053.0
(7284, 7285, 7286) 6832.0
(5795, 5796, 5797) 4825.0
(5287, 5288, 5289) 5375.0
(3369, 3370, 3371) 5705.0
(4398, 4399, 4400) 4785.0
(9739, 9740, 9741) 5641.0
(7466, 7467, 7468) 5087.0
(3373, 3374, 3375) 4570.0
(653, 654, 655) 4567.0
(6826, 6827, 6828) 5579.0
(7495, 7496, 7497) 5339.0
(4927, 4928, 4929) 4734.0
(8006, 8007, 8008) 6939.0
(8782, 8783, 8784) 5013.0
(1000, 1001, 1002) 5264.0
(9743, 9744, 9745) 5729.0
(9387, 9388, 9389) 5775.0
(9117, 9118, 9119) 4542.0
(1123, 1124, 1125) 4533.0
(1298, 1299, 1300) 4594.0
(7184, 7185, 7186) 4346.0
(9127, 9128, 9129) 4542.0
(8424, 8425, 8426) 4469.0
(4201, 4202, 4203) 4668.0
(6043, 6044, 6045) 5279.0
(1938, 1939, 1940) 6126.0
(7191, 7192, 7193) 6549.0
(3728, 3729, 3730) 5992.0
(8253, 8254, 8255) 5554.0
(2488, 2489, 2490) 4453.0
(5603, 5604, 5605) 4874.0
(3157, 3158, 3159) 5532.0
(2395, 2396, 2397) 4830.0
(9336, 9337, 9338) 5874.0
(8954, 8955, 8956) 5673.0
(3380, 3381, 3382) 4312.0
(3744, 3745, 3746) 5281.0
(9464, 9465, 9466) 5204.0
(6520, 6521, 6522) 4665.0
(5122, 5123, 5124) 5167.0
(8008, 8009, 8010) 6252.0
(3994, 3995, 3996) 5847.0
(3565, 3566, 3567) 6141.0
(657, 658, 659) 6001.0
(9983, 9984, 9985) 5105.0
(8274, 8275, 8276) 5008.0
(4781, 4782, 4783) 5788.0
(9789, 9790, 9791) 5283.0
(4575, 4576, 4577) 4389.0
(6093, 6094, 6095) 5077.0
(540, 541, 542) 4903.0
(2185, 2186, 2187) 5256.0
(9145, 9146, 9147) 5311.0
(9869, 9870, 9871) 4567.0
(4900, 4901, 4902) 4484.0
(6706, 6707, 6708) 4635.0
(2776, 2777, 2778) 5300.0
(757, 758, 759) 4578.0
(9403, 9404, 9405) 6042.0
(8894, 8895, 8896) 5213.0
(24, 25, 26) 6094.0
(7475, 7476, 7477) 5163.0
(8068, 8069, 8070) 5152.0
(8222, 8223, 8224) 4996.0
(6601, 6602, 6603) 4981.0
(7592, 7593, 7594) 5968.0
(4731, 4732, 4733) 6258.0
(6058, 6059, 6060) 5242.0
(4194, 4195, 4196) 5784.0
(457, 458, 459) 5234.0
(2683, 2684, 2685) 4505.0
(4361, 4362, 4363) 4698.0
(1240, 1241, 1242) 5190.0
(3303, 3304, 3305) 6985.0
(9299, 9300, 9301) 5183.0
(677, 678, 679) 5357.0
(2991, 2992, 2993) 5265.0
(9244, 9245, 9246) 4157.0
(9620, 9621, 9622) 4820.0
(3355, 3356, 3357) 5121.0
(3202, 3203, 3204) 5891.0
(3610, 3611, 3612) 5479.0
(9305, 9306, 9307) 4930.0
(9622, 9623, 9624) 4966.0
(3915, 3916, 3917) 4816.0
(5652, 5653, 5654) 5190.0
(3074, 3075, 3076) 4982.0
(8771, 8772, 8773) 5029.0
(849, 850, 851) 4525.0
(3867, 3868, 3869) 4582.0
(8760, 8761, 8762) 4890.0
(4163, 4164, 4165) 5343.0
(8313, 8314, 8315) 6580.0
(4478, 4479, 4480) 5062.0
(977, 978, 979) 4854.0
(8012, 8013, 8014) 6848.0
(8646, 8647, 8648) 4523.0
(6314, 6315, 6316) 5349.0
(6514, 6515, 6516) 5941.0
(5280, 5281, 5282) 4898.0
(752, 753, 754) 4720.0
(7406, 7407, 7408) 4714.0
(7821, 7822, 7823) 4790.0
(3501, 3502, 3503) 5006.0
(4264, 4265, 4266) 4941.0
(3386, 3387, 3388) 4331.0
(1140, 1141, 1142) 4615.0
(1231, 1232, 1233) 6123.0
(9289, 9290, 9291) 4589.0
(5336, 5337, 5338) 5641.0
(5913, 5914, 5915) 6222.0
(8212, 8213, 8214) 5289.0
(9416, 9417, 9418) 5617.0
(6998, 6999, 7000) 5774.0
(608, 609, 610) 4819.0
(4311, 4312, 4313) 4788.0
(6867, 6868, 6869) 5331.0
(2085, 2086, 2087) 5446.0
(8414, 8415, 8416) 5521.0
(4082, 4083, 4084) 4315.0
(8968, 8969, 8970) 4295.0
(9734, 9735, 9736) 5584.0
(1842, 1843, 1844) 4699.0
(8067, 8068, 8069) 5456.0
(2830, 2831, 2832) 4691.0
(3748, 3749, 3750) 4562.0
(6847, 6848, 6849) 5425.0
(6013, 6014, 6015) 4814.0
(1402, 1403, 1404) 4694.0
(8963, 8964, 8965) 5389.0
(6466, 6467, 6468) 6089.0
(6184, 6185, 6186) 5127.0
(4694, 4695, 4696) 6404.0
(9112, 9113, 9114) 4795.0
(9208, 9209, 9210) 4798.0
(9896, 9897, 9898) 4497.0
(6985, 6986, 6987) 4626.0
(1081, 1082, 1083) 4628.0
(2043, 2044, 2045) 4903.0
(2562, 2563, 2564) 5361.0
(4751, 4752, 4753) 5514.0
(8929, 8930, 8931) 5722.0
(2090, 2091, 2092) 4719.0
(764, 765, 766) 5089.0
(2864, 2865, 2866) 4595.0
(5584, 5585, 5586) 5227.0
(332, 333, 334) 4593.0
(5338, 5339, 5340) 5580.0
(427, 428, 429) 4163.0
(6273, 6274, 6275) 4651.0
(9198, 9199, 9200) 6552.0
(432, 433, 434) 4294.0
(7569, 7570, 7571) 6613.0
(9819, 9820, 9821) 4605.0
(2457, 2458, 2459) 4384.0
(2435, 2436, 2437) 5916.0
(4580, 4581, 4582) 5403.0
(8014, 8015, 8016) 5116.0
(3804, 3805, 3806) 5282.0
(8825, 8826, 8827) 7134.0
(3232, 3233, 3234) 5042.0
(9232, 9233, 9234) 6258.0
(953, 954, 955) 5673.0
(7348, 7349, 7350) 5280.0
(9496, 9497, 9498) 5069.0
(5224, 5225, 5226) 5075.0
(899, 900, 901) 4052.0
(3095, 3096, 3097) 5032.0
(8454, 8455, 8456) 4935.0
(427, 428, 429) 4163.0
(5866, 5867, 5868) 4446.0
(1971, 1972, 1973) 6587.0
(3203, 3204, 3205) 4380.0
(4493, 4494, 4495) 4292.0
(1204, 1205, 1206) 5435.0
(7969, 7970, 7971) 4513.0
(5119, 5120, 5121) 5709.0
(6379, 6380, 6381) 5489.0
(4410, 4411, 4412) 5536.0
(5336, 5337, 5338) 5641.0
(9167, 9168, 9169) 4496.0
(8042, 8043, 8044) 4934.0
(794, 795, 796) 6297.0
(5603, 5604, 5605) 4874.0
(9820, 9821, 9822) 5188.0
(4660, 4661, 4662) 5858.0
(170, 171, 172) 5571.0
(49, 50, 51) 4860.0
(6445, 6446, 6447) 5184.0
(5753, 5754, 5755) 5161.0
(6307, 6308, 6309) 5354.0
(7954, 7955, 7956) 4662.0
(8433, 8434, 8435) 4586.0
(3480, 3481, 3482) 5229.0
(479, 480, 481) 4991.0
(1495, 1496, 1497) 5348.0
(192, 193, 194) 5900.0
(5585, 5586, 5587) 5763.0
(1870, 1871, 1872) 5385.0
