(2689, 2690, 2691) 4842.0
(9737, 9738, 9739) 4517.0
(6820, 6821, 6822) 5629.0
(7372, 7373, 7374) 5202.0
(5902, 5903, 5904) 5437.0
(9020, 9021, 9022) 4200.0
(6961, 6962, 6963) 4817.0
(3269, 3270, 3271) 4887.0
(6773, 6774, 6775) 5589.0
(148, 149, 150) 4980.0
(8200, 8201, 8202) 5884.0
(1842, 1843, 1844) 4635.0
(7708, 7709, 7710) 5713.0
(144, 145, 146) 5581.0
(7745, 7746, 7747) 4991.0
(5382, 5383, 5384) 4476.0
(6866, 6867, 6868) 6401.0
(7933, 7934, 7935) 6795.0
(4621, 4622, 4623) 6031.0
(4579, 4580, 4581) 5513.0
(9037, 9038, 9039) 5178.0
(1949, 1950, 1951) 5618.0
(6830, 6831, 6832) 5089.0
(6189, 6190, 6191) 5453.0
(2109, 2110, 2111) 4953.0
(2218, 2219, 2220) 4410.0
(105, 106, 107) 4365.0
(9434, 9435, 9436) 5521.0
(7480, 7481, 7482) 5570.0
(5522, 5523, 5524) 5850.0
(7808, 7809, 7810) 4919.0
(87, 88, 89) 5529.0
(3613, 3614, 3615) 4636.0
(7912, 7913, 7914) 6716.0
(7303, 7304, 7305) 5220.0
(9854, 9855, 9856) 5962.0
(5810, 5811, 5812) 4863.0
(4595, 4596, 4597) 4754.0
(7854, 7855, 7856) 5727.0
(6370, 6371, 6372) 5493.0
(1696, 1697, 1698) 5184.0
(44, 45, 46) 5193.0
(6342, 6343, 6344) 6205.0
(5364, 5365, 5366) 5134.0
(5097, 5098, 5099) 4470.0
(7374, 7375, 7376) 5992.0
(401, 402, 403) 5691.0
(3738, 3739, 3740) 6741.0
(7049, 7050, 7051) 5141.0
(44, 45, 46) 5193.0
(2578, 2579, 2580) 5740.0
(5601, 5602, 5603) 5207.0
(2235, 2236, 2237) 5569.0
(1723, 1724, 1725) 4649.0
(7863, 7864, 7865) 5617.0
(4026, 4027, 4028) 6326.0
(7604, 7605, 7606) 5363.0
(6641, 6642, 6643) 5282.0
(4145, 4146, 4147) 5129.0
(3926, 3927, 3928) 4883.0
(6059, 6060, 6061) 4420.0
(5733, 5734, 5735) 4923.0
(9727, 9728, 9729) 5143.0
(7326, 7327, 7328) 6172.0
(6471, 6472, 6473) 5286.0
(8890, 8891, 8892) 4734.0
(5710, 5711, 5712) 4170.0
(3218, 3219, 3220) 4880.0
(4957, 4958, 4959) 5552.0
(5352, 5353, 5354) 5370.0
(5919, 5920, 5921) 5232.0
(3491, 3492, 3493) 4902.0
(8226, 8227, 8228) 4726.0
(1048, 1049, 1050) 5511.0
(9376, 9377, 9378) 4745.0
(7191, 7192, 7193) 6552.0
(8738, 8739, 8740) 5007.0
(4617, 4618, 4619) 5401.0
(8438, 8439, 8440) 5025.0
(5089, 5090, 5091) 6170.0
(3680, 3681, 3682) 5902.0
(9707, 9708, 9709) 5204.0
(6247, 6248, 6249) 6757.0
(7766, 7767, 7768) 5283.0
(331, 332, 333) 5538.0
(5088, 5089, 5090) 4520.0
(3961, 3962, 3963) 4554.0
(7516, 7517, 7518) 4984.0
(7459, 7460, 7461) 4829.0
(3097, 3098, 3099) 4984.0
(899, 900, 901) 4014.0
(8173, 8174, 8175) 5672.0
(7196, 7197, 7198) 5179.0
(6451, 6452, 6453) 6897.0
(2290, 2291, 2292) 6367.0
(9690, 9691, 9692) 5054.0
(2372, 2373, 2374) 7001.0
(1647, 1648, 1649) 5231.0
(3476, 3477, 3478) 4610.0
(2372, 2373, 2374) 7001.0
(9090, 9091, 9092) 5891.0
(1919, 1920, 1921) 5973.0
(9169, 9170, 9171) 4631.0
(5883, 5884, 5885) 4891.0
(793, 794, 795) 4507.0
(560, 561, 562) 4943.0
(4990, 4991, 4992) 4959.0
(3636, 3637, 3638) 4551.0
(9764, 9765, 9766) 6432.0
(5134, 5135, 5136) 6289.0
(3512, 3513, 3514) 4518.0
(2998, 2999, 3000) 5297.0
(4389, 4390, 4391) 5152.0
(7985, 7986, 7987) 5248.0
(9031, 9032, 9033) 5607.0
(9172, 9173, 9174) 6875.0
(6482, 6483, 6484) 4835.0
(4343, 4344, 4345) 4771.0
(3294, 3295, 3296) 5978.0
(9003, 9004, 9005) 5074.0
(7629, 7630, 7631) 5799.0
(4938, 4939, 4940) 4542.0
(8344, 8345, 8346) 5266.0
(6850, 6851, 6852) 4230.0
(2666, 2667, 2668) 5297.0
(9626, 9627, 9628) 5722.0
(3673, 3674, 3675) 5687.0
(6684, 6685, 6686) 5208.0
(742, 743, 744) 5906.0
(502, 503, 504) 5827.0
(7913, 7914, 7915) 4783.0
(7196, 7197, 7198) 5179.0
(1179, 1180, 1181) 4596.0
(913, 914, 915) 5806.0
(5838, 5839, 5840) 5187.0
(7967, 7968, 7969) 6643.0
(7373, 7374, 7375) 5259.0
(5314, 5315, 5316) 5279.0
(8999, 9000, 9001) 4984.0
(5535, 5536, 5537) 5036.0
(4902, 4903, 4904) 5613.0
(538, 539, 540) 5700.0
(9685, 9686, 9687) 5335.0
(5011, 5012, 5013) 4620.0
(1575, 1576, 1577) 4651.0
(5098, 5099, 5100) 5376.0
(9851, 9852, 9853) 5174.0
(2567, 2568, 2569) 6949.0
(5862, 5863, 5864) 5714.0
(4373, 4374, 4375) 6253.0
(8754, 8755, 8756) 5389.0
(1728, 1729, 1730) 5436.0
(1807, 1808, 1809) 6105.0
(4358, 4359, 4360) 4483.0
(7857, 7858, 7859) 4731.0
(4599, 4600, 4601) 4492.0
(7828, 7829, 7830) 5120.0
(736, 737, 738) 4597.0
(7545, 7546, 7547) 5571.0
(8821, 8822, 8823) 4638.0
(1918, 1919, 1920) 5049.0
(4212, 4213, 4214) 4635.0
(1879, 1880, 1881) 4833.0
(5448, 5449, 5450) 4263.0
(2777, 2778, 2779) 5010.0
(9289, 9290, 9291) 4595.0
(972, 973, 974) 5310.0
(5730, 5731, 5732) 5724.0
(2100, 2101, 2102) 5415.0
(444, 445, 446) 6461.0
(4347, 4348, 4349) 5888.0
(6679, 6680, 6681) 5683.0
(8276, 8277, 8278) 4548.0
(8314, 8315, 8316) 6747.0
(589, 590, 591) 5624.0
(4954, 4955, 4956) 5018.0
(7098, 7099, 7100) 7020.0
(3859, 3860, 3861) 5121.0
(3421, 3422, 3423) 4792.0
(2824, 2825, 2826) 6132.0
(4254, 4255, 4256) 4554.0
(5396, 5397, 5398) 4883.0
(5655, 5656, 5657) 4787.0
(372, 373, 374) 4853.0
(3418, 3419, 3420) 5391.0
(6337, 6338, 6339) 5027.0
(9592, 9593, 9594) 4711.0
(7864, 7865, 7866) 4588.0
(9503, 9504, 9505) 4657.0
(9181, 9182, 9183) 6586.0
(3331, 3332, 3333) 6025.0
(4961, 4962, 4963) 5140.0
(9644, 9645, 9646) 5077.0
(3625, 3626, 3627) 5965.0
(6790, 6791, 6792) 4828.0
(3824, 3825, 3826) 5579.0
(9775, 9776, 9777) 5293.0
(5637, 5638, 5639) 4790.0
(3712, 3713, 3714) 5519.0
(7733, 7734, 7735) 4957.0
(9069, 9070, 9071) 5938.0
