(4511, 4512, 4513) 5593.0
(8619, 8620, 8621) 5367.0
(683, 684, 685) 5752.0
(4703, 4704, 4705) 5153.0
(3885, 3886, 3887) 5112.0
(4917, 4918, 4919) 6701.0
(8986, 8987, 8988) 5460.0
(6217, 6218, 6219) 5146.0
(1507, 1508, 1509) 5538.0
(2526, 2527, 2528) 4827.0
(5379, 5380, 5381) 5602.0
(3767, 3768, 3769) 4605.0
(1819, 1820, 1821) 5282.0
(7569, 7570, 7571) 6891.0
(2940, 2941, 2942) 5831.0
(3822, 3823, 3824) 4615.0
(7335, 7336, 7337) 5443.0
(664, 665, 666) 4784.0
(7853, 7854, 7855) 5386.0
(7168, 7169, 7170) 5444.0
(8018, 8019, 8020) 6734.0
(877, 878, 879) 5518.0
(3209, 3210, 3211) 4898.0
(4457, 4458, 4459) 5147.0
(1879, 1880, 1881) 4886.0
(942, 943, 944) 5914.0
(6077, 6078, 6079) 5438.0
(4951, 4952, 4953) 6032.0
(5368, 5369, 5370) 5530.0
(9336, 9337, 9338) 6222.0
(2605, 2606, 2607) 4912.0
(8702, 8703, 8704) 4312.0
(8651, 8652, 8653) 5057.0
(865, 866, 867) 5140.0
(1687, 1688, 1689) 5232.0
(7129, 7130, 7131) 5194.0
(5821, 5822, 5823) 5487.0
(3411, 3412, 3413) 5961.0
(7349, 7350, 7351) 5356.0
(4975, 4976, 4977) 5551.0
(966, 967, 968) 4954.0
(8748, 8749, 8750) 5245.0
(1156, 1157, 1158) 4946.0
(5619, 5620, 5621) 4606.0
(962, 963, 964) 5598.0
(5431, 5432, 5433) 6066.0
(9485, 9486, 9487) 4785.0
(20, 21, 22) 4522.0
(2150, 2151, 2152) 6443.0
(3931, 3932, 3933) 5848.0
(4601, 4602, 4603) 5482.0
(1060, 1061, 1062) 6501.0
(6280, 6281, 6282) 5242.0
(4594, 4595, 4596) 5061.0
(4865, 4866, 4867) 4623.0
(1644, 1645, 1646) 5793.0
(7821, 7822, 7823) 5026.0
(6345, 6346, 6347) 4788.0
(9605, 9606, 9607) 4872.0
(1099, 1100, 1101) 4975.0
(289, 290, 291) 4678.0
(9932, 9933, 9934) 5516.0
(2534, 2535, 2536) 5457.0
(3758, 3759, 3760) 5138.0
(6493, 6494, 6495) 5862.0
(6343, 6344, 6345) 5958.0
(5067, 5068, 5069) 5469.0
(3864, 3865, 3866) 4973.0
(2762, 2763, 2764) 5925.0
(5344, 5345, 5346) 5190.0
(4264, 4265, 4266) 5240.0
(3664, 3665, 3666) 5324.0
(6483, 6484, 6485) 5140.0
(7175, 7176, 7177) 4900.0
(2020, 2021, 2022) 5566.0
(8566, 8567, 8568) 5590.0
(7137, 7138, 7139) 5374.0
(6144, 6145, 6146) 4625.0
(1609, 1610, 1611) 5753.0
(1635, 1636, 1637) 5744.0
(7836, 7837, 7838) 5799.0
(618, 619, 620) 5431.0
(3218, 3219, 3220) 5029.0
(9863, 9864, 9865) 5460.0
(1668, 1669, 1670) 5575.0
(2021, 2022, 2023) 5054.0
(1807, 1808, 1809) 6030.0
(6617, 6618, 6619) 5853.0
(4763, 4764, 4765) 5487.0
(2985, 2986, 2987) 5400.0
(5779, 5780, 5781) 5804.0
(3344, 3345, 3346) 4456.0
(1323, 1324, 1325) 5142.0
(278, 279, 280) 5885.0
(346, 347, 348) 5765.0
(3504, 3505, 3506) 5094.0
(5939, 5940, 5941) 5502.0
(6789, 6790, 6791) 6760.0
(4445, 4446, 4447) 4725.0
(9798, 9799, 9800) 4716.0
(1398, 1399, 1400) 5408.0
(732, 733, 734) 5806.0
(2071, 2072, 2073) 5801.0
(2022, 2023, 2024) 4926.0
(5509, 5510, 5511) 5804.0
(3732, 3733, 3734) 5862.0
(4868, 4869, 4870) 4868.0
(3814, 3815, 3816) 6943.0
(2248, 2249, 2250) 5900.0
(8675, 8676, 8677) 5335.0
(3835, 3836, 3837) 6981.0
(4823, 4824, 4825) 5074.0
(390, 391, 392) 5986.0
(5813, 5814, 5815) 5787.0
(9280, 9281, 9282) 5413.0
(9553, 9554, 9555) 4971.0
(7347, 7348, 7349) 5159.0
(7275, 7276, 7277) 6191.0
(969, 970, 971) 5749.0
(9801, 9802, 9803) 4903.0
(7533, 7534, 7535) 5925.0
(798, 799, 800) 5372.0
(9714, 9715, 9716) 6017.0
(2154, 2155, 2156) 4785.0
(6225, 6226, 6227) 5385.0
(6934, 6935, 6936) 5393.0
(4557, 4558, 4559) 5139.0
(6790, 6791, 6792) 4841.0
(7033, 7034, 7035) 5112.0
(5303, 5304, 5305) 5386.0
(9495, 9496, 9497) 4209.0
(6511, 6512, 6513) 5103.0
(8731, 8732, 8733) 5995.0
(31, 32, 33) 4841.0
(2008, 2009, 2010) 4858.0
(5442, 5443, 5444) 5007.0
(9559, 9560, 9561) 5059.0
(9902, 9903, 9904) 4996.0
(5081, 5082, 5083) 5610.0
(6649, 6650, 6651) 5916.0
(5481, 5482, 5483) 5376.0
(9480, 9481, 9482) 6755.0
(6129, 6130, 6131) 5679.0
(8383, 8384, 8385) 6626.0
(7087, 7088, 7089) 4759.0
(2809, 2810, 2811) 4683.0
(6803, 6804, 6805) 4580.0
(2633, 2634, 2635) 7153.0
(9271, 9272, 9273) 5822.0
(6032, 6033, 6034) 6305.0
(3975, 3976, 3977) 5765.0
(1015, 1016, 1017) 5509.0
(7920, 7921, 7922) 6273.0
(3401, 3402, 3403) 5475.0
(4327, 4328, 4329) 4609.0
(5371, 5372, 5373) 5832.0
(4702, 4703, 4704) 5822.0
(2686, 2687, 2688) 5861.0
(7733, 7734, 7735) 5249.0
(4044, 4045, 4046) 5060.0
(5358, 5359, 5360) 5030.0
(7700, 7701, 7702) 5287.0
(8071, 8072, 8073) 5397.0
(5999, 6000, 6001) 5611.0
(769, 770, 771) 5839.0
(8738, 8739, 8740) 5534.0
(7588, 7589, 7590) 5040.0
(6830, 6831, 6832) 5155.0
(4829, 4830, 4831) 4867.0
(4550, 4551, 4552) 4902.0
(8455, 8456, 8457) 6766.0
(3527, 3528, 3529) 4284.0
(7043, 7044, 7045) 6106.0
(5298, 5299, 5300) 5770.0
(5825, 5826, 5827) 5296.0
(7894, 7895, 7896) 4761.0
(6827, 6828, 6829) 5284.0
(5207, 5208, 5209) 5127.0
(2734, 2735, 2736) 5211.0
(958, 959, 960) 5619.0
(337, 338, 339) 5916.0
(5136, 5137, 5138) 6166.0
(4678, 4679, 4680) 5940.0
(7284, 7285, 7286) 7428.0
(3766, 3767, 3768) 5587.0
(8546, 8547, 8548) 5969.0
(9598, 9599, 9600) 5879.0
(918, 919, 920) 5721.0
(4519, 4520, 4521) 5414.0
(8242, 8243, 8244) 5393.0
(2381, 2382, 2383) 5934.0
(1012, 1013, 1014) 5200.0
(4005, 4006, 4007) 4659.0
(7975, 7976, 7977) 4518.0
(7358, 7359, 7360) 5516.0
(2169, 2170, 2171) 5088.0
(4828, 4829, 4830) 5185.0
(4445, 4446, 4447) 4725.0
(2751, 2752, 2753) 6168.0
(7547, 7548, 7549) 5475.0
(3962, 3963, 3964) 5404.0
