(907, 908, 909) 540.0
(4846, 4847, 4848) 455.0
(6768, 6769, 6770) 319.0
(2998, 2999, 3000) 486.0
(9817, 9818, 9819) 506.0
(3133, 3134, 3135) 326.0
(8690, 8691, 8692) 442.0
(6663, 6664, 6665) 444.0
(4240, 4241, 4242) 456.0
(4003, 4004, 4005) 604.0
(2241, 2242, 2243) 471.0
(2720, 2721, 2722) 506.0
(1855, 1856, 1857) 488.0
(6843, 6844, 6845) 422.0
(9114, 9115, 9116) 541.0
(3045, 3046, 3047) 517.0
(9710, 9711, 9712) 557.0
(3336, 3337, 3338) 403.0
(3253, 3254, 3255) 653.0
(6670, 6671, 6672) 272.0
(375, 376, 377) 517.0
(9219, 9220, 9221) 490.0
(5699, 5700, 5701) 429.0
(1065, 1066, 1067) 504.0
(8371, 8372, 8373) 462.0
(5509, 5510, 5511) 362.0
(8721, 8722, 8723) 498.0
(6038, 6039, 6040) 379.0
(3959, 3960, 3961) 466.0
(4827, 4828, 4829) 583.0
(2829, 2830, 2831) 334.0
(2440, 2441, 2442) 559.0
(2391, 2392, 2393) 436.0
(872, 873, 874) 587.0
(145, 146, 147) 345.0
(4573, 4574, 4575) 479.0
(8763, 8764, 8765) 567.0
(1462, 1463, 1464) 470.0
(6309, 6310, 6311) 615.0
(5175, 5176, 5177) 652.0
(5557, 5558, 5559) 520.0
(6791, 6792, 6793) 405.0
(5697, 5698, 5699) 766.0
(6984, 6985, 6986) 437.0
(6662, 6663, 6664) 617.0
(9419, 9420, 9421) 454.0
(4200, 4201, 4202) 440.0
(9374, 9375, 9376) 547.0
(1923, 1924, 1925) 524.0
(6996, 6997, 6998) 540.0
(3753, 3754, 3755) 442.0
(7360, 7361, 7362) 470.0
(7432, 7433, 7434) 524.0
(5249, 5250, 5251) 605.0
(7283, 7284, 7285) 551.0
(2176, 2177, 2178) 469.0
(5873, 5874, 5875) 391.0
(2755, 2756, 2757) 430.0
(4463, 4464, 4465) 424.0
(5219, 5220, 5221) 531.0
(5641, 5642, 5643) 452.0
(357, 358, 359) 408.0
(8717, 8718, 8719) 396.0
(1550, 1551, 1552) 533.0
(3984, 3985, 3986) 553.0
(5382, 5383, 5384) 469.0
(6089, 6090, 6091) 424.0
(4377, 4378, 4379) 381.0
(1220, 1221, 1222) 651.0
(4988, 4989, 4990) 347.0
(1350, 1351, 1352) 613.0
(8788, 8789, 8790) 296.0
(4540, 4541, 4542) 283.0
(4495, 4496, 4497) 554.0
(5561, 5562, 5563) 364.0
(234, 235, 236) 616.0
(9516, 9517, 9518) 453.0
(7234, 7235, 7236) 545.0
(2084, 2085, 2086) 473.0
(8777, 8778, 8779) 436.0
(9170, 9171, 9172) 388.0
(7881, 7882, 7883) 335.0
(7804, 7805, 7806) 790.0
(9147, 9148, 9149) 623.0
(8162, 8163, 8164) 328.0
(4053, 4054, 4055) 492.0
(7671, 7672, 7673) 754.0
(1652, 1653, 1654) 565.0
(4559, 4560, 4561) 432.0
(2385, 2386, 2387) 386.0
(2851, 2852, 2853) 535.0
(5308, 5309, 5310) 593.0
(2876, 2877, 2878) 445.0
(9289, 9290, 9291) 453.0
(9644, 9645, 9646) 488.0
(6742, 6743, 6744) 423.0
(2948, 2949, 2950) 696.0
(896, 897, 898) 418.0
(938, 939, 940) 448.0
(3934, 3935, 3936) 642.0
(2100, 2101, 2102) 439.0
(2364, 2365, 2366) 526.0
(9715, 9716, 9717) 681.0
(6081, 6082, 6083) 520.0
(9635, 9636, 9637) 659.0
(1157, 1158, 1159) 580.0
(8465, 8466, 8467) 562.0
(9149, 9150, 9151) 561.0
(7229, 7230, 7231) 575.0
(7717, 7718, 7719) 534.0
(8970, 8971, 8972) 508.0
(8440, 8441, 8442) 753.0
(3673, 3674, 3675) 529.0
(5001, 5002, 5003) 573.0
(1638, 1639, 1640) 626.0
(8041, 8042, 8043) 462.0
(8496, 8497, 8498) 497.0
(9723, 9724, 9725) 437.0
(2564, 2565, 2566) 418.0
(643, 644, 645) 684.0
(8342, 8343, 8344) 561.0
(2399, 2400, 2401) 524.0
(2370, 2371, 2372) 502.0
(5923, 5924, 5925) 478.0
(466, 467, 468) 541.0
(5212, 5213, 5214) 421.0
(8593, 8594, 8595) 874.0
(2803, 2804, 2805) 399.0
(174, 175, 176) 463.0
(8877, 8878, 8879) 483.0
(1594, 1595, 1596) 453.0
(8279, 8280, 8281) 514.0
(3518, 3519, 3520) 474.0
(8447, 8448, 8449) 485.0
(597, 598, 599) 661.0
(4932, 4933, 4934) 356.0
(1419, 1420, 1421) 475.0
(7030, 7031, 7032) 424.0
(3142, 3143, 3144) 522.0
(6481, 6482, 6483) 349.0
(158, 159, 160) 511.0
(9935, 9936, 9937) 575.0
(9262, 9263, 9264) 619.0
(8127, 8128, 8129) 500.0
(6024, 6025, 6026) 518.0
(7632, 7633, 7634) 629.0
(2172, 2173, 2174) 421.0
(7525, 7526, 7527) 448.0
(7282, 7283, 7284) 446.0
(7230, 7231, 7232) 416.0
(943, 944, 945) 506.0
(8353, 8354, 8355) 519.0
(1210, 1211, 1212) 385.0
(8632, 8633, 8634) 322.0
(6049, 6050, 6051) 509.0
(5954, 5955, 5956) 909.0
(5991, 5992, 5993) 549.0
(9493, 9494, 9495) 435.0
(1324, 1325, 1326) 475.0
(3330, 3331, 3332) 400.0
(9683, 9684, 9685) 523.0
(829, 830, 831) 385.0
(7367, 7368, 7369) 523.0
(6117, 6118, 6119) 378.0
(2629, 2630, 2631) 398.0
(2006, 2007, 2008) 603.0
(8860, 8861, 8862) 607.0
(8889, 8890, 8891) 551.0
(994, 995, 996) 364.0
(9408, 9409, 9410) 501.0
(1992, 1993, 1994) 690.0
(5583, 5584, 5585) 432.0
(2881, 2882, 2883) 598.0
(780, 781, 782) 600.0
(7578, 7579, 7580) 582.0
(8332, 8333, 8334) 675.0
(445, 446, 447) 367.0
(4151, 4152, 4153) 415.0
(9233, 9234, 9235) 450.0
(7806, 7807, 7808) 570.0
(9322, 9323, 9324) 523.0
(4404, 4405, 4406) 395.0
(2462, 2463, 2464) 508.0
(1385, 1386, 1387) 628.0
(6932, 6933, 6934) 346.0
(4771, 4772, 4773) 594.0
(5861, 5862, 5863) 466.0
(9242, 9243, 9244) 897.0
(1661, 1662, 1663) 422.0
(9391, 9392, 9393) 378.0
(2373, 2374, 2375) 606.0
(7895, 7896, 7897) 444.0
(2059, 2060, 2061) 637.0
(8493, 8494, 8495) 442.0
(9054, 9055, 9056) 383.0
(9898, 9899, 9900) 548.0
(2185, 2186, 2187) 459.0
(7762, 7763, 7764) 459.0
(5437, 5438, 5439) 368.0
(9459, 9460, 9461) 492.0
(5489, 5490, 5491) 605.0
(3915, 3916, 3917) 562.0
(2809, 2810, 2811) 421.0
(8444, 8445, 8446) 388.0
(5403, 5404, 5405) 407.0
(2313, 2314, 2315) 384.0
(7178, 7179, 7180) 405.0
(260, 261, 262) 433.0
(1971, 1972, 1973) 511.0
(8904, 8905, 8906) 424.0
(8700, 8701, 8702) 648.0
(8475, 8476, 8477) 636.0
(1670, 1671, 1672) 545.0
(5353, 5354, 5355) 461.0
(6552, 6553, 6554) 444.0
(6405, 6406, 6407) 417.0
(844, 845, 846) 476.0
(8463, 8464, 8465) 373.0
(2128, 2129, 2130) 474.0
(9529, 9530, 9531) 489.0
(1171, 1172, 1173) 453.0
(9898, 9899, 9900) 548.0
(6874, 6875, 6876) 518.0
(5233, 5234, 5235) 545.0
(4542, 4543, 4544) 490.0
(5957, 5958, 5959) 471.0
(935, 936, 937) 437.0
(6222, 6223, 6224) 361.0
(9080, 9081, 9082) 479.0
(3225, 3226, 3227) 451.0
(8357, 8358, 8359) 624.0
(7889, 7890, 7891) 402.0
(1501, 1502, 1503) 594.0
(8604, 8605, 8606) 457.0
(1795, 1796, 1797) 461.0
(4752, 4753, 4754) 417.0
(2317, 2318, 2319) 370.0
(9629, 9630, 9631) 574.0
(9972, 9973, 9974) 363.0
(384, 385, 386) 479.0
(5227, 5228, 5229) 453.0
(2604, 2605, 2606) 625.0
(3527, 3528, 3529) 362.0
(2382, 2383, 2384) 393.0
(4033, 4034, 4035) 541.0
(5948, 5949, 5950) 456.0
(5240, 5241, 5242) 681.0
(148, 149, 150) 476.0
(6180, 6181, 6182) 645.0
(1575, 1576, 1577) 378.0
(455, 456, 457) 491.0
(8316, 8317, 8318) 414.0
(8417, 8418, 8419) 326.0
(863, 864, 865) 620.0
(816, 817, 818) 498.0
(1986, 1987, 1988) 472.0
(2472, 2473, 2474) 644.0
(2030, 2031, 2032) 543.0
(7587, 7588, 7589) 560.0
(973, 974, 975) 376.0
(8550, 8551, 8552) 462.0
(1155, 1156, 1157) 500.0
(9664, 9665, 9666) 385.0
(5633, 5634, 5635) 383.0
(2287, 2288, 2289) 417.0
(7690, 7691, 7692) 503.0
(1776, 1777, 1778) 737.0
(5473, 5474, 5475) 403.0
(4566, 4567, 4568) 306.0
(1524, 1525, 1526) 468.0
(7046, 7047, 7048) 446.0
(6382, 6383, 6384) 526.0
(4196, 4197, 4198) 367.0
(242, 243, 244) 431.0
(4828, 4829, 4830) 489.0
(1089, 1090, 1091) 651.0
(7544, 7545, 7546) 508.0
(3459, 3460, 3461) 386.0
(1918, 1919, 1920) 516.0
(7553, 7554, 7555) 372.0
(2752, 2753, 2754) 470.0
(348, 349, 350) 522.0
(2115, 2116, 2117) 510.0
(9012, 9013, 9014) 493.0
(4089, 4090, 4091) 532.0
(9734, 9735, 9736) 380.0
(8065, 8066, 8067) 365.0
(6744, 6745, 6746) 422.0
(7065, 7066, 7067) 532.0
(588, 589, 590) 486.0
(6210, 6211, 6212) 441.0
(797, 798, 799) 452.0
(2184, 2185, 2186) 683.0
(1258, 1259, 1260) 432.0
(8320, 8321, 8322) 726.0
(1962, 1963, 1964) 679.0
(7326, 7327, 7328) 508.0
(9456, 9457, 9458) 607.0
(5298, 5299, 5300) 514.0
(1033, 1034, 1035) 496.0
(9475, 9476, 9477) 408.0
