(2519, 2520, 2521) 5187.0
(2055, 2056, 2057) 4846.0
(1676, 1677, 1678) 5945.0
(369, 370, 371) 4585.0
(5917, 5918, 5919) 5862.0
(5680, 5681, 5682) 5131.0
(1016, 1017, 1018) 5280.0
(9652, 9653, 9654) 4808.0
(8193, 8194, 8195) 5388.0
(4445, 4446, 4447) 4896.0
(7167, 7168, 7169) 5657.0
(9389, 9390, 9391) 6353.0
(6504, 6505, 6506) 5351.0
(6128, 6129, 6130) 7003.0
(1213, 1214, 1215) 5847.0
(1060, 1061, 1062) 6615.0
(32, 33, 34) 6293.0
(5044, 5045, 5046) 5115.0
(846, 847, 848) 6570.0
(9470, 9471, 9472) 5074.0
(5261, 5262, 5263) 4453.0
(2050, 2051, 2052) 5935.0
(5798, 5799, 5800) 5750.0
(1627, 1628, 1629) 4756.0
(8560, 8561, 8562) 5843.0
(5370, 5371, 5372) 6574.0
(9047, 9048, 9049) 5316.0
(2912, 2913, 2914) 5766.0
(5274, 5275, 5276) 5123.0
(3862, 3863, 3864) 5399.0
(5391, 5392, 5393) 5955.0
(3771, 3772, 3773) 5089.0
(7346, 7347, 7348) 5316.0
(2584, 2585, 2586) 5489.0
(2425, 2426, 2427) 5255.0
(7642, 7643, 7644) 5211.0
(5635, 5636, 5637) 5354.0
(8721, 8722, 8723) 5386.0
(4628, 4629, 4630) 6177.0
(8513, 8514, 8515) 5474.0
(2695, 2696, 2697) 5995.0
(5311, 5312, 5313) 4374.0
(2729, 2730, 2731) 6341.0
(8546, 8547, 8548) 6179.0
(9226, 9227, 9228) 5492.0
(2998, 2999, 3000) 5603.0
(4356, 4357, 4358) 4964.0
(7116, 7117, 7118) 5505.0
(9640, 9641, 9642) 7504.0
(2905, 2906, 2907) 5207.0
(5493, 5494, 5495) 5895.0
(5283, 5284, 5285) 4890.0
(5603, 5604, 5605) 5082.0
(1971, 1972, 1973) 7320.0
(6744, 6745, 6746) 5905.0
(4142, 4143, 4144) 4588.0
(8707, 8708, 8709) 5787.0
(9711, 9712, 9713) 5106.0
(2000, 2001, 2002) 6237.0
(9372, 9373, 9374) 6224.0
(6336, 6337, 6338) 6049.0
(4016, 4017, 4018) 5048.0
(7723, 7724, 7725) 5419.0
(6356, 6357, 6358) 5647.0
(8066, 8067, 8068) 6438.0
(9575, 9576, 9577) 5425.0
(8504, 8505, 8506) 7389.0
(871, 872, 873) 4745.0
(392, 393, 394) 5343.0
(3398, 3399, 3400) 5332.0
(5237, 5238, 5239) 5726.0
(3625, 3626, 3627) 6133.0
(4893, 4894, 4895) 5721.0
(9068, 9069, 9070) 5775.0
(9720, 9721, 9722) 6043.0
(1603, 1604, 1605) 5494.0
(8379, 8380, 8381) 5733.0
(4199, 4200, 4201) 5081.0
(3752, 3753, 3754) 5293.0
(9500, 9501, 9502) 5490.0
(9428, 9429, 9430) 5147.0
(8075, 8076, 8077) 6397.0
(9154, 9155, 9156) 4602.0
(7306, 7307, 7308) 5163.0
(8495, 8496, 8497) 6351.0
(6357, 6358, 6359) 5496.0
(1127, 1128, 1129) 5995.0
(7869, 7870, 7871) 6836.0
(1055, 1056, 1057) 4895.0
(6525, 6526, 6527) 4812.0
(317, 318, 319) 5417.0
(8620, 8621, 8622) 6931.0
(4055, 4056, 4057) 5012.0
(5085, 5086, 5087) 5043.0
(1809, 1810, 1811) 6324.0
(8971, 8972, 8973) 5473.0
(9427, 9428, 9429) 5353.0
(2291, 2292, 2293) 5430.0
(1391, 1392, 1393) 5569.0
(8961, 8962, 8963) 6346.0
(6299, 6300, 6301) 6179.0
(1099, 1100, 1101) 4921.0
(2330, 2331, 2332) 4537.0
(509, 510, 511) 6196.0
(9623, 9624, 9625) 7110.0
(9433, 9434, 9435) 7119.0
(2490, 2491, 2492) 7777.0
(5882, 5883, 5884) 5101.0
(7115, 7116, 7117) 4598.0
(6234, 6235, 6236) 5145.0
(9554, 9555, 9556) 6902.0
(6215, 6216, 6217) 5269.0
(8842, 8843, 8844) 5089.0
(2260, 2261, 2262) 5165.0
(1454, 1455, 1456) 5701.0
(869, 870, 871) 6343.0
(6380, 6381, 6382) 6447.0
(7505, 7506, 7507) 6220.0
(6687, 6688, 6689) 6266.0
(1039, 1040, 1041) 6596.0
(5234, 5235, 5236) 5404.0
(5154, 5155, 5156) 6007.0
(2804, 2805, 2806) 5667.0
(1265, 1266, 1267) 5853.0
(9460, 9461, 9462) 5225.0
(3109, 3110, 3111) 6771.0
(3764, 3765, 3766) 5160.0
(2275, 2276, 2277) 5272.0
(7477, 7478, 7479) 6388.0
(6815, 6816, 6817) 5799.0
(8865, 8866, 8867) 5598.0
(504, 505, 506) 5285.0
(9530, 9531, 9532) 6929.0
(1772, 1773, 1774) 5034.0
(1532, 1533, 1534) 4739.0
(8161, 8162, 8163) 4931.0
(9504, 9505, 9506) 5045.0
(4080, 4081, 4082) 6226.0
(8072, 8073, 8074) 5549.0
(4159, 4160, 4161) 5577.0
(3381, 3382, 3383) 5275.0
(9041, 9042, 9043) 5404.0
(6470, 6471, 6472) 5615.0
(5420, 5421, 5422) 4662.0
(2394, 2395, 2396) 5566.0
(3467, 3468, 3469) 4862.0
(8235, 8236, 8237) 5266.0
(1084, 1085, 1086) 4982.0
(8300, 8301, 8302) 6337.0
(6888, 6889, 6890) 5497.0
(2825, 2826, 2827) 5265.0
(6190, 6191, 6192) 5146.0
(1173, 1174, 1175) 5454.0
(4907, 4908, 4909) 5494.0
(2640, 2641, 2642) 6228.0
(6952, 6953, 6954) 4836.0
(5304, 5305, 5306) 4905.0
(8540, 8541, 8542) 5064.0
(376, 377, 378) 5752.0
(1083, 1084, 1085) 7224.0
(3513, 3514, 3515) 6965.0
(6741, 6742, 6743) 5267.0
(2762, 2763, 2764) 6133.0
(36, 37, 38) 5722.0
(2094, 2095, 2096) 6114.0
(6236, 6237, 6238) 7172.0
(9126, 9127, 9128) 5685.0
(3615, 3616, 3617) 5674.0
(1460, 1461, 1462) 5159.0
(4567, 4568, 4569) 5768.0
(4291, 4292, 4293) 6349.0
(3104, 3105, 3106) 5436.0
(856, 857, 858) 4848.0
(7209, 7210, 7211) 5631.0
(9480, 9481, 9482) 6984.0
(9329, 9330, 9331) 5588.0
(4049, 4050, 4051) 6580.0
(9200, 9201, 9202) 5389.0
(9935, 9936, 9937) 6067.0
(5912, 5913, 5914) 5617.0
(9950, 9951, 9952) 5384.0
(4151, 4152, 4153) 4507.0
(4569, 4570, 4571) 5337.0
(5764, 5765, 5766) 5994.0
(2475, 2476, 2477) 5974.0
(7275, 7276, 7277) 6565.0
(2703, 2704, 2705) 5289.0
(4298, 4299, 4300) 5108.0
(8377, 8378, 8379) 5150.0
(2575, 2576, 2577) 5909.0
(8130, 8131, 8132) 4937.0
(1963, 1964, 1965) 5907.0
(2519, 2520, 2521) 5187.0
(9825, 9826, 9827) 5572.0
(6071, 6072, 6073) 4636.0
(3583, 3584, 3585) 4704.0
(7443, 7444, 7445) 5484.0
(7279, 7280, 7281) 5608.0
(7361, 7362, 7363) 5202.0
(8822, 8823, 8824) 5774.0
(4920, 4921, 4922) 6257.0
(6909, 6910, 6911) 5567.0
(1034, 1035, 1036) 5819.0
(414, 415, 416) 5150.0
(6831, 6832, 6833) 5806.0
(9863, 9864, 9865) 5756.0
(9727, 9728, 9729) 5504.0
(3030, 3031, 3032) 5461.0
(5530, 5531, 5532) 5375.0
(5283, 5284, 5285) 4890.0
(3525, 3526, 3527) 5368.0
(7892, 7893, 7894) 5974.0
(802, 803, 804) 5246.0
(3133, 3134, 3135) 5567.0
(9240, 9241, 9242) 5126.0
(517, 518, 519) 4530.0
(9446, 9447, 9448) 5630.0
(7591, 7592, 7593) 5501.0
(5563, 5564, 5565) 5327.0
(5167, 5168, 5169) 5558.0
(2613, 2614, 2615) 4936.0
(6116, 6117, 6118) 4419.0
(2727, 2728, 2729) 5757.0
(9554, 9555, 9556) 6902.0
(8232, 8233, 8234) 5207.0
(1547, 1548, 1549) 5533.0
(7037, 7038, 7039) 6406.0
(6249, 6250, 6251) 5466.0
(4532, 4533, 4534) 5751.0
(9831, 9832, 9833) 5551.0
(8257, 8258, 8259) 5161.0
(9441, 9442, 9443) 5655.0
(2047, 2048, 2049) 5270.0
(7362, 7363, 7364) 4922.0
(4517, 4518, 4519) 4874.0
(632, 633, 634) 5055.0
(363, 364, 365) 5103.0
(8090, 8091, 8092) 4895.0
(7851, 7852, 7853) 5299.0
(5535, 5536, 5537) 5171.0
(5029, 5030, 5031) 5191.0
(947, 948, 949) 5111.0
(8250, 8251, 8252) 6466.0
(2372, 2373, 2374) 7191.0
(9498, 9499, 9500) 6355.0
(1164, 1165, 1166) 7024.0
(3405, 3406, 3407) 4598.0
(4186, 4187, 4188) 4962.0
(6750, 6751, 6752) 5782.0
(6421, 6422, 6423) 4762.0
(790, 791, 792) 5162.0
(8728, 8729, 8730) 4956.0
(2768, 2769, 2770) 6178.0
(4964, 4965, 4966) 6156.0
(8488, 8489, 8490) 4780.0
(1507, 1508, 1509) 5526.0
(6130, 6131, 6132) 5031.0
(8964, 8965, 8966) 5296.0
(7061, 7062, 7063) 6971.0
(1620, 1621, 1622) 5544.0
(60, 61, 62) 5346.0
(4096, 4097, 4098) 5440.0
(5980, 5981, 5982) 5787.0
(8990, 8991, 8992) 7286.0
(4825, 4826, 4827) 5113.0
(2877, 2878, 2879) 4192.0
(955, 956, 957) 6167.0
(2520, 2521, 2522) 5725.0
(8875, 8876, 8877) 5266.0
(2944, 2945, 2946) 7499.0
(3420, 3421, 3422) 4896.0
(6338, 6339, 6340) 5190.0
(8840, 8841, 8842) 5346.0
(4101, 4102, 4103) 5152.0
(347, 348, 349) 4843.0
(7196, 7197, 7198) 5445.0
(1158, 1159, 1160) 5303.0
(4833, 4834, 4835) 5353.0
(5300, 5301, 5302) 4480.0
(2730, 2731, 2732) 5286.0
(1164, 1165, 1166) 7024.0
(1299, 1300, 1301) 4919.0
(2272, 2273, 2274) 5473.0
(206, 207, 208) 5642.0
(9153, 9154, 9155) 5632.0
(4644, 4645, 4646) 5112.0
(8278, 8279, 8280) 6441.0
(8657, 8658, 8659) 5465.0
(7913, 7914, 7915) 4906.0
(208, 209, 210) 5940.0
(6939, 6940, 6941) 5672.0
(1028, 1029, 1030) 5968.0
(8175, 8176, 8177) 4672.0
(9414, 9415, 9416) 6142.0
(4522, 4523, 4524) 6381.0
(3469, 3470, 3471) 5534.0
(8066, 8067, 8068) 6438.0
(8568, 8569, 8570) 5058.0
(6971, 6972, 6973) 4764.0
(7237, 7238, 7239) 5065.0
(854, 855, 856) 5499.0
(7302, 7303, 7304) 6360.0
(8967, 8968, 8969) 5626.0
(5398, 5399, 5400) 6928.0
(8981, 8982, 8983) 5008.0
(369, 370, 371) 4585.0
(6021, 6022, 6023) 5772.0
(7112, 7113, 7114) 5121.0
(8537, 8538, 8539) 5262.0
(3793, 3794, 3795) 5460.0
(1573, 1574, 1575) 6146.0
(2598, 2599, 2600) 6072.0
(5373, 5374, 5375) 6397.0
(3301, 3302, 3303) 6086.0
(3501, 3502, 3503) 5664.0
(7380, 7381, 7382) 5949.0
(3995, 3996, 3997) 5369.0
(6329, 6330, 6331) 5460.0
(9394, 9395, 9396) 5372.0
(1868, 1869, 1870) 6824.0
(961, 962, 963) 5645.0
(4939, 4940, 4941) 5532.0
(5985, 5986, 5987) 6246.0
(4189, 4190, 4191) 5165.0
(9808, 9809, 9810) 6466.0
(1351, 1352, 1353) 6765.0
(6204, 6205, 6206) 6946.0
(8000, 8001, 8002) 5331.0
(5329, 5330, 5331) 5235.0
(1378, 1379, 1380) 5349.0
(3653, 3654, 3655) 5225.0
(4114, 4115, 4116) 5311.0
(866, 867, 868) 6327.0
(5775, 5776, 5777) 4992.0
(6460, 6461, 6462) 5427.0
(3629, 3630, 3631) 5439.0
(933, 934, 935) 5460.0
(6655, 6656, 6657) 5483.0
(5838, 5839, 5840) 5308.0
(7751, 7752, 7753) 5262.0
(3199, 3200, 3201) 4960.0
(6962, 6963, 6964) 5772.0
(3300, 3301, 3302) 5864.0
(2111, 2112, 2113) 5842.0
(6278, 6279, 6280) 6661.0
(3772, 3773, 3774) 5130.0
(8302, 8303, 8304) 6406.0
(9436, 9437, 9438) 5192.0
(3213, 3214, 3215) 5874.0
(7853, 7854, 7855) 5445.0
(7372, 7373, 7374) 5585.0
(8303, 8304, 8305) 5776.0
(1061, 1062, 1063) 5991.0
(7940, 7941, 7942) 5335.0
(8390, 8391, 8392) 4540.0
(5589, 5590, 5591) 5194.0
(1364, 1365, 1366) 6052.0
(8809, 8810, 8811) 5691.0
(1918, 1919, 1920) 5537.0
(2778, 2779, 2780) 6787.0
(4677, 4678, 4679) 5576.0
(9205, 9206, 9207) 6323.0
(9171, 9172, 9173) 5984.0
(1279, 1280, 1281) 5545.0
(4461, 4462, 4463) 6013.0
(7150, 7151, 7152) 4526.0
(9595, 9596, 9597) 5280.0
(9215, 9216, 9217) 5206.0
(6730, 6731, 6732) 6523.0
(4243, 4244, 4245) 5591.0
(3627, 3628, 3629) 4680.0
(6116, 6117, 6118) 4419.0
(2986, 2987, 2988) 5590.0
(4838, 4839, 4840) 4102.0
(9945, 9946, 9947) 4539.0
(3680, 3681, 3682) 6113.0
(6355, 6356, 6357) 5131.0
(9609, 9610, 9611) 5110.0
(236, 237, 238) 5937.0
(5027, 5028, 5029) 5713.0
(81, 82, 83) 5210.0
(2069, 2070, 2071) 5427.0
(7624, 7625, 7626) 6028.0
(9552, 9553, 9554) 5086.0
(7495, 7496, 7497) 5994.0
(8471, 8472, 8473) 5081.0
(5891, 5892, 5893) 5285.0
(2584, 2585, 2586) 5489.0
(8205, 8206, 8207) 5533.0
(6090, 6091, 6092) 4825.0
(2358, 2359, 2360) 6839.0
(2247, 2248, 2249) 5939.0
(9124, 9125, 9126) 6488.0
(3517, 3518, 3519) 5504.0
(7213, 7214, 7215) 5714.0
(7541, 7542, 7543) 5366.0
(4285, 4286, 4287) 5253.0
(855, 856, 857) 4823.0
(9251, 9252, 9253) 5628.0
(8265, 8266, 8267) 5329.0
(3889, 3890, 3891) 5142.0
(2550, 2551, 2552) 5777.0
(2176, 2177, 2178) 5532.0
(3802, 3803, 3804) 6010.0
(9982, 9983, 9984) 5192.0
(5732, 5733, 5734) 4292.0
(4397, 4398, 4399) 6987.0
(7227, 7228, 7229) 5953.0
(6053, 6054, 6055) 7578.0
(4861, 4862, 4863) 5300.0
(6793, 6794, 6795) 5224.0
(4174, 4175, 4176) 5763.0
(4210, 4211, 4212) 6209.0
(2983, 2984, 2985) 5461.0
(9747, 9748, 9749) 5839.0
(8407, 8408, 8409) 4436.0
(5550, 5551, 5552) 5404.0
(9765, 9766, 9767) 5057.0
(5162, 5163, 5164) 5837.0
(6749, 6750, 6751) 5466.0
(1913, 1914, 1915) 5688.0
(8258, 8259, 8260) 5170.0
(8683, 8684, 8685) 4852.0
(8145, 8146, 8147) 6317.0
(3005, 3006, 3007) 4898.0
(1371, 1372, 1373) 6709.0
(6163, 6164, 6165) 5547.0
(2411, 2412, 2413) 4786.0
(3077, 3078, 3079) 5500.0
(1578, 1579, 1580) 5224.0
(1186, 1187, 1188) 5911.0
(6785, 6786, 6787) 5839.0
(3226, 3227, 3228) 6522.0
(9371, 9372, 9373) 4314.0
(8563, 8564, 8565) 5490.0
(1706, 1707, 1708) 4874.0
(4442, 4443, 4444) 5291.0
(6312, 6313, 6314) 5235.0
(6693, 6694, 6695) 4487.0
(971, 972, 973) 4920.0
(5680, 5681, 5682) 5131.0
(3027, 3028, 3029) 6444.0
(7631, 7632, 7633) 6707.0
(9864, 9865, 9866) 4961.0
(8251, 8252, 8253) 5820.0
(3219, 3220, 3221) 6260.0
(7924, 7925, 7926) 5218.0
(7613, 7614, 7615) 5546.0
(6167, 6168, 6169) 4999.0
(7342, 7343, 7344) 5231.0
(2658, 2659, 2660) 5752.0
(9607, 9608, 9609) 5499.0
(6055, 6056, 6057) 5731.0
(4816, 4817, 4818) 5744.0
(9307, 9308, 9309) 7311.0
(7539, 7540, 7541) 5408.0
(691, 692, 693) 6159.0
(9778, 9779, 9780) 5894.0
(1242, 1243, 1244) 5667.0
(2961, 2962, 2963) 5777.0
(9816, 9817, 9818) 5623.0
(2154, 2155, 2156) 5006.0
(2295, 2296, 2297) 5121.0
(2323, 2324, 2325) 5595.0
(494, 495, 496) 5434.0
(1684, 1685, 1686) 5530.0
(7723, 7724, 7725) 5419.0
(9214, 9215, 9216) 6763.0
(3092, 3093, 3094) 4928.0
(5683, 5684, 5685) 5059.0
(2935, 2936, 2937) 6420.0
(2127, 2128, 2129) 5006.0
(2111, 2112, 2113) 5842.0
(7610, 7611, 7612) 5323.0
(2243, 2244, 2245) 5191.0
(7945, 7946, 7947) 6126.0
(2925, 2926, 2927) 4759.0
(8907, 8908, 8909) 5791.0
(4734, 4735, 4736) 4769.0
(9116, 9117, 9118) 6421.0
(3875, 3876, 3877) 5108.0
(4177, 4178, 4179) 5134.0
(1491, 1492, 1493) 5043.0
(3923, 3924, 3925) 4857.0
(6124, 6125, 6126) 5525.0
(7930, 7931, 7932) 5421.0
(4896, 4897, 4898) 5049.0
(2426, 2427, 2428) 5160.0
(6268, 6269, 6270) 5619.0
(6713, 6714, 6715) 6474.0
(4925, 4926, 4927) 4923.0
(6032, 6033, 6034) 6605.0
(4509, 4510, 4511) 5427.0
(306, 307, 308) 6229.0
(944, 945, 946) 5580.0
(5965, 5966, 5967) 5369.0
(9572, 9573, 9574) 5363.0
(2569, 2570, 2571) 6319.0
(6674, 6675, 6676) 5867.0
(1489, 1490, 1491) 5485.0
(2835, 2836, 2837) 5761.0
(4456, 4457, 4458) 5451.0
(4196, 4197, 4198) 5589.0
(7208, 7209, 7210) 5913.0
(8831, 8832, 8833) 5536.0
(241, 242, 243) 6154.0
(4562, 4563, 4564) 5919.0
(4770, 4771, 4772) 5957.0
(1646, 1647, 1648) 5330.0
(5021, 5022, 5023) 4914.0
(7524, 7525, 7526) 6675.0
(5426, 5427, 5428) 5007.0
(4950, 4951, 4952) 5594.0
(6651, 6652, 6653) 5579.0
(335, 336, 337) 5062.0
(1875, 1876, 1877) 5777.0
(9077, 9078, 9079) 5018.0
(3462, 3463, 3464) 6021.0
(8784, 8785, 8786) 4515.0
(9034, 9035, 9036) 5689.0
(4555, 4556, 4557) 5643.0
(8414, 8415, 8416) 5861.0
(175, 176, 177) 6067.0
(7945, 7946, 7947) 6126.0
(7461, 7462, 7463) 4687.0
(7380, 7381, 7382) 5949.0
(9845, 9846, 9847) 5853.0
(1873, 1874, 1875) 5782.0
(2881, 2882, 2883) 4857.0
(524, 525, 526) 7934.0
(5575, 5576, 5577) 5086.0
(4478, 4479, 4480) 5570.0
(7524, 7525, 7526) 6675.0
(7208, 7209, 7210) 5913.0
(2069, 2070, 2071) 5427.0
(2712, 2713, 2714) 6466.0
(681, 682, 683) 5581.0
(2455, 2456, 2457) 6595.0
(5165, 5166, 5167) 5354.0
(444, 445, 446) 6677.0
(6263, 6264, 6265) 6458.0
(6364, 6365, 6366) 4804.0
(7316, 7317, 7318) 4866.0
(9925, 9926, 9927) 5653.0
(4613, 4614, 4615) 5097.0
(2759, 2760, 2761) 4674.0
(2505, 2506, 2507) 5188.0
(3476, 3477, 3478) 5109.0
(5678, 5679, 5680) 5743.0
(279, 280, 281) 4943.0
(8453, 8454, 8455) 5520.0
(8671, 8672, 8673) 6420.0
(5562, 5563, 5564) 5429.0
(2231, 2232, 2233) 6319.0
(1733, 1734, 1735) 6484.0
(6828, 6829, 6830) 5212.0
(7563, 7564, 7565) 7054.0
(9333, 9334, 9335) 5498.0
(7125, 7126, 7127) 5357.0
(6324, 6325, 6326) 6667.0
(9459, 9460, 9461) 6297.0
(1359, 1360, 1361) 5658.0
(7641, 7642, 7643) 5502.0
(8816, 8817, 8818) 5626.0
(2274, 2275, 2276) 5283.0
(1036, 1037, 1038) 5111.0
(1849, 1850, 1851) 5481.0
(9930, 9931, 9932) 5457.0
(4874, 4875, 4876) 4519.0
(2855, 2856, 2857) 5985.0
(9529, 9530, 9531) 6002.0
(4181, 4182, 4183) 5561.0
(7191, 7192, 7193) 6747.0
(8520, 8521, 8522) 6499.0
(4804, 4805, 4806) 5246.0
(7658, 7659, 7660) 7101.0
(4047, 4048, 4049) 5438.0
(6341, 6342, 6343) 5792.0
(9160, 9161, 9162) 6097.0
(9722, 9723, 9724) 6028.0
(5666, 5667, 5668) 6940.0
(4737, 4738, 4739) 6790.0
(8241, 8242, 8243) 4410.0
(3768, 3769, 3770) 5074.0
(3136, 3137, 3138) 5103.0
(2455, 2456, 2457) 6595.0
(7422, 7423, 7424) 6398.0
(3173, 3174, 3175) 4545.0
(7297, 7298, 7299) 6163.0
(1071, 1072, 1073) 5655.0
(8996, 8997, 8998) 5952.0
(1231, 1232, 1233) 6456.0
(3256, 3257, 3258) 5137.0
(1037, 1038, 1039) 5235.0
(9436, 9437, 9438) 5192.0
(8457, 8458, 8459) 5248.0
(5907, 5908, 5909) 5142.0
(8727, 8728, 8729) 5744.0
(4169, 4170, 4171) 6033.0
(8431, 8432, 8433) 5200.0
(6087, 6088, 6089) 5229.0
(11, 12, 13) 5984.0
(8559, 8560, 8561) 5280.0
(2622, 2623, 2624) 5394.0
(1028, 1029, 1030) 5968.0
(9268, 9269, 9270) 5216.0
(4389, 4390, 4391) 5363.0
(6922, 6923, 6924) 7278.0
(4379, 4380, 4381) 5922.0
(2525, 2526, 2527) 5423.0
(8835, 8836, 8837) 5071.0
(3445, 3446, 3447) 5328.0
(358, 359, 360) 6044.0
(3004, 3005, 3006) 5164.0
(7387, 7388, 7389) 5467.0
(824, 825, 826) 4959.0
(3620, 3621, 3622) 5943.0
(9967, 9968, 9969) 5803.0
(907, 908, 909) 6029.0
(4971, 4972, 4973) 5204.0
(1623, 1624, 1625) 5343.0
(7519, 7520, 7521) 5332.0
(244, 245, 246) 5215.0
(6095, 6096, 6097) 5704.0
(7970, 7971, 7972) 5496.0
(3542, 3543, 3544) 4653.0
(3900, 3901, 3902) 5781.0
(4584, 4585, 4586) 4717.0
(8555, 8556, 8557) 5139.0
(3674, 3675, 3676) 5223.0
(8590, 8591, 8592) 4795.0
(4443, 4444, 4445) 5526.0
(9920, 9921, 9922) 5251.0
(8941, 8942, 8943) 5285.0
(1522, 1523, 1524) 5235.0
(9329, 9330, 9331) 5588.0
(3720, 3721, 3722) 6235.0
(1648, 1649, 1650) 6780.0
(508, 509, 510) 5260.0
(7906, 7907, 7908) 4892.0
(4303, 4304, 4305) 6050.0
(4631, 4632, 4633) 5573.0
(1462, 1463, 1464) 4683.0
(6038, 6039, 6040) 5126.0
(5410, 5411, 5412) 6048.0
(9129, 9130, 9131) 5222.0
(1771, 1772, 1773) 5062.0
(6752, 6753, 6754) 6233.0
(2568, 2569, 2570) 5694.0
(8765, 8766, 8767) 6217.0
(3704, 3705, 3706) 6000.0
(9832, 9833, 9834) 6447.0
(3975, 3976, 3977) 6064.0
(2184, 2185, 2186) 6383.0
(7873, 7874, 7875) 4883.0
(9257, 9258, 9259) 5844.0
(2660, 2661, 2662) 6030.0
(1607, 1608, 1609) 4822.0
(4190, 4191, 4192) 7249.0
(8832, 8833, 8834) 4911.0
(2186, 2187, 2188) 6249.0
(5980, 5981, 5982) 5787.0
(7522, 7523, 7524) 5715.0
(8673, 8674, 8675) 5414.0
(4872, 4873, 4874) 6937.0
(5584, 5585, 5586) 5564.0
(8117, 8118, 8119) 4884.0
(9695, 9696, 9697) 4745.0
(2453, 2454, 2455) 7423.0
(1984, 1985, 1986) 5219.0
(7682, 7683, 7684) 4377.0
(4100, 4101, 4102) 4823.0
(4350, 4351, 4352) 5060.0
(8134, 8135, 8136) 5508.0
(4437, 4438, 4439) 6205.0
(8897, 8898, 8899) 4970.0
(1545, 1546, 1547) 5300.0
(530, 531, 532) 5749.0
(9983, 9984, 9985) 5529.0
(4382, 4383, 4384) 5651.0
(5237, 5238, 5239) 5726.0
(4905, 4906, 4907) 5392.0
(5938, 5939, 5940) 6460.0
(1403, 1404, 1405) 5491.0
(8193, 8194, 8195) 5388.0
(4336, 4337, 4338) 4832.0
(228, 229, 230) 5095.0
(4604, 4605, 4606) 5090.0
(1408, 1409, 1410) 7057.0
(2488, 2489, 2490) 4954.0
(6619, 6620, 6621) 5987.0
(6801, 6802, 6803) 5018.0
(2818, 2819, 2820) 5134.0
(6685, 6686, 6687) 4993.0
(5257, 5258, 5259) 5508.0
(3584, 3585, 3586) 6174.0
(8226, 8227, 8228) 5013.0
(6174, 6175, 6176) 5289.0
(4147, 4148, 4149) 5938.0
(8809, 8810, 8811) 5691.0
(8050, 8051, 8052) 5834.0
(5777, 5778, 5779) 5555.0
(3602, 3603, 3604) 4577.0
(2010, 2011, 2012) 5909.0
(4311, 4312, 4313) 5195.0
(6684, 6685, 6686) 5460.0
(6456, 6457, 6458) 5314.0
(9404, 9405, 9406) 5112.0
(3414, 3415, 3416) 5974.0
(3588, 3589, 3590) 6208.0
(2654, 2655, 2656) 4864.0
(6465, 6466, 6467) 5848.0
(1687, 1688, 1689) 5459.0
(7630, 7631, 7632) 5654.0
(312, 313, 314) 6340.0
(1052, 1053, 1054) 6096.0
(8344, 8345, 8346) 5253.0
(9195, 9196, 9197) 6658.0
(3009, 3010, 3011) 5711.0
(3785, 3786, 3787) 6133.0
(3904, 3905, 3906) 4937.0
(290, 291, 292) 6434.0
(7433, 7434, 7435) 6348.0
(1193, 1194, 1195) 5604.0
(2037, 2038, 2039) 5363.0
(9371, 9372, 9373) 4314.0
(8064, 8065, 8066) 5806.0
(9170, 9171, 9172) 5837.0
(3177, 3178, 3179) 5479.0
(4787, 4788, 4789) 5130.0
(615, 616, 617) 5823.0
(2654, 2655, 2656) 4864.0
(4687, 4688, 4689) 4766.0
(4132, 4133, 4134) 6082.0
(6100, 6101, 6102) 7764.0
(8664, 8665, 8666) 6484.0
(4654, 4655, 4656) 4684.0
(8456, 8457, 8458) 5595.0
(7080, 7081, 7082) 5571.0
(6066, 6067, 6068) 5321.0
(6537, 6538, 6539) 6076.0
(1284, 1285, 1286) 5023.0
(5190, 5191, 5192) 5512.0
(4898, 4899, 4900) 4870.0
(9320, 9321, 9322) 5007.0
(9396, 9397, 9398) 5440.0
(3485, 3486, 3487) 5244.0
(2830, 2831, 2832) 5336.0
(7373, 7374, 7375) 5472.0
(5688, 5689, 5690) 7008.0
(8337, 8338, 8339) 5110.0
(5274, 5275, 5276) 5123.0
(2831, 2832, 2833) 5815.0
(9301, 9302, 9303) 5272.0
(9018, 9019, 9020) 5151.0
(1781, 1782, 1783) 5478.0
(6980, 6981, 6982) 7292.0
(623, 624, 625) 5437.0
(1735, 1736, 1737) 5427.0
(9486, 9487, 9488) 5455.0
(4826, 4827, 4828) 4890.0
(5446, 5447, 5448) 6588.0
(659, 660, 661) 5058.0
(5548, 5549, 5550) 6189.0
(8558, 8559, 8560) 5648.0
(4246, 4247, 4248) 6975.0
(9291, 9292, 9293) 4950.0
(699, 700, 701) 6572.0
(1921, 1922, 1923) 5465.0
(6352, 6353, 6354) 5622.0
(425, 426, 427) 6306.0
(1898, 1899, 1900) 5218.0
(3142, 3143, 3144) 5005.0
(8710, 8711, 8712) 5626.0
(1705, 1706, 1707) 5466.0
(7337, 7338, 7339) 5687.0
(646, 647, 648) 6468.0
(7713, 7714, 7715) 5850.0
(1613, 1614, 1615) 4925.0
(9203, 9204, 9205) 4367.0
(2813, 2814, 2815) 4967.0
(8974, 8975, 8976) 6969.0
(2541, 2542, 2543) 5115.0
(6116, 6117, 6118) 4419.0
(6637, 6638, 6639) 6355.0
(471, 472, 473) 5261.0
(3193, 3194, 3195) 5413.0
(3986, 3987, 3988) 5732.0
(3674, 3675, 3676) 5223.0
(2712, 2713, 2714) 6466.0
(1409, 1410, 1411) 5314.0
(2247, 2248, 2249) 5939.0
(3805, 3806, 3807) 5341.0
(418, 419, 420) 6629.0
(3818, 3819, 3820) 5248.0
(7516, 7517, 7518) 5221.0
(4083, 4084, 4085) 6435.0
(3847, 3848, 3849) 5879.0
(5788, 5789, 5790) 6006.0
(4765, 4766, 4767) 5780.0
(6108, 6109, 6110) 4456.0
(3191, 3192, 3193) 5229.0
(8098, 8099, 8100) 5088.0
(2109, 2110, 2111) 4987.0
(3637, 3638, 3639) 5610.0
(8830, 8831, 8832) 7031.0
(4574, 4575, 4576) 6511.0
(6273, 6274, 6275) 4961.0
(5830, 5831, 5832) 5623.0
(8765, 8766, 8767) 6217.0
(8851, 8852, 8853) 5204.0
(915, 916, 917) 4732.0
(7647, 7648, 7649) 4703.0
(7132, 7133, 7134) 5173.0
(1850, 1851, 1852) 5775.0
(7274, 7275, 7276) 5387.0
(2348, 2349, 2350) 5699.0
(2809, 2810, 2811) 4817.0
(158, 159, 160) 5312.0
(237, 238, 239) 6026.0
(2948, 2949, 2950) 5434.0
(5696, 5697, 5698) 6025.0
(6597, 6598, 6599) 5148.0
(319, 320, 321) 5033.0
(4833, 4834, 4835) 5353.0
(6796, 6797, 6798) 5016.0
(3138, 3139, 3140) 5349.0
(1482, 1483, 1484) 6860.0
(3503, 3504, 3505) 5665.0
(2186, 2187, 2188) 6249.0
(7055, 7056, 7057) 5618.0
(6525, 6526, 6527) 4812.0
(5697, 5698, 5699) 6162.0
(4718, 4719, 4720) 6048.0
(5890, 5891, 5892) 5578.0
(4480, 4481, 4482) 6211.0
(6768, 6769, 6770) 5154.0
(9582, 9583, 9584) 5014.0
(6026, 6027, 6028) 5154.0
(5562, 5563, 5564) 5429.0
(9698, 9699, 9700) 5394.0
(6917, 6918, 6919) 5256.0
(65, 66, 67) 5610.0
(4517, 4518, 4519) 4874.0
(4397, 4398, 4399) 6987.0
(6869, 6870, 6871) 5102.0
(3774, 3775, 3776) 6257.0
(3717, 3718, 3719) 6112.0
(7152, 7153, 7154) 5705.0
(4774, 4775, 4776) 7342.0
(1904, 1905, 1906) 5661.0
(8404, 8405, 8406) 5675.0
(198, 199, 200) 5522.0
(4502, 4503, 4504) 5182.0
(9798, 9799, 9800) 4866.0
(8825, 8826, 8827) 7796.0
(9016, 9017, 9018) 6221.0
(2025, 2026, 2027) 5441.0
(1322, 1323, 1324) 5403.0
(1531, 1532, 1533) 5877.0
(8108, 8109, 8110) 5016.0
(8610, 8611, 8612) 6444.0
(6847, 6848, 6849) 5578.0
(7232, 7233, 7234) 5569.0
(8596, 8597, 8598) 6171.0
(4746, 4747, 4748) 5833.0
(2579, 2580, 2581) 4873.0
(3784, 3785, 3786) 5874.0
(7554, 7555, 7556) 7198.0
(8557, 8558, 8559) 6110.0
(8861, 8862, 8863) 5669.0
(6916, 6917, 6918) 6324.0
(6911, 6912, 6913) 5572.0
(4367, 4368, 4369) 5730.0
(6266, 6267, 6268) 5864.0
(2732, 2733, 2734) 6426.0
(2145, 2146, 2147) 5114.0
(394, 395, 396) 6740.0
(2912, 2913, 2914) 5766.0
(5510, 5511, 5512) 5616.0
(1587, 1588, 1589) 5433.0
(9099, 9100, 9101) 7049.0
(7136, 7137, 7138) 4630.0
(1756, 1757, 1758) 6232.0
(8327, 8328, 8329) 4884.0
(865, 866, 867) 5489.0
(1714, 1715, 1716) 5303.0
(5901, 5902, 5903) 5169.0
(676, 677, 678) 5418.0
(7367, 7368, 7369) 5692.0
(8673, 8674, 8675) 5414.0
(9701, 9702, 9703) 5284.0
(1138, 1139, 1140) 5445.0
(8686, 8687, 8688) 5792.0
(6325, 6326, 6327) 5888.0
(8553, 8554, 8555) 5391.0
(3157, 3158, 3159) 5900.0
(5043, 5044, 5045) 5181.0
(7284, 7285, 7286) 7510.0
(9292, 9293, 9294) 4781.0
(1275, 1276, 1277) 5320.0
(7632, 7633, 7634) 5427.0
(1537, 1538, 1539) 5405.0
(4587, 4588, 4589) 6149.0
(8835, 8836, 8837) 5071.0
(8720, 8721, 8722) 5476.0
(8504, 8505, 8506) 7389.0
(1556, 1557, 1558) 6177.0
(6108, 6109, 6110) 4456.0
(8279, 8280, 8281) 5995.0
(82, 83, 84) 6960.0
(9079, 9080, 9081) 5003.0
(106, 107, 108) 5302.0
(9565, 9566, 9567) 6399.0
(8194, 8195, 8196) 5057.0
(7667, 7668, 7669) 5317.0
(206, 207, 208) 5642.0
(2218, 2219, 2220) 4602.0
(8149, 8150, 8151) 5635.0
(1448, 1449, 1450) 6463.0
(8400, 8401, 8402) 8522.0
(6816, 6817, 6818) 5559.0
(13, 14, 15) 5407.0
(6868, 6869, 6870) 4972.0
(3126, 3127, 3128) 5180.0
(9723, 9724, 9725) 5840.0
(3354, 3355, 3356) 6610.0
(598, 599, 600) 5837.0
(7986, 7987, 7988) 4757.0
(6369, 6370, 6371) 5315.0
(6366, 6367, 6368) 5209.0
(1528, 1529, 1530) 5168.0
(4741, 4742, 4743) 5704.0
(5373, 5374, 5375) 6397.0
(6362, 6363, 6364) 5756.0
(3329, 3330, 3331) 5722.0
(2905, 2906, 2907) 5207.0
(6158, 6159, 6160) 5369.0
(5448, 5449, 5450) 4588.0
(3832, 3833, 3834) 5376.0
(7216, 7217, 7218) 6978.0
(9952, 9953, 9954) 5153.0
(6771, 6772, 6773) 6773.0
(2263, 2264, 2265) 6245.0
(4012, 4013, 4014) 5123.0
(3443, 3444, 3445) 5524.0
(5973, 5974, 5975) 5444.0
(8919, 8920, 8921) 6224.0
(5522, 5523, 5524) 5934.0
(9754, 9755, 9756) 5641.0
(2633, 2634, 2635) 7473.0
(6772, 6773, 6774) 5085.0
(5823, 5824, 5825) 6255.0
(3208, 3209, 3210) 5711.0
(4263, 4264, 4265) 5036.0
(2475, 2476, 2477) 5974.0
(1752, 1753, 1754) 5983.0
(2011, 2012, 2013) 5059.0
(262, 263, 264) 6298.0
(298, 299, 300) 5437.0
(2678, 2679, 2680) 6594.0
(7947, 7948, 7949) 5555.0
(861, 862, 863) 5445.0
(2498, 2499, 2500) 4424.0
(1994, 1995, 1996) 5256.0
(5682, 5683, 5684) 5448.0
(9465, 9466, 9467) 5723.0
(2663, 2664, 2665) 5703.0
(1762, 1763, 1764) 5431.0
(4603, 4604, 4605) 5424.0
(5951, 5952, 5953) 5991.0
(3376, 3377, 3378) 6310.0
(1459, 1460, 1461) 5054.0
(7717, 7718, 7719) 5009.0
(4551, 4552, 4553) 5172.0
(4964, 4965, 4966) 6156.0
(8059, 8060, 8061) 5041.0
(6067, 6068, 6069) 5890.0
(2486, 2487, 2488) 4885.0
(6265, 6266, 6267) 5669.0
(5573, 5574, 5575) 5377.0
(6735, 6736, 6737) 5057.0
(6346, 6347, 6348) 4452.0
(471, 472, 473) 5261.0
(2990, 2991, 2992) 5453.0
(7184, 7185, 7186) 4728.0
(5126, 5127, 5128) 5211.0
(3622, 3623, 3624) 5785.0
(3252, 3253, 3254) 6146.0
(1004, 1005, 1006) 5380.0
(5765, 5766, 5767) 6677.0
(6728, 6729, 6730) 5235.0
(3139, 3140, 3141) 5753.0
(317, 318, 319) 5417.0
(4125, 4126, 4127) 5188.0
(4248, 4249, 4250) 6398.0
(1576, 1577, 1578) 4837.0
(811, 812, 813) 4755.0
(9832, 9833, 9834) 6447.0
(1177, 1178, 1179) 5597.0
(5349, 5350, 5351) 5686.0
(8802, 8803, 8804) 5787.0
(5969, 5970, 5971) 5928.0
(2076, 2077, 2078) 4414.0
(5780, 5781, 5782) 5680.0
(6807, 6808, 6809) 5079.0
(4024, 4025, 4026) 5338.0
(671, 672, 673) 6821.0
(3104, 3105, 3106) 5436.0
(4428, 4429, 4430) 5053.0
(1992, 1993, 1994) 5618.0
