(3379, 3380, 3381) 5476.0
(6259, 6260, 6261) 5538.0
(5274, 5275, 5276) 5420.0
(7103, 7104, 7105) 4541.0
(6143, 6144, 6145) 6381.0
(6310, 6311, 6312) 6667.0
(2873, 2874, 2875) 5340.0
(7020, 7021, 7022) 5704.0
(9052, 9053, 9054) 5030.0
(6640, 6641, 6642) 5879.0
(5475, 5476, 5477) 5397.0
(7177, 7178, 7179) 5766.0
(321, 322, 323) 5796.0
(6817, 6818, 6819) 6529.0
(8700, 8701, 8702) 5496.0
(9519, 9520, 9521) 6540.0
(3917, 3918, 3919) 5600.0
(7282, 7283, 7284) 7299.0
(9252, 9253, 9254) 5351.0
(2742, 2743, 2744) 4802.0
(4186, 4187, 4188) 5115.0
(2107, 2108, 2109) 5180.0
(5212, 5213, 5214) 5093.0
(5700, 5701, 5702) 6179.0
(3049, 3050, 3051) 4688.0
(1160, 1161, 1162) 6007.0
(2702, 2703, 2704) 5209.0
(8162, 8163, 8164) 5247.0
(2405, 2406, 2407) 4469.0
(8767, 8768, 8769) 5456.0
(8623, 8624, 8625) 5693.0
(6669, 6670, 6671) 4676.0
(8232, 8233, 8234) 5244.0
(8653, 8654, 8655) 5381.0
(5425, 5426, 5427) 4886.0
(9960, 9961, 9962) 5680.0
(6561, 6562, 6563) 5320.0
(3181, 3182, 3183) 5092.0
(2120, 2121, 2122) 4874.0
(7147, 7148, 7149) 5031.0
(739, 740, 741) 5775.0
(5903, 5904, 5905) 5483.0
(4041, 4042, 4043) 6515.0
(9224, 9225, 9226) 5498.0
(7121, 7122, 7123) 5284.0
(4841, 4842, 4843) 5065.0
(4412, 4413, 4414) 7171.0
(1439, 1440, 1441) 5561.0
(9845, 9846, 9847) 5891.0
(2028, 2029, 2030) 5718.0
(1490, 1491, 1492) 5865.0
(5818, 5819, 5820) 5394.0
(6508, 6509, 6510) 4519.0
(618, 619, 620) 5551.0
(3494, 3495, 3496) 6012.0
(4723, 4724, 4725) 6770.0
(1533, 1534, 1535) 5331.0
(3814, 3815, 3816) 7414.0
(6271, 6272, 6273) 5751.0
(6342, 6343, 6344) 6522.0
(8762, 8763, 8764) 5743.0
(7696, 7697, 7698) 5245.0
(212, 213, 214) 4703.0
(987, 988, 989) 4950.0
(4307, 4308, 4309) 5253.0
(5234, 5235, 5236) 5480.0
(1224, 1225, 1226) 5486.0
(9937, 9938, 9939) 5445.0
(567, 568, 569) 6991.0
(8871, 8872, 8873) 5101.0
(840, 841, 842) 6219.0
(6612, 6613, 6614) 4963.0
(3149, 3150, 3151) 5184.0
(9023, 9024, 9025) 5285.0
(1905, 1906, 1907) 5577.0
(5543, 5544, 5545) 5295.0
(3756, 3757, 3758) 4901.0
(6913, 6914, 6915) 5609.0
(4012, 4013, 4014) 5065.0
(4199, 4200, 4201) 5321.0
(5752, 5753, 5754) 5979.0
(6855, 6856, 6857) 6439.0
(2323, 2324, 2325) 5673.0
(648, 649, 650) 6215.0
(9196, 9197, 9198) 5984.0
(1178, 1179, 1180) 5343.0
(3988, 3989, 3990) 5209.0
(4702, 4703, 4704) 6261.0
(4420, 4421, 4422) 5935.0
(286, 287, 288) 4695.0
(4724, 4725, 4726) 5256.0
(2417, 2418, 2419) 6024.0
(4561, 4562, 4563) 6726.0
(6431, 6432, 6433) 5244.0
(15, 16, 17) 5320.0
(7095, 7096, 7097) 5074.0
(5138, 5139, 5140) 7108.0
(3118, 3119, 3120) 5823.0
(5157, 5158, 5159) 6275.0
(7179, 7180, 7181) 5327.0
(4886, 4887, 4888) 8240.0
(6293, 6294, 6295) 7034.0
(4678, 4679, 4680) 6317.0
(7642, 7643, 7644) 5222.0
(7875, 7876, 7877) 4845.0
(9352, 9353, 9354) 4895.0
(6878, 6879, 6880) 5470.0
(7110, 7111, 7112) 7608.0
(8616, 8617, 8618) 5173.0
(3092, 3093, 3094) 5053.0
(3487, 3488, 3489) 6239.0
(4824, 4825, 4826) 5836.0
(648, 649, 650) 6215.0
(968, 969, 970) 6220.0
(8372, 8373, 8374) 6116.0
(4407, 4408, 4409) 5978.0
(5757, 5758, 5759) 5080.0
(8298, 8299, 8300) 5372.0
(2689, 2690, 2691) 5277.0
(9722, 9723, 9724) 6210.0
(2408, 2409, 2410) 5118.0
(5209, 5210, 5211) 5051.0
(7723, 7724, 7725) 5505.0
(4968, 4969, 4970) 5764.0
(6596, 6597, 6598) 5472.0
(7543, 7544, 7545) 5602.0
(5367, 5368, 5369) 5602.0
(7652, 7653, 7654) 5372.0
(7965, 7966, 7967) 5407.0
(4453, 4454, 4455) 5383.0
(6907, 6908, 6909) 5685.0
(3258, 3259, 3260) 4448.0
(9947, 9948, 9949) 5776.0
(8573, 8574, 8575) 5257.0
(8713, 8714, 8715) 5398.0
(2451, 2452, 2453) 4954.0
(44, 45, 46) 5625.0
(9697, 9698, 9699) 5264.0
(9519, 9520, 9521) 6540.0
(6127, 6128, 6129) 5602.0
(6523, 6524, 6525) 5300.0
(7274, 7275, 7276) 5375.0
(7586, 7587, 7588) 5173.0
(9137, 9138, 9139) 5679.0
(4027, 4028, 4029) 5169.0
(9496, 9497, 9498) 5775.0
(5034, 5035, 5036) 5089.0
(3522, 3523, 3524) 5894.0
(3056, 3057, 3058) 7150.0
(7100, 7101, 7102) 6392.0
(6878, 6879, 6880) 5470.0
(6173, 6174, 6175) 5474.0
(3623, 3624, 3625) 5867.0
(4724, 4725, 4726) 5256.0
(6656, 6657, 6658) 6909.0
(786, 787, 788) 4597.0
(1776, 1777, 1778) 5063.0
(466, 467, 468) 5871.0
(9672, 9673, 9674) 6232.0
(5898, 5899, 5900) 4814.0
(8758, 8759, 8760) 5886.0
(7647, 7648, 7649) 4914.0
(9526, 9527, 9528) 5574.0
(7309, 7310, 7311) 5725.0
(8426, 8427, 8428) 5802.0
(3232, 3233, 3234) 5797.0
(1170, 1171, 1172) 6381.0
(3940, 3941, 3942) 6075.0
(1368, 1369, 1370) 5105.0
(7153, 7154, 7155) 5589.0
(6818, 6819, 6820) 5873.0
(7066, 7067, 7068) 5818.0
(6499, 6500, 6501) 5526.0
(7878, 7879, 7880) 4987.0
(6496, 6497, 6498) 5345.0
(3547, 3548, 3549) 7037.0
(2451, 2452, 2453) 4954.0
(8884, 8885, 8886) 6538.0
(8728, 8729, 8730) 5117.0
(9857, 9858, 9859) 5229.0
(6430, 6431, 6432) 4946.0
(3407, 3408, 3409) 5501.0
(7723, 7724, 7725) 5505.0
(4133, 4134, 4135) 5684.0
(5048, 5049, 5050) 6367.0
(7296, 7297, 7298) 5735.0
(7482, 7483, 7484) 5838.0
(4225, 4226, 4227) 6088.0
(6222, 6223, 6224) 5061.0
(1228, 1229, 1230) 5461.0
(7041, 7042, 7043) 6612.0
(5402, 5403, 5404) 6052.0
(2884, 2885, 2886) 6560.0
(5856, 5857, 5858) 5724.0
(5040, 5041, 5042) 6309.0
(8751, 8752, 8753) 6305.0
(4655, 4656, 4657) 5768.0
(1946, 1947, 1948) 5528.0
(6564, 6565, 6566) 5774.0
(5920, 5921, 5922) 5893.0
(3638, 3639, 3640) 6091.0
