(6851, 6852, 6853) 5457.0
(9764, 9765, 9766) 7334.0
(8573, 8574, 8575) 5445.0
(965, 966, 967) 5512.0
(584, 585, 586) 5119.0
(8215, 8216, 8217) 5436.0
(9495, 9496, 9497) 4649.0
(1421, 1422, 1423) 6008.0
(800, 801, 802) 5851.0
(9954, 9955, 9956) 6543.0
(1064, 1065, 1066) 4881.0
(8545, 8546, 8547) 5216.0
(3385, 3386, 3387) 5599.0
(3526, 3527, 3528) 5094.0
(9318, 9319, 9320) 6170.0
(5504, 5505, 5506) 6122.0
(4065, 4066, 4067) 5263.0
(8913, 8914, 8915) 6531.0
(5691, 5692, 5693) 5532.0
(8357, 8358, 8359) 5235.0
(7216, 7217, 7218) 7634.0
(6916, 6917, 6918) 6794.0
(2150, 2151, 2152) 6670.0
(5931, 5932, 5933) 5553.0
(4382, 4383, 4384) 5895.0
(6066, 6067, 6068) 5427.0
(362, 363, 364) 6930.0
(3299, 3300, 3301) 5470.0
(9868, 9869, 9870) 5877.0
(181, 182, 183) 5578.0
(2991, 2992, 2993) 6024.0
(8202, 8203, 8204) 5843.0
(7164, 7165, 7166) 5350.0
(3450, 3451, 3452) 7704.0
(7734, 7735, 7736) 5336.0
(7667, 7668, 7669) 5664.0
(9469, 9470, 9471) 5152.0
(9218, 9219, 9220) 5649.0
(4746, 4747, 4748) 5989.0
(7604, 7605, 7606) 5718.0
(1611, 1612, 1613) 6514.0
(9156, 9157, 9158) 6083.0
(1689, 1690, 1691) 5716.0
(4961, 4962, 4963) 5937.0
(7525, 7526, 7527) 5362.0
(3242, 3243, 3244) 6178.0
(4526, 4527, 4528) 5940.0
(3831, 3832, 3833) 4963.0
(8608, 8609, 8610) 6159.0
(6120, 6121, 6122) 6018.0
(3459, 3460, 3461) 4985.0
(7671, 7672, 7673) 5938.0
(8916, 8917, 8918) 5727.0
(5542, 5543, 5544) 5814.0
(9404, 9405, 9406) 5339.0
(2022, 2023, 2024) 5369.0
(6811, 6812, 6813) 5859.0
(1977, 1978, 1979) 6392.0
(9131, 9132, 9133) 6244.0
(6090, 6091, 6092) 5048.0
(5748, 5749, 5750) 6515.0
(1074, 1075, 1076) 5661.0
(2008, 2009, 2010) 5100.0
(8183, 8184, 8185) 6274.0
(2750, 2751, 2752) 5939.0
(4282, 4283, 4284) 5309.0
(1951, 1952, 1953) 6677.0
(6898, 6899, 6900) 5077.0
(9002, 9003, 9004) 6512.0
(7524, 7525, 7526) 6579.0
(5509, 5510, 5511) 5823.0
(9316, 9317, 9318) 6893.0
(8094, 8095, 8096) 5647.0
(1152, 1153, 1154) 5941.0
(1179, 1180, 1181) 5121.0
(6383, 6384, 6385) 5704.0
(7303, 7304, 7305) 5573.0
(4913, 4914, 4915) 5073.0
(736, 737, 738) 5211.0
(8513, 8514, 8515) 5465.0
(5730, 5731, 5732) 6781.0
(2785, 2786, 2787) 5564.0
(5148, 5149, 5150) 7436.0
(7723, 7724, 7725) 5522.0
(6137, 6138, 6139) 5385.0
(8903, 8904, 8905) 5491.0
(258, 259, 260) 6289.0
(1764, 1765, 1766) 5116.0
(5277, 5278, 5279) 5899.0
(6325, 6326, 6327) 5894.0
(5302, 5303, 5304) 6572.0
(3483, 3484, 3485) 4732.0
(3629, 3630, 3631) 6056.0
(9060, 9061, 9062) 5757.0
(4547, 4548, 4549) 5572.0
(7993, 7994, 7995) 6299.0
(7543, 7544, 7545) 5695.0
(8246, 8247, 8248) 6773.0
(4063, 4064, 4065) 7121.0
(4060, 4061, 4062) 6150.0
(4494, 4495, 4496) 5326.0
(1925, 1926, 1927) 6416.0
(2328, 2329, 2330) 5747.0
(9285, 9286, 9287) 4752.0
(3811, 3812, 3813) 5784.0
(4711, 4712, 4713) 5690.0
(7226, 7227, 7228) 5787.0
(8834, 8835, 8836) 6377.0
(6682, 6683, 6684) 6225.0
(7869, 7870, 7871) 7071.0
(9377, 9378, 9379) 6749.0
(4594, 4595, 4596) 5597.0
(4599, 4600, 4601) 4755.0
(5382, 5383, 5384) 5412.0
(8112, 8113, 8114) 5783.0
(3090, 3091, 3092) 7116.0
(9035, 9036, 9037) 6602.0
(8842, 8843, 8844) 5557.0
(1549, 1550, 1551) 5646.0
(4496, 4497, 4498) 5220.0
(3884, 3885, 3886) 6497.0
(3318, 3319, 3320) 4780.0
(604, 605, 606) 5679.0
(5882, 5883, 5884) 5792.0
(3650, 3651, 3652) 5389.0
(8176, 8177, 8178) 5473.0
(4963, 4964, 4965) 6719.0
(5956, 5957, 5958) 4957.0
(9620, 9621, 9622) 5349.0
(5242, 5243, 5244) 5969.0
(7961, 7962, 7963) 6148.0
(3123, 3124, 3125) 5335.0
(2482, 2483, 2484) 5913.0
(440, 441, 442) 6125.0
(5130, 5131, 5132) 5562.0
(9368, 9369, 9370) 6011.0
(7906, 7907, 7908) 5421.0
(9791, 9792, 9793) 5784.0
(7060, 7061, 7062) 9087.0
(1410, 1411, 1412) 6864.0
(4121, 4122, 4123) 4858.0
(1629, 1630, 1631) 5185.0
(3001, 3002, 3003) 5884.0
(3676, 3677, 3678) 5613.0
(5552, 5553, 5554) 5870.0
(8784, 8785, 8786) 4674.0
(3907, 3908, 3909) 6312.0
(6778, 6779, 6780) 6511.0
(8943, 8944, 8945) 5419.0
(6156, 6157, 6158) 5886.0
(2183, 2184, 2185) 6708.0
(9304, 9305, 9306) 6815.0
(9103, 9104, 9105) 5773.0
(1062, 1063, 1064) 5370.0
(2543, 2544, 2545) 5868.0
(876, 877, 878) 5948.0
(9756, 9757, 9758) 6094.0
(878, 879, 880) 5521.0
(6413, 6414, 6415) 5920.0
(2771, 2772, 2773) 5130.0
(375, 376, 377) 6147.0
(3630, 3631, 3632) 5930.0
(1298, 1299, 1300) 6292.0
(1417, 1418, 1419) 4722.0
(5608, 5609, 5610) 5868.0
(4708, 4709, 4710) 5438.0
(7098, 7099, 7100) 7273.0
(6537, 6538, 6539) 6205.0
(8053, 8054, 8055) 6438.0
(9819, 9820, 9821) 5628.0
(9819, 9820, 9821) 5628.0
(2025, 2026, 2027) 5569.0
(3759, 3760, 3761) 5482.0
(5888, 5889, 5890) 5320.0
(2534, 2535, 2536) 5646.0
(9748, 9749, 9750) 6063.0
(5305, 5306, 5307) 6305.0
(1481, 1482, 1483) 6710.0
(3683, 3684, 3685) 5346.0
(3247, 3248, 3249) 7328.0
(6257, 6258, 6259) 5120.0
(2300, 2301, 2302) 5499.0
(7359, 7360, 7361) 7446.0
(198, 199, 200) 5869.0
(8690, 8691, 8692) 6429.0
(2111, 2112, 2113) 6016.0
(8399, 8400, 8401) 6148.0
(486, 487, 488) 5817.0
(4445, 4446, 4447) 5057.0
(6665, 6666, 6667) 5520.0
(2521, 2522, 2523) 6067.0
(3561, 3562, 3563) 6407.0
(4449, 4450, 4451) 6075.0
(9028, 9029, 9030) 4914.0
(597, 598, 599) 5429.0
(3734, 3735, 3736) 6195.0
(5233, 5234, 5235) 5247.0
(8377, 8378, 8379) 5525.0
(8016, 8017, 8018) 5540.0
(8560, 8561, 8562) 5984.0
(2551, 2552, 2553) 5002.0
