(2747, 2748, 2749) 5982.0
(4161, 4162, 4163) 6265.0
(2944, 2945, 2946) 7811.0
(7201, 7202, 7203) 5853.0
(2025, 2026, 2027) 5699.0
(4067, 4068, 4069) 7336.0
(7923, 7924, 7925) 8222.0
(8481, 8482, 8483) 5870.0
(8868, 8869, 8870) 6373.0
(9294, 9295, 9296) 5560.0
(4972, 4973, 4974) 6266.0
(6795, 6796, 6797) 5497.0
(6350, 6351, 6352) 6824.0
(8268, 8269, 8270) 4985.0
(7835, 7836, 7837) 5028.0
(9884, 9885, 9886) 6622.0
(2794, 2795, 2796) 5872.0
(2120, 2121, 2122) 4935.0
(3760, 3761, 3762) 6033.0
(9978, 9979, 9980) 7154.0
(662, 663, 664) 5727.0
(9834, 9835, 9836) 6566.0
(8434, 8435, 8436) 5016.0
(5948, 5949, 5950) 5661.0
(4391, 4392, 4393) 5507.0
(7955, 7956, 7957) 5297.0
(5095, 5096, 5097) 7569.0
(6533, 6534, 6535) 7233.0
(2997, 2998, 2999) 6120.0
(3307, 3308, 3309) 6635.0
(4347, 4348, 4349) 6617.0
(5438, 5439, 5440) 6720.0
(234, 235, 236) 5893.0
(1690, 1691, 1692) 6327.0
(123, 124, 125) 5682.0
(7185, 7186, 7187) 5633.0
(814, 815, 816) 5302.0
(6565, 6566, 6567) 6017.0
(196, 197, 198) 5519.0
(1556, 1557, 1558) 6416.0
(6342, 6343, 6344) 6692.0
(4032, 4033, 4034) 5966.0
(2923, 2924, 2925) 5525.0
(2313, 2314, 2315) 6028.0
(4710, 4711, 4712) 5507.0
(5562, 5563, 5564) 5721.0
(7449, 7450, 7451) 5529.0
(6693, 6694, 6695) 4999.0
(7848, 7849, 7850) 6106.0
(1924, 1925, 1926) 4852.0
(2340, 2341, 2342) 6533.0
(428, 429, 430) 5637.0
(9810, 9811, 9812) 6317.0
(2389, 2390, 2391) 6326.0
(6741, 6742, 6743) 5664.0
(2269, 2270, 2271) 6641.0
(6682, 6683, 6684) 6269.0
(3398, 3399, 3400) 5883.0
(3336, 3337, 3338) 5171.0
(5926, 5927, 5928) 5670.0
(2488, 2489, 2490) 5631.0
(9640, 9641, 9642) 7837.0
(7009, 7010, 7011) 7704.0
(3318, 3319, 3320) 4924.0
(1617, 1618, 1619) 6379.0
(2881, 2882, 2883) 5034.0
(732, 733, 734) 6477.0
(5517, 5518, 5519) 6291.0
(7673, 7674, 7675) 6932.0
(7440, 7441, 7442) 5224.0
(3289, 3290, 3291) 5727.0
(7784, 7785, 7786) 4893.0
(5635, 5636, 5637) 5762.0
(2930, 2931, 2932) 5885.0
(4996, 4997, 4998) 6170.0
(2642, 2643, 2644) 6009.0
(7436, 7437, 7438) 6334.0
(1843, 1844, 1845) 5907.0
(145, 146, 147) 5738.0
(2574, 2575, 2576) 5580.0
(4417, 4418, 4419) 6094.0
(9675, 9676, 9677) 5559.0
(901, 902, 903) 5157.0
(3339, 3340, 3341) 5793.0
(709, 710, 711) 5282.0
(4804, 4805, 4806) 5883.0
(1343, 1344, 1345) 5772.0
(56, 57, 58) 5598.0
(1358, 1359, 1360) 6686.0
(158, 159, 160) 5842.0
(1876, 1877, 1878) 5538.0
(5908, 5909, 5910) 5453.0
(4901, 4902, 4903) 5653.0
(6168, 6169, 6170) 5518.0
(6379, 6380, 6381) 6260.0
(7642, 7643, 7644) 5596.0
(8943, 8944, 8945) 5423.0
(7334, 7335, 7336) 6800.0
(9263, 9264, 9265) 5447.0
(9340, 9341, 9342) 6114.0
(3657, 3658, 3659) 5989.0
(8405, 8406, 8407) 6683.0
(1845, 1846, 1847) 6448.0
(8160, 8161, 8162) 4972.0
(4054, 4055, 4056) 6069.0
(4760, 4761, 4762) 6446.0
(3132, 3133, 3134) 6875.0
(4530, 4531, 4532) 6261.0
(3880, 3881, 3882) 6416.0
(6240, 6241, 6242) 6479.0
(9368, 9369, 9370) 5879.0
(5008, 5009, 5010) 5514.0
(2216, 2217, 2218) 5334.0
(2051, 2052, 2053) 5361.0
(6779, 6780, 6781) 6253.0
(7863, 7864, 7865) 6012.0
(9022, 9023, 9024) 5669.0
(1974, 1975, 1976) 6470.0
(1048, 1049, 1050) 5793.0
(5744, 5745, 5746) 6448.0
(7905, 7906, 7907) 6562.0
(2751, 2752, 2753) 6707.0
(8337, 8338, 8339) 5396.0
(3094, 3095, 3096) 6150.0
(5454, 5455, 5456) 5097.0
(8473, 8474, 8475) 5438.0
(7971, 7972, 7973) 7303.0
(304, 305, 306) 5783.0
(3889, 3890, 3891) 5632.0
(9269, 9270, 9271) 6445.0
(9908, 9909, 9910) 5578.0
(5317, 5318, 5319) 5842.0
(5789, 5790, 5791) 5981.0
(278, 279, 280) 6516.0
(7212, 7213, 7214) 6612.0
(5403, 5404, 5405) 6342.0
(5730, 5731, 5732) 6753.0
(5137, 5138, 5139) 6849.0
(4009, 4010, 4011) 4883.0
(9789, 9790, 9791) 6006.0
(8971, 8972, 8973) 6001.0
(2545, 2546, 2547) 5637.0
(8195, 8196, 8197) 4967.0
(7610, 7611, 7612) 5635.0
(7425, 7426, 7427) 6066.0
(2195, 2196, 2197) 5322.0
(7933, 7934, 7935) 7856.0
(7978, 7979, 7980) 7029.0
(8206, 8207, 8208) 5746.0
(8677, 8678, 8679) 7584.0
(1072, 1073, 1074) 5610.0
(205, 206, 207) 5693.0
(9605, 9606, 9607) 5436.0
(8141, 8142, 8143) 5764.0
(7153, 7154, 7155) 5945.0
(4186, 4187, 4188) 5270.0
(5109, 5110, 5111) 5780.0
(5018, 5019, 5020) 7146.0
(3502, 3503, 3504) 6491.0
(3710, 3711, 3712) 7055.0
(3137, 3138, 3139) 5866.0
(4805, 4806, 4807) 6357.0
(4777, 4778, 4779) 6074.0
(1351, 1352, 1353) 7463.0
(7984, 7985, 7986) 4845.0
(1081, 1082, 1083) 5419.0
(334, 335, 336) 5791.0
(4201, 4202, 4203) 5299.0
(1740, 1741, 1742) 6315.0
(5889, 5890, 5891) 5765.0
(6440, 6441, 6442) 6831.0
(511, 512, 513) 4834.0
(2253, 2254, 2255) 6019.0
(1482, 1483, 1484) 7765.0
(4450, 4451, 4452) 6946.0
(7115, 7116, 7117) 4931.0
(2167, 2168, 2169) 6199.0
(6621, 6622, 6623) 5812.0
(6526, 6527, 6528) 5495.0
(8698, 8699, 8700) 5790.0
(8419, 8420, 8421) 6272.0
(6813, 6814, 6815) 5004.0
(6565, 6566, 6567) 6017.0
(6014, 6015, 6016) 6167.0
(9120, 9121, 9122) 5942.0
(6318, 6319, 6320) 6056.0
(4875, 4876, 4877) 5609.0
(214, 215, 216) 6300.0
(9829, 9830, 9831) 5286.0
(3287, 3288, 3289) 5851.0
(4360, 4361, 4362) 5907.0
(276, 277, 278) 5820.0
(808, 809, 810) 5678.0
(1361, 1362, 1363) 5105.0
(3813, 3814, 3815) 5363.0
(4432, 4433, 4434) 5449.0
(6182, 6183, 6184) 4804.0
(3675, 3676, 3677) 6052.0
(3959, 3960, 3961) 5302.0
(2656, 2657, 2658) 5038.0
(1796, 1797, 1798) 6599.0
