(797, 798, 799) 6520.0
(3325, 3326, 3327) 5496.0
(2280, 2281, 2282) 5080.0
(2613, 2614, 2615) 5280.0
(7408, 7409, 7410) 6302.0
(3244, 3245, 3246) 5388.0
(6069, 6070, 6071) 6747.0
(8230, 8231, 8232) 5994.0
(9934, 9935, 9936) 5801.0
(6098, 6099, 6100) 5944.0
(6468, 6469, 6470) 4453.0
(7309, 7310, 7311) 5927.0
(8469, 8470, 8471) 7581.0
(6270, 6271, 6272) 5924.0
(6832, 6833, 6834) 6751.0
(4572, 4573, 4574) 6776.0
(3126, 3127, 3128) 5651.0
(2975, 2976, 2977) 6200.0
(6685, 6686, 6687) 5634.0
(7127, 7128, 7129) 6624.0
(3246, 3247, 3248) 6530.0
(2559, 2560, 2561) 5562.0
(9336, 9337, 9338) 7030.0
(8627, 8628, 8629) 6169.0
(4497, 4498, 4499) 7510.0
(7191, 7192, 7193) 7551.0
(3593, 3594, 3595) 5155.0
(4620, 4621, 4622) 5790.0
(2166, 2167, 2168) 5642.0
(625, 626, 627) 5401.0
(2600, 2601, 2602) 5923.0
(7799, 7800, 7801) 6324.0
(8994, 8995, 8996) 7462.0
(2787, 2788, 2789) 5521.0
(5097, 5098, 5099) 4924.0
(1096, 1097, 1098) 6012.0
(3616, 3617, 3618) 5844.0
(4274, 4275, 4276) 6006.0
(766, 767, 768) 5606.0
(4778, 4779, 4780) 6063.0
(6283, 6284, 6285) 6714.0
(1278, 1279, 1280) 6484.0
(754, 755, 756) 6788.0
(8080, 8081, 8082) 5920.0
(9969, 9970, 9971) 6164.0
(3423, 3424, 3425) 6210.0
(1035, 1036, 1037) 7025.0
(1438, 1439, 1440) 5978.0
(2407, 2408, 2409) 5617.0
(9444, 9445, 9446) 5721.0
(8083, 8084, 8085) 6381.0
(735, 736, 737) 6519.0
(8126, 8127, 8128) 7342.0
(9639, 9640, 9641) 5823.0
(1124, 1125, 1126) 5365.0
(9686, 9687, 9688) 6412.0
(9021, 9022, 9023) 5393.0
(1074, 1075, 1076) 6176.0
(2516, 2517, 2518) 6209.0
(3912, 3913, 3914) 5840.0
(1165, 1166, 1167) 5180.0
(1617, 1618, 1619) 6521.0
(3203, 3204, 3205) 5180.0
(9131, 9132, 9133) 6477.0
(2839, 2840, 2841) 6391.0
(5342, 5343, 5344) 6037.0
(4219, 4220, 4221) 5782.0
(8568, 8569, 8570) 5707.0
(6249, 6250, 6251) 5800.0
(4121, 4122, 4123) 5139.0
(503, 504, 505) 5562.0
(7460, 7461, 7462) 5333.0
(8010, 8011, 8012) 8456.0
(8028, 8029, 8030) 6528.0
(8828, 8829, 8830) 5285.0
(4785, 4786, 4787) 5872.0
(8602, 8603, 8604) 5272.0
(6728, 6729, 6730) 5792.0
(7744, 7745, 7746) 7322.0
(5081, 5082, 5083) 6021.0
(1311, 1312, 1313) 6551.0
(6925, 6926, 6927) 5379.0
(2567, 2568, 2569) 7821.0
(8123, 8124, 8125) 6015.0
(4246, 4247, 4248) 7538.0
(6144, 6145, 6146) 5281.0
(6895, 6896, 6897) 5772.0
(9668, 9669, 9670) 6555.0
(535, 536, 537) 6267.0
(9069, 9070, 9071) 6698.0
(8985, 8986, 8987) 5544.0
(8923, 8924, 8925) 6488.0
(4836, 4837, 4838) 6434.0
(4735, 4736, 4737) 5883.0
(4163, 4164, 4165) 5886.0
(143, 144, 145) 6082.0
(8511, 8512, 8513) 5306.0
(3965, 3966, 3967) 6025.0
(4661, 4662, 4663) 6949.0
(8280, 8281, 8282) 5616.0
(4669, 4670, 4671) 6296.0
(6375, 6376, 6377) 6011.0
(6890, 6891, 6892) 5678.0
(2690, 2691, 2692) 5765.0
(2283, 2284, 2285) 5518.0
(8526, 8527, 8528) 5407.0
(6017, 6018, 6019) 5474.0
(7657, 7658, 7659) 6005.0
(6200, 6201, 6202) 5841.0
(4198, 4199, 4200) 6945.0
(6372, 6373, 6374) 5597.0
(9997, 9998, 9999) 6588.0
(9576, 9577, 9578) 7369.0
(1421, 1422, 1423) 6170.0
(2149, 2150, 2151) 6546.0
(4808, 4809, 4810) 5937.0
(9241, 9242, 9243) 8025.0
(885, 886, 887) 6590.0
(2944, 2945, 2946) 8690.0
(9230, 9231, 9232) 6112.0
(2592, 2593, 2594) 6556.0
(4036, 4037, 4038) 6373.0
(3891, 3892, 3893) 5113.0
(7147, 7148, 7149) 5332.0
(4299, 4300, 4301) 6015.0
(5252, 5253, 5254) 7333.0
(1772, 1773, 1774) 5452.0
(3383, 3384, 3385) 7753.0
(4260, 4261, 4262) 6063.0
(9072, 9073, 9074) 6835.0
(3235, 3236, 3237) 6027.0
(5209, 5210, 5211) 5374.0
(1833, 1834, 1835) 6122.0
(8721, 8722, 8723) 5924.0
(1410, 1411, 1412) 7255.0
(2321, 2322, 2323) 5696.0
(2045, 2046, 2047) 6973.0
(8332, 8333, 8334) 5596.0
(4398, 4399, 4400) 5719.0
(6940, 6941, 6942) 6799.0
(3180, 3181, 3182) 5643.0
(3369, 3370, 3371) 6644.0
(5222, 5223, 5224) 6078.0
(1780, 1781, 1782) 5306.0
(2790, 2791, 2792) 7454.0
(1716, 1717, 1718) 5538.0
(2430, 2431, 2432) 5967.0
(9302, 9303, 9304) 5340.0
(7786, 7787, 7788) 6782.0
(2633, 2634, 2635) 7731.0
(9096, 9097, 9098) 7434.0
(1364, 1365, 1366) 6843.0
(2656, 2657, 2658) 5168.0
(6142, 6143, 6144) 5134.0
(6344, 6345, 6346) 6072.0
(1168, 1169, 1170) 6117.0
(3097, 3098, 3099) 5835.0
(6304, 6305, 6306) 6607.0
(2205, 2206, 2207) 6676.0
(1012, 1013, 1014) 5762.0
(2959, 2960, 2961) 5680.0
(167, 168, 169) 5535.0
(6938, 6939, 6940) 6808.0
(4310, 4311, 4312) 6939.0
(3656, 3657, 3658) 6175.0
(1868, 1869, 1870) 7794.0
(2373, 2374, 2375) 7253.0
(1990, 1991, 1992) 5537.0
(5882, 5883, 5884) 6057.0
(82, 83, 84) 7320.0
(3269, 3270, 3271) 5622.0
(7438, 7439, 7440) 5509.0
(6464, 6465, 6466) 5855.0
(104, 105, 106) 6260.0
(9445, 9446, 9447) 5836.0
(7670, 7671, 7672) 6057.0
(4853, 4854, 4855) 5154.0
(6026, 6027, 6028) 5409.0
(607, 608, 609) 5250.0
(5227, 5228, 5229) 6478.0
(2238, 2239, 2240) 5695.0
(7306, 7307, 7308) 5712.0
(3518, 3519, 3520) 6216.0
(4266, 4267, 4268) 5138.0
(7029, 7030, 7031) 5959.0
(5078, 5079, 5080) 6486.0
(875, 876, 877) 5302.0
(6545, 6546, 6547) 5669.0
(7868, 7869, 7870) 6281.0
(246, 247, 248) 7330.0
(4709, 4710, 4711) 5567.0
(1362, 1363, 1364) 6385.0
(2131, 2132, 2133) 6580.0
(2039, 2040, 2041) 5376.0
(2029, 2030, 2031) 6810.0
(4668, 4669, 4670) 5832.0
(304, 305, 306) 5901.0
(5278, 5279, 5280) 5633.0
(9252, 9253, 9254) 5692.0
(6168, 6169, 6170) 5566.0
(7147, 7148, 7149) 5332.0
