(8117, 8118, 8119) 5456.0
(3529, 3530, 3531) 5779.0
(1295, 1296, 1297) 5668.0
(9118, 9119, 9120) 7127.0
(7229, 7230, 7231) 5926.0
(5756, 5757, 5758) 6112.0
(218, 219, 220) 5485.0
(2276, 2277, 2278) 6047.0
(1284, 1285, 1286) 6022.0
(8862, 8863, 8864) 6899.0
(7135, 7136, 7137) 6600.0
(2615, 2616, 2617) 7023.0
(9070, 9071, 9072) 6922.0
(7582, 7583, 7584) 6993.0
(2657, 2658, 2659) 5999.0
(6989, 6990, 6991) 6518.0
(307, 308, 309) 6192.0
(4106, 4107, 4108) 7191.0
(4118, 4119, 4120) 6442.0
(6088, 6089, 6090) 5876.0
(5869, 5870, 5871) 5742.0
(9760, 9761, 9762) 6473.0
(1013, 1014, 1015) 6327.0
(9960, 9961, 9962) 6365.0
(1070, 1071, 1072) 5397.0
(3346, 3347, 3348) 5924.0
(4449, 4450, 4451) 6447.0
(9976, 9977, 9978) 6297.0
(6568, 6569, 6570) 5861.0
(7623, 7624, 7625) 5882.0
(820, 821, 822) 6836.0
(1277, 1278, 1279) 5822.0
(4622, 4623, 4624) 7147.0
(9547, 9548, 9549) 5591.0
(1357, 1358, 1359) 6514.0
(3135, 3136, 3137) 6105.0
(8525, 8526, 8527) 6455.0
(1192, 1193, 1194) 6206.0
(3144, 3145, 3146) 5483.0
(4805, 4806, 4807) 6459.0
(9013, 9014, 9015) 6355.0
(9483, 9484, 9485) 5340.0
(1143, 1144, 1145) 5773.0
(2874, 2875, 2876) 5704.0
(9103, 9104, 9105) 6802.0
(5988, 5989, 5990) 5620.0
(3946, 3947, 3948) 6443.0
(1144, 1145, 1146) 6348.0
(841, 842, 843) 4908.0
(9023, 9024, 9025) 5837.0
(9048, 9049, 9050) 6240.0
(9482, 9483, 9484) 6716.0
(7832, 7833, 7834) 6546.0
(3934, 3935, 3936) 5738.0
(5296, 5297, 5298) 5832.0
(7735, 7736, 7737) 6559.0
(6658, 6659, 6660) 6095.0
(7692, 7693, 7694) 6312.0
(6687, 6688, 6689) 6936.0
(9626, 9627, 9628) 6566.0
(2106, 2107, 2108) 6227.0
(1215, 1216, 1217) 5983.0
(500, 501, 502) 5746.0
(8612, 8613, 8614) 6438.0
(7083, 7084, 7085) 7493.0
(8513, 8514, 8515) 6064.0
(9769, 9770, 9771) 5916.0
(2404, 2405, 2406) 6315.0
(9835, 9836, 9837) 6700.0
(9206, 9207, 9208) 6520.0
(2668, 2669, 2670) 6612.0
(2428, 2429, 2430) 6445.0
(6773, 6774, 6775) 6503.0
(7045, 7046, 7047) 5808.0
(9862, 9863, 9864) 5957.0
(6780, 6781, 6782) 6649.0
(8089, 8090, 8091) 6761.0
(22, 23, 24) 5675.0
(1500, 1501, 1502) 5988.0
(6953, 6954, 6955) 6064.0
(3056, 3057, 3058) 7643.0
(2010, 2011, 2012) 6778.0
(1057, 1058, 1059) 6479.0
(2282, 2283, 2284) 6030.0
(8448, 8449, 8450) 6364.0
(5958, 5959, 5960) 6548.0
(628, 629, 630) 5241.0
(2474, 2475, 2476) 6415.0
(91, 92, 93) 5851.0
(7849, 7850, 7851) 6435.0
(2423, 2424, 2425) 5689.0
(3034, 3035, 3036) 7996.0
(3177, 3178, 3179) 6531.0
(8863, 8864, 8865) 5924.0
(1368, 1369, 1370) 6121.0
(8644, 8645, 8646) 5453.0
(551, 552, 553) 6518.0
(941, 942, 943) 5551.0
(970, 971, 972) 5580.0
(4626, 4627, 4628) 6577.0
(4239, 4240, 4241) 5384.0
(9972, 9973, 9974) 6153.0
(2717, 2718, 2719) 6525.0
(526, 527, 528) 6552.0
(8254, 8255, 8256) 5733.0
(107, 108, 109) 6482.0
(527, 528, 529) 7961.0
(8975, 8976, 8977) 6754.0
(6921, 6922, 6923) 6072.0
(6859, 6860, 6861) 6303.0
(7048, 7049, 7050) 7126.0
(3377, 3378, 3379) 6328.0
(6025, 6026, 6027) 6039.0
(4372, 4373, 4374) 5872.0
(8144, 8145, 8146) 7726.0
(8713, 8714, 8715) 6098.0
(4042, 4043, 4044) 6116.0
(8387, 8388, 8389) 5261.0
(3688, 3689, 3690) 6629.0
(5577, 5578, 5579) 6130.0
(1670, 1671, 1672) 5506.0
(3213, 3214, 3215) 6467.0
(5258, 5259, 5260) 6005.0
(6179, 6180, 6181) 6885.0
(1961, 1962, 1963) 6807.0
(5584, 5585, 5586) 5899.0
(3975, 3976, 3977) 6416.0
(5473, 5474, 5475) 5282.0
(4412, 4413, 4414) 7590.0
(7969, 7970, 7971) 5345.0
(7806, 7807, 7808) 6462.0
(4144, 4145, 4146) 7186.0
(178, 179, 180) 6336.0
(6503, 6504, 6505) 6110.0
(200, 201, 202) 8076.0
(6515, 6516, 6517) 6615.0
(9043, 9044, 9045) 6460.0
(4919, 4920, 4921) 7385.0
(6512, 6513, 6514) 7350.0
(9620, 9621, 9622) 6036.0
(6518, 6519, 6520) 6178.0
(6200, 6201, 6202) 5886.0
(6295, 6296, 6297) 6713.0
(8048, 8049, 8050) 5509.0
(9227, 9228, 9229) 5620.0
(6733, 6734, 6735) 6625.0
(6956, 6957, 6958) 5680.0
(4796, 4797, 4798) 7088.0
(2739, 2740, 2741) 5885.0
(7882, 7883, 7884) 6209.0
(3291, 3292, 3293) 6906.0
(3071, 3072, 3073) 5422.0
(9909, 9910, 9911) 5611.0
(722, 723, 724) 5442.0
(9447, 9448, 9449) 6404.0
(4986, 4987, 4988) 5801.0
(643, 644, 645) 7805.0
(2578, 2579, 2580) 6900.0
(5400, 5401, 5402) 6543.0
(8867, 8868, 8869) 6017.0
(3317, 3318, 3319) 6222.0
(1696, 1697, 1698) 5816.0
(8134, 8135, 8136) 6221.0
(3530, 3531, 3532) 5612.0
(4935, 4936, 4937) 6426.0
(64, 65, 66) 5721.0
(8552, 8553, 8554) 5397.0
(5134, 5135, 5136) 7179.0
(8172, 8173, 8174) 6508.0
(816, 817, 818) 6128.0
(6746, 6747, 6748) 5607.0
(3131, 3132, 3133) 7111.0
(5744, 5745, 5746) 6515.0
(7396, 7397, 7398) 6876.0
(6653, 6654, 6655) 6281.0
(9082, 9083, 9084) 5721.0
(9314, 9315, 9316) 6042.0
(3318, 3319, 3320) 4983.0
(2626, 2627, 2628) 6966.0
(1017, 1018, 1019) 6600.0
(1481, 1482, 1483) 6951.0
(5673, 5674, 5675) 5513.0
(888, 889, 890) 7519.0
(7002, 7003, 7004) 6880.0
(7663, 7664, 7665) 6282.0
(6331, 6332, 6333) 5594.0
(4859, 4860, 4861) 5957.0
(1505, 1506, 1507) 5900.0
(5495, 5496, 5497) 6279.0
(1700, 1701, 1702) 6337.0
(9074, 9075, 9076) 6097.0
(1758, 1759, 1760) 7038.0
(9443, 9444, 9445) 6515.0
(2425, 2426, 2427) 6167.0
(6002, 6003, 6004) 6578.0
(9719, 9720, 9721) 6384.0
(6881, 6882, 6883) 7655.0
(2147, 2148, 2149) 5954.0
(5155, 5156, 5157) 6985.0
(1154, 1155, 1156) 7292.0
(8744, 8745, 8746) 6492.0
(5838, 5839, 5840) 6026.0
(1200, 1201, 1202) 6314.0
(4833, 4834, 4835) 6054.0
(5577, 5578, 5579) 6130.0
(6102, 6103, 6104) 6629.0
(2291, 2292, 2293) 6189.0
(2572, 2573, 2574) 6318.0
(6254, 6255, 6256) 6436.0
(649, 650, 651) 6301.0
(4818, 4819, 4820) 5183.0
(6758, 6759, 6760) 7842.0
(9063, 9064, 9065) 6070.0
(9136, 9137, 9138) 6293.0
(8186, 8187, 8188) 6557.0
(2510, 2511, 2512) 6663.0
(5353, 5354, 5355) 6705.0
(4705, 4706, 4707) 6038.0
(3740, 3741, 3742) 5846.0
(7546, 7547, 7548) 5738.0
(4963, 4964, 4965) 7193.0
(9062, 9063, 9064) 5647.0
(3394, 3395, 3396) 5612.0
(1181, 1182, 1183) 6232.0
(3184, 3185, 3186) 6033.0
(4879, 4880, 4881) 5830.0
(801, 802, 803) 5184.0
(3644, 3645, 3646) 6555.0
(9259, 9260, 9261) 6722.0
(6924, 6925, 6926) 7732.0
(1739, 1740, 1741) 6047.0
(3624, 3625, 3626) 6013.0
(449, 450, 451) 5563.0
(9733, 9734, 9735) 8351.0
(8356, 8357, 8358) 6319.0
(4624, 4625, 4626) 7119.0
(1726, 1727, 1728) 6436.0
(1113, 1114, 1115) 5767.0
(2197, 2198, 2199) 5835.0
(2916, 2917, 2918) 6412.0
(3461, 3462, 3463) 5589.0
(7928, 7929, 7930) 5015.0
(9531, 9532, 9533) 7701.0
(494, 495, 496) 6173.0
(3753, 3754, 3755) 7108.0
(646, 647, 648) 7147.0
(3791, 3792, 3793) 6640.0
(7494, 7495, 7496) 6157.0
(9641, 9642, 9643) 6799.0
(7281, 7282, 7283) 6215.0
(5266, 5267, 5268) 7421.0
(4712, 4713, 4714) 6543.0
(5527, 5528, 5529) 6391.0
(1606, 1607, 1608) 6896.0
(6887, 6888, 6889) 5874.0
(4183, 4184, 4185) 7121.0
(4526, 4527, 4528) 6511.0
(4352, 4353, 4354) 6271.0
(5718, 5719, 5720) 7197.0
(8540, 8541, 8542) 5698.0
(3037, 3038, 3039) 5934.0
(1623, 1624, 1625) 5713.0
(3278, 3279, 3280) 6767.0
(8515, 8516, 8517) 5850.0
(6885, 6886, 6887) 6373.0
(5902, 5903, 5904) 6738.0
(1023, 1024, 1025) 5926.0
(253, 254, 255) 5664.0
(4798, 4799, 4800) 6384.0
(968, 969, 970) 6819.0
(5090, 5091, 5092) 5746.0
(1459, 1460, 1461) 5396.0
(5158, 5159, 5160) 5984.0
(299, 300, 301) 5914.0
(1416, 1417, 1418) 6395.0
(9684, 9685, 9686) 6709.0
(3540, 3541, 3542) 5531.0
(7140, 7141, 7142) 7237.0
(2656, 2657, 2658) 5373.0
(7925, 7926, 7927) 6395.0
(4850, 4851, 4852) 7483.0
(3903, 3904, 3905) 5894.0
(7639, 7640, 7641) 6206.0
(8684, 8685, 8686) 5705.0
(3411, 3412, 3413) 7025.0
(3174, 3175, 3176) 5216.0
(1272, 1273, 1274) 6194.0
(3399, 3400, 3401) 6452.0
(7047, 7048, 7049) 6209.0
(475, 476, 477) 6893.0
(6557, 6558, 6559) 6122.0
(7103, 7104, 7105) 4843.0
(3866, 3867, 3868) 5780.0
(6014, 6015, 6016) 6589.0
(9937, 9938, 9939) 6032.0
(9233, 9234, 9235) 6330.0
(4434, 4435, 4436) 7517.0
(4939, 4940, 4941) 6132.0
(441, 442, 443) 5756.0
(2357, 2358, 2359) 6679.0
(6382, 6383, 6384) 6562.0
(3725, 3726, 3727) 5437.0
(9651, 9652, 9653) 5301.0
(5840, 5841, 5842) 6103.0
(9098, 9099, 9100) 5470.0
(4671, 4672, 4673) 5338.0
(5928, 5929, 5930) 6462.0
(2909, 2910, 2911) 7238.0
(2616, 2617, 2618) 5827.0
(4148, 4149, 4150) 5512.0
(579, 580, 581) 7239.0
(5876, 5877, 5878) 5687.0
(6297, 6298, 6299) 6470.0
(3599, 3600, 3601) 5525.0
(9598, 9599, 9600) 7429.0
(1129, 1130, 1131) 5835.0
(7514, 7515, 7516) 7202.0
(9783, 9784, 9785) 5979.0
(4310, 4311, 4312) 7131.0
(5856, 5857, 5858) 6823.0
(8057, 8058, 8059) 5355.0
(9805, 9806, 9807) 5557.0
(2285, 2286, 2287) 6902.0
(1203, 1204, 1205) 6431.0
(7477, 7478, 7479) 7242.0
(658, 659, 660) 7371.0
(3624, 3625, 3626) 6013.0
(1521, 1522, 1523) 5630.0
(6868, 6869, 6870) 5848.0
(6178, 6179, 6180) 7242.0
(5595, 5596, 5597) 5938.0
(7048, 7049, 7050) 7126.0
(8646, 8647, 8648) 5508.0
(9998, 9999, 10000) 8008.0
(8152, 8153, 8154) 6834.0
(1929, 1930, 1931) 6365.0
(355, 356, 357) 6205.0
(6711, 6712, 6713) 6346.0
(7529, 7530, 7531) 7469.0
(7034, 7035, 7036) 5804.0
(2343, 2344, 2345) 6373.0
(6467, 6468, 6469) 6055.0
(2363, 2364, 2365) 5696.0
(4508, 4509, 4510) 5927.0
(1674, 1675, 1676) 6832.0
(9894, 9895, 9896) 5411.0
(1202, 1203, 1204) 6930.0
(6093, 6094, 6095) 6052.0
(5261, 5262, 5263) 4863.0
(4038, 4039, 4040) 6043.0
(1906, 1907, 1908) 7452.0
(86, 87, 88) 5926.0
(1280, 1281, 1282) 6746.0
(1341, 1342, 1343) 6408.0
(8109, 8110, 8111) 5331.0
(5683, 5684, 5685) 5860.0
(6852, 6853, 6854) 6218.0
(8045, 8046, 8047) 5524.0
(9944, 9945, 9946) 5735.0
(6008, 6009, 6010) 6006.0
(6457, 6458, 6459) 7365.0
(1887, 1888, 1889) 6079.0
(8731, 8732, 8733) 6761.0
(8399, 8400, 8401) 6486.0
(3691, 3692, 3693) 6311.0
(358, 359, 360) 6366.0
(6481, 6482, 6483) 5792.0
(6238, 6239, 6240) 6640.0
(1018, 1019, 1020) 6636.0
(1441, 1442, 1443) 6171.0
(4851, 4852, 4853) 5913.0
(387, 388, 389) 6380.0
(690, 691, 692) 6468.0
(6906, 6907, 6908) 5795.0
(5064, 5065, 5066) 6949.0
(348, 349, 350) 6951.0
(6695, 6696, 6697) 5947.0
(5733, 5734, 5735) 5699.0
(3542, 3543, 3544) 5031.0
(7897, 7898, 7899) 5681.0
(166, 167, 168) 7548.0
(1333, 1334, 1335) 7266.0
(4224, 4225, 4226) 5560.0
(4981, 4982, 4983) 5704.0
(6399, 6400, 6401) 4615.0
(6471, 6472, 6473) 6634.0
(8588, 8589, 8590) 7582.0
(1605, 1606, 1607) 6154.0
(4590, 4591, 4592) 5983.0
(7447, 7448, 7449) 5866.0
(9433, 9434, 9435) 8209.0
(308, 309, 310) 5785.0
(4917, 4918, 4919) 7427.0
(3289, 3290, 3291) 6165.0
(7930, 7931, 7932) 6519.0
(7474, 7475, 7476) 6721.0
(4289, 4290, 4291) 7204.0
(8292, 8293, 8294) 7136.0
(8693, 8694, 8695) 6824.0
(2239, 2240, 2241) 6217.0
(8940, 8941, 8942) 6150.0
(9691, 9692, 9693) 5824.0
(9904, 9905, 9906) 5782.0
(6982, 6983, 6984) 5780.0
(440, 441, 442) 6608.0
(8016, 8017, 8018) 6206.0
(2420, 2421, 2422) 7532.0
(1020, 1021, 1022) 6383.0
(1641, 1642, 1643) 5499.0
(3166, 3167, 3168) 6613.0
(3425, 3426, 3427) 5412.0
(5120, 5121, 5122) 5989.0
(1842, 1843, 1844) 5497.0
(9526, 9527, 9528) 6232.0
(4653, 4654, 4655) 5753.0
(5023, 5024, 5025) 6872.0
(4174, 4175, 4176) 6603.0
(8892, 8893, 8894) 6565.0
(5342, 5343, 5344) 6242.0
(9250, 9251, 9252) 5766.0
(9236, 9237, 9238) 6368.0
(9805, 9806, 9807) 5557.0
(559, 560, 561) 5644.0
(2781, 2782, 2783) 5974.0
(1638, 1639, 1640) 6755.0
(5839, 5840, 5841) 5494.0
(4256, 4257, 4258) 5404.0
(9855, 9856, 9857) 5677.0
(3860, 3861, 3862) 6905.0
(6674, 6675, 6676) 6653.0
(9569, 9570, 9571) 5951.0
(4232, 4233, 4234) 7998.0
(8882, 8883, 8884) 5664.0
(721, 722, 723) 5476.0
(8212, 8213, 8214) 6522.0
(1895, 1896, 1897) 6020.0
(9999, 10000, 10001) 6925.0
(1509, 1510, 1511) 6058.0
(844, 845, 846) 7628.0
(6839, 6840, 6841) 6172.0
(1661, 1662, 1663) 7814.0
(2082, 2083, 2084) 5931.0
(2038, 2039, 2040) 5684.0
(2752, 2753, 2754) 5491.0
(9866, 9867, 9868) 5725.0
(5541, 5542, 5543) 5679.0
(9115, 9116, 9117) 5117.0
(1410, 1411, 1412) 7683.0
(4121, 4122, 4123) 5720.0
(7073, 7074, 7075) 5815.0
(7028, 7029, 7030) 5676.0
(2047, 2048, 2049) 5747.0
(6951, 6952, 6953) 6959.0
(5294, 5295, 5296) 6919.0
(4816, 4817, 4818) 6774.0
(317, 318, 319) 6184.0
(2554, 2555, 2556) 5948.0
(4808, 4809, 4810) 6055.0
(8458, 8459, 8460) 6171.0
(6741, 6742, 6743) 5882.0
(7078, 7079, 7080) 5941.0
(8792, 8793, 8794) 6662.0
(109, 110, 111) 6634.0
(5155, 5156, 5157) 6985.0
(5766, 5767, 5768) 6222.0
(2336, 2337, 2338) 6820.0
(6183, 6184, 6185) 7489.0
(4594, 4595, 4596) 6049.0
(5488, 5489, 5490) 7295.0
(2565, 2566, 2567) 5641.0
(715, 716, 717) 6173.0
(6681, 6682, 6683) 6429.0
(4757, 4758, 4759) 5587.0
(6437, 6438, 6439) 7209.0
(9163, 9164, 9165) 6858.0
(731, 732, 733) 6951.0
(1892, 1893, 1894) 5618.0
(4348, 4349, 4350) 5814.0
(8946, 8947, 8948) 6220.0
(2976, 2977, 2978) 7933.0
(5729, 5730, 5731) 6147.0
(3810, 3811, 3812) 5795.0
(9019, 9020, 9021) 5834.0
(8208, 8209, 8210) 7542.0
(6180, 6181, 6182) 7543.0
(8566, 8567, 8568) 6673.0
(6894, 6895, 6896) 6298.0
(9108, 9109, 9110) 7310.0
(568, 569, 570) 6819.0
(155, 156, 157) 7007.0
(2400, 2401, 2402) 6545.0
(5669, 5670, 5671) 6159.0
(1721, 1722, 1723) 7080.0
(3159, 3160, 3161) 8695.0
(1706, 1707, 1708) 5604.0
(1138, 1139, 1140) 6056.0
(5166, 5167, 5168) 6670.0
(3268, 3269, 3270) 6158.0
(8039, 8040, 8041) 4920.0
(5858, 5859, 5860) 4741.0
(7698, 7699, 7700) 6952.0
(6689, 6690, 6691) 5927.0
(3991, 3992, 3993) 6931.0
(4253, 4254, 4255) 5419.0
(1360, 1361, 1362) 6952.0
(5639, 5640, 5641) 6373.0
(1767, 1768, 1769) 6436.0
(3439, 3440, 3441) 6865.0
(5393, 5394, 5395) 5528.0
(5649, 5650, 5651) 4909.0
(4468, 4469, 4470) 6632.0
(742, 743, 744) 6658.0
(762, 763, 764) 6976.0
(422, 423, 424) 6932.0
(8931, 8932, 8933) 5999.0
(4480, 4481, 4482) 6937.0
(8234, 8235, 8236) 5317.0
(2321, 2322, 2323) 6090.0
(2438, 2439, 2440) 5589.0
(3779, 3780, 3781) 6226.0
(7410, 7411, 7412) 5760.0
(4024, 4025, 4026) 6464.0
(5454, 5455, 5456) 5500.0
(3666, 3667, 3668) 6200.0
(1737, 1738, 1739) 5570.0
(4553, 4554, 4555) 5147.0
(7161, 7162, 7163) 6278.0
(9439, 9440, 9441) 6462.0
(3236, 3237, 3238) 5524.0
(1452, 1453, 1454) 5990.0
(54, 55, 56) 5754.0
(8974, 8975, 8976) 8110.0
(2531, 2532, 2533) 6412.0
(675, 676, 677) 6512.0
(9922, 9923, 9924) 6122.0
(8770, 8771, 8772) 6409.0
(5492, 5493, 5494) 7179.0
(1157, 1158, 1159) 5752.0
(1843, 1844, 1845) 6064.0
(7829, 7830, 7831) 6095.0
(435, 436, 437) 5789.0
(8649, 8650, 8651) 5934.0
(4272, 4273, 4274) 6471.0
(1254, 1255, 1256) 6297.0
(2460, 2461, 2462) 7045.0
(8615, 8616, 8617) 5584.0
(7046, 7047, 7048) 5838.0
(691, 692, 693) 6857.0
(6553, 6554, 6555) 5995.0
(8240, 8241, 8242) 6617.0
(8597, 8598, 8599) 5776.0
(8257, 8258, 8259) 6025.0
(8760, 8761, 8762) 6049.0
(8545, 8546, 8547) 5863.0
(132, 133, 134) 7181.0
(9980, 9981, 9982) 5487.0
(6511, 6512, 6513) 5909.0
(5503, 5504, 5505) 6348.0
(9367, 9368, 9369) 7306.0
(2672, 2673, 2674) 6197.0
(2609, 2610, 2611) 5818.0
(856, 857, 858) 5626.0
(6416, 6417, 6418) 5808.0
(3943, 3944, 3945) 7219.0
(9144, 9145, 9146) 5217.0
(6504, 6505, 6506) 5905.0
(9113, 9114, 9115) 6811.0
(2514, 2515, 2516) 5923.0
(3288, 3289, 3290) 6663.0
(5791, 5792, 5793) 5986.0
(2826, 2827, 2828) 7621.0
(5667, 5668, 5669) 5819.0
(7594, 7595, 7596) 6643.0
(2026, 2027, 2028) 5859.0
(7058, 7059, 7060) 5557.0
(7149, 7150, 7151) 6599.0
(5201, 5202, 5203) 5476.0
(8100, 8101, 8102) 6634.0
(6361, 6362, 6363) 6169.0
(2697, 2698, 2699) 6802.0
(3174, 3175, 3176) 5216.0
(1958, 1959, 1960) 7783.0
(1694, 1695, 1696) 6222.0
(1013, 1014, 1015) 6327.0
(8762, 8763, 8764) 6911.0
(3205, 3206, 3207) 6314.0
(7453, 7454, 7455) 6336.0
(7196, 7197, 7198) 6149.0
(4909, 4910, 4911) 6393.0
(5019, 5020, 5021) 5509.0
(3331, 3332, 3333) 7106.0
(5040, 5041, 5042) 6728.0
(8342, 8343, 8344) 5858.0
(7420, 7421, 7422) 6539.0
(8509, 8510, 8511) 5664.0
(3101, 3102, 3103) 5908.0
(7094, 7095, 7096) 5810.0
(6470, 6471, 6472) 6536.0
(6465, 6466, 6467) 6699.0
(2972, 2973, 2974) 5923.0
(5929, 5930, 5931) 6462.0
(8625, 8626, 8627) 5806.0
(204, 205, 206) 5300.0
(1670, 1671, 1672) 5506.0
(4846, 4847, 4848) 7107.0
(4304, 4305, 4306) 6346.0
(3259, 3260, 3261) 5738.0
(6075, 6076, 6077) 7085.0
(4479, 4480, 4481) 6110.0
(8630, 8631, 8632) 5888.0
(7034, 7035, 7036) 5804.0
(3913, 3914, 3915) 5767.0
(5359, 5360, 5361) 5850.0
(9270, 9271, 9272) 6517.0
(5508, 5509, 5510) 6531.0
(4580, 4581, 4582) 7030.0
(9023, 9024, 9025) 5837.0
(3984, 3985, 3986) 7243.0
(7931, 7932, 7933) 6681.0
(7176, 7177, 7178) 6879.0
(879, 880, 881) 5967.0
(7198, 7199, 7200) 5811.0
(8193, 8194, 8195) 6246.0
(7129, 7130, 7131) 5715.0
(5760, 5761, 5762) 6830.0
(1092, 1093, 1094) 6224.0
(9810, 9811, 9812) 6541.0
(9863, 9864, 9865) 6357.0
(7064, 7065, 7066) 5880.0
(8779, 8780, 8781) 7046.0
(7995, 7996, 7997) 5880.0
(5682, 5683, 5684) 6055.0
(5360, 5361, 5362) 6520.0
(6510, 6511, 6512) 6549.0
(6992, 6993, 6994) 6619.0
(9099, 9100, 9101) 7913.0
(4107, 4108, 4109) 6539.0
(1600, 1601, 1602) 8732.0
(8721, 8722, 8723) 6243.0
(656, 657, 658) 6806.0
(3330, 3331, 3332) 6293.0
(171, 172, 173) 6521.0
(1745, 1746, 1747) 7267.0
(6240, 6241, 6242) 6688.0
(48, 49, 50) 5830.0
(4780, 4781, 4782) 5949.0
(7712, 7713, 7714) 6206.0
(7456, 7457, 7458) 5687.0
(7360, 7361, 7362) 6660.0
(3180, 3181, 3182) 5584.0
(6323, 6324, 6325) 6710.0
(8701, 8702, 8703) 7318.0
(31, 32, 33) 5916.0
(589, 590, 591) 6938.0
(4795, 4796, 4797) 6581.0
(7657, 7658, 7659) 5973.0
(6812, 6813, 6814) 5598.0
(4910, 4911, 4912) 6254.0
(6497, 6498, 6499) 5891.0
(7873, 7874, 7875) 5497.0
(1401, 1402, 1403) 6763.0
(7131, 7132, 7133) 6448.0
(3732, 3733, 3734) 6653.0
(6752, 6753, 6754) 6668.0
(4956, 4957, 4958) 7504.0
(5611, 5612, 5613) 8687.0
(7788, 7789, 7790) 7233.0
(9884, 9885, 9886) 6909.0
(8695, 8696, 8697) 7397.0
(1791, 1792, 1793) 5634.0
(5509, 5510, 5511) 6501.0
(8270, 8271, 8272) 6045.0
(3291, 3292, 3293) 6906.0
(9435, 9436, 9437) 6722.0
(2996, 2997, 2998) 5491.0
(1423, 1424, 1425) 5988.0
(743, 744, 745) 5433.0
(9832, 9833, 9834) 6771.0
(1775, 1776, 1777) 6427.0
(2339, 2340, 2341) 6741.0
(3307, 3308, 3309) 6935.0
(2776, 2777, 2778) 6204.0
(7917, 7918, 7919) 5648.0
(2043, 2044, 2045) 6053.0
(3637, 3638, 3639) 6702.0
(2771, 2772, 2773) 5473.0
(6641, 6642, 6643) 6041.0
(1340, 1341, 1342) 5817.0
(7804, 7805, 7806) 6978.0
(1805, 1806, 1807) 5929.0
(2516, 2517, 2518) 6123.0
(3755, 3756, 3757) 5635.0
(4962, 4963, 4964) 6809.0
(2154, 2155, 2156) 5533.0
(4076, 4077, 4078) 6058.0
(7838, 7839, 7840) 7075.0
(8836, 8837, 8838) 5919.0
(2740, 2741, 2742) 5543.0
(6395, 6396, 6397) 6966.0
(8700, 8701, 8702) 6302.0
(5290, 5291, 5292) 6127.0
(4124, 4125, 4126) 5738.0
(3085, 3086, 3087) 6283.0
(903, 904, 905) 5847.0
(8359, 8360, 8361) 7104.0
(1822, 1823, 1824) 5365.0
(2855, 2856, 2857) 6406.0
(4913, 4914, 4915) 5473.0
(1083, 1084, 1085) 7758.0
(3403, 3404, 3405) 5726.0
(7035, 7036, 7037) 5862.0
(9196, 9197, 9198) 6485.0
(1118, 1119, 1120) 6557.0
(2842, 2843, 2844) 6237.0
(5625, 5626, 5627) 6016.0
(5640, 5641, 5642) 6933.0
(3322, 3323, 3324) 6612.0
(6294, 6295, 6296) 6119.0
(386, 387, 388) 6877.0
(7791, 7792, 7793) 5423.0
(1943, 1944, 1945) 5377.0
(7433, 7434, 7435) 6930.0
(7316, 7317, 7318) 5413.0
(7059, 7060, 7061) 7187.0
(7925, 7926, 7927) 6395.0
(2544, 2545, 2546) 6553.0
(3241, 3242, 3243) 5773.0
(2203, 2204, 2205) 5622.0
(9963, 9964, 9965) 5830.0
(8026, 8027, 8028) 7118.0
(2647, 2648, 2649) 6773.0
(5183, 5184, 5185) 6442.0
(8717, 8718, 8719) 7717.0
(6553, 6554, 6555) 5995.0
(2561, 2562, 2563) 5720.0
(6170, 6171, 6172) 5682.0
(9350, 9351, 9352) 7252.0
(6814, 6815, 6816) 7119.0
(885, 886, 887) 7122.0
(245, 246, 247) 5849.0
(6297, 6298, 6299) 6470.0
(4310, 4311, 4312) 7131.0
(7787, 7788, 7789) 5787.0
(5354, 5355, 5356) 5312.0
(1788, 1789, 1790) 6062.0
(4228, 4229, 4230) 6741.0
(9315, 9316, 9317) 6573.0
(3513, 3514, 3515) 7559.0
(9105, 9106, 9107) 7525.0
(1091, 1092, 1093) 7096.0
(7606, 7607, 7608) 7294.0
(1327, 1328, 1329) 7079.0
(9119, 9120, 9121) 5934.0
(6729, 6730, 6731) 5844.0
(6379, 6380, 6381) 6391.0
(2623, 2624, 2625) 5927.0
(9232, 9233, 9234) 6955.0
(127, 128, 129) 5564.0
(4587, 4588, 4589) 6797.0
(2121, 2122, 2123) 5508.0
(2624, 2625, 2626) 5978.0
(1150, 1151, 1152) 7321.0
(5189, 5190, 5191) 6386.0
(2050, 2051, 2052) 6525.0
(9023, 9024, 9025) 5837.0
(8677, 8678, 8679) 7809.0
(100, 101, 102) 6547.0
(7803, 7804, 7805) 6513.0
(9467, 9468, 9469) 7286.0
(3008, 3009, 3010) 5435.0
(5971, 5972, 5973) 6631.0
(543, 544, 545) 6153.0
(178, 179, 180) 6336.0
(6534, 6535, 6536) 6202.0
(652, 653, 654) 6484.0
(8586, 8587, 8588) 5961.0
(4615, 4616, 4617) 6091.0
(1428, 1429, 1430) 5893.0
(2083, 2084, 2085) 5451.0
(8918, 8919, 8920) 6347.0
(1731, 1732, 1733) 6235.0
(7732, 7733, 7734) 5951.0
(1060, 1061, 1062) 7082.0
(4292, 4293, 4294) 5692.0
(1554, 1555, 1556) 5932.0
(5254, 5255, 5256) 6275.0
(2931, 2932, 2933) 6919.0
(3000, 3001, 3002) 6482.0
(3922, 3923, 3924) 6202.0
(1039, 1040, 1041) 7464.0
(4844, 4845, 4846) 6463.0
(6971, 6972, 6973) 5448.0
(4123, 4124, 4125) 6267.0
(3891, 3892, 3893) 5292.0
(546, 547, 548) 8317.0
(2662, 2663, 2664) 6076.0
(4783, 4784, 4785) 6087.0
(2580, 2581, 2582) 6444.0
(9640, 9641, 9642) 8032.0
(5376, 5377, 5378) 6217.0
(3417, 3418, 3419) 6546.0
(8361, 8362, 8363) 5811.0
(6171, 6172, 6173) 6363.0
(6193, 6194, 6195) 4700.0
(3289, 3290, 3291) 6165.0
(9525, 9526, 9527) 7018.0
(3162, 3163, 3164) 5569.0
(3315, 3316, 3317) 6135.0
(3448, 3449, 3450) 5927.0
(455, 456, 457) 6982.0
(4395, 4396, 4397) 7632.0
(3071, 3072, 3073) 5422.0
(2615, 2616, 2617) 7023.0
(8876, 8877, 8878) 5552.0
(5850, 5851, 5852) 5826.0
(4871, 4872, 4873) 5355.0
(4247, 4248, 4249) 6234.0
(678, 679, 680) 6601.0
(5989, 5990, 5991) 6146.0
(3814, 3815, 3816) 8012.0
(2460, 2461, 2462) 7045.0
(1549, 1550, 1551) 6154.0
(2976, 2977, 2978) 7933.0
(4216, 4217, 4218) 5673.0
(8975, 8976, 8977) 6754.0
(8942, 8943, 8944) 6321.0
(2878, 2879, 2880) 6452.0
(5814, 5815, 5816) 7074.0
(4517, 4518, 4519) 5195.0
(7427, 7428, 7429) 6331.0
(3071, 3072, 3073) 5422.0
(2782, 2783, 2784) 6121.0
(436, 437, 438) 6198.0
(9981, 9982, 9983) 5845.0
(885, 886, 887) 7122.0
(5649, 5650, 5651) 4909.0
(3452, 3453, 3454) 5531.0
(4142, 4143, 4144) 5402.0
(9788, 9789, 9790) 5372.0
(6660, 6661, 6662) 6077.0
(5519, 5520, 5521) 6401.0
(3631, 3632, 3633) 7409.0
(4400, 4401, 4402) 6360.0
(3307, 3308, 3309) 6935.0
(8515, 8516, 8517) 5850.0
(4261, 4262, 4263) 6412.0
(5828, 5829, 5830) 5768.0
(871, 872, 873) 5423.0
(7606, 7607, 7608) 7294.0
(8226, 8227, 8228) 5527.0
(5383, 5384, 5385) 5702.0
(3922, 3923, 3924) 6202.0
(2077, 2078, 2079) 5679.0
(3990, 3991, 3992) 6326.0
(1779, 1780, 1781) 5430.0
(7384, 7385, 7386) 7513.0
(2470, 2471, 2472) 5323.0
(262, 263, 264) 6758.0
(7309, 7310, 7311) 6014.0
(9871, 9872, 9873) 6369.0
(1498, 1499, 1500) 6236.0
(7377, 7378, 7379) 6588.0
(6669, 6670, 6671) 5347.0
(5722, 5723, 5724) 6359.0
(9864, 9865, 9866) 5572.0
(4956, 4957, 4958) 7504.0
(287, 288, 289) 6763.0
(5442, 5443, 5444) 5514.0
(3242, 3243, 3244) 6753.0
(4389, 4390, 4391) 6003.0
(7881, 7882, 7883) 6556.0
(932, 933, 934) 5823.0
(2818, 2819, 2820) 5984.0
(2920, 2921, 2922) 6448.0
(1492, 1493, 1494) 6495.0
(8952, 8953, 8954) 5938.0
(8925, 8926, 8927) 5902.0
(7317, 7318, 7319) 6003.0
(7856, 7857, 7858) 5895.0
(2997, 2998, 2999) 6296.0
(9680, 9681, 9682) 6419.0
(9193, 9194, 9195) 7777.0
(2815, 2816, 2817) 6772.0
(6533, 6534, 6535) 7357.0
(5257, 5258, 5259) 6148.0
(8102, 8103, 8104) 6126.0
(4004, 4005, 4006) 6597.0
(1652, 1653, 1654) 7533.0
(8288, 8289, 8290) 8497.0
(5308, 5309, 5310) 5766.0
(6276, 6277, 6278) 6542.0
(2275, 2276, 2277) 5727.0
(3635, 3636, 3637) 6986.0
(7672, 7673, 7674) 6770.0
(2468, 2469, 2470) 7500.0
(4509, 4510, 4511) 6373.0
(8068, 8069, 8070) 6223.0
(661, 662, 663) 5448.0
(3687, 3688, 3689) 6312.0
(6156, 6157, 6158) 5976.0
(9148, 9149, 9150) 7417.0
(2193, 2194, 2195) 4903.0
(3052, 3053, 3054) 6515.0
(8206, 8207, 8208) 6336.0
(2876, 2877, 2878) 6870.0
(1893, 1894, 1895) 6056.0
(3362, 3363, 3364) 5413.0
(5421, 5422, 5423) 6085.0
(4302, 4303, 4304) 6530.0
(4435, 4436, 4437) 5909.0
(8665, 8666, 8667) 6867.0
