(8783, 8784, 8785) 5192.0
(6835, 6836, 6837) 6300.0
(1956, 1957, 1958) 7052.0
(1351, 1352, 1353) 7988.0
(3572, 3573, 3574) 6700.0
(7721, 7722, 7723) 6516.0
(7784, 7785, 7786) 5255.0
(4829, 4830, 4831) 5953.0
(7667, 7668, 7669) 6408.0
(5411, 5412, 5413) 5604.0
(454, 455, 456) 6475.0
(7063, 7064, 7065) 6945.0
(3143, 3144, 3145) 6441.0
(6016, 6017, 6018) 6221.0
(1145, 1146, 1147) 6739.0
(597, 598, 599) 5738.0
(3592, 3593, 3594) 9899.0
(5346, 5347, 5348) 6343.0
(1966, 1967, 1968) 6005.0
(5528, 5529, 5530) 6239.0
(641, 642, 643) 6255.0
(1318, 1319, 1320) 6704.0
(1593, 1594, 1595) 6812.0
(3806, 3807, 3808) 5595.0
(2104, 2105, 2106) 6467.0
(6461, 6462, 6463) 6363.0
(9181, 9182, 9183) 8016.0
(6643, 6644, 6645) 5744.0
(6577, 6578, 6579) 6192.0
(4325, 4326, 4327) 6983.0
(5088, 5089, 5090) 5618.0
(9538, 9539, 9540) 8627.0
(4564, 4565, 4566) 6428.0
(8839, 8840, 8841) 8040.0
(5284, 5285, 5286) 6607.0
(9874, 9875, 9876) 5740.0
(3858, 3859, 3860) 6210.0
(8961, 8962, 8963) 7065.0
(8483, 8484, 8485) 7433.0
(6221, 6222, 6223) 5798.0
(3481, 3482, 3483) 5622.0
(285, 286, 287) 6521.0
(1725, 1726, 1727) 6067.0
(8873, 8874, 8875) 6749.0
(7922, 7923, 7924) 7142.0
(9661, 9662, 9663) 6265.0
(4566, 4567, 4568) 6589.0
(1391, 1392, 1393) 6255.0
(6489, 6490, 6491) 6642.0
(2613, 2614, 2615) 5562.0
(5304, 5305, 5306) 5454.0
(4148, 4149, 4150) 5858.0
(8585, 8586, 8587) 6774.0
(9902, 9903, 9904) 5757.0
(1268, 1269, 1270) 6883.0
(8290, 8291, 8292) 6188.0
(7200, 7201, 7202) 6150.0
(3745, 3746, 3747) 8728.0
(7101, 7102, 7103) 6960.0
(5038, 5039, 5040) 6457.0
(6873, 6874, 6875) 7742.0
(1861, 1862, 1863) 6046.0
(7619, 7620, 7621) 6590.0
(2808, 2809, 2810) 6634.0
(5659, 5660, 5661) 5874.0
(3132, 3133, 3134) 7109.0
(8652, 8653, 8654) 6547.0
(8879, 8880, 8881) 6583.0
(2317, 2318, 2319) 6089.0
(734, 735, 736) 5898.0
(6618, 6619, 6620) 6718.0
(2104, 2105, 2106) 6467.0
(4171, 4172, 4173) 6736.0
(7562, 7563, 7564) 6890.0
(6218, 6219, 6220) 6980.0
(9893, 9894, 9895) 7657.0
(1488, 1489, 1490) 6181.0
(912, 913, 914) 6091.0
(4972, 4973, 4974) 6757.0
(9302, 9303, 9304) 5717.0
(4825, 4826, 4827) 6147.0
(1736, 1737, 1738) 5568.0
(6641, 6642, 6643) 6209.0
(1150, 1151, 1152) 7282.0
(2054, 2055, 2056) 6640.0
(6812, 6813, 6814) 5823.0
(33, 34, 35) 5442.0
(2436, 2437, 2438) 7278.0
(1703, 1704, 1705) 5411.0
(1469, 1470, 1471) 6103.0
(4208, 4209, 4210) 6489.0
(7300, 7301, 7302) 7692.0
(7157, 7158, 7159) 6189.0
(3552, 3553, 3554) 6135.0
(1161, 1162, 1163) 6238.0
(6182, 6183, 6184) 5421.0
(3491, 3492, 3493) 6029.0
(8487, 8488, 8489) 7007.0
(1432, 1433, 1434) 5426.0
(5679, 5680, 5681) 6728.0
(5405, 5406, 5407) 6082.0
(4068, 4069, 4070) 7323.0
(2301, 2302, 2303) 8140.0
(5270, 5271, 5272) 6609.0
(4055, 4056, 4057) 5867.0
(6674, 6675, 6676) 6707.0
(9483, 9484, 9485) 5600.0
(5383, 5384, 5385) 5978.0
(9682, 9683, 9684) 6737.0
(3999, 4000, 4001) 6460.0
(7250, 7251, 7252) 5955.0
(2701, 2702, 2703) 5718.0
(9649, 9650, 9651) 5908.0
(6513, 6514, 6515) 7169.0
(8024, 8025, 8026) 6833.0
(1850, 1851, 1852) 6797.0
(9456, 9457, 9458) 6878.0
(5868, 5869, 5870) 6007.0
(4261, 4262, 4263) 6708.0
(9046, 9047, 9048) 7584.0
(7466, 7467, 7468) 6588.0
(1165, 1166, 1167) 5301.0
(4527, 4528, 4529) 5070.0
(7072, 7073, 7074) 6210.0
(1670, 1671, 1672) 5612.0
(8577, 8578, 8579) 6664.0
(3770, 3771, 3772) 5992.0
(8625, 8626, 8627) 5950.0
(866, 867, 868) 6976.0
(3397, 3398, 3399) 5716.0
(8279, 8280, 8281) 7138.0
(581, 582, 583) 7508.0
(92, 93, 94) 6100.0
(24, 25, 26) 7143.0
(6938, 6939, 6940) 6941.0
(3720, 3721, 3722) 7179.0
(8822, 8823, 8824) 6299.0
(8687, 8688, 8689) 6696.0
(9502, 9503, 9504) 5721.0
(795, 796, 797) 5672.0
(3507, 3508, 3509) 5510.0
(9585, 9586, 9587) 6776.0
(2540, 2541, 2542) 7231.0
(8556, 8557, 8558) 7413.0
(299, 300, 301) 6014.0
(3825, 3826, 3827) 5915.0
(6814, 6815, 6816) 7236.0
(9796, 9797, 9798) 5589.0
(370, 371, 372) 6205.0
(131, 132, 133) 7310.0
(1477, 1478, 1479) 6664.0
(5736, 5737, 5738) 7058.0
(7162, 7163, 7164) 5477.0
(5842, 5843, 5844) 6061.0
(5062, 5063, 5064) 6291.0
(9597, 9598, 9599) 6216.0
(4008, 4009, 4010) 7328.0
(4608, 4609, 4610) 6471.0
(8432, 8433, 8434) 7503.0
(7214, 7215, 7216) 5740.0
(691, 692, 693) 7104.0
(5520, 5521, 5522) 6832.0
(4177, 4178, 4179) 5738.0
(8259, 8260, 8261) 6277.0
(2343, 2344, 2345) 6684.0
(7081, 7082, 7083) 9134.0
(7433, 7434, 7435) 6896.0
(1111, 1112, 1113) 7253.0
(3916, 3917, 3918) 6404.0
(838, 839, 840) 4974.0
(636, 637, 638) 7584.0
(3678, 3679, 3680) 6197.0
(359, 360, 361) 6463.0
(9680, 9681, 9682) 6627.0
(5658, 5659, 5660) 6031.0
(7126, 7127, 7128) 7467.0
(6293, 6294, 6295) 7932.0
(8929, 8930, 8931) 7119.0
(4376, 4377, 4378) 6357.0
(3149, 3150, 3151) 5997.0
(8542, 8543, 8544) 6331.0
(490, 491, 492) 5310.0
(7581, 7582, 7583) 6061.0
(6371, 6372, 6373) 6472.0
(2298, 2299, 2300) 6652.0
(5259, 5260, 5261) 7659.0
(6547, 6548, 6549) 6759.0
(6441, 6442, 6443) 7865.0
(6523, 6524, 6525) 6022.0
(1398, 1399, 1400) 6261.0
(326, 327, 328) 6298.0
(7638, 7639, 7640) 5967.0
(1282, 1283, 1284) 5860.0
(2271, 2272, 2273) 7002.0
(7017, 7018, 7019) 6849.0
(6393, 6394, 6395) 7162.0
(2548, 2549, 2550) 5348.0
(7292, 7293, 7294) 6227.0
(2524, 2525, 2526) 7164.0
(8517, 8518, 8519) 6338.0
(7245, 7246, 7247) 6125.0
