(7390, 7391, 7392) 7870.0
(7418, 7419, 7420) 5701.0
(4712, 4713, 4714) 6917.0
(2680, 2681, 2682) 6040.0
(5010, 5011, 5012) 6539.0
(4502, 4503, 4504) 6460.0
(4862, 4863, 4864) 6164.0
(7511, 7512, 7513) 6182.0
(240, 241, 242) 5307.0
(4346, 4347, 4348) 6292.0
(510, 511, 512) 5987.0
(8210, 8211, 8212) 7569.0
(3942, 3943, 3944) 6533.0
(6442, 6443, 6444) 6123.0
(200, 201, 202) 8317.0
(1770, 1771, 1772) 6083.0
(8778, 8779, 8780) 6458.0
(6666, 6667, 6668) 7199.0
(4428, 4429, 4430) 6099.0
(47, 48, 49) 6502.0
(4160, 4161, 4162) 6269.0
(4759, 4760, 4761) 6205.0
(8702, 8703, 8704) 5719.0
(4582, 4583, 4584) 6984.0
(6638, 6639, 6640) 8615.0
(9997, 9998, 9999) 6934.0
(4368, 4369, 4370) 6507.0
(7286, 7287, 7288) 5612.0
(4575, 4576, 4577) 5600.0
(7097, 7098, 7099) 7305.0
(8456, 8457, 8458) 6406.0
(796, 797, 798) 7000.0
(4980, 4981, 4982) 6659.0
(3053, 3054, 3055) 5965.0
(3625, 3626, 3627) 7323.0
(7261, 7262, 7263) 7570.0
(1046, 1047, 1048) 6001.0
(1125, 1126, 1127) 7143.0
(100, 101, 102) 6839.0
(8766, 8767, 8768) 5587.0
(6007, 6008, 6009) 6444.0
(9495, 9496, 9497) 5421.0
(4717, 4718, 4719) 6705.0
(3648, 3649, 3650) 6025.0
(1030, 1031, 1032) 6068.0
(3116, 3117, 3118) 5954.0
(3210, 3211, 3212) 6631.0
(3540, 3541, 3542) 5897.0
(6413, 6414, 6415) 6898.0
(8709, 8710, 8711) 5691.0
(3886, 3887, 3888) 5846.0
(6380, 6381, 6382) 7499.0
(4946, 4947, 4948) 6268.0
(3443, 3444, 3445) 6517.0
(2572, 2573, 2574) 6478.0
(5427, 5428, 5429) 6838.0
(9142, 9143, 9144) 6315.0
(2672, 2673, 2674) 6570.0
(6855, 6856, 6857) 7688.0
(9049, 9050, 9051) 6281.0
(3207, 3208, 3209) 5898.0
(4887, 4888, 4889) 5957.0
(4997, 4998, 4999) 6053.0
(3707, 3708, 3709) 4968.0
(4157, 4158, 4159) 6377.0
(2983, 2984, 2985) 6282.0
(9520, 9521, 9522) 5702.0
(561, 562, 563) 6161.0
(4562, 4563, 4564) 6688.0
(8091, 8092, 8093) 7128.0
(6745, 6746, 6747) 6424.0
(9726, 9727, 9728) 6828.0
(3370, 3371, 3372) 7689.0
(7693, 7694, 7695) 8129.0
(8896, 8897, 8898) 6383.0
(1837, 1838, 1839) 6261.0
(7514, 7515, 7516) 7288.0
(4096, 4097, 4098) 6392.0
(451, 452, 453) 5749.0
(9725, 9726, 9727) 6203.0
(8459, 8460, 8461) 6354.0
(290, 291, 292) 7086.0
(6769, 6770, 6771) 6006.0
(2120, 2121, 2122) 5564.0
(7368, 7369, 7370) 6508.0
(6250, 6251, 6252) 6811.0
(9085, 9086, 9087) 6025.0
(642, 643, 644) 6702.0
(113, 114, 115) 6503.0
(3270, 3271, 3272) 8140.0
(1032, 1033, 1034) 6310.0
(9790, 9791, 9792) 6488.0
(2370, 2371, 2372) 5760.0
(2709, 2710, 2711) 6068.0
(6204, 6205, 6206) 8411.0
(8618, 8619, 8620) 7351.0
(6847, 6848, 6849) 6903.0
(4548, 4549, 4550) 5567.0
(9025, 9026, 9027) 6773.0
(9375, 9376, 9377) 6499.0
(3773, 3774, 3775) 6488.0
(8986, 8987, 8988) 6856.0
(9129, 9130, 9131) 5890.0
(531, 532, 533) 6692.0
(3306, 3307, 3308) 7759.0
(3927, 3928, 3929) 7501.0
(6373, 6374, 6375) 6202.0
(8970, 8971, 8972) 7594.0
(7968, 7969, 7970) 6162.0
(9674, 9675, 9676) 7025.0
(706, 707, 708) 8245.0
(6431, 6432, 6433) 6265.0
(3660, 3661, 3662) 6934.0
(4745, 4746, 4747) 6339.0
(1660, 1661, 1662) 6622.0
(6018, 6019, 6020) 8052.0
(4030, 4031, 4032) 6258.0
(9768, 9769, 9770) 5892.0
(8749, 8750, 8751) 7281.0
(8824, 8825, 8826) 5618.0
(3965, 3966, 3967) 6450.0
(5859, 5860, 5861) 6778.0
(2956, 2957, 2958) 6318.0
(298, 299, 300) 6508.0
(3127, 3128, 3129) 6826.0
(2399, 2400, 2401) 6450.0
(8954, 8955, 8956) 6797.0
(2422, 2423, 2424) 5977.0
(4051, 4052, 4053) 7038.0
(9949, 9950, 9951) 7402.0
(8924, 8925, 8926) 6940.0
(9308, 9309, 9310) 5647.0
(693, 694, 695) 6269.0
(4527, 4528, 4529) 5197.0
(9955, 9956, 9957) 7120.0
(899, 900, 901) 5240.0
(8752, 8753, 8754) 5544.0
(2022, 2023, 2024) 5920.0
(9537, 9538, 9539) 5760.0
(9088, 9089, 9090) 5475.0
(6249, 6250, 6251) 6753.0
(8605, 8606, 8607) 6307.0
(9703, 9704, 9705) 6866.0
(168, 169, 170) 6281.0
(3194, 3195, 3196) 6183.0
(9388, 9389, 9390) 6391.0
(3286, 3287, 3288) 5639.0
(7723, 7724, 7725) 6066.0
(7007, 7008, 7009) 6859.0
(6292, 6293, 6294) 8080.0
(7341, 7342, 7343) 6915.0
(9457, 9458, 9459) 9556.0
(9100, 9101, 9102) 6351.0
(136, 137, 138) 5955.0
(1584, 1585, 1586) 8043.0
(5063, 5064, 5065) 6527.0
(1950, 1951, 1952) 6726.0
(4030, 4031, 4032) 6258.0
(8475, 8476, 8477) 6695.0
(5020, 5021, 5022) 7478.0
(135, 136, 137) 7014.0
(1178, 1179, 1180) 6332.0
(7881, 7882, 7883) 7047.0
(4993, 4994, 4995) 6177.0
(2552, 2553, 2554) 7037.0
(6034, 6035, 6036) 6729.0
(9872, 9873, 9874) 6548.0
(2957, 2958, 2959) 5789.0
(2140, 2141, 2142) 6164.0
(3415, 3416, 3417) 7693.0
(8569, 8570, 8571) 6244.0
(803, 804, 805) 6406.0
(8724, 8725, 8726) 6253.0
(3701, 3702, 3703) 5574.0
(5175, 5176, 5177) 7485.0
(9883, 9884, 9885) 5817.0
(4092, 4093, 4094) 5087.0
(3497, 3498, 3499) 7132.0
(9801, 9802, 9803) 6273.0
(1224, 1225, 1226) 6097.0
(3365, 3366, 3367) 5703.0
(2853, 2854, 2855) 5840.0
(7579, 7580, 7581) 6725.0
(2422, 2423, 2424) 5977.0
(5866, 5867, 5868) 6083.0
(8300, 8301, 8302) 7807.0
(2698, 2699, 2700) 6159.0
(5210, 5211, 5212) 6127.0
(6692, 6693, 6694) 8062.0
(3369, 3370, 3371) 7206.0
(6004, 6005, 6006) 6228.0
(8711, 8712, 8713) 5892.0
(1116, 1117, 1118) 6125.0
(8662, 8663, 8664) 7564.0
(9, 10, 11) 6322.0
(6274, 6275, 6276) 6062.0
(5909, 5910, 5911) 6536.0
(4964, 4965, 4966) 7264.0
(6242, 6243, 6244) 7107.0
(6223, 6224, 6225) 7003.0
(8786, 8787, 8788) 5710.0
