(6213, 6214, 6215) 5945.0
(8740, 8741, 8742) 7627.0
(5956, 5957, 5958) 5586.0
(7135, 7136, 7137) 7404.0
(9903, 9904, 9905) 6105.0
(7966, 7967, 7968) 8206.0
(4028, 4029, 4030) 6818.0
(1681, 1682, 1683) 6422.0
(5740, 5741, 5742) 6944.0
(2775, 2776, 2777) 6244.0
(3968, 3969, 3970) 6008.0
(5517, 5518, 5519) 6635.0
(4312, 4313, 4314) 7133.0
(8446, 8447, 8448) 6888.0
(8983, 8984, 8985) 6461.0
(413, 414, 415) 6449.0
(8822, 8823, 8824) 6605.0
(6459, 6460, 6461) 7200.0
(6661, 6662, 6663) 6625.0
(8527, 8528, 8529) 6640.0
(7999, 8000, 8001) 6915.0
(4312, 4313, 4314) 7133.0
(7267, 7268, 7269) 6565.0
(7659, 7660, 7661) 5659.0
(6045, 6046, 6047) 6908.0
(5729, 5730, 5731) 6567.0
(5223, 5224, 5225) 7532.0
(3859, 3860, 3861) 7086.0
(6996, 6997, 6998) 6624.0
(1623, 1624, 1625) 6401.0
(90, 91, 92) 6132.0
(1895, 1896, 1897) 6480.0
(8281, 8282, 8283) 7957.0
(7254, 7255, 7256) 6057.0
(5457, 5458, 5459) 7045.0
(3702, 3703, 3704) 6632.0
(4410, 4411, 4412) 7681.0
(8020, 8021, 8022) 6085.0
(3807, 3808, 3809) 6822.0
(5096, 5097, 5098) 6235.0
(7654, 7655, 7656) 7306.0
(5348, 5349, 5350) 7363.0
(4437, 4438, 4439) 7421.0
(4685, 4686, 4687) 6742.0
(9452, 9453, 9454) 8304.0
(4033, 4034, 4035) 7153.0
(8789, 8790, 8791) 6501.0
(4024, 4025, 4026) 6583.0
(4590, 4591, 4592) 6283.0
(1867, 1868, 1869) 7050.0
(2730, 2731, 2732) 6198.0
(88, 89, 90) 5958.0
(8140, 8141, 8142) 6823.0
(8597, 8598, 8599) 7004.0
(7321, 7322, 7323) 6597.0
(3124, 3125, 3126) 6170.0
(5477, 5478, 5479) 6239.0
(2058, 2059, 2060) 6821.0
(6498, 6499, 6500) 6548.0
(1235, 1236, 1237) 6037.0
(7118, 7119, 7120) 7092.0
(4307, 4308, 4309) 5961.0
(6620, 6621, 6622) 6613.0
(5327, 5328, 5329) 7566.0
(6840, 6841, 6842) 7332.0
(4500, 4501, 4502) 6296.0
(391, 392, 393) 6769.0
(9802, 9803, 9804) 6686.0
(549, 550, 551) 6253.0
(7363, 7364, 7365) 7819.0
(7652, 7653, 7654) 6283.0
(443, 444, 445) 6107.0
(801, 802, 803) 5688.0
(3737, 3738, 3739) 8584.0
(4726, 4727, 4728) 6717.0
(186, 187, 188) 7587.0
(3175, 3176, 3177) 7233.0
(5575, 5576, 5577) 6112.0
(595, 596, 597) 6654.0
(3588, 3589, 3590) 7371.0
(982, 983, 984) 7220.0
(8111, 8112, 8113) 6882.0
(7652, 7653, 7654) 6283.0
(4026, 4027, 4028) 8525.0
(5313, 5314, 5315) 6872.0
(4867, 4868, 4869) 6283.0
(365, 366, 367) 6403.0
(8998, 8999, 9000) 8674.0
(2073, 2074, 2075) 6473.0
(8029, 8030, 8031) 6308.0
(3382, 3383, 3384) 7455.0
(5501, 5502, 5503) 6519.0
(5530, 5531, 5532) 6336.0
(5067, 5068, 5069) 7517.0
(9062, 9063, 9064) 5965.0
(5106, 5107, 5108) 7599.0
(8123, 8124, 8125) 7020.0
(7770, 7771, 7772) 7297.0
(7540, 7541, 7542) 5563.0
(9731, 9732, 9733) 5871.0
(5893, 5894, 5895) 5847.0
(3430, 3431, 3432) 6834.0
(9349, 9350, 9351) 6619.0
(5497, 5498, 5499) 6654.0
(3718, 3719, 3720) 5626.0
(2193, 2194, 2195) 5443.0
(9603, 9604, 9605) 6908.0
(7158, 7159, 7160) 6019.0
(6829, 6830, 6831) 7441.0
(4108, 4109, 4110) 6556.0
(1392, 1393, 1394) 6395.0
(4285, 4286, 4287) 6270.0
(7444, 7445, 7446) 6597.0
(5713, 5714, 5715) 7432.0
(332, 333, 334) 6224.0
(9686, 9687, 9688) 6874.0
(1367, 1368, 1369) 6639.0
(6838, 6839, 6840) 6129.0
(6242, 6243, 6244) 7254.0
(6771, 6772, 6773) 8092.0
(7320, 7321, 7322) 6368.0
(5733, 5734, 5735) 6255.0
(9919, 9920, 9921) 7134.0
(4567, 4568, 4569) 6911.0
(6293, 6294, 6295) 8503.0
(9539, 9540, 9541) 6484.0
(6770, 6771, 6772) 6945.0
(1124, 1125, 1126) 6099.0
(8738, 8739, 8740) 6905.0
(6767, 6768, 6769) 6928.0
(9405, 9406, 9407) 6927.0
(7770, 7771, 7772) 7297.0
(5726, 5727, 5728) 6698.0
(8531, 8532, 8533) 6661.0
(4096, 4097, 4098) 6566.0
(9467, 9468, 9469) 7676.0
(1974, 1975, 1976) 6924.0
(5037, 5038, 5039) 6243.0
(1717, 1718, 1719) 5374.0
(1112, 1113, 1114) 7630.0
(9014, 9015, 9016) 6722.0
(996, 997, 998) 6391.0
(8503, 8504, 8505) 7452.0
(1324, 1325, 1326) 6494.0
(3543, 3544, 3545) 5520.0
(4636, 4637, 4638) 6158.0
(9310, 9311, 9312) 8256.0
(5212, 5213, 5214) 5661.0
(1339, 1340, 1341) 5695.0
(7300, 7301, 7302) 8198.0
(9049, 9050, 9051) 6485.0
(5601, 5602, 5603) 6506.0
(6282, 6283, 6284) 8287.0
(1699, 1700, 1701) 6350.0
(4833, 4834, 4835) 6465.0
(1885, 1886, 1887) 7060.0
(7418, 7419, 7420) 5914.0
(2176, 2177, 2178) 6749.0
(997, 998, 999) 6222.0
(2748, 2749, 2750) 6544.0
(4748, 4749, 4750) 5961.0
(8215, 8216, 8217) 6096.0
(3352, 3353, 3354) 5886.0
(7034, 7035, 7036) 6566.0
(2404, 2405, 2406) 6648.0
(3040, 3041, 3042) 6626.0
(8642, 8643, 8644) 6986.0
(9591, 9592, 9593) 6829.0
(5405, 5406, 5407) 6457.0
(1740, 1741, 1742) 6755.0
(3674, 3675, 3676) 6212.0
(5806, 5807, 5808) 8357.0
(330, 331, 332) 6723.0
(2437, 2438, 2439) 7705.0
(6852, 6853, 6854) 6731.0
(8022, 8023, 8024) 5949.0
(3266, 3267, 3268) 6647.0
(131, 132, 133) 7842.0
(6974, 6975, 6976) 6895.0
(2410, 2411, 2412) 6203.0
(7399, 7400, 7401) 6574.0
(7361, 7362, 7363) 6045.0
(6875, 6876, 6877) 7919.0
(4675, 4676, 4677) 6309.0
(7655, 7656, 7657) 6200.0
(8914, 8915, 8916) 7960.0
(3450, 3451, 3452) 8421.0
(3088, 3089, 3090) 6854.0
(6895, 6896, 6897) 6405.0
(920, 921, 922) 7115.0
(2096, 2097, 2098) 7848.0
(7671, 7672, 7673) 6524.0
(5284, 5285, 5286) 6918.0
(7071, 7072, 7073) 6663.0
(7671, 7672, 7673) 6524.0
(9731, 9732, 9733) 5871.0
(1867, 1868, 1869) 7050.0
(8938, 8939, 8940) 6689.0
(6839, 6840, 6841) 6637.0
(4815, 4816, 4817) 6040.0
(6500, 6501, 6502) 6423.0
