(1739, 1740, 1741) 6892.0
(359, 360, 361) 6692.0
(2569, 2570, 2571) 7468.0
(1145, 1146, 1147) 7312.0
(1651, 1652, 1653) 6887.0
(7764, 7765, 7766) 5677.0
(1950, 1951, 1952) 7056.0
(9027, 9028, 9029) 6064.0
(355, 356, 357) 6795.0
(1742, 1743, 1744) 7090.0
(321, 322, 323) 6943.0
(5395, 5396, 5397) 6536.0
(7371, 7372, 7373) 6141.0
(5523, 5524, 5525) 6977.0
(6273, 6274, 6275) 6398.0
(1804, 1805, 1806) 6450.0
(2452, 2453, 2454) 6357.0
(8732, 8733, 8734) 6907.0
(5545, 5546, 5547) 6901.0
(8378, 8379, 8380) 6666.0
(7176, 7177, 7178) 7087.0
(7101, 7102, 7103) 6886.0
(4100, 4101, 4102) 6357.0
(2574, 2575, 2576) 6493.0
(8972, 8973, 8974) 5337.0
(2962, 2963, 2964) 6898.0
(8718, 8719, 8720) 6979.0
(5839, 5840, 5841) 6088.0
(8714, 8715, 8716) 8694.0
(2764, 2765, 2766) 5834.0
(7551, 7552, 7553) 7596.0
(7367, 7368, 7369) 7410.0
(7558, 7559, 7560) 6071.0
(8477, 8478, 8479) 6435.0
(6646, 6647, 6648) 6527.0
(6266, 6267, 6268) 6732.0
(3185, 3186, 3187) 7219.0
(1110, 1111, 1112) 8327.0
(7501, 7502, 7503) 5752.0
(5938, 5939, 5940) 7677.0
(7626, 7627, 7628) 6078.0
(3143, 3144, 3145) 6881.0
(9954, 9955, 9956) 7757.0
(104, 105, 106) 7029.0
(8841, 8842, 8843) 6242.0
(8875, 8876, 8877) 6227.0
(6146, 6147, 6148) 6465.0
(2918, 2919, 2920) 6353.0
(1438, 1439, 1440) 6161.0
(7484, 7485, 7486) 5737.0
(6540, 6541, 6542) 6874.0
(1331, 1332, 1333) 5762.0
(8768, 8769, 8770) 6487.0
(3230, 3231, 3232) 6502.0
(6322, 6323, 6324) 6267.0
(5677, 5678, 5679) 8367.0
(718, 719, 720) 7597.0
(422, 423, 424) 7326.0
(9886, 9887, 9888) 6984.0
(7213, 7214, 7215) 6695.0
(9196, 9197, 9198) 7177.0
(4184, 4185, 4186) 5950.0
(5964, 5965, 5966) 6321.0
(4731, 4732, 4733) 8371.0
(3851, 3852, 3853) 7857.0
(7186, 7187, 7188) 6711.0
(9957, 9958, 9959) 7923.0
(9648, 9649, 9650) 7627.0
(7360, 7361, 7362) 7263.0
(7028, 7029, 7030) 6768.0
(3021, 3022, 3023) 6414.0
(3284, 3285, 3286) 6164.0
(2214, 2215, 2216) 7596.0
(8014, 8015, 8016) 8411.0
(5835, 5836, 5837) 6492.0
(277, 278, 279) 5825.0
(9922, 9923, 9924) 6739.0
(4841, 4842, 4843) 6059.0
(2307, 2308, 2309) 6195.0
(4039, 4040, 4041) 6593.0
(8017, 8018, 8019) 6092.0
(9255, 9256, 9257) 6098.0
(6209, 6210, 6211) 8682.0
(6499, 6500, 6501) 6979.0
(4784, 4785, 4786) 6642.0
(7536, 7537, 7538) 6815.0
(2870, 2871, 2872) 7673.0
(5060, 5061, 5062) 6724.0
(6862, 6863, 6864) 7304.0
(2960, 2961, 2962) 6612.0
(1386, 1387, 1388) 6133.0
(1836, 1837, 1838) 6433.0
(5948, 5949, 5950) 6399.0
(3648, 3649, 3650) 6215.0
(537, 538, 539) 8622.0
(9355, 9356, 9357) 6863.0
(4677, 4678, 4679) 6678.0
(4714, 4715, 4716) 6903.0
(8495, 8496, 8497) 7203.0
(3058, 3059, 3060) 6404.0
(6089, 6090, 6091) 7621.0
(7699, 7700, 7701) 6140.0
(5087, 5088, 5089) 6641.0
(5619, 5620, 5621) 5703.0
(7658, 7659, 7660) 7898.0
(933, 934, 935) 6352.0
(4931, 4932, 4933) 6005.0
(4164, 4165, 4166) 6946.0
(4985, 4986, 4987) 7614.0
(812, 813, 814) 6647.0
(5004, 5005, 5006) 6215.0
(3645, 3646, 3647) 6968.0
(7178, 7179, 7180) 7147.0
(6929, 6930, 6931) 6395.0
(307, 308, 309) 6499.0
(9468, 9469, 9470) 6617.0
(8717, 8718, 8719) 7875.0
(1933, 1934, 1935) 6504.0
(4144, 4145, 4146) 7210.0
(7596, 7597, 7598) 7147.0
(458, 459, 460) 5432.0
(8653, 8654, 8655) 6681.0
(1246, 1247, 1248) 6606.0
(5937, 5938, 5939) 8040.0
(654, 655, 656) 6307.0
(5729, 5730, 5731) 6704.0
(7128, 7129, 7130) 6678.0
(1400, 1401, 1402) 7224.0
(8815, 8816, 8817) 6864.0
(9219, 9220, 9221) 7477.0
(6106, 6107, 6108) 7921.0
(1670, 1671, 1672) 5853.0
(1679, 1680, 1681) 7616.0
(2533, 2534, 2535) 6947.0
(8329, 8330, 8331) 8983.0
(1549, 1550, 1551) 6513.0
(1640, 1641, 1642) 7984.0
(2281, 2282, 2283) 6277.0
(6192, 6193, 6194) 7289.0
(8886, 8887, 8888) 7742.0
(4669, 4670, 4671) 6607.0
(7399, 7400, 7401) 6722.0
(6561, 6562, 6563) 6340.0
(7731, 7732, 7733) 6307.0
(7931, 7932, 7933) 7182.0
(8557, 8558, 8559) 7733.0
(8920, 8921, 8922) 5819.0
(4235, 4236, 4237) 8350.0
(5750, 5751, 5752) 6569.0
(7380, 7381, 7382) 7114.0
(7505, 7506, 7507) 7623.0
(6688, 6689, 6690) 5791.0
(1741, 1742, 1743) 5450.0
(9120, 9121, 9122) 6395.0
(4624, 4625, 4626) 7185.0
(4803, 4804, 4805) 6581.0
(7162, 7163, 7164) 5799.0
(7323, 7324, 7325) 6851.0
(828, 829, 830) 7389.0
(3586, 3587, 3588) 5943.0
(362, 363, 364) 7950.0
(9542, 9543, 9544) 5890.0
(2549, 2550, 2551) 7656.0
(3948, 3949, 3950) 6772.0
(1648, 1649, 1650) 8457.0
(5783, 5784, 5785) 7081.0
(6114, 6115, 6116) 6167.0
(6342, 6343, 6344) 7372.0
(7313, 7314, 7315) 7118.0
(2454, 2455, 2456) 5769.0
(7430, 7431, 7432) 7362.0
(8472, 8473, 8474) 7497.0
(5600, 5601, 5602) 7140.0
(1809, 1810, 1811) 7271.0
(8788, 8789, 8790) 6847.0
(895, 896, 897) 5845.0
(9968, 9969, 9970) 6681.0
(2067, 2068, 2069) 7264.0
(21, 22, 23) 5610.0
(8911, 8912, 8913) 6539.0
(7851, 7852, 7853) 7976.0
(1027, 1028, 1029) 6416.0
(9579, 9580, 9581) 8767.0
(1171, 1172, 1173) 7105.0
(1646, 1647, 1648) 6487.0
(5089, 5090, 5091) 7495.0
(7796, 7797, 7798) 6262.0
(2247, 2248, 2249) 7536.0
(5629, 5630, 5631) 6511.0
(1564, 1565, 1566) 6082.0
(6843, 6844, 6845) 6949.0
(5956, 5957, 5958) 5862.0
(5636, 5637, 5638) 6726.0
(3821, 3822, 3823) 6749.0
(8971, 8972, 8973) 7468.0
(2786, 2787, 2788) 7307.0
(8343, 8344, 8345) 5377.0
(7871, 7872, 7873) 6684.0
(5150, 5151, 5152) 6885.0
(2759, 2760, 2761) 5749.0
(2598, 2599, 2600) 7474.0
