(647, 648, 649) 6581.0
(3012, 3013, 3014) 7406.0
(3717, 3718, 3719) 7362.0
(2269, 2270, 2271) 7892.0
(9526, 9527, 9528) 6999.0
(9250, 9251, 9252) 6294.0
(9595, 9596, 9597) 6735.0
(1018, 1019, 1020) 7249.0
(899, 900, 901) 5834.0
(4369, 4370, 4371) 5794.0
(6256, 6257, 6258) 8005.0
(5713, 5714, 5715) 7623.0
(404, 405, 406) 7443.0
(6516, 6517, 6518) 6566.0
(1012, 1013, 1014) 6870.0
(6489, 6490, 6491) 7244.0
(143, 144, 145) 7024.0
(3264, 3265, 3266) 7715.0
(8258, 8259, 8260) 6209.0
(7331, 7332, 7333) 5930.0
(9577, 9578, 9579) 7437.0
(1087, 1088, 1089) 7217.0
(8189, 8190, 8191) 6951.0
(2369, 2370, 2371) 7388.0
(892, 893, 894) 6331.0
(8046, 8047, 8048) 6948.0
(9653, 9654, 9655) 7985.0
(8200, 8201, 8202) 8045.0
(6032, 6033, 6034) 7562.0
(1357, 1358, 1359) 7711.0
(6506, 6507, 6508) 6411.0
(8880, 8881, 8882) 7642.0
(5524, 5525, 5526) 7498.0
(6883, 6884, 6885) 8442.0
(2262, 2263, 2264) 6509.0
(5607, 5608, 5609) 8222.0
(752, 753, 754) 7300.0
(3522, 3523, 3524) 6942.0
(7321, 7322, 7323) 6662.0
(7329, 7330, 7331) 6740.0
(4956, 4957, 4958) 8162.0
(4250, 4251, 4252) 7356.0
(1359, 1360, 1361) 6914.0
(2212, 2213, 2214) 7332.0
(9987, 9988, 9989) 6731.0
(7892, 7893, 7894) 7790.0
(6465, 6466, 6467) 7802.0
(1284, 1285, 1286) 6552.0
(2982, 2983, 2984) 7237.0
(42, 43, 44) 6497.0
(9703, 9704, 9705) 7315.0
(2211, 2212, 2213) 8034.0
(6178, 6179, 6180) 8221.0
(8453, 8454, 8455) 6765.0
(3162, 3163, 3164) 6145.0
(3227, 3228, 3229) 5901.0
(1220, 1221, 1222) 7380.0
(3425, 3426, 3427) 6460.0
(1519, 1520, 1521) 6519.0
(4572, 4573, 4574) 7761.0
(379, 380, 381) 10093.0
(4774, 4775, 4776) 8249.0
(9692, 9693, 9694) 8344.0
(7296, 7297, 7298) 7073.0
(8448, 8449, 8450) 6983.0
(3091, 3092, 3093) 6434.0
(1827, 1828, 1829) 6129.0
(359, 360, 361) 6747.0
(3111, 3112, 3113) 7347.0
(8001, 8002, 8003) 6485.0
(9709, 9710, 9711) 8013.0
(8963, 8964, 8965) 6394.0
(7530, 7531, 7532) 8134.0
(4159, 4160, 4161) 6657.0
(9623, 9624, 9625) 8751.0
(8892, 8893, 8894) 6798.0
(6825, 6826, 6827) 6344.0
(883, 884, 885) 9013.0
(7531, 7532, 7533) 5489.0
(7921, 7922, 7923) 8810.0
(8819, 8820, 8821) 7545.0
(6505, 6506, 6507) 6139.0
(4441, 4442, 4443) 6760.0
(7380, 7381, 7382) 7013.0
(617, 618, 619) 6528.0
(4903, 4904, 4905) 6010.0
(412, 413, 414) 7339.0
(5158, 5159, 5160) 6343.0
(9168, 9169, 9170) 6791.0
(8841, 8842, 8843) 6276.0
(3917, 3918, 3919) 6845.0
(4003, 4004, 4005) 7445.0
(5690, 5691, 5692) 6979.0
(6353, 6354, 6355) 6275.0
(7204, 7205, 7206) 7320.0
(7939, 7940, 7941) 7232.0
(7919, 7920, 7921) 8033.0
(2674, 2675, 2676) 6825.0
(1908, 1909, 1910) 7398.0
(2959, 2960, 2961) 6333.0
(6439, 6440, 6441) 6689.0
(5242, 5243, 5244) 7454.0
(567, 568, 569) 8600.0
(2338, 2339, 2340) 8295.0
(1876, 1877, 1878) 6644.0
(8199, 8200, 8201) 6280.0
(3526, 3527, 3528) 6483.0
(3722, 3723, 3724) 7836.0
(7495, 7496, 7497) 6943.0
(3768, 3769, 3770) 6256.0
(4421, 4422, 4423) 6767.0
(8031, 8032, 8033) 6852.0
(1858, 1859, 1860) 7618.0
(852, 853, 854) 6334.0
(2658, 2659, 2660) 6875.0
(6721, 6722, 6723) 6844.0
(7761, 7762, 7763) 5925.0
(1373, 1374, 1375) 5828.0
(1139, 1140, 1141) 6249.0
(6581, 6582, 6583) 7757.0
(6814, 6815, 6816) 7304.0
(346, 347, 348) 7402.0
(2211, 2212, 2213) 8034.0
(5833, 5834, 5835) 6839.0
(5521, 5522, 5523) 6807.0
(2155, 2156, 2157) 7733.0
(9637, 9638, 9639) 7349.0
(3292, 3293, 3294) 5681.0
(2333, 2334, 2335) 6801.0
(7816, 7817, 7818) 7066.0
(2795, 2796, 2797) 6264.0
(6691, 6692, 6693) 7059.0
(6023, 6024, 6025) 6409.0
(7065, 7066, 7067) 5993.0
(8271, 8272, 8273) 6063.0
(7009, 7010, 7011) 8762.0
(2381, 2382, 2383) 8044.0
(1996, 1997, 1998) 7263.0
(7710, 7711, 7712) 6262.0
(4543, 4544, 4545) 7667.0
(9162, 9163, 9164) 7530.0
(6667, 6668, 6669) 6368.0
(4859, 4860, 4861) 6647.0
(4899, 4900, 4901) 5973.0
(1395, 1396, 1397) 6274.0
(715, 716, 717) 6857.0
(6679, 6680, 6681) 7417.0
(8717, 8718, 8719) 8203.0
(509, 510, 511) 7269.0
(7479, 7480, 7481) 8735.0
(5787, 5788, 5789) 6161.0
(5050, 5051, 5052) 7493.0
(3092, 3093, 3094) 6690.0
(7774, 7775, 7776) 6966.0
(5161, 5162, 5163) 7011.0
(8917, 8918, 8919) 6702.0
(6154, 6155, 6156) 7144.0
(5434, 5435, 5436) 7290.0
(4778, 4779, 4780) 7234.0
(7500, 7501, 7502) 6694.0
(3734, 3735, 3736) 7302.0
(9395, 9396, 9397) 6843.0
(7605, 7606, 7607) 6019.0
(6437, 6438, 6439) 8157.0
(5748, 5749, 5750) 7625.0
(7424, 7425, 7426) 6203.0
(2097, 2098, 2099) 6894.0
(7372, 7373, 7374) 6870.0
(3709, 3710, 3711) 5282.0
(3445, 3446, 3447) 6813.0
(4061, 4062, 4063) 6559.0
(6545, 6546, 6547) 6647.0
(3959, 3960, 3961) 6275.0
(3134, 3135, 3136) 6151.0
(3201, 3202, 3203) 6600.0
(8794, 8795, 8796) 8350.0
(8614, 8615, 8616) 6461.0
(1789, 1790, 1791) 8976.0
(5958, 5959, 5960) 7459.0
(3952, 3953, 3954) 6455.0
(7821, 7822, 7823) 6550.0
(9350, 9351, 9352) 8038.0
(1298, 1299, 1300) 7632.0
(3601, 3602, 3603) 7588.0
(7376, 7377, 7378) 6496.0
(898, 899, 900) 7219.0
(9456, 9457, 9458) 7148.0
(9329, 9330, 9331) 6566.0
(1708, 1709, 1710) 7837.0
(2935, 2936, 2937) 8947.0
(8746, 8747, 8748) 6309.0
(3905, 3906, 3907) 6258.0
(3033, 3034, 3035) 6323.0
(9651, 9652, 9653) 5976.0
(3635, 3636, 3637) 7884.0
(6347, 6348, 6349) 6105.0
(9379, 9380, 9381) 7057.0
(6987, 6988, 6989) 7242.0
(7910, 7911, 7912) 8458.0
(2611, 2612, 2613) 6913.0
(9171, 9172, 9173) 7277.0
(4583, 4584, 4585) 6417.0
(2987, 2988, 2989) 6885.0
(7942, 7943, 7944) 7845.0
(6263, 6264, 6265) 8318.0
(7146, 7147, 7148) 6758.0
(509, 510, 511) 7269.0
(6515, 6516, 6517) 7491.0
(6745, 6746, 6747) 7051.0
(8710, 8711, 8712) 7034.0
(7329, 7330, 7331) 6740.0
(5020, 5021, 5022) 7710.0
(2712, 2713, 2714) 7197.0
(7145, 7146, 7147) 7281.0
(2011, 2012, 2013) 8115.0
(8512, 8513, 8514) 6786.0
(4617, 4618, 4619) 7064.0
(1749, 1750, 1751) 6124.0
(3336, 3337, 3338) 5995.0
(3162, 3163, 3164) 6145.0
(3504, 3505, 3506) 6529.0
(7776, 7777, 7778) 6223.0
(3268, 3269, 3270) 7044.0
(3461, 3462, 3463) 6299.0
(2519, 2520, 2521) 6353.0
(9327, 9328, 9329) 7270.0
(361, 362, 363) 7952.0
(2255, 2256, 2257) 7589.0
(1589, 1590, 1591) 5962.0
(2717, 2718, 2719) 6936.0
(994, 995, 996) 6793.0
(1254, 1255, 1256) 7177.0
(9716, 9717, 9718) 7917.0
(6537, 6538, 6539) 7740.0
(9756, 9757, 9758) 6698.0
(7054, 7055, 7056) 6702.0
(4865, 4866, 4867) 6255.0
(9060, 9061, 9062) 7139.0
(8499, 8500, 8501) 9764.0
(941, 942, 943) 6192.0
(2056, 2057, 2058) 8001.0
(9313, 9314, 9315) 7551.0
(8112, 8113, 8114) 8120.0
(7315, 7316, 7317) 7129.0
(3798, 3799, 3800) 6569.0
(4068, 4069, 4070) 7825.0
(3288, 3289, 3290) 7042.0
(2426, 2427, 2428) 6698.0
(1351, 1352, 1353) 8822.0
(9409, 9410, 9411) 6268.0
(6801, 6802, 6803) 6312.0
(7528, 7529, 7530) 7856.0
(6259, 6260, 6261) 7140.0
(8772, 8773, 8774) 7370.0
(2630, 2631, 2632) 6698.0
(5798, 5799, 5800) 6981.0
(3461, 3462, 3463) 6299.0
(3296, 3297, 3298) 6871.0
(5854, 5855, 5856) 6916.0
(427, 428, 429) 5842.0
(1802, 1803, 1804) 6779.0
(5611, 5612, 5613) 9224.0
(3648, 3649, 3650) 6351.0
(2354, 2355, 2356) 5803.0
(7900, 7901, 7902) 7801.0
(7303, 7304, 7305) 6629.0
(5913, 5914, 5915) 8079.0
(2655, 2656, 2657) 6906.0
(9704, 9705, 9706) 6589.0
(8505, 8506, 8507) 7166.0
(9265, 9266, 9267) 6728.0
(6471, 6472, 6473) 7232.0
(5269, 5270, 5271) 7310.0
(4608, 4609, 4610) 7133.0
(7072, 7073, 7074) 6609.0
(8608, 8609, 8610) 7373.0
(8631, 8632, 8633) 6468.0
(4311, 4312, 4313) 6934.0
(7917, 7918, 7919) 6298.0
(7496, 7497, 7498) 6455.0
(3979, 3980, 3981) 8532.0
(6259, 6260, 6261) 7140.0
(9995, 9996, 9997) 6925.0
(1639, 1640, 1641) 6816.0
(7911, 7912, 7913) 6629.0
(2248, 2249, 2250) 7345.0
(8083, 8084, 8085) 7084.0
(7916, 7917, 7918) 7195.0
(2059, 2060, 2061) 8054.0
(2312, 2313, 2314) 7015.0
(7267, 7268, 7269) 6875.0
(4797, 4798, 4799) 6486.0
(4483, 4484, 4485) 7825.0
(8883, 8884, 8885) 6513.0
(7816, 7817, 7818) 7066.0
(8051, 8052, 8053) 7763.0
(796, 797, 798) 7548.0
(6282, 6283, 6284) 8879.0
(5928, 5929, 5930) 7337.0
(6316, 6317, 6318) 7141.0
(1690, 1691, 1692) 7370.0
(4423, 4424, 4425) 6982.0
(2739, 2740, 2741) 6561.0
(8439, 8440, 8441) 6591.0
(671, 672, 673) 8973.0
(5177, 5178, 5179) 7249.0
(6223, 6224, 6225) 7650.0
(5283, 5284, 5285) 6258.0
(5448, 5449, 5450) 6636.0
(2777, 2778, 2779) 6203.0
(277, 278, 279) 6049.0
(9873, 9874, 9875) 7055.0
(8903, 8904, 8905) 6609.0
(5336, 5337, 5338) 8222.0
(476, 477, 478) 7282.0
(8322, 8323, 8324) 8792.0
(6650, 6651, 6652) 6489.0
(3122, 3123, 3124) 6374.0
(6810, 6811, 6812) 6985.0
(6256, 6257, 6258) 8005.0
(6011, 6012, 6013) 7037.0
(7061, 7062, 7063) 8406.0
(8137, 8138, 8139) 6870.0
(8530, 8531, 8532) 7154.0
(7706, 7707, 7708) 6232.0
(44, 45, 46) 6965.0
(1451, 1452, 1453) 8109.0
(2868, 2869, 2870) 7978.0
(3071, 3072, 3073) 5948.0
(2859, 2860, 2861) 6092.0
(3935, 3936, 3937) 7337.0
(6362, 6363, 6364) 7414.0
(6561, 6562, 6563) 6584.0
(9806, 9807, 9808) 6179.0
(4720, 4721, 4722) 6442.0
(7313, 7314, 7315) 7804.0
(9669, 9670, 9671) 8491.0
(8566, 8567, 8568) 7324.0
(4664, 4665, 4666) 6619.0
(3019, 3020, 3021) 6618.0
(9547, 9548, 9549) 6624.0
(744, 745, 746) 7118.0
(3666, 3667, 3668) 7193.0
(2744, 2745, 2746) 7593.0
(2368, 2369, 2370) 7049.0
(3110, 3111, 3112) 7950.0
(1554, 1555, 1556) 6694.0
(2500, 2501, 2502) 6351.0
(5108, 5109, 5110) 6342.0
(3298, 3299, 3300) 6325.0
(954, 955, 956) 6453.0
(1926, 1927, 1928) 8240.0
(4031, 4032, 4033) 8405.0
(3818, 3819, 3820) 6989.0
(209, 210, 211) 8860.0
(4385, 4386, 4387) 8583.0
(4894, 4895, 4896) 7059.0
(2626, 2627, 2628) 7341.0
(6975, 6976, 6977) 6153.0
(4026, 4027, 4028) 8889.0
(1740, 1741, 1742) 6997.0
(9239, 9240, 9241) 6384.0
(9880, 9881, 9882) 6021.0
(1142, 1143, 1144) 7423.0
(7554, 7555, 7556) 9071.0
(7858, 7859, 7860) 6865.0
(9213, 9214, 9215) 7107.0
(8286, 8287, 8288) 6789.0
(5460, 5461, 5462) 6056.0
(193, 194, 195) 6622.0
(6528, 6529, 6530) 7326.0
(2778, 2779, 2780) 7911.0
(9840, 9841, 9842) 6515.0
(4437, 4438, 4439) 7949.0
(5524, 5525, 5526) 7498.0
(4820, 4821, 4822) 7553.0
(67, 68, 69) 9454.0
(5608, 5609, 5610) 7033.0
(2606, 2607, 2608) 6433.0
(1973, 1974, 1975) 6330.0
(3484, 3485, 3486) 7978.0
(6003, 6004, 6005) 6033.0
(9711, 9712, 9713) 6575.0
(5251, 5252, 5253) 6879.0
(6346, 6347, 6348) 5788.0
(3726, 3727, 3728) 6018.0
(4509, 4510, 4511) 7316.0
(9417, 9418, 9419) 6130.0
(1434, 1435, 1436) 6419.0
(954, 955, 956) 6453.0
(9443, 9444, 9445) 7197.0
(6040, 6041, 6042) 6041.0
(1142, 1143, 1144) 7423.0
(5905, 5906, 5907) 7128.0
(4894, 4895, 4896) 7059.0
(605, 606, 607) 6587.0
(6805, 6806, 6807) 6824.0
(8991, 8992, 8993) 6061.0
(6942, 6943, 6944) 6329.0
(8327, 8328, 8329) 6656.0
(3231, 3232, 3233) 7126.0
(2557, 2558, 2559) 8520.0
(1799, 1800, 1801) 6570.0
(4839, 4840, 4841) 7202.0
(7086, 7087, 7088) 7443.0
(9369, 9370, 9371) 8002.0
(4348, 4349, 4350) 6265.0
(542, 543, 544) 6738.0
(7141, 7142, 7143) 7348.0
(6584, 6585, 6586) 7020.0
(3380, 3381, 3382) 6098.0
(3010, 3011, 3012) 6580.0
(675, 676, 677) 7084.0
(8716, 8717, 8718) 7380.0
(9560, 9561, 9562) 7780.0
(6199, 6200, 6201) 8610.0
(2169, 2170, 2171) 6257.0
(9778, 9779, 9780) 7153.0
(2, 3, 4) 5973.0
(1830, 1831, 1832) 7017.0
(5895, 5896, 5897) 6531.0
(6962, 6963, 6964) 7020.0
(1056, 1057, 1058) 8103.0
(4916, 4917, 4918) 8617.0
(3935, 3936, 3937) 7337.0
(4069, 4070, 4071) 7740.0
(4996, 4997, 4998) 7161.0
(4416, 4417, 4418) 6517.0
(734, 735, 736) 6600.0
(1180, 1181, 1182) 6676.0
(4048, 4049, 4050) 6334.0
(7102, 7103, 7104) 7716.0
(9815, 9816, 9817) 6412.0
(2665, 2666, 2667) 6897.0
(6362, 6363, 6364) 7414.0
(4052, 4053, 4054) 6613.0
(6413, 6414, 6415) 7711.0
(1322, 1323, 1324) 6906.0
(3256, 3257, 3258) 6609.0
(1627, 1628, 1629) 5942.0
(418, 419, 420) 8228.0
(3349, 3350, 3351) 8431.0
(6664, 6665, 6666) 7297.0
(9272, 9273, 9274) 6560.0
(7932, 7933, 7934) 6482.0
(5049, 5050, 5051) 6380.0
(820, 821, 822) 7086.0
(169, 170, 171) 6902.0
(9208, 9209, 9210) 6626.0
(2540, 2541, 2542) 7741.0
(2726, 2727, 2728) 7565.0
(5624, 5625, 5626) 7029.0
(5876, 5877, 5878) 6438.0
(1054, 1055, 1056) 6528.0
(3679, 3680, 3681) 6622.0
(7411, 7412, 7413) 7021.0
(2872, 2873, 2874) 6936.0
(3972, 3973, 3974) 9077.0
(6847, 6848, 6849) 7461.0
(2524, 2525, 2526) 7737.0
(7774, 7775, 7776) 6966.0
(3628, 3629, 3630) 6452.0
(7206, 7207, 7208) 6568.0
(8477, 8478, 8479) 6592.0
(6443, 6444, 6445) 6153.0
(7388, 7389, 7390) 7728.0
(6361, 6362, 6363) 7006.0
(4816, 4817, 4818) 7187.0
(2376, 2377, 2378) 8499.0
(8882, 8883, 8884) 6653.0
(226, 227, 228) 7926.0
(6835, 6836, 6837) 7003.0
(3659, 3660, 3661) 6889.0
(1746, 1747, 1748) 7100.0
(1270, 1271, 1272) 8968.0
(2600, 2601, 2602) 6818.0
(8803, 8804, 8805) 7541.0
(999, 1000, 1001) 6223.0
(7705, 7706, 7707) 6117.0
(3768, 3769, 3770) 6256.0
(5092, 5093, 5094) 5925.0
(1142, 1143, 1144) 7423.0
(2266, 2267, 2268) 7109.0
(9743, 9744, 9745) 7256.0
(837, 838, 839) 7876.0
(3188, 3189, 3190) 6731.0
(6633, 6634, 6635) 5817.0
(8648, 8649, 8650) 5832.0
(9812, 9813, 9814) 7636.0
(6789, 6790, 6791) 8221.0
(8015, 8016, 8017) 7421.0
(1678, 1679, 1680) 6932.0
(8149, 8150, 8151) 6688.0
(9768, 9769, 9770) 6192.0
(261, 262, 263) 7322.0
(930, 931, 932) 8082.0
(8308, 8309, 8310) 7276.0
(1992, 1993, 1994) 6728.0
(1329, 1330, 1331) 7146.0
(7577, 7578, 7579) 6487.0
(2762, 2763, 2764) 7583.0
(1344, 1345, 1346) 6056.0
(9784, 9785, 9786) 5949.0
(559, 560, 561) 6344.0
(7717, 7718, 7719) 6256.0
(4862, 4863, 4864) 6549.0
(2667, 2668, 2669) 7457.0
(6783, 6784, 6785) 6792.0
(8420, 8421, 8422) 7202.0
(2640, 2641, 2642) 7664.0
(4267, 4268, 4269) 9108.0
(2491, 2492, 2493) 7080.0
(9284, 9285, 9286) 7978.0
(8299, 8300, 8301) 6766.0
(2059, 2060, 2061) 8054.0
(3693, 3694, 3695) 5887.0
(2417, 2418, 2419) 7167.0
(1377, 1378, 1379) 7666.0
(4087, 4088, 4089) 6548.0
(6308, 6309, 6310) 6405.0
(2482, 2483, 2484) 6520.0
(1064, 1065, 1066) 5963.0
(5311, 5312, 5313) 5803.0
(3873, 3874, 3875) 7863.0
(1668, 1669, 1670) 7154.0
(7048, 7049, 7050) 7722.0
(6776, 6777, 6778) 6524.0
(5893, 5894, 5895) 6065.0
(3401, 3402, 3403) 7434.0
(8216, 8217, 8218) 7499.0
(7141, 7142, 7143) 7348.0
(8684, 8685, 8686) 6600.0
(7265, 7266, 7267) 6093.0
(9561, 9562, 9563) 7582.0
(7032, 7033, 7034) 7639.0
(8250, 8251, 8252) 7447.0
(4668, 4669, 4670) 6597.0
(2026, 2027, 2028) 6964.0
(6450, 6451, 6452) 7142.0
(1666, 1667, 1668) 7226.0
(1576, 1577, 1578) 5966.0
(1269, 1270, 1271) 6943.0
(8811, 8812, 8813) 6401.0
(5506, 5507, 5508) 7812.0
(7768, 7769, 7770) 6850.0
(3732, 3733, 3734) 7549.0
(5152, 5153, 5154) 7007.0
(7755, 7756, 7757) 6838.0
(6993, 6994, 6995) 6511.0
(4480, 4481, 4482) 7512.0
(9297, 9298, 9299) 6290.0
(5313, 5314, 5315) 7032.0
(8824, 8825, 8826) 6093.0
(9213, 9214, 9215) 7107.0
(9056, 9057, 9058) 5870.0
(9233, 9234, 9235) 6986.0
(823, 824, 825) 7825.0
(4296, 4297, 4298) 6827.0
(6313, 6314, 6315) 7193.0
(162, 163, 164) 8919.0
(5566, 5567, 5568) 8843.0
(7890, 7891, 7892) 6820.0
(1024, 1025, 1026) 6465.0
(3912, 3913, 3914) 6474.0
(6060, 6061, 6062) 9577.0
(1807, 1808, 1809) 7630.0
(8570, 8571, 8572) 6245.0
(4809, 4810, 4811) 6559.0
(9187, 9188, 9189) 8829.0
(8956, 8957, 8958) 7142.0
(1635, 1636, 1637) 7227.0
(142, 143, 144) 8213.0
(3058, 3059, 3060) 6643.0
(7301, 7302, 7303) 6635.0
(2604, 2605, 2606) 6539.0
(6834, 6835, 6836) 6637.0
(525, 526, 527) 6565.0
(8572, 8573, 8574) 6190.0
(77, 78, 79) 7671.0
(9593, 9594, 9595) 7884.0
(3506, 3507, 3508) 7229.0
(15, 16, 17) 6011.0
(7032, 7033, 7034) 7639.0
(3968, 3969, 3970) 6346.0
(7707, 7708, 7709) 6963.0
(6435, 6436, 6437) 6464.0
(5131, 5132, 5133) 6585.0
(2479, 2480, 2481) 6477.0
(400, 401, 402) 6429.0
(1651, 1652, 1653) 6860.0
(8448, 8449, 8450) 6983.0
(5238, 5239, 5240) 6396.0
(2682, 2683, 2684) 6133.0
(645, 646, 647) 7060.0
(5303, 5304, 5305) 7793.0
(9170, 9171, 9172) 7324.0
(9149, 9150, 9151) 7102.0
(253, 254, 255) 6442.0
(8854, 8855, 8856) 6868.0
(4979, 4980, 4981) 6804.0
(6696, 6697, 6698) 7687.0
(6472, 6473, 6474) 6987.0
(7166, 7167, 7168) 7502.0
(4782, 4783, 4784) 6664.0
(1369, 1370, 1371) 6590.0
(4928, 4929, 4930) 7081.0
(657, 658, 659) 7848.0
(9470, 9471, 9472) 6414.0
(8794, 8795, 8796) 8350.0
(5899, 5900, 5901) 7775.0
(1054, 1055, 1056) 6528.0
(7465, 7466, 7467) 6578.0
(6974, 6975, 6976) 6844.0
(2434, 2435, 2436) 6514.0
(8385, 8386, 8387) 6866.0
(8332, 8333, 8334) 6255.0
(5131, 5132, 5133) 6585.0
(6199, 6200, 6201) 8610.0
(8713, 8714, 8715) 6905.0
(9557, 9558, 9559) 6566.0
(9820, 9821, 9822) 6998.0
(1242, 1243, 1244) 7040.0
(5858, 5859, 5860) 5545.0
(4106, 4107, 4108) 7879.0
(3398, 3399, 3400) 7194.0
(4628, 4629, 4630) 7422.0
(146, 147, 148) 6776.0
(5376, 5377, 5378) 6940.0
(6503, 6504, 6505) 6758.0
(9681, 9682, 9683) 6971.0
(2994, 2995, 2996) 6907.0
(3058, 3059, 3060) 6643.0
(3471, 3472, 3473) 7678.0
(2583, 2584, 2585) 7285.0
(3178, 3179, 3180) 6941.0
(5611, 5612, 5613) 9224.0
(6614, 6615, 6616) 5819.0
(9130, 9131, 9132) 7870.0
(1932, 1933, 1934) 7236.0
(2350, 2351, 2352) 7348.0
(2241, 2242, 2243) 7640.0
(2909, 2910, 2911) 7942.0
(9977, 9978, 9979) 6704.0
(5572, 5573, 5574) 7036.0
(9258, 9259, 9260) 7567.0
(4551, 4552, 4553) 6319.0
(3918, 3919, 3920) 7024.0
(5912, 5913, 5914) 6875.0
(3173, 3174, 3175) 5938.0
(9255, 9256, 9257) 6082.0
(1282, 1283, 1284) 6454.0
(1664, 1665, 1666) 6221.0
(6004, 6005, 6006) 6660.0
(2725, 2726, 2727) 7431.0
(4517, 4518, 4519) 5831.0
(6210, 6211, 6212) 7400.0
(8227, 8228, 8229) 7052.0
(5554, 5555, 5556) 7818.0
(3616, 3617, 3618) 7260.0
(7003, 7004, 7005) 6689.0
(7690, 7691, 7692) 7369.0
(7497, 7498, 7499) 5903.0
(5694, 5695, 5696) 6208.0
(4116, 4117, 4118) 8152.0
(6806, 6807, 6808) 6734.0
(4083, 4084, 4085) 7438.0
(9631, 9632, 9633) 7551.0
(926, 927, 928) 6599.0
(1286, 1287, 1288) 6166.0
(3130, 3131, 3132) 6398.0
(1057, 1058, 1059) 7337.0
(5664, 5665, 5666) 7083.0
(7903, 7904, 7905) 7016.0
(4070, 4071, 4072) 6635.0
(3973, 3974, 3975) 6138.0
(9376, 9377, 9378) 6500.0
(5113, 5114, 5115) 6812.0
(2995, 2996, 2997) 6930.0
(7360, 7361, 7362) 7367.0
(7396, 7397, 7398) 7915.0
(9521, 9522, 9523) 6060.0
(7868, 7869, 7870) 7076.0
(3644, 3645, 3646) 7057.0
(2113, 2114, 2115) 6432.0
(1621, 1622, 1623) 6621.0
(5792, 5793, 5794) 8060.0
(6635, 6636, 6637) 6802.0
(2704, 2705, 2706) 7873.0
(6781, 6782, 6783) 6613.0
(7565, 7566, 7567) 8537.0
(6672, 6673, 6674) 6996.0
(9160, 9161, 9162) 7326.0
(2774, 2775, 2776) 7022.0
(7314, 7315, 7316) 7514.0
(5741, 5742, 5743) 6669.0
(4056, 4057, 4058) 6650.0
(8774, 8775, 8776) 9042.0
(7027, 7028, 7029) 6538.0
(9049, 9050, 9051) 6719.0
(6986, 6987, 6988) 7436.0
(2569, 2570, 2571) 7944.0
(8552, 8553, 8554) 6006.0
(2008, 2009, 2010) 6482.0
(1186, 1187, 1188) 7419.0
(1099, 1100, 1101) 6325.0
(2727, 2728, 2729) 7372.0
(1568, 1569, 1570) 7210.0
(8000, 8001, 8002) 6492.0
(4352, 4353, 4354) 7214.0
(3121, 3122, 3123) 6133.0
(4894, 4895, 4896) 7059.0
(9757, 9758, 9759) 6597.0
(5318, 5319, 5320) 10973.0
(6243, 6244, 6245) 6692.0
(299, 300, 301) 6698.0
(7575, 7576, 7577) 6426.0
(7433, 7434, 7435) 7342.0
(8679, 8680, 8681) 6150.0
(9661, 9662, 9663) 6754.0
(2191, 2192, 2193) 6955.0
(3911, 3912, 3913) 7313.0
(3310, 3311, 3312) 7937.0
(5098, 5099, 5100) 6792.0
(3877, 3878, 3879) 6611.0
(3002, 3003, 3004) 6462.0
(762, 763, 764) 7436.0
(5886, 5887, 5888) 5734.0
(5787, 5788, 5789) 6161.0
(172, 173, 174) 6690.0
(4962, 4963, 4964) 7740.0
(3784, 3785, 3786) 7083.0
(3811, 3812, 3813) 6905.0
(245, 246, 247) 6503.0
(7342, 7343, 7344) 6866.0
(5936, 5937, 5938) 6667.0
(5746, 5747, 5748) 6806.0
(2781, 2782, 2783) 6388.0
(8740, 8741, 8742) 8051.0
(6868, 6869, 6870) 6514.0
(1658, 1659, 1660) 7497.0
(8948, 8949, 8950) 7942.0
(1473, 1474, 1475) 6389.0
(8277, 8278, 8279) 10169.0
(2136, 2137, 2138) 6043.0
(8715, 8716, 8717) 6322.0
(6800, 6801, 6802) 6793.0
(9497, 9498, 9499) 6464.0
(8852, 8853, 8854) 6383.0
(5208, 5209, 5210) 7107.0
(6728, 6729, 6730) 6772.0
(4532, 4533, 4534) 7157.0
(4851, 4852, 4853) 6878.0
(5732, 5733, 5734) 5787.0
(6281, 6282, 6283) 5673.0
(1014, 1015, 1016) 7407.0
(378, 379, 380) 6874.0
(6640, 6641, 6642) 7307.0
(6418, 6419, 6420) 7510.0
(9403, 9404, 9405) 7590.0
(9187, 9188, 9189) 8829.0
(8053, 8054, 8055) 8167.0
(2418, 2419, 2420) 7208.0
(6598, 6599, 6600) 7322.0
(5340, 5341, 5342) 7353.0
(218, 219, 220) 6030.0
(6437, 6438, 6439) 8157.0
(1120, 1121, 1122) 7805.0
(4997, 4998, 4999) 6693.0
(2983, 2984, 2985) 6799.0
(638, 639, 640) 6501.0
(7528, 7529, 7530) 7856.0
(4340, 4341, 4342) 6008.0
(4635, 4636, 4637) 8180.0
(625, 626, 627) 6085.0
(2938, 2939, 2940) 7386.0
(5686, 5687, 5688) 7737.0
(9844, 9845, 9846) 6923.0
(4696, 4697, 4698) 6113.0
(1696, 1697, 1698) 6667.0
(5142, 5143, 5144) 9601.0
(3626, 3627, 3628) 6881.0
(4201, 4202, 4203) 6676.0
(9697, 9698, 9699) 6596.0
(6098, 6099, 6100) 6903.0
(7935, 7936, 7937) 7092.0
(2806, 2807, 2808) 6698.0
(4932, 4933, 4934) 5666.0
(6299, 6300, 6301) 7454.0
(1989, 1990, 1991) 7627.0
(7818, 7819, 7820) 7129.0
(8825, 8826, 8827) 9202.0
(8575, 8576, 8577) 6855.0
(2579, 2580, 2581) 6505.0
(1248, 1249, 1250) 6889.0
(6820, 6821, 6822) 7138.0
(4167, 4168, 4169) 5961.0
(5528, 5529, 5530) 6769.0
(8838, 8839, 8840) 5787.0
(4706, 4707, 4708) 6410.0
(5231, 5232, 5233) 6270.0
(8451, 8452, 8453) 8272.0
(6476, 6477, 6478) 7071.0
(1047, 1048, 1049) 10651.0
(8729, 8730, 8731) 6479.0
(9525, 9526, 9527) 7836.0
(9094, 9095, 9096) 8350.0
(2483, 2484, 2485) 7675.0
(9434, 9435, 9436) 6946.0
(984, 985, 986) 6630.0
(9644, 9645, 9646) 6536.0
(9091, 9092, 9093) 6506.0
(2593, 2594, 2595) 6980.0
(6990, 6991, 6992) 6396.0
(497, 498, 499) 6848.0
(8377, 8378, 8379) 6686.0
(1019, 1020, 1021) 6756.0
(2637, 2638, 2639) 7198.0
(5369, 5370, 5371) 6640.0
(6119, 6120, 6121) 6824.0
(6143, 6144, 6145) 7697.0
(7938, 7939, 7940) 6479.0
(9377, 9378, 9379) 7658.0
(1853, 1854, 1855) 7104.0
(6637, 6638, 6639) 8074.0
(2937, 2938, 2939) 7011.0
(181, 182, 183) 6766.0
(4571, 4572, 4573) 7344.0
(6705, 6706, 6707) 5743.0
(5417, 5418, 5419) 5995.0
(1431, 1432, 1433) 6175.0
(1215, 1216, 1217) 6531.0
(1448, 1449, 1450) 7674.0
(3662, 3663, 3664) 7119.0
(2800, 2801, 2802) 7019.0
(5333, 5334, 5335) 7062.0
(9876, 9877, 9878) 6992.0
(2816, 2817, 2818) 8003.0
(370, 371, 372) 6967.0
(8085, 8086, 8087) 7635.0
(4764, 4765, 4766) 7603.0
(4320, 4321, 4322) 8041.0
(1656, 1657, 1658) 7732.0
(8066, 8067, 8068) 7982.0
(3407, 3408, 3409) 7508.0
(7575, 7576, 7577) 6426.0
(6506, 6507, 6508) 6411.0
(3033, 3034, 3035) 6323.0
(3632, 3633, 3634) 6124.0
(9583, 9584, 9585) 6166.0
(9451, 9452, 9453) 6646.0
(4316, 4317, 4318) 7828.0
(8038, 8039, 8040) 6340.0
(4253, 4254, 4255) 6329.0
(6439, 6440, 6441) 6689.0
(2700, 2701, 2702) 6865.0
(3071, 3072, 3073) 5948.0
(8042, 8043, 8044) 6819.0
(376, 377, 378) 7961.0
(4610, 4611, 4612) 7585.0
(7606, 7607, 7608) 7917.0
(8353, 8354, 8355) 7372.0
(5879, 5880, 5881) 7989.0
(8647, 8648, 8649) 6534.0
(2739, 2740, 2741) 6561.0
(2808, 2809, 2810) 7186.0
(2084, 2085, 2086) 6505.0
(2824, 2825, 2826) 7841.0
(8039, 8040, 8041) 5622.0
(2771, 2772, 2773) 6088.0
(4669, 4670, 4671) 7129.0
(2045, 2046, 2047) 7640.0
(6292, 6293, 6294) 8373.0
(8513, 8514, 8515) 6422.0
(9363, 9364, 9365) 6607.0
(5190, 5191, 5192) 6907.0
(9908, 9909, 9910) 6774.0
(2914, 2915, 2916) 6958.0
(9183, 9184, 9185) 7227.0
(6327, 6328, 6329) 6894.0
(9190, 9191, 9192) 6809.0
(8269, 8270, 8271) 6067.0
(7814, 7815, 7816) 7277.0
(9631, 9632, 9633) 7551.0
(5510, 5511, 5512) 7582.0
(861, 862, 863) 6360.0
(8832, 8833, 8834) 6049.0
(2669, 2670, 2671) 6582.0
(6959, 6960, 6961) 7700.0
(2716, 2717, 2718) 7046.0
(5250, 5251, 5252) 7862.0
(967, 968, 969) 6182.0
(2190, 2191, 2192) 6667.0
(5551, 5552, 5553) 7690.0
(3985, 3986, 3987) 5788.0
(6985, 6986, 6987) 6235.0
(4454, 4455, 4456) 6667.0
(4155, 4156, 4157) 7521.0
(576, 577, 578) 7143.0
(8535, 8536, 8537) 5690.0
(2531, 2532, 2533) 6570.0
(7762, 7763, 7764) 7346.0
(4370, 4371, 4372) 7452.0
(622, 623, 624) 7553.0
(5648, 5649, 5650) 8070.0
(817, 818, 819) 6487.0
(3349, 3350, 3351) 8431.0
(6036, 6037, 6038) 8190.0
(1643, 1644, 1645) 6740.0
(747, 748, 749) 7067.0
(2964, 2965, 2966) 6326.0
(9163, 9164, 9165) 7332.0
(7570, 7571, 7572) 7229.0
(7554, 7555, 7556) 9071.0
(8021, 8022, 8023) 6921.0
(2298, 2299, 2300) 7025.0
(21, 22, 23) 5700.0
(8577, 8578, 8579) 7151.0
(7731, 7732, 7733) 6597.0
(6587, 6588, 6589) 7039.0
(1127, 1128, 1129) 6870.0
(2217, 2218, 2219) 5985.0
(2596, 2597, 2598) 6352.0
(3802, 3803, 3804) 6713.0
(9012, 9013, 9014) 7036.0
(2456, 2457, 2458) 6655.0
(7520, 7521, 7522) 6231.0
(1713, 1714, 1715) 6135.0
(6182, 6183, 6184) 5981.0
(9965, 9966, 9967) 7914.0
(7631, 7632, 7633) 8070.0
(4526, 4527, 4528) 7314.0
(8790, 8791, 8792) 6454.0
(297, 298, 299) 7454.0
(7848, 7849, 7850) 7123.0
(6475, 6476, 6477) 7112.0
(7216, 7217, 7218) 8746.0
(3757, 3758, 3759) 6975.0
(3858, 3859, 3860) 6674.0
(5468, 5469, 5470) 7529.0
(9296, 9297, 9298) 6277.0
(4955, 4956, 4957) 7613.0
(307, 308, 309) 6784.0
(188, 189, 190) 8417.0
(7871, 7872, 7873) 6950.0
(1316, 1317, 1318) 6338.0
(6231, 6232, 6233) 6388.0
(3710, 3711, 3712) 8102.0
(4068, 4069, 4070) 7825.0
(7504, 7505, 7506) 6125.0
(6787, 6788, 6789) 7239.0
(5150, 5151, 5152) 6778.0
(4069, 4070, 4071) 7740.0
(5409, 5410, 5411) 6711.0
(3817, 3818, 3819) 7356.0
(4137, 4138, 4139) 7049.0
(5379, 5380, 5381) 7297.0
(7418, 7419, 7420) 6057.0
(2399, 2400, 2401) 7186.0
(193, 194, 195) 6622.0
(2936, 2937, 2938) 7434.0
(2389, 2390, 2391) 6830.0
(6337, 6338, 6339) 5936.0
(7636, 7637, 7638) 7133.0
(5779, 5780, 5781) 7677.0
(2706, 2707, 2708) 6971.0
(6797, 6798, 6799) 6223.0
(5540, 5541, 5542) 6018.0
(59, 60, 61) 6395.0
(8125, 8126, 8127) 7166.0
(4140, 4141, 4142) 7773.0
(2223, 2224, 2225) 6598.0
(7419, 7420, 7421) 6719.0
(3258, 3259, 3260) 5720.0
(2590, 2591, 2592) 8415.0
(9081, 9082, 9083) 6569.0
(4624, 4625, 4626) 7572.0
(7827, 7828, 7829) 7421.0
(7585, 7586, 7587) 5888.0
(5228, 5229, 5230) 7247.0
(1497, 1498, 1499) 6225.0
(4937, 4938, 4939) 6656.0
(3744, 3745, 3746) 7046.0
(8785, 8786, 8787) 7564.0
(7725, 7726, 7727) 6586.0
(3371, 3372, 3373) 7214.0
(502, 503, 504) 7392.0
(6289, 6290, 6291) 6635.0
(9488, 9489, 9490) 7954.0
(8951, 8952, 8953) 7271.0
(7702, 7703, 7704) 6832.0
(3313, 3314, 3315) 6391.0
(4660, 4661, 4662) 7476.0
(3058, 3059, 3060) 6643.0
(6119, 6120, 6121) 6824.0
(2697, 2698, 2699) 8631.0
(5006, 5007, 5008) 7174.0
(7548, 7549, 7550) 6105.0
(3280, 3281, 3282) 6149.0
(5846, 5847, 5848) 7378.0
(8910, 8911, 8912) 8221.0
(3469, 3470, 3471) 7204.0
(3623, 3624, 3625) 7945.0
(9301, 9302, 9303) 6796.0
(647, 648, 649) 6581.0
(5310, 5311, 5312) 7843.0
(7050, 7051, 7052) 6924.0
(7396, 7397, 7398) 7915.0
(8755, 8756, 8757) 6604.0
(5888, 5889, 5890) 6295.0
(8531, 8532, 8533) 7063.0
(3752, 3753, 3754) 6678.0
