(3507, 3508, 3509) 515.0
(423, 424, 425) 592.0
(2696, 2697, 2698) 648.0
(3640, 3641, 3642) 708.0
(1780, 1781, 1782) 520.0
(6749, 6750, 6751) 504.0
(4015, 4016, 4017) 620.0
(149, 150, 151) 635.0
(1673, 1674, 1675) 771.0
(6960, 6961, 6962) 452.0
(8893, 8894, 8895) 789.0
(7973, 7974, 7975) 391.0
(3955, 3956, 3957) 1016.0
(998, 999, 1000) 585.0
(2537, 2538, 2539) 472.0
(4483, 4484, 4485) 648.0
(4039, 4040, 4041) 544.0
(4629, 4630, 4631) 675.0
(1908, 1909, 1910) 1022.0
(2528, 2529, 2530) 796.0
(2642, 2643, 2644) 612.0
(51, 52, 53) 459.0
(9072, 9073, 9074) 680.0
(2500, 2501, 2502) 545.0
(3506, 3507, 3508) 940.0
(6813, 6814, 6815) 817.0
(9787, 9788, 9789) 548.0
(8079, 8080, 8081) 423.0
(5131, 5132, 5133) 674.0
(5754, 5755, 5756) 638.0
(2772, 2773, 2774) 827.0
(8859, 8860, 8861) 727.0
(4826, 4827, 4828) 570.0
(7948, 7949, 7950) 609.0
(6317, 6318, 6319) 602.0
(8030, 8031, 8032) 526.0
(1835, 1836, 1837) 789.0
(1524, 1525, 1526) 506.0
(5251, 5252, 5253) 642.0
(7535, 7536, 7537) 472.0
(7439, 7440, 7441) 722.0
(9105, 9106, 9107) 627.0
(309, 310, 311) 716.0
(1951, 1952, 1953) 721.0
(3025, 3026, 3027) 670.0
(5716, 5717, 5718) 688.0
(1034, 1035, 1036) 638.0
(6674, 6675, 6676) 650.0
(5585, 5586, 5587) 723.0
(3857, 3858, 3859) 737.0
(9744, 9745, 9746) 512.0
(9887, 9888, 9889) 815.0
(78, 79, 80) 543.0
(7603, 7604, 7605) 661.0
(1421, 1422, 1423) 745.0
(9298, 9299, 9300) 824.0
(3698, 3699, 3700) 562.0
(6241, 6242, 6243) 679.0
(934, 935, 936) 759.0
(1145, 1146, 1147) 508.0
(1502, 1503, 1504) 650.0
(5171, 5172, 5173) 663.0
(2835, 2836, 2837) 1139.0
(9244, 9245, 9246) 449.0
(9705, 9706, 9707) 762.0
(2859, 2860, 2861) 643.0
(462, 463, 464) 663.0
(536, 537, 538) 465.0
(9658, 9659, 9660) 687.0
(8711, 8712, 8713) 461.0
(5632, 5633, 5634) 752.0
(7769, 7770, 7771) 911.0
(6921, 6922, 6923) 739.0
(273, 274, 275) 759.0
(8309, 8310, 8311) 598.0
(6506, 6507, 6508) 529.0
(17, 18, 19) 949.0
(7198, 7199, 7200) 613.0
(3869, 3870, 3871) 770.0
(4103, 4104, 4105) 742.0
(9381, 9382, 9383) 717.0
(9820, 9821, 9822) 938.0
(2151, 2152, 2153) 501.0
(4131, 4132, 4133) 630.0
(3121, 3122, 3123) 449.0
(5379, 5380, 5381) 588.0
(4664, 4665, 4666) 638.0
(1408, 1409, 1410) 824.0
(836, 837, 838) 557.0
(9712, 9713, 9714) 770.0
(6462, 6463, 6464) 572.0
(8278, 8279, 8280) 644.0
(4184, 4185, 4186) 552.0
(6892, 6893, 6894) 586.0
(4835, 4836, 4837) 586.0
(3814, 3815, 3816) 776.0
(51, 52, 53) 459.0
(9567, 9568, 9569) 658.0
(3189, 3190, 3191) 951.0
(7552, 7553, 7554) 555.0
(3865, 3866, 3867) 565.0
(7537, 7538, 7539) 652.0
(6562, 6563, 6564) 678.0
(2276, 2277, 2278) 565.0
(9676, 9677, 9678) 508.0
(8480, 8481, 8482) 654.0
(2257, 2258, 2259) 449.0
(4486, 4487, 4488) 726.0
(4816, 4817, 4818) 748.0
(2498, 2499, 2500) 445.0
(699, 700, 701) 644.0
(1197, 1198, 1199) 643.0
(299, 300, 301) 404.0
(9377, 9378, 9379) 798.0
(866, 867, 868) 725.0
(9579, 9580, 9581) 936.0
(2634, 2635, 2636) 584.0
(8565, 8566, 8567) 716.0
(3971, 3972, 3973) 661.0
(2987, 2988, 2989) 450.0
(9921, 9922, 9923) 576.0
(1045, 1046, 1047) 602.0
(238, 239, 240) 595.0
(1778, 1779, 1780) 585.0
(801, 802, 803) 424.0
(2711, 2712, 2713) 623.0
(8997, 8998, 8999) 704.0
(6495, 6496, 6497) 659.0
(1830, 1831, 1832) 528.0
(1062, 1063, 1064) 564.0
(6275, 6276, 6277) 543.0
(7128, 7129, 7130) 622.0
(6143, 6144, 6145) 677.0
(3494, 3495, 3496) 447.0
(9174, 9175, 9176) 700.0
(2409, 2410, 2411) 664.0
(9880, 9881, 9882) 610.0
(9036, 9037, 9038) 526.0
(9065, 9066, 9067) 530.0
(8115, 8116, 8117) 892.0
(2419, 2420, 2421) 758.0
(7720, 7721, 7722) 491.0
(6528, 6529, 6530) 509.0
(5559, 5560, 5561) 761.0
(8224, 8225, 8226) 653.0
(9027, 9028, 9029) 587.0
(7682, 7683, 7684) 444.0
(1082, 1083, 1084) 578.0
(1982, 1983, 1984) 788.0
(9093, 9094, 9095) 745.0
(8729, 8730, 8731) 569.0
(7943, 7944, 7945) 566.0
(5979, 5980, 5981) 580.0
(5146, 5147, 5148) 680.0
(4144, 4145, 4146) 687.0
(880, 881, 882) 652.0
(7255, 7256, 7257) 627.0
(7701, 7702, 7703) 791.0
(5661, 5662, 5663) 849.0
(1589, 1590, 1591) 564.0
(2457, 2458, 2459) 577.0
(9035, 9036, 9037) 481.0
(5014, 5015, 5016) 749.0
(1401, 1402, 1403) 695.0
(2182, 2183, 2184) 819.0
(2471, 2472, 2473) 610.0
(2272, 2273, 2274) 686.0
(5629, 5630, 5631) 649.0
(256, 257, 258) 630.0
(5689, 5690, 5691) 402.0
(725, 726, 727) 581.0
(866, 867, 868) 725.0
(6143, 6144, 6145) 677.0
(92, 93, 94) 538.0
(426, 427, 428) 739.0
(2787, 2788, 2789) 436.0
(1099, 1100, 1101) 463.0
(5972, 5973, 5974) 588.0
(2676, 2677, 2678) 668.0
(7777, 7778, 7779) 608.0
(3307, 3308, 3309) 681.0
(5960, 5961, 5962) 602.0
(391, 392, 393) 594.0
(285, 286, 287) 460.0
(5233, 5234, 5235) 753.0
(8182, 8183, 8184) 695.0
(4622, 4623, 4624) 374.0
(8244, 8245, 8246) 834.0
(5240, 5241, 5242) 756.0
(9813, 9814, 9815) 420.0
(1500, 1501, 1502) 741.0
(8112, 8113, 8114) 539.0
(4576, 4577, 4578) 732.0
(7965, 7966, 7967) 552.0
(4421, 4422, 4423) 719.0
(7369, 7370, 7371) 513.0
(7591, 7592, 7593) 495.0
(8183, 8184, 8185) 505.0
(284, 285, 286) 850.0
(8073, 8074, 8075) 816.0
(9194, 9195, 9196) 701.0
(8576, 8577, 8578) 1214.0
(7302, 7303, 7304) 713.0
(9432, 9433, 9434) 604.0
(5515, 5516, 5517) 562.0
(1986, 1987, 1988) 701.0
(7304, 7305, 7306) 616.0
(493, 494, 495) 508.0
(5099, 5100, 5101) 622.0
(4905, 4906, 4907) 602.0
(4079, 4080, 4081) 655.0
(6455, 6456, 6457) 618.0
(4598, 4599, 4600) 491.0
(3234, 3235, 3236) 573.0
(1920, 1921, 1922) 560.0
(8724, 8725, 8726) 479.0
(5310, 5311, 5312) 631.0
(8133, 8134, 8135) 615.0
(8928, 8929, 8930) 638.0
(3611, 3612, 3613) 721.0
(1709, 1710, 1711) 439.0
(8981, 8982, 8983) 635.0
(1752, 1753, 1754) 827.0
(3486, 3487, 3488) 620.0
(3689, 3690, 3691) 775.0
(2849, 2850, 2851) 736.0
(2855, 2856, 2857) 637.0
(6353, 6354, 6355) 578.0
(2750, 2751, 2752) 686.0
(1147, 1148, 1149) 537.0
(884, 885, 886) 634.0
(8451, 8452, 8453) 804.0
(9222, 9223, 9224) 486.0
(8901, 8902, 8903) 672.0
(5661, 5662, 5663) 849.0
(7812, 7813, 7814) 452.0
(5982, 5983, 5984) 825.0
(4814, 4815, 4816) 797.0
(8240, 8241, 8242) 592.0
(8906, 8907, 8908) 538.0
(902, 903, 904) 689.0
(2036, 2037, 2038) 668.0
(5991, 5992, 5993) 733.0
(3399, 3400, 3401) 518.0
(958, 959, 960) 743.0
(2719, 2720, 2721) 700.0
(543, 544, 545) 577.0
(7543, 7544, 7545) 601.0
(6059, 6060, 6061) 495.0
(3052, 3053, 3054) 914.0
(5214, 5215, 5216) 634.0
(7605, 7606, 7607) 469.0
(6288, 6289, 6290) 830.0
(4955, 4956, 4957) 589.0
(2492, 2493, 2494) 559.0
(6257, 6258, 6259) 466.0
(7698, 7699, 7700) 854.0
(5085, 5086, 5087) 580.0
(7311, 7312, 7313) 582.0
(8745, 8746, 8747) 415.0
(8891, 8892, 8893) 747.0
(9603, 9604, 9605) 773.0
(1462, 1463, 1464) 559.0
(8905, 8906, 8907) 507.0
(959, 960, 961) 458.0
(8884, 8885, 8886) 712.0
(8523, 8524, 8525) 699.0
(7165, 7166, 7167) 560.0
(3690, 3691, 3692) 601.0
(1339, 1340, 1341) 760.0
(3046, 3047, 3048) 875.0
(2499, 2500, 2501) 532.0
(6932, 6933, 6934) 439.0
(3505, 3506, 3507) 561.0
(516, 517, 518) 663.0
(6554, 6555, 6556) 622.0
(4741, 4742, 4743) 518.0
(1370, 1371, 1372) 463.0
(4213, 4214, 4215) 572.0
(4635, 4636, 4637) 766.0
(4337, 4338, 4339) 646.0
(4539, 4540, 4541) 659.0
(1075, 1076, 1077) 726.0
(2216, 2217, 2218) 638.0
(5344, 5345, 5346) 628.0
(7750, 7751, 7752) 692.0
(8503, 8504, 8505) 711.0
(7642, 7643, 7644) 576.0
(7397, 7398, 7399) 628.0
(5221, 5222, 5223) 667.0
(9103, 9104, 9105) 596.0
(7395, 7396, 7397) 546.0
(4082, 4083, 4084) 522.0
(8979, 8980, 8981) 868.0
(1421, 1422, 1423) 745.0
(2015, 2016, 2017) 459.0
(3137, 3138, 3139) 489.0
(5226, 5227, 5228) 601.0
(5331, 5332, 5333) 727.0
(4071, 4072, 4073) 866.0
(6424, 6425, 6426) 511.0
(9886, 9887, 9888) 668.0
(4399, 4400, 4401) 600.0
(6057, 6058, 6059) 916.0
(1871, 1872, 1873) 525.0
(1969, 1970, 1971) 520.0
(6410, 6411, 6412) 491.0
(7413, 7414, 7415) 439.0
(2672, 2673, 2674) 663.0
(9123, 9124, 9125) 624.0
(2723, 2724, 2725) 612.0
(516, 517, 518) 663.0
(2686, 2687, 2688) 606.0
(9610, 9611, 9612) 533.0
(6198, 6199, 6200) 556.0
(6583, 6584, 6585) 561.0
(7571, 7572, 7573) 592.0
(4151, 4152, 4153) 614.0
(3663, 3664, 3665) 640.0
(1180, 1181, 1182) 467.0
(4202, 4203, 4204) 372.0
(522, 523, 524) 740.0
(9584, 9585, 9586) 898.0
(4994, 4995, 4996) 801.0
(2408, 2409, 2410) 531.0
(4013, 4014, 4015) 639.0
(2493, 2494, 2495) 649.0
(7401, 7402, 7403) 739.0
(2278, 2279, 2280) 567.0
(4783, 4784, 4785) 601.0
(4545, 4546, 4547) 588.0
(5210, 5211, 5212) 628.0
(5530, 5531, 5532) 616.0
(3223, 3224, 3225) 523.0
(2242, 2243, 2244) 616.0
(8763, 8764, 8765) 669.0
(3647, 3648, 3649) 571.0
(7762, 7763, 7764) 685.0
(4783, 4784, 4785) 601.0
(9318, 9319, 9320) 530.0
(3014, 3015, 3016) 626.0
(8651, 8652, 8653) 737.0
(2666, 2667, 2668) 663.0
(7357, 7358, 7359) 542.0
(3485, 3486, 3487) 722.0
(4282, 4283, 4284) 543.0
(1599, 1600, 1601) 631.0
(9998, 9999, 10000) 498.0
(1448, 1449, 1450) 624.0
(8954, 8955, 8956) 828.0
(1359, 1360, 1361) 632.0
(4172, 4173, 4174) 466.0
(2013, 2014, 2015) 599.0
(3536, 3537, 3538) 643.0
(1871, 1872, 1873) 525.0
(3058, 3059, 3060) 719.0
(6207, 6208, 6209) 550.0
(9568, 9569, 9570) 403.0
(4996, 4997, 4998) 730.0
(3108, 3109, 3110) 728.0
(6195, 6196, 6197) 482.0
(518, 519, 520) 455.0
(615, 616, 617) 838.0
(2840, 2841, 2842) 467.0
(2820, 2821, 2822) 510.0
(547, 548, 549) 591.0
(7024, 7025, 7026) 699.0
(6842, 6843, 6844) 662.0
(9581, 9582, 9583) 635.0
(3593, 3594, 3595) 413.0
(2923, 2924, 2925) 554.0
(9182, 9183, 9184) 610.0
(2245, 2246, 2247) 611.0
(5077, 5078, 5079) 504.0
(2054, 2055, 2056) 572.0
(1372, 1373, 1374) 826.0
(4950, 4951, 4952) 545.0
(8773, 8774, 8775) 505.0
(8612, 8613, 8614) 785.0
(7573, 7574, 7575) 544.0
(2103, 2104, 2105) 429.0
(286, 287, 288) 785.0
(741, 742, 743) 544.0
(4573, 4574, 4575) 628.0
(9522, 9523, 9524) 665.0
(3487, 3488, 3489) 563.0
(569, 570, 571) 664.0
(9921, 9922, 9923) 576.0
(2822, 2823, 2824) 634.0
(2061, 2062, 2063) 669.0
(608, 609, 610) 477.0
(1054, 1055, 1056) 572.0
(2553, 2554, 2555) 674.0
(2159, 2160, 2161) 561.0
(57, 58, 59) 567.0
(109, 110, 111) 714.0
(3862, 3863, 3864) 615.0
(5740, 5741, 5742) 837.0
(375, 376, 377) 551.0
(3825, 3826, 3827) 676.0
(4068, 4069, 4070) 755.0
(5108, 5109, 5110) 683.0
(5693, 5694, 5695) 707.0
(3794, 3795, 3796) 464.0
(9492, 9493, 9494) 777.0
(2001, 2002, 2003) 504.0
(7021, 7022, 7023) 477.0
(4563, 4564, 4565) 651.0
(8466, 8467, 8468) 785.0
(3110, 3111, 3112) 1020.0
(8511, 8512, 8513) 763.0
(4429, 4430, 4431) 761.0
(4356, 4357, 4358) 615.0
(2720, 2721, 2722) 639.0
(8066, 8067, 8068) 744.0
(3738, 3739, 3740) 674.0
(6852, 6853, 6854) 542.0
(2077, 2078, 2079) 648.0
(3512, 3513, 3514) 523.0
(6233, 6234, 6235) 683.0
(3842, 3843, 3844) 704.0
(8992, 8993, 8994) 615.0
(7715, 7716, 7717) 630.0
(1873, 1874, 1875) 512.0
(8424, 8425, 8426) 533.0
(5922, 5923, 5924) 622.0
(9814, 9815, 9816) 843.0
(4299, 4300, 4301) 879.0
(4483, 4484, 4485) 648.0
(9676, 9677, 9678) 508.0
(2303, 2304, 2305) 465.0
(2268, 2269, 2270) 610.0
(2112, 2113, 2114) 661.0
(4021, 4022, 4023) 545.0
(1263, 1264, 1265) 699.0
(7350, 7351, 7352) 782.0
(8024, 8025, 8026) 585.0
(9156, 9157, 9158) 674.0
(5074, 5075, 5076) 719.0
(1184, 1185, 1186) 809.0
(3914, 3915, 3916) 588.0
(4462, 4463, 4464) 627.0
(4465, 4466, 4467) 691.0
(4243, 4244, 4245) 604.0
(8398, 8399, 8400) 685.0
(2549, 2550, 2551) 494.0
(4878, 4879, 4880) 502.0
(4950, 4951, 4952) 545.0
(9861, 9862, 9863) 617.0
(3116, 3117, 3118) 419.0
(9608, 9609, 9610) 745.0
(6255, 6256, 6257) 927.0
(8335, 8336, 8337) 1003.0
(5236, 5237, 5238) 441.0
(5415, 5416, 5417) 708.0
(1671, 1672, 1673) 449.0
(3207, 3208, 3209) 563.0
(1575, 1576, 1577) 516.0
(4197, 4198, 4199) 626.0
(5587, 5588, 5589) 566.0
(8991, 8992, 8993) 837.0
(7352, 7353, 7354) 531.0
(6589, 6590, 6591) 615.0
(4482, 4483, 4484) 584.0
(9698, 9699, 9700) 769.0
(4199, 4200, 4201) 438.0
(528, 529, 530) 768.0
(7825, 7826, 7827) 551.0
(9822, 9823, 9824) 404.0
(365, 366, 367) 745.0
(351, 352, 353) 603.0
(4159, 4160, 4161) 492.0
(10, 11, 12) 675.0
(2461, 2462, 2463) 1040.0
(2398, 2399, 2400) 541.0
(8498, 8499, 8500) 587.0
(8995, 8996, 8997) 553.0
(7359, 7360, 7361) 701.0
(4605, 4606, 4607) 661.0
(9596, 9597, 9598) 611.0
(3937, 3938, 3939) 483.0
(8755, 8756, 8757) 552.0
(4328, 4329, 4330) 573.0
(5697, 5698, 5699) 946.0
(5061, 5062, 5063) 716.0
(5279, 5280, 5281) 677.0
(601, 602, 603) 630.0
(9131, 9132, 9133) 534.0
(5187, 5188, 5189) 702.0
(1853, 1854, 1855) 643.0
(9087, 9088, 9089) 763.0
(409, 410, 411) 492.0
(7793, 7794, 7795) 626.0
(1418, 1419, 1420) 508.0
(1218, 1219, 1220) 804.0
(2281, 2282, 2283) 609.0
(7, 8, 9) 854.0
(6948, 6949, 6950) 532.0
(2700, 2701, 2702) 523.0
(4107, 4108, 4109) 633.0
(1632, 1633, 1634) 465.0
(3432, 3433, 3434) 511.0
(29, 30, 31) 544.0
(1345, 1346, 1347) 503.0
(4303, 4304, 4305) 590.0
(4593, 4594, 4595) 505.0
(2714, 2715, 2716) 473.0
(7115, 7116, 7117) 357.0
(9687, 9688, 9689) 677.0
(6168, 6169, 6170) 520.0
(347, 348, 349) 771.0
(5186, 5187, 5188) 543.0
(2879, 2880, 2881) 636.0
(9632, 9633, 9634) 528.0
(737, 738, 739) 574.0
(3695, 3696, 3697) 506.0
(4503, 4504, 4505) 725.0
(4786, 4787, 4788) 653.0
(7625, 7626, 7627) 654.0
(2852, 2853, 2854) 664.0
(5003, 5004, 5005) 626.0
(2689, 2690, 2691) 624.0
(7493, 7494, 7495) 805.0
(6567, 6568, 6569) 597.0
(1438, 1439, 1440) 573.0
(4382, 4383, 4384) 552.0
(7583, 7584, 7585) 547.0
(5286, 5287, 5288) 466.0
(7992, 7993, 7994) 665.0
(1141, 1142, 1143) 502.0
(9109, 9110, 9111) 609.0
(1258, 1259, 1260) 651.0
(7376, 7377, 7378) 566.0
(8335, 8336, 8337) 1003.0
(713, 714, 715) 549.0
(1681, 1682, 1683) 629.0
(9986, 9987, 9988) 957.0
(7806, 7807, 7808) 697.0
(832, 833, 834) 925.0
(9148, 9149, 9150) 762.0
(2098, 2099, 2100) 827.0
(3012, 3013, 3014) 776.0
(6719, 6720, 6721) 1006.0
(8155, 8156, 8157) 545.0
(2687, 2688, 2689) 732.0
(2264, 2265, 2266) 472.0
(2962, 2963, 2964) 887.0
(9636, 9637, 9638) 596.0
(6267, 6268, 6269) 647.0
(5760, 5761, 5762) 632.0
(3791, 3792, 3793) 817.0
(4724, 4725, 4726) 548.0
(4255, 4256, 4257) 535.0
(402, 403, 404) 588.0
(7901, 7902, 7903) 470.0
(8868, 8869, 8870) 880.0
(8022, 8023, 8024) 750.0
(2278, 2279, 2280) 567.0
(2877, 2878, 2879) 567.0
(8876, 8877, 8878) 706.0
(2564, 2565, 2566) 492.0
(3596, 3597, 3598) 776.0
(9950, 9951, 9952) 589.0
(3060, 3061, 3062) 615.0
(8279, 8280, 8281) 672.0
(2905, 2906, 2907) 862.0
(5568, 5569, 5570) 558.0
(8083, 8084, 8085) 572.0
(6002, 6003, 6004) 502.0
(995, 996, 997) 893.0
(2217, 2218, 2219) 698.0
(2650, 2651, 2652) 728.0
(6993, 6994, 6995) 683.0
(34, 35, 36) 536.0
(4197, 4198, 4199) 626.0
(7661, 7662, 7663) 640.0
(8757, 8758, 8759) 376.0
(9110, 9111, 9112) 599.0
(9753, 9754, 9755) 655.0
(5186, 5187, 5188) 543.0
(1221, 1222, 1223) 759.0
(9152, 9153, 9154) 806.0
(9792, 9793, 9794) 567.0
(8885, 8886, 8887) 761.0
(4851, 4852, 4853) 564.0
(4425, 4426, 4427) 637.0
(6006, 6007, 6008) 603.0
(672, 673, 674) 435.0
(7130, 7131, 7132) 903.0
(5461, 5462, 5463) 432.0
(661, 662, 663) 464.0
(5248, 5249, 5250) 470.0
(7508, 7509, 7510) 488.0
(1929, 1930, 1931) 690.0
(3749, 3750, 3751) 655.0
(6614, 6615, 6616) 470.0
(7678, 7679, 7680) 701.0
(9035, 9036, 9037) 481.0
(5229, 5230, 5231) 640.0
(898, 899, 900) 703.0
(8320, 8321, 8322) 903.0
(6934, 6935, 6936) 486.0
(1003, 1004, 1005) 615.0
(1732, 1733, 1734) 662.0
(5807, 5808, 5809) 633.0
(3955, 3956, 3957) 1016.0
(3281, 3282, 3283) 451.0
(1662, 1663, 1664) 586.0
(4990, 4991, 4992) 531.0
(9951, 9952, 9953) 467.0
(7463, 7464, 7465) 594.0
(3287, 3288, 3289) 855.0
(4607, 4608, 4609) 951.0
(1145, 1146, 1147) 508.0
(9346, 9347, 9348) 672.0
(7874, 7875, 7876) 529.0
(4243, 4244, 4245) 604.0
(7489, 7490, 7491) 588.0
(6523, 6524, 6525) 567.0
(5891, 5892, 5893) 774.0
(2722, 2723, 2724) 753.0
(3727, 3728, 3729) 439.0
(3206, 3207, 3208) 737.0
(8043, 8044, 8045) 490.0
(8521, 8522, 8523) 448.0
(1628, 1629, 1630) 499.0
(2173, 2174, 2175) 460.0
(9223, 9224, 9225) 654.0
(1589, 1590, 1591) 564.0
(6140, 6141, 6142) 770.0
(3535, 3536, 3537) 553.0
(7252, 7253, 7254) 691.0
(1559, 1560, 1561) 539.0
(1751, 1752, 1753) 543.0
(857, 858, 859) 622.0
(7661, 7662, 7663) 640.0
(2833, 2834, 2835) 500.0
(1263, 1264, 1265) 699.0
(6180, 6181, 6182) 712.0
(4870, 4871, 4872) 507.0
(2000, 2001, 2002) 744.0
(9093, 9094, 9095) 745.0
(2686, 2687, 2688) 606.0
(2459, 2460, 2461) 557.0
(5732, 5733, 5734) 618.0
(9176, 9177, 9178) 593.0
(3716, 3717, 3718) 563.0
(1188, 1189, 1190) 753.0
(110, 111, 112) 634.0
(1048, 1049, 1050) 464.0
(6825, 6826, 6827) 573.0
(1410, 1411, 1412) 797.0
(8789, 8790, 8791) 509.0
(8082, 8083, 8084) 616.0
(1682, 1683, 1684) 443.0
(3846, 3847, 3848) 675.0
(5654, 5655, 5656) 600.0
(1973, 1974, 1975) 511.0
(6190, 6191, 6192) 510.0
(1313, 1314, 1315) 578.0
(9428, 9429, 9430) 392.0
(4742, 4743, 4744) 637.0
(3806, 3807, 3808) 573.0
(5764, 5765, 5766) 597.0
(948, 949, 950) 453.0
(3998, 3999, 4000) 857.0
(1730, 1731, 1732) 533.0
(3735, 3736, 3737) 535.0
(780, 781, 782) 713.0
(6000, 6001, 6002) 834.0
(5632, 5633, 5634) 752.0
(8041, 8042, 8043) 588.0
(9482, 9483, 9484) 573.0
(3184, 3185, 3186) 692.0
(6366, 6367, 6368) 690.0
(2922, 2923, 2924) 588.0
(9607, 9608, 9609) 542.0
(2438, 2439, 2440) 700.0
(6046, 6047, 6048) 552.0
(4373, 4374, 4375) 749.0
(7163, 7164, 7165) 707.0
(7503, 7504, 7505) 735.0
(4077, 4078, 4079) 553.0
(5915, 5916, 5917) 732.0
(9143, 9144, 9145) 660.0
(3528, 3529, 3530) 436.0
(2778, 2779, 2780) 523.0
(3767, 3768, 3769) 650.0
(1121, 1122, 1123) 401.0
(6123, 6124, 6125) 545.0
(1150, 1151, 1152) 903.0
(4773, 4774, 4775) 505.0
(8067, 8068, 8069) 511.0
(9221, 9222, 9223) 952.0
(3838, 3839, 3840) 551.0
(8994, 8995, 8996) 564.0
(4971, 4972, 4973) 548.0
(4535, 4536, 4537) 575.0
(5360, 5361, 5362) 581.0
(4884, 4885, 4886) 607.0
(2699, 2700, 2701) 489.0
(8546, 8547, 8548) 718.0
(7566, 7567, 7568) 597.0
(4884, 4885, 4886) 607.0
(6931, 6932, 6933) 890.0
(4489, 4490, 4491) 688.0
(2580, 2581, 2582) 688.0
(7139, 7140, 7141) 647.0
(834, 835, 836) 1018.0
(4890, 4891, 4892) 811.0
(4917, 4918, 4919) 572.0
(4927, 4928, 4929) 503.0
(3760, 3761, 3762) 545.0
(5421, 5422, 5423) 523.0
(1278, 1279, 1280) 698.0
(826, 827, 828) 516.0
(8634, 8635, 8636) 722.0
(4734, 4735, 4736) 632.0
(1423, 1424, 1425) 599.0
(2289, 2290, 2291) 712.0
(7449, 7450, 7451) 560.0
(1467, 1468, 1469) 492.0
(4894, 4895, 4896) 739.0
(4879, 4880, 4881) 492.0
(3366, 3367, 3368) 683.0
(6817, 6818, 6819) 725.0
(3354, 3355, 3356) 609.0
(6736, 6737, 6738) 424.0
(9431, 9432, 9433) 631.0
(4417, 4418, 4419) 786.0
(8904, 8905, 8906) 480.0
(2416, 2417, 2418) 554.0
(638, 639, 640) 587.0
(2036, 2037, 2038) 668.0
(4317, 4318, 4319) 546.0
(4249, 4250, 4251) 540.0
(5283, 5284, 5285) 594.0
(8394, 8395, 8396) 750.0
(9861, 9862, 9863) 617.0
(7462, 7463, 7464) 622.0
(7305, 7306, 7307) 567.0
(216, 217, 218) 602.0
(3381, 3382, 3383) 688.0
(9777, 9778, 9779) 696.0
(5907, 5908, 5909) 638.0
(5128, 5129, 5130) 620.0
(7392, 7393, 7394) 569.0
(8313, 8314, 8315) 711.0
(3566, 3567, 3568) 629.0
(9398, 9399, 9400) 722.0
(3118, 3119, 3120) 459.0
(3149, 3150, 3151) 474.0
(7845, 7846, 7847) 545.0
(7739, 7740, 7741) 474.0
(3594, 3595, 3596) 463.0
(9052, 9053, 9054) 507.0
(7396, 7397, 7398) 741.0
(2525, 2526, 2527) 630.0
(5973, 5974, 5975) 626.0
(9446, 9447, 9448) 745.0
(8332, 8333, 8334) 669.0
(5912, 5913, 5914) 590.0
(4863, 4864, 4865) 639.0
(3754, 3755, 3756) 863.0
(3977, 3978, 3979) 467.0
(6161, 6162, 6163) 666.0
(861, 862, 863) 592.0
(5996, 5997, 5998) 538.0
(5186, 5187, 5188) 543.0
(3153, 3154, 3155) 459.0
(5551, 5552, 5553) 707.0
(461, 462, 463) 478.0
(6871, 6872, 6873) 659.0
(6334, 6335, 6336) 631.0
(9979, 9980, 9981) 773.0
(8953, 8954, 8955) 482.0
(5369, 5370, 5371) 571.0
(6397, 6398, 6399) 596.0
(3969, 3970, 3971) 741.0
(3848, 3849, 3850) 923.0
(4409, 4410, 4411) 648.0
(9126, 9127, 9128) 638.0
(2880, 2881, 2882) 664.0
(7569, 7570, 7571) 647.0
(8446, 8447, 8448) 685.0
(6884, 6885, 6886) 518.0
(6202, 6203, 6204) 667.0
(7818, 7819, 7820) 618.0
(174, 175, 176) 551.0
(8565, 8566, 8567) 716.0
(9273, 9274, 9275) 589.0
(7292, 7293, 7294) 596.0
(3675, 3676, 3677) 564.0
(6718, 6719, 6720) 685.0
(3702, 3703, 3704) 673.0
(8909, 8910, 8911) 1048.0
(657, 658, 659) 1132.0
(1613, 1614, 1615) 666.0
(2397, 2398, 2399) 609.0
(8057, 8058, 8059) 457.0
(1192, 1193, 1194) 517.0
(5643, 5644, 5645) 579.0
(4583, 4584, 4585) 503.0
(4350, 4351, 4352) 721.0
(6375, 6376, 6377) 828.0
(9325, 9326, 9327) 600.0
(1846, 1847, 1848) 724.0
(4661, 4662, 4663) 713.0
(4534, 4535, 4536) 714.0
(7293, 7294, 7295) 678.0
(8020, 8021, 8022) 578.0
(1711, 1712, 1713) 663.0
(9485, 9486, 9487) 540.0
(764, 765, 766) 586.0
(9971, 9972, 9973) 608.0
(7310, 7311, 7312) 839.0
(2132, 2133, 2134) 632.0
(1489, 1490, 1491) 766.0
(1003, 1004, 1005) 615.0
(5337, 5338, 5339) 601.0
(5019, 5020, 5021) 659.0
(7669, 7670, 7671) 697.0
(8234, 8235, 8236) 553.0
(6415, 6416, 6417) 489.0
(7754, 7755, 7756) 560.0
(3252, 3253, 3254) 714.0
(4354, 4355, 4356) 630.0
(3181, 3182, 3183) 501.0
(6911, 6912, 6913) 697.0
(4269, 4270, 4271) 555.0
(9414, 9415, 9416) 638.0
(7564, 7565, 7566) 605.0
(1756, 1757, 1758) 576.0
(5616, 5617, 5618) 645.0
(3430, 3431, 3432) 654.0
(9019, 9020, 9021) 751.0
(7072, 7073, 7074) 653.0
(2531, 2532, 2533) 548.0
(8380, 8381, 8382) 659.0
(6867, 6868, 6869) 561.0
(7235, 7236, 7237) 946.0
(3459, 3460, 3461) 469.0
(1958, 1959, 1960) 550.0
(2168, 2169, 2170) 576.0
(7937, 7938, 7939) 554.0
(4107, 4108, 4109) 633.0
(5441, 5442, 5443) 813.0
(1895, 1896, 1897) 786.0
(6721, 6722, 6723) 630.0
(4013, 4014, 4015) 639.0
(2, 3, 4) 712.0
(996, 997, 998) 546.0
(2953, 2954, 2955) 557.0
(1665, 1666, 1667) 615.0
(7340, 7341, 7342) 415.0
(7148, 7149, 7150) 582.0
(7025, 7026, 7027) 740.0
(5190, 5191, 5192) 690.0
(8550, 8551, 8552) 504.0
(263, 264, 265) 753.0
(2504, 2505, 2506) 578.0
(3345, 3346, 3347) 787.0
(4072, 4073, 4074) 562.0
(8398, 8399, 8400) 685.0
(6431, 6432, 6433) 586.0
(8279, 8280, 8281) 672.0
(4868, 4869, 4870) 695.0
(8787, 8788, 8789) 694.0
(9503, 9504, 9505) 547.0
(1453, 1454, 1455) 539.0
(2604, 2605, 2606) 709.0
(3066, 3067, 3068) 600.0
(4331, 4332, 4333) 470.0
(4076, 4077, 4078) 680.0
(5108, 5109, 5110) 683.0
(9403, 9404, 9405) 455.0
(5772, 5773, 5774) 418.0
(6970, 6971, 6972) 601.0
(9268, 9269, 9270) 624.0
(7738, 7739, 7740) 768.0
(4183, 4184, 4185) 795.0
(9298, 9299, 9300) 824.0
(3532, 3533, 3534) 551.0
(1215, 1216, 1217) 568.0
(1288, 1289, 1290) 559.0
(8383, 8384, 8385) 597.0
(8207, 8208, 8209) 475.0
(1905, 1906, 1907) 613.0
(5572, 5573, 5574) 678.0
(6757, 6758, 6759) 760.0
(5756, 5757, 5758) 461.0
(3840, 3841, 3842) 765.0
(797, 798, 799) 621.0
(5513, 5514, 5515) 823.0
(7657, 7658, 7659) 622.0
(1013, 1014, 1015) 614.0
(5093, 5094, 5095) 608.0
(1714, 1715, 1716) 532.0
(7029, 7030, 7031) 765.0
(3505, 3506, 3507) 561.0
(2173, 2174, 2175) 460.0
(106, 107, 108) 473.0
(516, 517, 518) 663.0
(8383, 8384, 8385) 597.0
(4722, 4723, 4724) 494.0
(9244, 9245, 9246) 449.0
(630, 631, 632) 539.0
(9821, 9822, 9823) 620.0
(6604, 6605, 6606) 520.0
(5361, 5362, 5363) 694.0
(2573, 2574, 2575) 528.0
(3609, 3610, 3611) 805.0
(2744, 2745, 2746) 612.0
(8827, 8828, 8829) 532.0
(3356, 3357, 3358) 519.0
(122, 123, 124) 550.0
(10, 11, 12) 675.0
(9786, 9787, 9788) 778.0
(9698, 9699, 9700) 769.0
(3996, 3997, 3998) 686.0
(7072, 7073, 7074) 653.0
(1197, 1198, 1199) 643.0
(4698, 4699, 4700) 566.0
(5359, 5360, 5361) 556.0
(5589, 5590, 5591) 631.0
(9822, 9823, 9824) 404.0
(1786, 1787, 1788) 570.0
(970, 971, 972) 671.0
(8979, 8980, 8981) 868.0
(4161, 4162, 4163) 606.0
(3458, 3459, 3460) 753.0
(3219, 3220, 3221) 764.0
(7609, 7610, 7611) 439.0
(901, 902, 903) 697.0
(8606, 8607, 8608) 830.0
(9449, 9450, 9451) 627.0
(6262, 6263, 6264) 582.0
(9352, 9353, 9354) 427.0
(1234, 1235, 1236) 631.0
(2654, 2655, 2656) 663.0
(630, 631, 632) 539.0
(2991, 2992, 2993) 736.0
(7986, 7987, 7988) 537.0
(1493, 1494, 1495) 667.0
(3668, 3669, 3670) 446.0
(1337, 1338, 1339) 1017.0
(704, 705, 706) 501.0
(5220, 5221, 5222) 498.0
(2631, 2632, 2633) 807.0
(73, 74, 75) 480.0
(415, 416, 417) 690.0
(7741, 7742, 7743) 564.0
(8641, 8642, 8643) 604.0
(849, 850, 851) 534.0
(6528, 6529, 6530) 509.0
(9117, 9118, 9119) 673.0
(2480, 2481, 2482) 713.0
(1238, 1239, 1240) 581.0
(9992, 9993, 9994) 361.0
(3030, 3031, 3032) 804.0
(7372, 7373, 7374) 566.0
(1, 2, 3) 621.0
(5680, 5681, 5682) 550.0
(8030, 8031, 8032) 526.0
(3964, 3965, 3966) 471.0
(361, 362, 363) 463.0
(5748, 5749, 5750) 787.0
(7924, 7925, 7926) 676.0
(8790, 8791, 8792) 507.0
(9059, 9060, 9061) 589.0
(7802, 7803, 7804) 528.0
(8797, 8798, 8799) 658.0
(2598, 2599, 2600) 1070.0
(8837, 8838, 8839) 668.0
(5535, 5536, 5537) 565.0
(7505, 7506, 7507) 570.0
(8967, 8968, 8969) 623.0
(4557, 4558, 4559) 778.0
(1108, 1109, 1110) 750.0
(4486, 4487, 4488) 726.0
(99, 100, 101) 770.0
(5238, 5239, 5240) 399.0
(9597, 9598, 9599) 504.0
(3040, 3041, 3042) 656.0
(333, 334, 335) 581.0
(3314, 3315, 3316) 450.0
(110, 111, 112) 634.0
(181, 182, 183) 523.0
(5488, 5489, 5490) 520.0
(9405, 9406, 9407) 736.0
(869, 870, 871) 623.0
(6880, 6881, 6882) 848.0
(928, 929, 930) 594.0
(5194, 5195, 5196) 574.0
(6130, 6131, 6132) 556.0
(6360, 6361, 6362) 435.0
(6585, 6586, 6587) 642.0
(303, 304, 305) 680.0
(962, 963, 964) 640.0
(761, 762, 763) 722.0
(2492, 2493, 2494) 559.0
(807, 808, 809) 484.0
(8751, 8752, 8753) 704.0
(6065, 6066, 6067) 449.0
(9629, 9630, 9631) 652.0
(4122, 4123, 4124) 551.0
(4163, 4164, 4165) 732.0
(117, 118, 119) 602.0
(2284, 2285, 2286) 663.0
(7985, 7986, 7987) 582.0
(2952, 2953, 2954) 552.0
