(9463, 9464, 9465) 7090.0
(4720, 4721, 4722) 6524.0
(2151, 2152, 2153) 6326.0
(2013, 2014, 2015) 6966.0
(8039, 8040, 8041) 5775.0
(3712, 3713, 3714) 7185.0
(3205, 3206, 3207) 7067.0
(4183, 4184, 4185) 7730.0
(6619, 6620, 6621) 7524.0
(7222, 7223, 7224) 7368.0
(8119, 8120, 8121) 7055.0
(1443, 1444, 1445) 9304.0
(2648, 2649, 2650) 7220.0
(7691, 7692, 7693) 6817.0
(9833, 9834, 9835) 6954.0
(6643, 6644, 6645) 6394.0
(4945, 4946, 4947) 6511.0
(9099, 9100, 9101) 8904.0
(631, 632, 633) 7582.0
(5275, 5276, 5277) 6798.0
(1226, 1227, 1228) 8271.0
(2234, 2235, 2236) 7452.0
(1135, 1136, 1137) 7214.0
(8629, 8630, 8631) 7445.0
(7729, 7730, 7731) 7162.0
(842, 843, 844) 7404.0
(1799, 1800, 1801) 6549.0
(9051, 9052, 9053) 7093.0
(855, 856, 857) 6299.0
(7658, 7659, 7660) 7935.0
(5965, 5966, 5967) 6617.0
(2898, 2899, 2900) 6423.0
(9073, 9074, 9075) 6032.0
(7493, 7494, 7495) 8988.0
(2361, 2362, 2363) 6457.0
(2166, 2167, 2168) 6260.0
(4134, 4135, 4136) 6554.0
(4370, 4371, 4372) 7758.0
(2276, 2277, 2278) 6586.0
(3166, 3167, 3168) 7050.0
(6611, 6612, 6613) 7888.0
(7727, 7728, 7729) 6035.0
(369, 370, 371) 6179.0
(9557, 9558, 9559) 6855.0
(2883, 2884, 2885) 7408.0
(7140, 7141, 7142) 8402.0
(2730, 2731, 2732) 6522.0
(7484, 7485, 7486) 6056.0
(6662, 6663, 6664) 6756.0
(5333, 5334, 5335) 6965.0
(3010, 3011, 3012) 6894.0
(4268, 4269, 4270) 7010.0
(8493, 8494, 8495) 6938.0
(1879, 1880, 1881) 6159.0
(3272, 3273, 3274) 7397.0
(3148, 3149, 3150) 7903.0
(2242, 2243, 2244) 8051.0
(7963, 7964, 7965) 7552.0
(6443, 6444, 6445) 6333.0
(7429, 7430, 7431) 8194.0
(7490, 7491, 7492) 8381.0
(6298, 6299, 6300) 6682.0
(7368, 7369, 7370) 6805.0
(105, 106, 107) 6096.0
(2076, 2077, 2078) 5765.0
(4262, 4263, 4264) 8032.0
(93, 94, 95) 6905.0
(611, 612, 613) 9009.0
(4826, 4827, 4828) 6146.0
(316, 317, 318) 6512.0
(7915, 7916, 7917) 6871.0
(8637, 8638, 8639) 7081.0
(9290, 9291, 9292) 6973.0
(511, 512, 513) 5960.0
(3532, 3533, 3534) 6641.0
(4809, 4810, 4811) 6807.0
(4721, 4722, 4723) 6915.0
(6184, 6185, 6186) 7102.0
(1117, 1118, 1119) 6568.0
(6325, 6326, 6327) 7520.0
(3605, 3606, 3607) 6330.0
(4575, 4576, 4577) 6387.0
(870, 871, 872) 6903.0
(1058, 1059, 1060) 6343.0
(6478, 6479, 6480) 8230.0
(69, 70, 71) 7861.0
(9082, 9083, 9084) 6319.0
(3111, 3112, 3113) 7475.0
(2935, 2936, 2937) 9130.0
(4861, 4862, 4863) 7082.0
(6385, 6386, 6387) 6227.0
(2263, 2264, 2265) 8085.0
(8290, 8291, 8292) 6650.0
(4056, 4057, 4058) 6587.0
(614, 615, 616) 7022.0
(4869, 4870, 4871) 7196.0
(522, 523, 524) 8053.0
(9145, 9146, 9147) 7516.0
(2519, 2520, 2521) 6735.0
(6707, 6708, 6709) 7046.0
(3096, 3097, 3098) 6879.0
(6053, 6054, 6055) 9472.0
(899, 900, 901) 5911.0
(2917, 2918, 2919) 6562.0
(3426, 3427, 3428) 7321.0
(366, 367, 368) 6869.0
(3934, 3935, 3936) 6518.0
(5252, 5253, 5254) 8239.0
(9890, 9891, 9892) 6521.0
(8889, 8890, 8891) 7644.0
(2384, 2385, 2386) 6385.0
(7755, 7756, 7757) 7002.0
(1547, 1548, 1549) 7547.0
(752, 753, 754) 7285.0
(5199, 5200, 5201) 6837.0
(244, 245, 246) 6501.0
(7415, 7416, 7417) 6621.0
(4437, 4438, 4439) 8023.0
(3499, 3500, 3501) 8066.0
(3467, 3468, 3469) 6660.0
(1284, 1285, 1286) 6817.0
(3298, 3299, 3300) 6316.0
(1410, 1411, 1412) 8628.0
(4793, 4794, 4795) 7071.0
(4919, 4920, 4921) 8444.0
(7046, 7047, 7048) 6555.0
(5718, 5719, 5720) 8065.0
(508, 509, 510) 6843.0
(8921, 8922, 8923) 6600.0
(7846, 7847, 7848) 7233.0
(5205, 5206, 5207) 6171.0
(7440, 7441, 7442) 6111.0
(9008, 9009, 9010) 7115.0
(4141, 4142, 4143) 7169.0
(3297, 3298, 3299) 7153.0
(3805, 3806, 3807) 7004.0
(9020, 9021, 9022) 5865.0
(7160, 7161, 7162) 6318.0
(8649, 8650, 8651) 6599.0
(7697, 7698, 7699) 6468.0
(5243, 5244, 5245) 7063.0
(2735, 2736, 2737) 7201.0
(3920, 3921, 3922) 7727.0
(3750, 3751, 3752) 7015.0
(6284, 6285, 6286) 7696.0
(9783, 9784, 9785) 6545.0
(5466, 5467, 5468) 7528.0
(1528, 1529, 1530) 6543.0
(2148, 2149, 2150) 6990.0
(7657, 7658, 7659) 6738.0
(2985, 2986, 2987) 7173.0
(7109, 7110, 7111) 6189.0
(6648, 6649, 6650) 7078.0
(3522, 3523, 3524) 6892.0
(9493, 9494, 9495) 7164.0
(2834, 2835, 2836) 7336.0
(2974, 2975, 2976) 6497.0
(1674, 1675, 1676) 8002.0
(5368, 5369, 5370) 7288.0
(6578, 6579, 6580) 6740.0
(6184, 6185, 6186) 7102.0
(3087, 3088, 3089) 6638.0
(2243, 2244, 2245) 6391.0
(2731, 2732, 2733) 7992.0
(6116, 6117, 6118) 6092.0
(2189, 2190, 2191) 6643.0
(9461, 9462, 9463) 7268.0
(9521, 9522, 9523) 5952.0
(4752, 4753, 4754) 5709.0
(2836, 2837, 2838) 7762.0
(4297, 4298, 4299) 6757.0
(3495, 3496, 3497) 6647.0
(6146, 6147, 6148) 6614.0
(9011, 9012, 9013) 5857.0
(5632, 5633, 5634) 7212.0
(9615, 9616, 9617) 6289.0
(3876, 3877, 3878) 8450.0
(3031, 3032, 3033) 8110.0
(2530, 2531, 2532) 7860.0
(8947, 8948, 8949) 7629.0
(3457, 3458, 3459) 6846.0
(5160, 5161, 5162) 8446.0
(2794, 2795, 2796) 6665.0
(1102, 1103, 1104) 7343.0
(5374, 5375, 5376) 7907.0
(8971, 8972, 8973) 7514.0
(543, 544, 545) 6971.0
(4969, 4970, 4971) 6825.0
(837, 838, 839) 8126.0
(328, 329, 330) 6576.0
(551, 552, 553) 7275.0
(888, 889, 890) 8139.0
(4586, 4587, 4588) 5977.0
(8121, 8122, 8123) 7040.0
(1503, 1504, 1505) 6516.0
(5435, 5436, 5437) 7083.0
(4824, 4825, 4826) 7326.0
(217, 218, 219) 7842.0
(4541, 4542, 4543) 7588.0
(4714, 4715, 4716) 7684.0
(2847, 2848, 2849) 6285.0
