(4395, 4396, 4397) 7998.0
(6943, 6944, 6945) 6921.0
(2947, 2948, 2949) 6746.0
(1489, 1490, 1491) 7025.0
(8966, 8967, 8968) 7770.0
(3169, 3170, 3171) 7979.0
(941, 942, 943) 6633.0
(2925, 2926, 2927) 6459.0
(2618, 2619, 2620) 7327.0
(9936, 9937, 9938) 6342.0
(74, 75, 76) 7393.0
(752, 753, 754) 7577.0
(6702, 6703, 6704) 7952.0
(9006, 9007, 9008) 7157.0
(757, 758, 759) 7853.0
(1209, 1210, 1211) 6375.0
(7313, 7314, 7315) 8001.0
(6394, 6395, 6396) 6923.0
(1347, 1348, 1349) 7655.0
(9351, 9352, 9353) 6468.0
(2387, 2388, 2389) 7047.0
(4481, 4482, 4483) 7637.0
(3929, 3930, 3931) 6781.0
(2798, 2799, 2800) 9346.0
(1943, 1944, 1945) 6250.0
(6733, 6734, 6735) 7473.0
(4485, 4486, 4487) 8206.0
(4587, 4588, 4589) 7983.0
(3576, 3577, 3578) 7787.0
(457, 458, 459) 6968.0
(2774, 2775, 2776) 7356.0
(9914, 9915, 9916) 8201.0
(943, 944, 945) 7289.0
(7934, 7935, 7936) 7155.0
(7163, 7164, 7165) 6913.0
(5325, 5326, 5327) 6251.0
(2462, 2463, 2464) 6372.0
(9985, 9986, 9987) 6737.0
(1762, 1763, 1764) 6983.0
(1694, 1695, 1696) 6860.0
(3376, 3377, 3378) 8278.0
(2157, 2158, 2159) 7871.0
(97, 98, 99) 6858.0
(4207, 4208, 4209) 5911.0
(9023, 9024, 9025) 7163.0
(1687, 1688, 1689) 7548.0
(4306, 4307, 4308) 6291.0
(3420, 3421, 3422) 6571.0
(524, 525, 526) 9843.0
(6441, 6442, 6443) 8298.0
(3815, 3816, 3817) 7747.0
(4510, 4511, 4512) 7507.0
(1931, 1932, 1933) 6905.0
(7894, 7895, 7896) 6587.0
(812, 813, 814) 7015.0
(3425, 3426, 3427) 6958.0
(2641, 2642, 2643) 8745.0
(7948, 7949, 7950) 6742.0
(2015, 2016, 2017) 7612.0
(6081, 6082, 6083) 6414.0
(2437, 2438, 2439) 8038.0
(6292, 6293, 6294) 8490.0
(331, 332, 333) 7595.0
(2271, 2272, 2273) 7417.0
(4742, 4743, 4744) 7121.0
(6772, 6773, 6774) 6669.0
(4277, 4278, 4279) 7204.0
(5791, 5792, 5793) 6855.0
(5941, 5942, 5943) 6527.0
(9780, 9781, 9782) 10483.0
(9249, 9250, 9251) 6661.0
(6475, 6476, 6477) 7601.0
(5905, 5906, 5907) 7292.0
(8697, 8698, 8699) 6667.0
(1182, 1183, 1184) 7218.0
(9916, 9917, 9918) 6814.0
(4203, 4204, 4205) 6357.0
(901, 902, 903) 5834.0
(5728, 5729, 5730) 6909.0
(2809, 2810, 2811) 6363.0
(9117, 9118, 9119) 6595.0
(8261, 8262, 8263) 6982.0
(6529, 6530, 6531) 7478.0
(645, 646, 647) 7519.0
(6668, 6669, 6670) 7056.0
(9953, 9954, 9955) 7710.0
(9682, 9683, 9684) 7233.0
(5116, 5117, 5118) 6721.0
(9153, 9154, 9155) 7115.0
(8220, 8221, 8222) 8386.0
(8107, 8108, 8109) 7110.0
(7411, 7412, 7413) 7309.0
(6924, 6925, 6926) 8990.0
(4629, 4630, 4631) 6133.0
(9107, 9108, 9109) 6608.0
(8306, 8307, 8308) 7220.0
(6747, 6748, 6749) 7188.0
(4003, 4004, 4005) 7713.0
(3322, 3323, 3324) 8095.0
(7737, 7738, 7739) 8573.0
(2823, 2824, 2825) 6117.0
(7671, 7672, 7673) 6876.0
(1612, 1613, 1614) 10278.0
(9428, 9429, 9430) 6965.0
(7575, 7576, 7577) 6668.0
(9823, 9824, 9825) 9462.0
(3543, 3544, 3545) 5841.0
(9227, 9228, 9229) 6772.0
(4189, 4190, 4191) 8196.0
(6458, 6459, 6460) 6887.0
(683, 684, 685) 7036.0
(278, 279, 280) 7772.0
(3002, 3003, 3004) 6663.0
(5073, 5074, 5075) 7422.0
(7864, 7865, 7866) 6634.0
(9485, 9486, 9487) 7444.0
(252, 253, 254) 6640.0
(6293, 6294, 6295) 8683.0
(9012, 9013, 9014) 7329.0
(8974, 8975, 8976) 9244.0
(8447, 8448, 8449) 6897.0
(583, 584, 585) 7215.0
(5327, 5328, 5329) 7929.0
(8726, 8727, 8728) 6624.0
(6917, 6918, 6919) 7094.0
(3291, 3292, 3293) 7958.0
(8990, 8991, 8992) 9269.0
(1140, 1141, 1142) 7341.0
(5462, 5463, 5464) 6451.0
(2706, 2707, 2708) 6830.0
(104, 105, 106) 7326.0
(6034, 6035, 6036) 7658.0
(9149, 9150, 9151) 7399.0
(6736, 6737, 6738) 6119.0
(240, 241, 242) 5902.0
(9476, 9477, 9478) 6936.0
(9159, 9160, 9161) 8006.0
(4929, 4930, 4931) 6739.0
(133, 134, 135) 5823.0
(7315, 7316, 7317) 7431.0
(5710, 5711, 5712) 6603.0
(3299, 3300, 3301) 6814.0
(7826, 7827, 7828) 9384.0
(7486, 7487, 7488) 7454.0
(1660, 1661, 1662) 7448.0
(9092, 9093, 9094) 7757.0
(7974, 7975, 7976) 7211.0
(888, 889, 890) 8200.0
(5371, 5372, 5373) 7341.0
(7842, 7843, 7844) 5878.0
(2542, 2543, 2544) 6680.0
(5475, 5476, 5477) 6494.0
(5430, 5431, 5432) 7469.0
(5445, 5446, 5447) 7003.0
(5838, 5839, 5840) 6769.0
(8084, 8085, 8086) 6292.0
(3328, 3329, 3330) 7333.0
(5923, 5924, 5925) 8023.0
(1110, 1111, 1112) 8719.0
(4384, 4385, 4386) 6686.0
(166, 167, 168) 8271.0
(925, 926, 927) 7290.0
(7768, 7769, 7770) 7233.0
(8214, 8215, 8216) 8733.0
(1399, 1400, 1401) 7743.0
(4919, 4920, 4921) 8507.0
(1105, 1106, 1107) 6621.0
(8313, 8314, 8315) 8481.0
(7062, 7063, 7064) 6434.0
(6345, 6346, 6347) 6761.0
(1795, 1796, 1797) 7854.0
(3717, 3718, 3719) 8071.0
(5722, 5723, 5724) 6925.0
(9933, 9934, 9935) 7645.0
(5961, 5962, 5963) 7469.0
(6559, 6560, 6561) 7675.0
(107, 108, 109) 7464.0
(7221, 7222, 7223) 6034.0
(4102, 4103, 4104) 7549.0
(8684, 8685, 8686) 6653.0
(8303, 8304, 8305) 7944.0
(2892, 2893, 2894) 7118.0
(6397, 6398, 6399) 7448.0
(42, 43, 44) 6657.0
(6618, 6619, 6620) 8034.0
(3215, 3216, 3217) 8077.0
(8561, 8562, 8563) 8393.0
(8060, 8061, 8062) 6807.0
(7683, 7684, 7685) 6595.0
(5931, 5932, 5933) 6399.0
(2424, 2425, 2426) 7001.0
(6551, 6552, 6553) 8715.0
(6370, 6371, 6372) 7063.0
(1028, 1029, 1030) 7211.0
(7913, 7914, 7915) 6526.0
(6649, 6650, 6651) 7755.0
(6784, 6785, 6786) 7007.0
(2423, 2424, 2425) 6340.0
(4645, 4646, 4647) 7601.0
(9091, 9092, 9093) 7078.0
(6138, 6139, 6140) 6985.0
