(5558, 5559, 5560) 9458.0
(2904, 2905, 2906) 6659.0
(1193, 1194, 1195) 7903.0
(7738, 7739, 7740) 7645.0
(6364, 6365, 6366) 6097.0
(7013, 7014, 7015) 7114.0
(9128, 9129, 9130) 8682.0
(6972, 6973, 6974) 8256.0
(9236, 9237, 9238) 7134.0
(4976, 4977, 4978) 6826.0
(2082, 2083, 2084) 6914.0
(9738, 9739, 9740) 7770.0
(5058, 5059, 5060) 6275.0
(15, 16, 17) 6196.0
(2094, 2095, 2096) 8026.0
(2194, 2195, 2196) 7429.0
(4060, 4061, 4062) 7921.0
(6508, 6509, 6510) 5952.0
(9082, 9083, 9084) 6369.0
(5259, 5260, 5261) 8911.0
(3658, 3659, 3660) 7879.0
(2782, 2783, 2784) 7166.0
(3487, 3488, 3489) 7644.0
(4778, 4779, 4780) 7678.0
(5343, 5344, 5345) 7675.0
(1474, 1475, 1476) 7811.0
(7005, 7006, 7007) 7732.0
(9635, 9636, 9637) 7820.0
(9035, 9036, 9037) 7893.0
(1499, 1500, 1501) 8070.0
(1236, 1237, 1238) 6765.0
(659, 660, 661) 6957.0
(2333, 2334, 2335) 7004.0
(7516, 7517, 7518) 7542.0
(2228, 2229, 2230) 6141.0
(6006, 6007, 6008) 8101.0
(8027, 8028, 8029) 7134.0
(9746, 9747, 9748) 7517.0
(7188, 7189, 7190) 9097.0
(4879, 4880, 4881) 6970.0
(8465, 8466, 8467) 6612.0
(5415, 5416, 5417) 7623.0
(417, 418, 419) 9385.0
(5882, 5883, 5884) 7131.0
(6808, 6809, 6810) 9763.0
(861, 862, 863) 6867.0
(578, 579, 580) 6805.0
(2643, 2644, 2645) 7364.0
(9971, 9972, 9973) 7891.0
(700, 701, 702) 9434.0
(9703, 9704, 9705) 7778.0
(5057, 5058, 5059) 8142.0
(9464, 9465, 9466) 7283.0
(3809, 3810, 3811) 7620.0
(590, 591, 592) 6464.0
(2708, 2709, 2710) 7557.0
(3982, 3983, 3984) 8114.0
(2098, 2099, 2100) 8149.0
(1861, 1862, 1863) 7366.0
(9393, 9394, 9395) 7789.0
(5320, 5321, 5322) 7884.0
(7282, 7283, 7284) 9598.0
(2372, 2373, 2374) 9393.0
(678, 679, 680) 7253.0
(202, 203, 204) 6136.0
(9408, 9409, 9410) 8130.0
(9304, 9305, 9306) 8383.0
(422, 423, 424) 7741.0
(7802, 7803, 7804) 6751.0
(6439, 6440, 6441) 7036.0
(7283, 7284, 7285) 7886.0
(7868, 7869, 7870) 7319.0
(6495, 6496, 6497) 7457.0
(9009, 9010, 9011) 8138.0
(3833, 3834, 3835) 7575.0
(5140, 5141, 5142) 7202.0
(5203, 5204, 5205) 8520.0
(2861, 2862, 2863) 7918.0
(6682, 6683, 6684) 7955.0
(7796, 7797, 7798) 6837.0
(1808, 1809, 1810) 6550.0
(2387, 2388, 2389) 7463.0
(5027, 5028, 5029) 7206.0
(2996, 2997, 2998) 6267.0
(4396, 4397, 4398) 9641.0
(1475, 1476, 1477) 6969.0
(6820, 6821, 6822) 7379.0
(5304, 5305, 5306) 6703.0
(9239, 9240, 9241) 6972.0
(7212, 7213, 7214) 8628.0
(86, 87, 88) 7380.0
(863, 864, 865) 6916.0
(1992, 1993, 1994) 7189.0
(6257, 6258, 6259) 6558.0
(6312, 6313, 6314) 7914.0
(9924, 9925, 9926) 8147.0
(1686, 1687, 1688) 8318.0
(4365, 4366, 4367) 8317.0
(6818, 6819, 6820) 7385.0
(8238, 8239, 8240) 6934.0
(4947, 4948, 4949) 7459.0
(5592, 5593, 5594) 6612.0
(3482, 3483, 3484) 6817.0
(9939, 9940, 9941) 7282.0
(429, 430, 431) 7155.0
(9648, 9649, 9650) 8196.0
(9319, 9320, 9321) 7484.0
(4428, 4429, 4430) 6867.0
(4356, 4357, 4358) 7305.0
(6701, 6702, 6703) 7450.0
(8805, 8806, 8807) 8478.0
(8245, 8246, 8247) 7246.0
(1123, 1124, 1125) 6867.0
(3008, 3009, 3010) 6530.0
(6432, 6433, 6434) 6985.0
(4760, 4761, 4762) 8003.0
(5458, 5459, 5460) 8907.0
(8681, 8682, 8683) 6727.0
(1534, 1535, 1536) 6648.0
(3047, 3048, 3049) 6531.0
(234, 235, 236) 8025.0
(6282, 6283, 6284) 9572.0
(6289, 6290, 6291) 7100.0
(6027, 6028, 6029) 6696.0
(9355, 9356, 9357) 7301.0
(3208, 3209, 3210) 7497.0
(8141, 8142, 8143) 7437.0
(3606, 3607, 3608) 7375.0
(2197, 2198, 2199) 7087.0
(3418, 3419, 3420) 7498.0
(8188, 8189, 8190) 6503.0
(6748, 6749, 6750) 7302.0
(1036, 1037, 1038) 8241.0
(1033, 1034, 1035) 7278.0
(4300, 4301, 4302) 7295.0
(7572, 7573, 7574) 8028.0
(5949, 5950, 5951) 7021.0
(4851, 4852, 4853) 6947.0
(4484, 4485, 4486) 8273.0
(514, 515, 516) 7551.0
(8967, 8968, 8969) 8406.0
(6590, 6591, 6592) 7197.0
(9999, 10000, 10001) 7490.0
(6923, 6924, 6925) 7177.0
(1487, 1488, 1489) 7203.0
(6245, 6246, 6247) 6853.0
(9108, 9109, 9110) 8486.0
(8335, 8336, 8337) 10496.0
(5440, 5441, 5442) 9503.0
(2316, 2317, 2318) 8346.0
(8007, 8008, 8009) 7289.0
(4891, 4892, 4893) 9539.0
(6462, 6463, 6464) 8781.0
(6965, 6966, 6967) 6580.0
(1145, 1146, 1147) 8150.0
(553, 554, 555) 7512.0
(3189, 3190, 3191) 7174.0
(2711, 2712, 2713) 7118.0
(782, 783, 784) 6752.0
(6639, 6640, 6641) 6729.0
(3, 4, 5) 8464.0
(4715, 4716, 4717) 6832.0
(6505, 6506, 6507) 7089.0
(4530, 4531, 4532) 8140.0
(7092, 7093, 7094) 8648.0
(1271, 1272, 1273) 7705.0
(575, 576, 577) 6230.0
(2028, 2029, 2030) 6950.0
(6733, 6734, 6735) 7680.0
(3819, 3820, 3821) 7209.0
(1010, 1011, 1012) 6535.0
(3676, 3677, 3678) 6883.0
(8964, 8965, 8966) 7116.0
(9673, 9674, 9675) 7480.0
(7825, 7826, 7827) 7387.0
(3882, 3883, 3884) 8619.0
(1882, 1883, 1884) 7267.0
(5520, 5521, 5522) 8134.0
(3170, 3171, 3172) 7314.0
(801, 802, 803) 6025.0
(3995, 3996, 3997) 7081.0
(5703, 5704, 5705) 7726.0
(1487, 1488, 1489) 7203.0
(2442, 2443, 2444) 10264.0
(9344, 9345, 9346) 6972.0
(2586, 2587, 2588) 7180.0
(8489, 8490, 8491) 8573.0
(2948, 2949, 2950) 7118.0
(2159, 2160, 2161) 8438.0
(8757, 8758, 8759) 6089.0
(3424, 3425, 3426) 7364.0
(1823, 1824, 1825) 7594.0
(4708, 4709, 4710) 6967.0
(2862, 2863, 2864) 7667.0
(3121, 3122, 3123) 6859.0
(8883, 8884, 8885) 7031.0
(4569, 4570, 4571) 7288.0
(4510, 4511, 4512) 7974.0
(5147, 5148, 5149) 7651.0
(9060, 9061, 9062) 7220.0
(8273, 8274, 8275) 7279.0
