(5877, 5878, 5879) 7205.0
(5787, 5788, 5789) 6656.0
(2235, 2236, 2237) 7124.0
(545, 546, 547) 8067.0
(9966, 9967, 9968) 8026.0
(2762, 2763, 2764) 7897.0
(8686, 8687, 8688) 7365.0
(5268, 5269, 5270) 7484.0
(5678, 5679, 5680) 7473.0
(5179, 5180, 5181) 8064.0
(1256, 1257, 1258) 8675.0
(9305, 9306, 9307) 7494.0
(4407, 4408, 4409) 8213.0
(9738, 9739, 9740) 7819.0
(5090, 5091, 5092) 7118.0
(9346, 9347, 9348) 8869.0
(9823, 9824, 9825) 9366.0
(2476, 2477, 2478) 6959.0
(8842, 8843, 8844) 6991.0
(8384, 8385, 8386) 7784.0
(7556, 7557, 7558) 8629.0
(2174, 2175, 2176) 7505.0
(790, 791, 792) 6810.0
(7667, 7668, 7669) 7927.0
(1873, 1874, 1875) 7953.0
(4352, 4353, 4354) 8091.0
(9411, 9412, 9413) 8314.0
(2509, 2510, 2511) 6995.0
(7672, 7673, 7674) 8185.0
(7030, 7031, 7032) 7873.0
(6536, 6537, 6538) 10211.0
(9985, 9986, 9987) 7052.0
(3347, 3348, 3349) 7571.0
(2097, 2098, 2099) 7630.0
(8180, 8181, 8182) 7334.0
(2203, 2204, 2205) 6778.0
(7434, 7435, 7436) 7864.0
(7471, 7472, 7473) 7499.0
(4137, 4138, 4139) 7723.0
(9086, 9087, 9088) 7911.0
(6229, 6230, 6231) 8455.0
(8491, 8492, 8493) 6680.0
(6813, 6814, 6815) 6717.0
(7467, 7468, 7469) 6830.0
(5750, 5751, 5752) 7112.0
(4279, 4280, 4281) 7753.0
(4402, 4403, 4404) 7963.0
(7886, 7887, 7888) 8522.0
(6946, 6947, 6948) 8039.0
(4597, 4598, 4599) 9184.0
(3111, 3112, 3113) 7893.0
(2196, 2197, 2198) 7621.0
(639, 640, 641) 7421.0
(8132, 8133, 8134) 7274.0
(9688, 9689, 9690) 7850.0
(4812, 4813, 4814) 7589.0
(4540, 4541, 4542) 6401.0
(8670, 8671, 8672) 6975.0
(7595, 7596, 7597) 6856.0
(8382, 8383, 8384) 6302.0
(4154, 4155, 4156) 7749.0
(4677, 4678, 4679) 7099.0
(8612, 8613, 8614) 7358.0
(7875, 7876, 7877) 6410.0
(6294, 6295, 6296) 7268.0
(7360, 7361, 7362) 7671.0
(5354, 5355, 5356) 6665.0
(3830, 3831, 3832) 8584.0
(1685, 1686, 1687) 7496.0
(2721, 2722, 2723) 7128.0
(7684, 7685, 7686) 8657.0
(2965, 2966, 2967) 7525.0
(5915, 5916, 5917) 8349.0
(6887, 6888, 6889) 6922.0
(7721, 7722, 7723) 7384.0
(5264, 5265, 5266) 8367.0
(1066, 1067, 1068) 7753.0
(7099, 7100, 7101) 8372.0
(5798, 5799, 5800) 7297.0
(1656, 1657, 1658) 8553.0
(8457, 8458, 8459) 7466.0
(937, 938, 939) 7200.0
(1638, 1639, 1640) 7720.0
(4839, 4840, 4841) 7666.0
(8108, 8109, 8110) 6936.0
(9473, 9474, 9475) 7635.0
(370, 371, 372) 7376.0
(9582, 9583, 9584) 6647.0
(2675, 2676, 2677) 9023.0
(2221, 2222, 2223) 7041.0
(3553, 3554, 3555) 7549.0
(1595, 1596, 1597) 9626.0
(287, 288, 289) 8325.0
(1801, 1802, 1803) 8347.0
(5148, 5149, 5150) 10721.0
(6740, 6741, 6742) 8112.0
(115, 116, 117) 11126.0
(5439, 5440, 5441) 7410.0
(7558, 7559, 7560) 6776.0
(2993, 2994, 2995) 7296.0
(3766, 3767, 3768) 7834.0
(6010, 6011, 6012) 7536.0
(1728, 1729, 1730) 7736.0
(6092, 6093, 6094) 7582.0
(9774, 9775, 9776) 7562.0
(6686, 6687, 6688) 6749.0
(3499, 3500, 3501) 8538.0
(1445, 1446, 1447) 7150.0
(6482, 6483, 6484) 7264.0
(4840, 4841, 4842) 6601.0
(4647, 4648, 4649) 7619.0
(2530, 2531, 2532) 8513.0
(4552, 4553, 4554) 7099.0
(2852, 2853, 2854) 7185.0
(1686, 1687, 1688) 8607.0
(9405, 9406, 9407) 7814.0
(4031, 4032, 4033) 9312.0
(7429, 7430, 7431) 9767.0
(2707, 2708, 2709) 6781.0
(7469, 7470, 7471) 7645.0
(7115, 7116, 7117) 6067.0
(2145, 2146, 2147) 7388.0
(1724, 1725, 1726) 7440.0
(1673, 1674, 1675) 8169.0
(5216, 5217, 5218) 6840.0
(4799, 4800, 4801) 8329.0
(1660, 1661, 1662) 7519.0
(4496, 4497, 4498) 7007.0
(9560, 9561, 9562) 8395.0
(5951, 5952, 5953) 9185.0
(2124, 2125, 2126) 7425.0
(3634, 3635, 3636) 9413.0
(9916, 9917, 9918) 7273.0
(9093, 9094, 9095) 7161.0
(2702, 2703, 2704) 7781.0
(3394, 3395, 3396) 7143.0
(2135, 2136, 2137) 6570.0
(1648, 1649, 1650) 9193.0
(5388, 5389, 5390) 6631.0
(9183, 9184, 9185) 7674.0
(9566, 9567, 9568) 8106.0
(2732, 2733, 2734) 8064.0
(7702, 7703, 7704) 7421.0
(2988, 2989, 2990) 7498.0
(6151, 6152, 6153) 6684.0
(7714, 7715, 7716) 7251.0
(6793, 6794, 6795) 7713.0
(9639, 9640, 9641) 6773.0
(9651, 9652, 9653) 6334.0
(1337, 1338, 1339) 8509.0
(7379, 7380, 7381) 7056.0
(2683, 2684, 2685) 6928.0
(2652, 2653, 2654) 7515.0
(1867, 1868, 1869) 8041.0
(1161, 1162, 1163) 7289.0
(2894, 2895, 2896) 7255.0
(5537, 5538, 5539) 7103.0
(8781, 8782, 8783) 7323.0
(4679, 4680, 4681) 8693.0
(439, 440, 441) 6833.0
(7239, 7240, 7241) 8332.0
(2883, 2884, 2885) 7821.0
(1256, 1257, 1258) 8675.0
(4289, 4290, 4291) 8290.0
(6347, 6348, 6349) 6138.0
(4750, 4751, 4752) 8000.0
(106, 107, 108) 7489.0
(5025, 5026, 5027) 6975.0
(7649, 7650, 7651) 7477.0
(3482, 3483, 3484) 6737.0
(9917, 9918, 9919) 7945.0
(7827, 7828, 7829) 7987.0
(3376, 3377, 3378) 8420.0
(4627, 4628, 4629) 8305.0
(2623, 2624, 2625) 6993.0
(6392, 6393, 6394) 9627.0
(1127, 1128, 1129) 7182.0
(53, 54, 55) 6956.0
(3314, 3315, 3316) 7875.0
(9982, 9983, 9984) 6714.0
(1993, 1994, 1995) 8146.0
(4470, 4471, 4472) 8440.0
(8170, 8171, 8172) 7881.0
(8915, 8916, 8917) 7434.0
(4963, 4964, 4965) 8327.0
(9215, 9216, 9217) 7007.0
(7104, 7105, 7106) 7170.0
(437, 438, 439) 7821.0
(6615, 6616, 6617) 7514.0
(2919, 2920, 2921) 7586.0
(3853, 3854, 3855) 8246.0
(8573, 8574, 8575) 7488.0
(389, 390, 391) 7161.0
(9014, 9015, 9016) 7295.0
(7046, 7047, 7048) 7139.0
(2809, 2810, 2811) 6597.0
(4573, 4574, 4575) 8088.0
(2920, 2921, 2922) 7099.0
(276, 277, 278) 7343.0
(7661, 7662, 7663) 6794.0
(5731, 5732, 5733) 7849.0
