(1276, 1277, 1278) 7818.0
(6094, 6095, 6096) 7997.0
(395, 396, 397) 7536.0
(5057, 5058, 5059) 8136.0
(492, 493, 494) 8132.0
(6148, 6149, 6150) 7521.0
(7184, 7185, 7186) 7751.0
(3266, 3267, 3268) 8067.0
(9113, 9114, 9115) 8056.0
(3996, 3997, 3998) 7599.0
(2663, 2664, 2665) 7256.0
(1845, 1846, 1847) 8310.0
(9091, 9092, 9093) 7467.0
(9851, 9852, 9853) 6499.0
(8957, 8958, 8959) 8938.0
(2188, 2189, 2190) 7582.0
(8168, 8169, 8170) 7105.0
(2509, 2510, 2511) 7128.0
(3748, 3749, 3750) 7736.0
(7502, 7503, 7504) 7091.0
(9932, 9933, 9934) 7811.0
(3794, 3795, 3796) 7223.0
(7512, 7513, 7514) 7320.0
(3991, 3992, 3993) 8129.0
(8979, 8980, 8981) 8565.0
(7909, 7910, 7911) 7479.0
(7889, 7890, 7891) 6126.0
(7579, 7580, 7581) 7879.0
(7001, 7002, 7003) 7061.0
(1843, 1844, 1845) 7761.0
(3378, 3379, 3380) 7302.0
(9519, 9520, 9521) 9297.0
(7329, 7330, 7331) 7380.0
(8275, 8276, 8277) 6860.0
(6502, 6503, 6504) 7794.0
(3470, 3471, 3472) 8046.0
(6691, 6692, 6693) 7708.0
(2031, 2032, 2033) 7770.0
(1944, 1945, 1946) 7226.0
(6727, 6728, 6729) 8386.0
(6470, 6471, 6472) 7307.0
(6328, 6329, 6330) 7809.0
(8775, 8776, 8777) 7736.0
(4734, 4735, 4736) 6589.0
(7982, 7983, 7984) 7600.0
(5765, 5766, 5767) 8974.0
(7524, 7525, 7526) 8357.0
(5739, 5740, 5741) 8245.0
(1698, 1699, 1700) 6993.0
(855, 856, 857) 6821.0
(7714, 7715, 7716) 7542.0
(6459, 6460, 6461) 8623.0
(1259, 1260, 1261) 6990.0
(8445, 8446, 8447) 6829.0
(1962, 1963, 1964) 7140.0
(8213, 8214, 8215) 7881.0
(5164, 5165, 5166) 8076.0
(9524, 9525, 9526) 7527.0
(9198, 9199, 9200) 8808.0
(2247, 2248, 2249) 8061.0
(4923, 4924, 4925) 8572.0
(7595, 7596, 7597) 7129.0
(8574, 8575, 8576) 7059.0
(1635, 1636, 1637) 8545.0
(2260, 2261, 2262) 8507.0
(3326, 3327, 3328) 6656.0
(1853, 1854, 1855) 7871.0
(9588, 9589, 9590) 7672.0
(3642, 3643, 3644) 7132.0
(3037, 3038, 3039) 7644.0
(8570, 8571, 8572) 6974.0
(7004, 7005, 7006) 8457.0
(903, 904, 905) 7276.0
(9423, 9424, 9425) 8597.0
(6009, 6010, 6011) 8591.0
(3186, 3187, 3188) 9130.0
(3934, 3935, 3936) 7263.0
(1241, 1242, 1243) 7326.0
(8820, 8821, 8822) 7278.0
(1211, 1212, 1213) 7778.0
(574, 575, 576) 7725.0
(6066, 6067, 6068) 7476.0
(5821, 5822, 5823) 7573.0
(4202, 4203, 4204) 7462.0
(1820, 1821, 1822) 6538.0
(3142, 3143, 3144) 7272.0
(6966, 6967, 6968) 7948.0
(26, 27, 28) 7252.0
(6996, 6997, 6998) 7547.0
(8252, 8253, 8254) 6569.0
(1017, 1018, 1019) 7895.0
(5027, 5028, 5029) 7411.0
(754, 755, 756) 8033.0
(5243, 5244, 5245) 7869.0
(5196, 5197, 5198) 7062.0
(4728, 4729, 4730) 8485.0
(9309, 9310, 9311) 7422.0
(4967, 4968, 4969) 7474.0
(8167, 8168, 8169) 7465.0
(585, 586, 587) 7830.0
(8375, 8376, 8377) 9101.0
(1709, 1710, 1711) 6514.0
(8798, 8799, 8800) 6870.0
(7862, 7863, 7864) 9507.0
(4998, 4999, 5000) 8019.0
(3186, 3187, 3188) 9130.0
(5848, 5849, 5850) 7220.0
(1670, 1671, 1672) 6631.0
(1918, 1919, 1920) 7652.0
(7891, 7892, 7893) 7350.0
(6027, 6028, 6029) 7024.0
(1125, 1126, 1127) 7906.0
(4825, 4826, 4827) 7315.0
(5321, 5322, 5323) 7443.0
(8989, 8990, 8991) 7129.0
(4988, 4989, 4990) 7202.0
(8838, 8839, 8840) 6105.0
(5462, 5463, 5464) 7278.0
(3393, 3394, 3395) 6847.0
(7891, 7892, 7893) 7350.0
(3180, 3181, 3182) 6758.0
(512, 513, 514) 7010.0
(9793, 9794, 9795) 7205.0
(2859, 2860, 2861) 6645.0
(957, 958, 959) 8870.0
(8404, 8405, 8406) 8237.0
(7984, 7985, 7986) 6192.0
(9387, 9388, 9389) 8671.0
(5655, 5656, 5657) 7054.0
(9406, 9407, 9408) 8057.0
(6095, 6096, 6097) 8738.0
(1752, 1753, 1754) 8098.0
(1174, 1175, 1176) 7352.0
(8627, 8628, 8629) 7889.0
(3710, 3711, 3712) 8779.0
(4981, 4982, 4983) 7089.0
(1412, 1413, 1414) 7130.0
(4434, 4435, 4436) 9096.0
(2942, 2943, 2944) 7204.0
(9824, 9825, 9826) 8185.0
(9882, 9883, 9884) 7062.0
(7518, 7519, 7520) 8361.0
(9757, 9758, 9759) 7127.0
(5612, 5613, 5614) 7245.0
(3312, 3313, 3314) 8300.0
(6723, 6724, 6725) 8647.0
(352, 353, 354) 8059.0
(1753, 1754, 1755) 8273.0
(102, 103, 104) 10016.0
(8921, 8922, 8923) 7140.0
(2465, 2466, 2467) 8283.0
(1205, 1206, 1207) 7331.0
(1034, 1035, 1036) 7148.0
(7500, 7501, 7502) 7825.0
(6022, 6023, 6024) 7032.0
(9404, 9405, 9406) 6744.0
(6340, 6341, 6342) 8906.0
(2735, 2736, 2737) 7824.0
(4180, 4181, 4182) 7841.0
(6292, 6293, 6294) 8938.0
(5637, 5638, 5639) 6868.0
(5260, 5261, 5262) 7066.0
(882, 883, 884) 7401.0
(5262, 5263, 5264) 6889.0
(4436, 4437, 4438) 8334.0
(1300, 1301, 1302) 8395.0
(9148, 9149, 9150) 8497.0
(251, 252, 253) 8634.0
(7450, 7451, 7452) 8543.0
(7711, 7712, 7713) 6382.0
(7046, 7047, 7048) 7280.0
(8520, 8521, 8522) 8483.0
(4678, 4679, 4680) 7598.0
(3479, 3480, 3481) 8099.0
(2567, 2568, 2569) 8985.0
(8485, 8486, 8487) 8495.0
(2852, 2853, 2854) 7346.0
(9609, 9610, 9611) 7055.0
(2648, 2649, 2650) 7765.0
(6797, 6798, 6799) 7107.0
(5187, 5188, 5189) 7253.0
(4434, 4435, 4436) 9096.0
(1568, 1569, 1570) 7958.0
(4027, 4028, 4029) 8466.0
(9520, 9521, 9522) 6667.0
(1832, 1833, 1834) 7779.0
(4421, 4422, 4423) 7850.0
(1197, 1198, 1199) 7833.0
(7733, 7734, 7735) 8092.0
(9813, 9814, 9815) 9302.0
(70, 71, 72) 6927.0
(9739, 9740, 9741) 8346.0
(7372, 7373, 7374) 7563.0
(8097, 8098, 8099) 6651.0
(2074, 2075, 2076) 7987.0
(2755, 2756, 2757) 7483.0
(3737, 3738, 3739) 9343.0
(5215, 5216, 5217) 7460.0
(768, 769, 770) 7236.0
(9802, 9803, 9804) 7352.0
(7735, 7736, 7737) 8026.0
(7338, 7339, 7340) 8087.0
(4446, 4447, 4448) 8182.0
(7545, 7546, 7547) 8135.0
(9004, 9005, 9006) 8602.0
(8874, 8875, 8876) 8085.0
(8668, 8669, 8670) 6674.0
(9904, 9905, 9906) 7309.0
(8979, 8980, 8981) 8565.0
(6853, 6854, 6855) 9978.0
(8700, 8701, 8702) 7625.0
(9224, 9225, 9226) 6796.0
(5858, 5859, 5860) 6304.0
(1738, 1739, 1740) 6804.0
(3154, 3155, 3156) 7127.0
(8701, 8702, 8703) 8561.0
(1101, 1102, 1103) 8248.0
(2145, 2146, 2147) 7310.0
(4408, 4409, 4410) 8108.0
(7668, 7669, 7670) 8445.0
(6479, 6480, 6481) 7333.0
(1299, 1300, 1301) 6934.0
(4514, 4515, 4516) 7209.0
(5309, 5310, 5311) 7568.0
(2674, 2675, 2676) 7324.0
(3667, 3668, 3669) 6696.0
(5096, 5097, 5098) 7013.0
(7855, 7856, 7857) 8063.0
(5892, 5893, 5894) 7237.0
(3204, 3205, 3206) 7226.0
(8187, 8188, 8189) 6770.0
(1019, 1020, 1021) 7716.0
(5291, 5292, 5293) 6950.0
(5172, 5173, 5174) 8669.0
(6972, 6973, 6974) 8748.0
(8939, 8940, 8941) 7632.0
(5045, 5046, 5047) 9121.0
(1791, 1792, 1793) 7236.0
(1341, 1342, 1343) 8161.0
(4575, 4576, 4577) 6751.0
(5832, 5833, 5834) 8840.0
(8288, 8289, 8290) 9491.0
(3027, 3028, 3029) 8422.0
(2197, 2198, 2199) 7253.0
(4621, 4622, 4623) 8054.0
(4476, 4477, 4478) 6464.0
(9652, 9653, 9654) 6740.0
(774, 775, 776) 7819.0
(2079, 2080, 2081) 8291.0
(3292, 3293, 3294) 6222.0
(1363, 1364, 1365) 6724.0
(888, 889, 890) 8459.0
(2383, 2384, 2385) 8705.0
(437, 438, 439) 7886.0
(5511, 5512, 5513) 7652.0
(4026, 4027, 4028) 9559.0
(9710, 9711, 9712) 7106.0
(2724, 2725, 2726) 6947.0
(9146, 9147, 9148) 7663.0
(6244, 6245, 6246) 7910.0
(9546, 9547, 9548) 8489.0
(8622, 8623, 8624) 7092.0
(2858, 2859, 2860) 7443.0
(5093, 5094, 5095) 6153.0
(1992, 1993, 1994) 7615.0
(3646, 3647, 3648) 5822.0
(352, 353, 354) 8059.0
(3259, 3260, 3261) 7199.0
(3149, 3150, 3151) 6683.0
(911, 912, 913) 8181.0
(6116, 6117, 6118) 6473.0
(3753, 3754, 3755) 8415.0
(1457, 1458, 1459) 7585.0
(8263, 8264, 8265) 8766.0
(4032, 4033, 4034) 7667.0
(5876, 5877, 5878) 7151.0
(388, 389, 390) 7521.0
(4314, 4315, 4316) 6960.0
(3378, 3379, 3380) 7302.0
(6089, 6090, 6091) 8556.0
(1342, 1343, 1344) 7033.0
(9480, 9481, 9482) 9037.0
(7411, 7412, 7413) 7685.0
(5609, 5610, 5611) 8108.0
(1208, 1209, 1210) 8211.0
(2408, 2409, 2410) 7452.0
(8028, 8029, 8030) 7519.0
(3541, 3542, 3543) 7114.0
(9648, 9649, 9650) 8599.0
(5796, 5797, 5798) 8882.0
(3863, 3864, 3865) 7185.0
(5110, 5111, 5112) 7342.0
(7871, 7872, 7873) 7503.0
(4523, 4524, 4525) 7981.0
(3372, 3373, 3374) 7759.0
(2599, 2600, 2601) 8065.0
(2809, 2810, 2811) 6731.0
(9982, 9983, 9984) 6815.0
(7007, 7008, 7009) 7569.0
(985, 986, 987) 7864.0
(6110, 6111, 6112) 8561.0
(1029, 1030, 1031) 8036.0
(7792, 7793, 7794) 7323.0
(7804, 7805, 7806) 8253.0
(4820, 4821, 4822) 7913.0
(3176, 3177, 3178) 8138.0
(1974, 1975, 1976) 7763.0
(2570, 2571, 2572) 8240.0
(5226, 5227, 5228) 7261.0
(9664, 9665, 9666) 7963.0
(4124, 4125, 4126) 7032.0
(8491, 8492, 8493) 6771.0
(537, 538, 539) 9688.0
(3165, 3166, 3167) 7168.0
(6274, 6275, 6276) 7061.0
(9882, 9883, 9884) 7062.0
(8789, 8790, 8791) 6987.0
(9398, 9399, 9400) 8400.0
(4741, 4742, 4743) 8533.0
(3088, 3089, 3090) 7493.0
(6870, 6871, 6872) 7017.0
(1362, 1363, 1364) 7613.0
(1970, 1971, 1972) 6674.0
(708, 709, 710) 6382.0
(9703, 9704, 9705) 8062.0
(930, 931, 932) 9031.0
(8097, 8098, 8099) 6651.0
(5926, 5927, 5928) 6991.0
(1401, 1402, 1403) 8507.0
(3644, 3645, 3646) 7344.0
(7448, 7449, 7450) 8455.0
(7120, 7121, 7122) 7630.0
(67, 68, 69) 10196.0
(1598, 1599, 1600) 7780.0
(97, 98, 99) 7242.0
(92, 93, 94) 7226.0
(6278, 6279, 6280) 8709.0
(1850, 1851, 1852) 8244.0
(4013, 4014, 4015) 7040.0
(2389, 2390, 2391) 7702.0
(6437, 6438, 6439) 8904.0
(771, 772, 773) 7079.0
(3717, 3718, 3719) 8514.0
(6698, 6699, 6700) 7550.0
(2378, 2379, 2380) 7079.0
(5889, 5890, 5891) 7743.0
(235, 236, 237) 8766.0
(496, 497, 498) 7146.0
(4570, 4571, 4572) 6448.0
(9767, 9768, 9769) 7506.0
(2174, 2175, 2176) 7702.0
(5102, 5103, 5104) 7038.0
(4560, 4561, 4562) 8152.0
(4448, 4449, 4450) 7902.0
(1237, 1238, 1239) 6574.0
(4977, 4978, 4979) 6785.0
(2875, 2876, 2877) 7149.0
(785, 786, 787) 8045.0
(638, 639, 640) 7263.0
(3660, 3661, 3662) 8036.0
(1810, 1811, 1812) 8141.0
(2326, 2327, 2328) 7184.0
(3665, 3666, 3667) 7810.0
(9233, 9234, 9235) 7562.0
(1468, 1469, 1470) 7381.0
(4189, 4190, 4191) 8892.0
(124, 125, 126) 7718.0
(1337, 1338, 1339) 8700.0
(4236, 4237, 4238) 8115.0
(9367, 9368, 9369) 8655.0
(6959, 6960, 6961) 8500.0
(2804, 2805, 2806) 8373.0
(4654, 4655, 4656) 7080.0
(7428, 7429, 7430) 9410.0
(4603, 4604, 4605) 7901.0
(9022, 9023, 9024) 7050.0
(6176, 6177, 6178) 8384.0
(5022, 5023, 5024) 7238.0
(8615, 8616, 8617) 6963.0
(8935, 8936, 8937) 7786.0
(8765, 8766, 8767) 8554.0
(7800, 7801, 7802) 7899.0
(645, 646, 647) 7564.0
(6215, 6216, 6217) 7574.0
(867, 868, 869) 7922.0
(4084, 4085, 4086) 8853.0
(2308, 2309, 2310) 9060.0
(6332, 6333, 6334) 7544.0
(6519, 6520, 6521) 6640.0
(7403, 7404, 7405) 7317.0
(3741, 3742, 3743) 8948.0
(5908, 5909, 5910) 6927.0
(2167, 2168, 2169) 8384.0
(1550, 1551, 1552) 8033.0
(8454, 8455, 8456) 7236.0
(7962, 7963, 7964) 7017.0
(3644, 3645, 3646) 7344.0
(4215, 4216, 4217) 7120.0
(3401, 3402, 3403) 8388.0
(3984, 3985, 3986) 9314.0
(6089, 6090, 6091) 8556.0
(6262, 6263, 6264) 7496.0
(2170, 2171, 2172) 7471.0
(9458, 9459, 9460) 6962.0
(7484, 7485, 7486) 6652.0
(3053, 3054, 3055) 7039.0
(3011, 3012, 3013) 8250.0
(7459, 7460, 7461) 6732.0
(275, 276, 277) 8056.0
(9791, 9792, 9793) 7454.0
(3603, 3604, 3605) 6662.0
(5555, 5556, 5557) 8246.0
(7509, 7510, 7511) 10255.0
(8247, 8248, 8249) 7875.0
(5364, 5365, 5366) 7464.0
(9658, 9659, 9660) 7875.0
(1190, 1191, 1192) 6523.0
(3886, 3887, 3888) 6739.0
(4679, 4680, 4681) 8862.0
(4543, 4544, 4545) 8230.0
(9575, 9576, 9577) 7742.0
(3090, 3091, 3092) 9429.0
(2867, 2868, 2869) 7635.0
(6462, 6463, 6464) 8967.0
(1149, 1150, 1151) 7966.0
(1939, 1940, 1941) 9628.0
(3473, 3474, 3475) 7789.0
(6497, 6498, 6499) 7411.0
(3823, 3824, 3825) 8445.0
(6611, 6612, 6613) 8431.0
(1943, 1944, 1945) 6708.0
(9969, 9970, 9971) 7657.0
(1440, 1441, 1442) 8263.0
(6584, 6585, 6586) 7493.0
(2478, 2479, 2480) 8289.0
(4126, 4127, 4128) 7686.0
(8882, 8883, 8884) 7327.0
(280, 281, 282) 9655.0
(4752, 4753, 4754) 6290.0
(3870, 3871, 3872) 7076.0
(442, 443, 444) 7846.0
(8523, 8524, 8525) 6957.0
(9722, 9723, 9724) 8833.0
(8412, 8413, 8414) 8129.0
(9665, 9666, 9667) 8001.0
(1530, 1531, 1532) 8071.0
(2833, 2834, 2835) 7958.0
(8421, 8422, 8423) 7750.0
(1098, 1099, 1100) 7531.0
(918, 919, 920) 8341.0
(4085, 4086, 4087) 8419.0
(8323, 8324, 8325) 8118.0
(2257, 2258, 2259) 7607.0
(1849, 1850, 1851) 7169.0
(8971, 8972, 8973) 8138.0
(1566, 1567, 1568) 7166.0
(6873, 6874, 6875) 9039.0
(7117, 7118, 7119) 7944.0
(7125, 7126, 7127) 7185.0
(5003, 5004, 5005) 8078.0
(6814, 6815, 6816) 8053.0
(4730, 4731, 4732) 7496.0
(4181, 4182, 4183) 7167.0
(167, 168, 169) 8393.0
(1902, 1903, 1904) 7320.0
(2364, 2365, 2366) 7455.0
(8712, 8713, 8714) 7961.0
(4017, 4018, 4019) 7397.0
(5866, 5867, 5868) 7038.0
(5247, 5248, 5249) 7463.0
(1907, 1908, 1909) 8206.0
(407, 408, 409) 8046.0
(2653, 2654, 2655) 6841.0
(6974, 6975, 6976) 7648.0
(9968, 9969, 9970) 7598.0
(8576, 8577, 8578) 8712.0
(9238, 9239, 9240) 8191.0
(4398, 4399, 4400) 6943.0
(7102, 7103, 7104) 8361.0
(3943, 3944, 3945) 8857.0
(9058, 9059, 9060) 7076.0
(8303, 8304, 8305) 8181.0
(8888, 8889, 8890) 7403.0
(6699, 6700, 6701) 8171.0
(731, 732, 733) 8293.0
(9181, 9182, 9183) 9105.0
(7258, 7259, 7260) 8039.0
(9158, 9159, 9160) 7154.0
(2777, 2778, 2779) 7003.0
(8230, 8231, 8232) 7697.0
(9371, 9372, 9373) 6790.0
(7291, 7292, 7293) 8863.0
(7206, 7207, 7208) 7073.0
(61, 62, 63) 6870.0
(721, 722, 723) 7116.0
(5686, 5687, 5688) 8475.0
(7096, 7097, 7098) 7169.0
(2620, 2621, 2622) 8036.0
(7154, 7155, 7156) 8349.0
(4683, 4684, 4685) 7888.0
(7541, 7542, 7543) 8786.0
(3899, 3900, 3901) 7860.0
(7163, 7164, 7165) 7693.0
(2901, 2902, 2903) 8054.0
(4164, 4165, 4166) 7862.0
(7311, 7312, 7313) 7825.0
(9153, 9154, 9155) 7549.0
(246, 247, 248) 8916.0
(9168, 9169, 9170) 7618.0
(7879, 7880, 7881) 7320.0
(4157, 4158, 4159) 7737.0
(953, 954, 955) 7530.0
(2441, 2442, 2443) 6783.0
(2331, 2332, 2333) 7158.0
(3803, 3804, 3805) 8876.0
(5255, 5256, 5257) 8862.0
(1369, 1370, 1371) 7175.0
(8524, 8525, 8526) 8931.0
(6031, 6032, 6033) 7961.0
(380, 381, 382) 9897.0
(7839, 7840, 7841) 7321.0
(4500, 4501, 4502) 6845.0
(2831, 2832, 2833) 7363.0
(282, 283, 284) 7488.0
(2644, 2645, 2646) 7836.0
(7567, 7568, 7569) 7069.0
(4273, 4274, 4275) 8193.0
(2690, 2691, 2692) 7649.0
(5250, 5251, 5252) 8841.0
(9495, 9496, 9497) 6922.0
(5194, 5195, 5196) 6854.0
(1803, 1804, 1805) 8391.0
(3023, 3024, 3025) 9711.0
(1750, 1751, 1752) 7981.0
(1310, 1311, 1312) 7424.0
(6602, 6603, 6604) 9635.0
(239, 240, 241) 8212.0
(4967, 4968, 4969) 7474.0
(6141, 6142, 6143) 7827.0
(558, 559, 560) 10279.0
(3511, 3512, 3513) 7501.0
(6155, 6156, 6157) 9257.0
(9424, 9425, 9426) 6948.0
(2885, 2886, 2887) 8239.0
(9049, 9050, 9051) 7089.0
(6799, 6800, 6801) 7134.0
(8897, 8898, 8899) 6697.0
(896, 897, 898) 7535.0
(3926, 3927, 3928) 6941.0
(4796, 4797, 4798) 8823.0
(271, 272, 273) 8165.0
(4721, 4722, 4723) 7334.0
(3021, 3022, 3023) 7271.0
(8226, 8227, 8228) 7033.0
(2760, 2761, 2762) 7535.0
(7621, 7622, 7623) 7665.0
(3922, 3923, 3924) 7162.0
(1407, 1408, 1409) 7367.0
(2999, 3000, 3001) 8211.0
(1563, 1564, 1565) 9279.0
(5148, 5149, 5150) 10422.0
(7827, 7828, 7829) 8340.0
(2287, 2288, 2289) 7669.0
(8573, 8574, 8575) 7604.0
(963, 964, 965) 7110.0
(4769, 4770, 4771) 8780.0
(8029, 8030, 8031) 7932.0
(1070, 1071, 1072) 6313.0
(5056, 5057, 5058) 7704.0
(865, 866, 867) 7631.0
(3287, 3288, 3289) 7389.0
(667, 668, 669) 8852.0
(8265, 8266, 8267) 7541.0
(7744, 7745, 7746) 10134.0
(518, 519, 520) 7321.0
(7940, 7941, 7942) 7164.0
(8095, 8096, 8097) 6993.0
(2131, 2132, 2133) 8737.0
(625, 626, 627) 6775.0
(9983, 9984, 9985) 7516.0
(7784, 7785, 7786) 6276.0
(5498, 5499, 5500) 7921.0
(2200, 2201, 2202) 7064.0
(3584, 3585, 3586) 8221.0
(3818, 3819, 3820) 7815.0
(7598, 7599, 7600) 7965.0
(829, 830, 831) 7122.0
(6184, 6185, 6186) 7813.0
(3959, 3960, 3961) 6664.0
(8277, 8278, 8279) 11027.0
(8052, 8053, 8054) 6782.0
(2549, 2550, 2551) 8245.0
(3216, 3217, 3218) 7986.0
(2391, 2392, 2393) 6885.0
(4539, 4540, 4541) 8242.0
(5161, 5162, 5163) 7621.0
(5279, 5280, 5281) 6792.0
(851, 852, 853) 7237.0
(5592, 5593, 5594) 6847.0
(1952, 1953, 1954) 6840.0
(6276, 6277, 6278) 7965.0
(160, 161, 162) 6619.0
(3492, 3493, 3494) 7064.0
(6371, 6372, 6373) 7693.0
(8723, 8724, 8725) 7483.0
(2994, 2995, 2996) 7257.0
(4258, 4259, 4260) 7171.0
(7904, 7905, 7906) 9241.0
(2333, 2334, 2335) 7462.0
(1797, 1798, 1799) 7142.0
(9989, 9990, 9991) 6580.0
(9293, 9294, 9295) 7599.0
(4680, 4681, 4682) 8222.0
(563, 564, 565) 7718.0
(192, 193, 194) 9897.0
(2033, 2034, 2035) 7420.0
(7540, 7541, 7542) 6464.0
(5519, 5520, 5521) 7717.0
(1340, 1341, 1342) 6401.0
(3225, 3226, 3227) 7200.0
(3744, 3745, 3746) 7515.0
(6938, 6939, 6940) 8522.0
(486, 487, 488) 7867.0
(4038, 4039, 4040) 7886.0
(8025, 8026, 8027) 8941.0
(8532, 8533, 8534) 6989.0
(4598, 4599, 4600) 6595.0
(3485, 3486, 3487) 7245.0
(2739, 2740, 2741) 8593.0
(4141, 4142, 4143) 7533.0
(9131, 9132, 9133) 7863.0
(2226, 2227, 2228) 7964.0
(1474, 1475, 1476) 8133.0
(5315, 5316, 5317) 7518.0
(9643, 9644, 9645) 8299.0
(2264, 2265, 2266) 7697.0
(5901, 5902, 5903) 7302.0
(5962, 5963, 5964) 7038.0
(8590, 8591, 8592) 6510.0
(1979, 1980, 1981) 6809.0
(2411, 2412, 2413) 7012.0
(3239, 3240, 3241) 6871.0
(8315, 8316, 8317) 10707.0
(8795, 8796, 8797) 8360.0
(3447, 3448, 3449) 7427.0
(9746, 9747, 9748) 8391.0
(6320, 6321, 6322) 8364.0
(6617, 6618, 6619) 7697.0
(3812, 3813, 3814) 7836.0
(5792, 5793, 5794) 8843.0
(421, 422, 423) 8394.0
(2669, 2670, 2671) 7435.0
(2954, 2955, 2956) 8083.0
(2588, 2589, 2590) 7579.0
(675, 676, 677) 7880.0
(5453, 5454, 5455) 8533.0
(6964, 6965, 6966) 7206.0
(1114, 1115, 1116) 8122.0
(3562, 3563, 3564) 8909.0
(746, 747, 748) 9137.0
(7050, 7051, 7052) 7953.0
(6991, 6992, 6993) 7514.0
(3125, 3126, 3127) 6631.0
(1184, 1185, 1186) 8215.0
(8825, 8826, 8827) 10270.0
(2112, 2113, 2114) 7967.0
(5337, 5338, 5339) 7735.0
(2018, 2019, 2020) 7011.0
(3091, 3092, 3093) 6854.0
(1671, 1672, 1673) 6783.0
(9547, 9548, 9549) 8041.0
(6209, 6210, 6211) 9470.0
(4042, 4043, 4044) 7029.0
(7646, 7647, 7648) 8331.0
(796, 797, 798) 8197.0
(4819, 4820, 4821) 7708.0
(3716, 3717, 3718) 6015.0
(5334, 5335, 5336) 8191.0
(6063, 6064, 6065) 7666.0
(1206, 1207, 1208) 8358.0
(2939, 2940, 2941) 6948.0
(5576, 5577, 5578) 7425.0
(7841, 7842, 7843) 7910.0
(4495, 4496, 4497) 6903.0
(60, 61, 62) 7747.0
(1202, 1203, 1204) 7908.0
(7310, 7311, 7312) 7237.0
(7749, 7750, 7751) 7817.0
(9862, 9863, 9864) 6960.0
(5489, 5490, 5491) 7873.0
(7488, 7489, 7490) 7898.0
(9009, 9010, 9011) 8261.0
(8133, 8134, 8135) 8526.0
(1833, 1834, 1835) 8242.0
(4022, 4023, 4024) 7755.0
(1383, 1384, 1385) 7981.0
(9922, 9923, 9924) 7289.0
(4456, 4457, 4458) 7907.0
(103, 104, 105) 8037.0
(3364, 3365, 3366) 9605.0
(8396, 8397, 8398) 7396.0
(5175, 5176, 5177) 8910.0
(3722, 3723, 3724) 8402.0
(3910, 3911, 3912) 7240.0
(9230, 9231, 9232) 7381.0
(4167, 4168, 4169) 6622.0
(285, 286, 287) 7939.0
(5536, 5537, 5538) 8290.0
(9017, 9018, 9019) 7014.0
(6752, 6753, 6754) 7673.0
(7017, 7018, 7019) 7915.0
(6875, 6876, 6877) 8610.0
(1560, 1561, 1562) 7052.0
(1429, 1430, 1431) 7224.0
(357, 358, 359) 8166.0
(8829, 8830, 8831) 8193.0
(5148, 5149, 5150) 10422.0
(970, 971, 972) 7169.0
(3703, 3704, 3705) 7000.0
(199, 200, 201) 6644.0
(7715, 7716, 7717) 7328.0
(7993, 7994, 7995) 8573.0
(4881, 4882, 4883) 7769.0
(5684, 5685, 5686) 6228.0
(3400, 3401, 3402) 7177.0
(7504, 7505, 7506) 6619.0
(4901, 4902, 4903) 7280.0
(9822, 9823, 9824) 7716.0
(1365, 1366, 1367) 8553.0
(9109, 9110, 9111) 7117.0
(7693, 7694, 7695) 9749.0
(9585, 9586, 9587) 7860.0
(7291, 7292, 7293) 8863.0
(6288, 6289, 6290) 8601.0
(897, 898, 899) 6768.0
(7048, 7049, 7050) 8172.0
(27, 28, 29) 7035.0
(8487, 8488, 8489) 8164.0
(1526, 1527, 1528) 7147.0
(7734, 7735, 7736) 7053.0
(9568, 9569, 9570) 6968.0
(8707, 8708, 8709) 9623.0
(7322, 7323, 7324) 8270.0
(6474, 6475, 6476) 7486.0
(1914, 1915, 1916) 7830.0
(8475, 8476, 8477) 7686.0
(2580, 2581, 2582) 7596.0
(7761, 7762, 7763) 7038.0
(437, 438, 439) 7886.0
(2835, 2836, 2837) 7714.0
(1374, 1375, 1376) 8624.0
(5022, 5023, 5024) 7238.0
(1411, 1412, 1413) 8337.0
(7236, 7237, 7238) 7396.0
(1994, 1995, 1996) 7565.0
(4656, 4657, 4658) 7347.0
(1474, 1475, 1476) 8133.0
(1651, 1652, 1653) 7680.0
(1073, 1074, 1075) 7524.0
(6787, 6788, 6789) 7703.0
(2480, 2481, 2482) 7930.0
(9870, 9871, 9872) 9476.0
(3559, 3560, 3561) 6736.0
(4841, 4842, 4843) 6733.0
(6763, 6764, 6765) 8080.0
(5799, 5800, 5801) 9004.0
(9896, 9897, 9898) 6669.0
(9575, 9576, 9577) 7742.0
(5185, 5186, 5187) 7550.0
(9432, 9433, 9434) 6843.0
(3467, 3468, 3469) 6989.0
(592, 593, 594) 7609.0
(6627, 6628, 6629) 7521.0
(3711, 3712, 3713) 7076.0
(3902, 3903, 3904) 8617.0
(1688, 1689, 1690) 6938.0
(4543, 4544, 4545) 8230.0
(5345, 5346, 5347) 6665.0
(1020, 1021, 1022) 7701.0
(612, 613, 614) 6998.0
(6795, 6796, 6797) 6903.0
(2653, 2654, 2655) 6841.0
(9864, 9865, 9866) 6933.0
(9051, 9052, 9053) 7546.0
(1669, 1670, 1671) 6731.0
(1336, 1337, 1338) 7786.0
(1583, 1584, 1585) 7826.0
(3729, 3730, 3731) 6872.0
(9473, 9474, 9475) 7680.0
(3631, 3632, 3633) 8804.0
(7742, 7743, 7744) 6771.0
(6845, 6846, 6847) 7845.0
(1056, 1057, 1058) 8520.0
(7668, 7669, 7670) 8445.0
(5065, 5066, 5067) 8064.0
(3133, 3134, 3135) 7552.0
(1842, 1843, 1844) 6893.0
(5017, 5018, 5019) 7322.0
(1272, 1273, 1274) 7109.0
(3869, 3870, 3871) 7915.0
(9365, 9366, 9367) 8753.0
(366, 367, 368) 7354.0
(7921, 7922, 7923) 11248.0
(1695, 1696, 1697) 7214.0
(7418, 7419, 7420) 7728.0
(5735, 5736, 5737) 7713.0
(2978, 2979, 2980) 6808.0
(1164, 1165, 1166) 8643.0
(2509, 2510, 2511) 7128.0
(7970, 7971, 7972) 7982.0
(3015, 3016, 3017) 7547.0
(1781, 1782, 1783) 7361.0
(8210, 8211, 8212) 8650.0
(8224, 8225, 8226) 7848.0
(2995, 2996, 2997) 7413.0
(660, 661, 662) 8301.0
(5173, 5174, 5175) 7183.0
(4057, 4058, 4059) 9029.0
(3308, 3309, 3310) 8187.0
(6818, 6819, 6820) 7716.0
(5727, 5728, 5729) 6402.0
(6028, 6029, 6030) 7376.0
(1175, 1176, 1177) 9257.0
(6290, 6291, 6292) 8083.0
(4358, 4359, 4360) 7134.0
(7194, 7195, 7196) 6890.0
(203, 204, 205) 7370.0
(6041, 6042, 6043) 7432.0
(5928, 5929, 5930) 8320.0
(2294, 2295, 2296) 7069.0
(9322, 9323, 9324) 8034.0
(5053, 5054, 5055) 7695.0
(1749, 1750, 1751) 6660.0
(2996, 2997, 2998) 6281.0
(4394, 4395, 4396) 7981.0
(3419, 3420, 3421) 8433.0
(7996, 7997, 7998) 9448.0
(8797, 8798, 8799) 8651.0
(568, 569, 570) 7894.0
(7460, 7461, 7462) 6475.0
(244, 245, 246) 6874.0
(936, 937, 938) 6652.0
(2785, 2786, 2787) 7475.0
(3099, 3100, 3101) 8836.0
(96, 97, 98) 7045.0
(9744, 9745, 9746) 7120.0
(1255, 1256, 1257) 6795.0
(9711, 9712, 9713) 7176.0
(937, 938, 939) 7244.0
(4781, 4782, 4783) 8053.0
(7239, 7240, 7241) 8420.0
(4398, 4399, 4400) 6943.0
(66, 67, 68) 7011.0
(1244, 1245, 1246) 6668.0
(3487, 3488, 3489) 7855.0
(2317, 2318, 2319) 8143.0
(1144, 1145, 1146) 8090.0
(1259, 1260, 1261) 6990.0
(621, 622, 623) 9260.0
(1315, 1316, 1317) 7091.0
(1236, 1237, 1238) 7214.0
(2834, 2835, 2836) 7978.0
(8891, 8892, 8893) 9083.0
(31, 32, 33) 7721.0
(3038, 3039, 3040) 7797.0
(3901, 3902, 3903) 8262.0
(1222, 1223, 1224) 7645.0
(1810, 1811, 1812) 8141.0
(8250, 8251, 8252) 7996.0
(1627, 1628, 1629) 6756.0
(2452, 2453, 2454) 6854.0
(9687, 9688, 9689) 7715.0
(2115, 2116, 2117) 7831.0
(9601, 9602, 9603) 7992.0
(2217, 2218, 2219) 6347.0
(2162, 2163, 2164) 8097.0
(5174, 5175, 5176) 6646.0
(257, 258, 259) 7477.0
(9320, 9321, 9322) 8741.0
(9419, 9420, 9421) 8613.0
(8825, 8826, 8827) 10270.0
(9530, 9531, 9532) 9399.0
(3633, 3634, 3635) 6691.0
(3231, 3232, 3233) 7829.0
(232, 233, 234) 7740.0
(2663, 2664, 2665) 7256.0
(6414, 6415, 6416) 7641.0
(5512, 5513, 5514) 7050.0
(6125, 6126, 6127) 8075.0
(8767, 8768, 8769) 6985.0
(5353, 5354, 5355) 8198.0
(7656, 7657, 7658) 6672.0
(2595, 2596, 2597) 6703.0
(1826, 1827, 1828) 8030.0
(7676, 7677, 7678) 8893.0
(9157, 9158, 9159) 7539.0
(4228, 4229, 4230) 7928.0
(9644, 9645, 9646) 7047.0
(4414, 4415, 4416) 7708.0
(1020, 1021, 1022) 7701.0
(7432, 7433, 7434) 7177.0
(3269, 3270, 3271) 7096.0
(3670, 3671, 3672) 7314.0
(9521, 9522, 9523) 6615.0
(7138, 7139, 7140) 7977.0
(8157, 8158, 8159) 7136.0
(2869, 2870, 2871) 7346.0
(8506, 8507, 8508) 6421.0
(3467, 3468, 3469) 6989.0
(4956, 4957, 4958) 8596.0
(4210, 4211, 4212) 8698.0
