(8197, 8198, 8199) 6751.0
(8034, 8035, 8036) 6616.0
(2014, 2015, 2016) 7711.0
(7839, 7840, 7841) 7343.0
(1961, 1962, 1963) 8893.0
(864, 865, 866) 6564.0
(1996, 1997, 1998) 7926.0
(9411, 9412, 9413) 8308.0
(9272, 9273, 9274) 7734.0
(616, 617, 618) 6641.0
(5708, 5709, 5710) 8393.0
(4116, 4117, 4118) 9272.0
(7664, 7665, 7666) 7684.0
(5521, 5522, 5523) 7371.0
(2486, 2487, 2488) 7895.0
(317, 318, 319) 7962.0
(9992, 9993, 9994) 6367.0
(2743, 2744, 2745) 7228.0
(5333, 5334, 5335) 7702.0
(407, 408, 409) 8259.0
(4587, 4588, 4589) 8239.0
(4449, 4450, 4451) 7667.0
(9792, 9793, 9794) 8090.0
(5078, 5079, 5080) 8491.0
(3561, 3562, 3563) 7946.0
(4393, 4394, 4395) 6980.0
(7584, 7585, 7586) 7936.0
(7539, 7540, 7541) 7071.0
(1284, 1285, 1286) 7362.0
(4214, 4215, 4216) 8020.0
(1291, 1292, 1293) 10846.0
(4565, 4566, 4567) 7519.0
(2098, 2099, 2100) 8532.0
(5647, 5648, 5649) 9012.0
(1543, 1544, 1545) 7518.0
(1673, 1674, 1675) 8056.0
(6902, 6903, 6904) 7968.0
(732, 733, 734) 8465.0
(3354, 3355, 3356) 9159.0
(7689, 7690, 7691) 8378.0
(8068, 8069, 8070) 7038.0
(2688, 2689, 2690) 7031.0
(7731, 7732, 7733) 7693.0
(2718, 2719, 2720) 8200.0
(1238, 1239, 1240) 7433.0
(1924, 1925, 1926) 6287.0
(6747, 6748, 6749) 8066.0
(2020, 2021, 2022) 7662.0
(2649, 2650, 2651) 8883.0
(6490, 6491, 6492) 7343.0
(4317, 4318, 4319) 7934.0
(7631, 7632, 7633) 9210.0
(2355, 2356, 2357) 8404.0
(9138, 9139, 9140) 7604.0
(707, 708, 709) 8914.0
(5539, 5540, 5541) 6921.0
(5047, 5048, 5049) 7660.0
(6455, 6456, 6457) 7500.0
(3115, 3116, 3117) 8120.0
(4003, 4004, 4005) 8473.0
(7982, 7983, 7984) 7629.0
(850, 851, 852) 7266.0
(2610, 2611, 2612) 6908.0
(960, 961, 962) 8271.0
(7188, 7189, 7190) 9578.0
(7911, 7912, 7913) 7423.0
(9360, 9361, 9362) 7828.0
(290, 291, 292) 9189.0
(196, 197, 198) 7154.0
(3549, 3550, 3551) 6713.0
(9275, 9276, 9277) 7144.0
(1437, 1438, 1439) 8482.0
(6627, 6628, 6629) 7595.0
(9978, 9979, 9980) 8258.0
(3622, 3623, 3624) 8258.0
(7659, 7660, 7661) 6976.0
(6216, 6217, 6218) 7728.0
(8761, 8762, 8763) 7927.0
(3032, 3033, 3034) 7778.0
(708, 709, 710) 6862.0
(7808, 7809, 7810) 7125.0
(7703, 7704, 7705) 7222.0
(9824, 9825, 9826) 8288.0
(8723, 8724, 8725) 7652.0
(446, 447, 448) 7583.0
(6689, 6690, 6691) 7113.0
(2522, 2523, 2524) 8421.0
(2153, 2154, 2155) 8194.0
(7344, 7345, 7346) 7783.0
(7907, 7908, 7909) 8548.0
(9680, 9681, 9682) 7788.0
(1212, 1213, 1214) 8038.0
(3872, 3873, 3874) 10657.0
(5949, 5950, 5951) 7461.0
(4864, 4865, 4866) 6958.0
(256, 257, 258) 7508.0
(5202, 5203, 5204) 6879.0
(9347, 9348, 9349) 8373.0
(1765, 1766, 1767) 7768.0
(7175, 7176, 7177) 7261.0
(4332, 4333, 4334) 6822.0
(6906, 6907, 6908) 7371.0
(8022, 8023, 8024) 6780.0
(9983, 9984, 9985) 7825.0
(2423, 2424, 2425) 6794.0
(4288, 4289, 4290) 6647.0
(6958, 6959, 6960) 7541.0
(2009, 2010, 2011) 9574.0
(9053, 9054, 9055) 7299.0
(3308, 3309, 3310) 8395.0
(222, 223, 224) 7844.0
(9581, 9582, 9583) 7568.0
(2537, 2538, 2539) 7593.0
(7677, 7678, 7679) 8601.0
(5013, 5014, 5015) 7909.0
(1897, 1898, 1899) 7478.0
(7738, 7739, 7740) 8548.0
(4272, 4273, 4274) 7899.0
(7627, 7628, 7629) 8721.0
(195, 196, 197) 8980.0
(860, 861, 862) 7764.0
(7871, 7872, 7873) 7500.0
(215, 216, 217) 8620.0
(8082, 8083, 8084) 7232.0
(62, 63, 64) 6906.0
(1970, 1971, 1972) 6683.0
(7906, 7907, 7908) 7500.0
(1571, 1572, 1573) 6965.0
(8356, 8357, 8358) 7664.0
(6160, 6161, 6162) 7845.0
(6293, 6294, 6295) 9141.0
(3514, 3515, 3516) 7776.0
(75, 76, 77) 8168.0
(925, 926, 927) 7909.0
(1417, 1418, 1419) 6424.0
(5296, 5297, 5298) 7572.0
(9688, 9689, 9690) 8345.0
(1834, 1835, 1836) 6948.0
(828, 829, 830) 8386.0
(7571, 7572, 7573) 7214.0
(6027, 6028, 6029) 6968.0
(9417, 9418, 9419) 6735.0
(8973, 8974, 8975) 6834.0
(2304, 2305, 2306) 7572.0
(2769, 2770, 2771) 8375.0
(7255, 7256, 7257) 7939.0
(386, 387, 388) 9356.0
(4182, 4183, 4184) 6913.0
(3622, 3623, 3624) 8258.0
(5273, 5274, 5275) 9694.0
(4247, 4248, 4249) 9726.0
(5857, 5858, 5859) 8550.0
(5326, 5327, 5328) 7118.0
(435, 436, 437) 7202.0
(7189, 7190, 7191) 8786.0
(6465, 6466, 6467) 8439.0
(9987, 9988, 9989) 7435.0
(5131, 5132, 5133) 7524.0
(9033, 9034, 9035) 8628.0
(3910, 3911, 3912) 7520.0
(7695, 7696, 7697) 8537.0
(2082, 2083, 2084) 7216.0
(7655, 7656, 7657) 6809.0
(815, 816, 817) 7940.0
(6792, 6793, 6794) 8674.0
(1620, 1621, 1622) 8035.0
(5349, 5350, 5351) 7910.0
(1795, 1796, 1797) 8425.0
(7449, 7450, 7451) 7302.0
(7843, 7844, 7845) 7867.0
(1272, 1273, 1274) 7374.0
(3230, 3231, 3232) 7297.0
(9834, 9835, 9836) 7879.0
(2588, 2589, 2590) 7950.0
(2785, 2786, 2787) 7644.0
(3358, 3359, 3360) 6919.0
(7236, 7237, 7238) 7691.0
(3149, 3150, 3151) 6876.0
(104, 105, 106) 7564.0
(1659, 1660, 1661) 7208.0
(5754, 5755, 5756) 7474.0
(2477, 2478, 2479) 7910.0
(2835, 2836, 2837) 7930.0
(9275, 9276, 9277) 7144.0
(1839, 1840, 1841) 7732.0
(7366, 7367, 7368) 8837.0
(1621, 1622, 1623) 7411.0
(5191, 5192, 5193) 8279.0
(8112, 8113, 8114) 9272.0
(5853, 5854, 5855) 9516.0
(9924, 9925, 9926) 9058.0
(6006, 6007, 6008) 8298.0
(3246, 3247, 3248) 8140.0
(1091, 1092, 1093) 8253.0
(1998, 1999, 2000) 7162.0
(8876, 8877, 8878) 8441.0
(3457, 3458, 3459) 7527.0
(3477, 3478, 3479) 6951.0
(9649, 9650, 9651) 6953.0
(2765, 2766, 2767) 7071.0
(147, 148, 149) 8552.0
