(9359, 9360, 9361) 9030.0
(5212, 5213, 5214) 6597.0
(4813, 4814, 4815) 7706.0
(9615, 9616, 9617) 6837.0
(8782, 8783, 8784) 9001.0
(2798, 2799, 2800) 10770.0
(9044, 9045, 9046) 7579.0
(6258, 6259, 6260) 7616.0
(294, 295, 296) 8474.0
(9330, 9331, 9332) 7544.0
(2706, 2707, 2708) 7360.0
(5621, 5622, 5623) 7818.0
(6671, 6672, 6673) 7488.0
(8528, 8529, 8530) 6970.0
(8973, 8974, 8975) 6993.0
(6339, 6340, 6341) 7324.0
(8830, 8831, 8832) 9618.0
(708, 709, 710) 6972.0
(5076, 5077, 5078) 8262.0
(4541, 4542, 4543) 8208.0
(4912, 4913, 4914) 6937.0
(1308, 1309, 1310) 7305.0
(5692, 5693, 5694) 7588.0
(222, 223, 224) 7962.0
(1504, 1505, 1506) 6912.0
(9345, 9346, 9347) 6782.0
(4799, 4800, 4801) 8478.0
(1757, 1758, 1759) 6472.0
(3854, 3855, 3856) 7447.0
(6220, 6221, 6222) 7745.0
(6595, 6596, 6597) 8911.0
(4843, 4844, 4845) 8167.0
(2978, 2979, 2980) 7149.0
(8719, 8720, 8721) 6613.0
(9035, 9036, 9037) 8096.0
(4782, 4783, 4784) 7838.0
(1790, 1791, 1792) 8337.0
(4414, 4415, 4416) 7732.0
(3268, 3269, 3270) 7967.0
(4915, 4916, 4917) 8088.0
(8219, 8220, 8221) 7292.0
(2113, 2114, 2115) 7697.0
(3137, 3138, 3139) 7824.0
(1894, 1895, 1896) 6684.0
(618, 619, 620) 7298.0
(4621, 4622, 4623) 8158.0
(6791, 6792, 6793) 8105.0
(7559, 7560, 7561) 8960.0
(4158, 4159, 4160) 8288.0
(3923, 3924, 3925) 7303.0
(7947, 7948, 7949) 7576.0
(9082, 9083, 9084) 7212.0
(2465, 2466, 2467) 8244.0
(9684, 9685, 9686) 8484.0
(4300, 4301, 4302) 7850.0
(9413, 9414, 9415) 7842.0
(7745, 7746, 7747) 7673.0
(4569, 4570, 4571) 8057.0
(3561, 3562, 3563) 7956.0
(517, 518, 519) 6830.0
(4766, 4767, 4768) 6855.0
(7201, 7202, 7203) 7251.0
(8755, 8756, 8757) 7988.0
(260, 261, 262) 7336.0
(9409, 9410, 9411) 7502.0
(5263, 5264, 5265) 7824.0
(5919, 5920, 5921) 8619.0
(1454, 1455, 1456) 8346.0
(4508, 4509, 4510) 7484.0
(5634, 5635, 5636) 8851.0
(2496, 2497, 2498) 8338.0
(2875, 2876, 2877) 7346.0
(3373, 3374, 3375) 6799.0
(2448, 2449, 2450) 7300.0
(2469, 2470, 2471) 8330.0
(4510, 4511, 4512) 8432.0
(7780, 7781, 7782) 7039.0
(783, 784, 785) 7984.0
(5120, 5121, 5122) 7278.0
(7486, 7487, 7488) 8099.0
(1948, 1949, 1950) 8238.0
(6028, 6029, 6030) 8699.0
(3166, 3167, 3168) 7942.0
(8180, 8181, 8182) 7936.0
(7207, 7208, 7209) 7785.0
(880, 881, 882) 9477.0
(463, 464, 465) 7199.0
(8695, 8696, 8697) 9636.0
(6336, 6337, 6338) 8561.0
(8945, 8946, 8947) 10452.0
(4880, 4881, 4882) 9391.0
(2242, 2243, 2244) 8720.0
(3857, 3858, 3859) 8879.0
(3058, 3059, 3060) 7550.0
(4993, 4994, 4995) 7464.0
(407, 408, 409) 8183.0
(8826, 8827, 8828) 9723.0
(6617, 6618, 6619) 7912.0
(3359, 3360, 3361) 7416.0
(3108, 3109, 3110) 7870.0
(9131, 9132, 9133) 7926.0
(1798, 1799, 1800) 8523.0
(543, 544, 545) 7855.0
(7022, 7023, 7024) 6792.0
(3934, 3935, 3936) 7670.0
(3231, 3232, 3233) 8261.0
(2112, 2113, 2114) 8028.0
(1447, 1448, 1449) 6668.0
(4675, 4676, 4677) 7909.0
(8951, 8952, 8953) 8013.0
(8084, 8085, 8086) 7106.0
(962, 963, 964) 7894.0
(1749, 1750, 1751) 7026.0
(9127, 9128, 9129) 7141.0
(35, 36, 37) 9037.0
(9016, 9017, 9018) 9297.0
(4492, 4493, 4494) 8169.0
(7412, 7413, 7414) 7289.0
(9123, 9124, 9125) 8260.0
(1115, 1116, 1117) 7326.0
(15, 16, 17) 6772.0
(1434, 1435, 1436) 7481.0
(9646, 9647, 9648) 9050.0
(7912, 7913, 7914) 9181.0
(6551, 6552, 6553) 9228.0
(966, 967, 968) 6927.0
(9365, 9366, 9367) 8650.0
(6059, 6060, 6061) 7406.0
(9598, 9599, 9600) 9103.0
(7281, 7282, 7283) 7756.0
(2044, 2045, 2046) 8243.0
(9117, 9118, 9119) 6936.0
(5843, 5844, 5845) 6927.0
(2086, 2087, 2088) 8504.0
(3786, 3787, 3788) 8807.0
(7678, 7679, 7680) 9203.0
(554, 555, 556) 7144.0
(8994, 8995, 8996) 10340.0
(2425, 2426, 2427) 7218.0
(3364, 3365, 3366) 9755.0
(5989, 5990, 5991) 7883.0
(722, 723, 724) 7193.0
(1228, 1229, 1230) 7842.0
(5992, 5993, 5994) 8085.0
(232, 233, 234) 7896.0
(5429, 5430, 5431) 7899.0
(7366, 7367, 7368) 8777.0
(8777, 8778, 8779) 8047.0
(2409, 2410, 2411) 7785.0
(1250, 1251, 1252) 7723.0
(6625, 6626, 6627) 9172.0
(9411, 9412, 9413) 8416.0
(128, 129, 130) 7950.0
(8893, 8894, 8895) 8729.0
(2927, 2928, 2929) 7544.0
(7835, 7836, 7837) 6180.0
(8622, 8623, 8624) 7231.0
(2773, 2774, 2775) 7716.0
(7648, 7649, 7650) 7870.0
(4320, 4321, 4322) 8891.0
(4196, 4197, 4198) 7353.0
(3523, 3524, 3525) 8150.0
(3005, 3006, 3007) 7559.0
(6832, 6833, 6834) 9496.0
(51, 52, 53) 9358.0
(4185, 4186, 4187) 9475.0
(4578, 4579, 4580) 8956.0
(4419, 4420, 4421) 8403.0
(5644, 5645, 5646) 10269.0
(3745, 3746, 3747) 11190.0
(9613, 9614, 9615) 8756.0
(101, 102, 103) 8140.0
(9986, 9987, 9988) 6977.0
(947, 948, 949) 7639.0
(5805, 5806, 5807) 6993.0
(2484, 2485, 2486) 7717.0
(9739, 9740, 9741) 8675.0
(5458, 5459, 5460) 9477.0
(1184, 1185, 1186) 8462.0
(4267, 4268, 4269) 10560.0
(308, 309, 310) 7291.0
(7428, 7429, 7430) 10078.0
(8269, 8270, 8271) 6868.0
(6304, 6305, 6306) 9468.0
(335, 336, 337) 7482.0
(4331, 4332, 4333) 7678.0
(2604, 2605, 2606) 7753.0
(8598, 8599, 8600) 7612.0
(1007, 1008, 1009) 7647.0
(5956, 5957, 5958) 7020.0
(9848, 9849, 9850) 7864.0
(3461, 3462, 3463) 6915.0
(6301, 6302, 6303) 8385.0
(1504, 1505, 1506) 6912.0
(320, 321, 322) 7332.0
(3863, 3864, 3865) 7382.0
(1649, 1650, 1651) 7289.0
(3214, 3215, 3216) 7553.0
(6684, 6685, 6686) 7696.0
(9783, 9784, 9785) 7364.0
(8833, 8834, 8835) 7977.0
