(118, 119, 120) 7114.0
(8358, 8359, 8360) 9543.0
(3606, 3607, 3608) 8161.0
(2254, 2255, 2256) 7419.0
(7433, 7434, 7435) 8119.0
(3951, 3952, 3953) 8727.0
(2970, 2971, 2972) 8757.0
(5854, 5855, 5856) 8577.0
(5986, 5987, 5988) 6866.0
(2330, 2331, 2332) 7063.0
(4455, 4456, 4457) 8331.0
(1582, 1583, 1584) 7436.0
(9305, 9306, 9307) 7745.0
(2030, 2031, 2032) 9053.0
(3862, 3863, 3864) 7502.0
(1263, 1264, 1265) 9405.0
(8922, 8923, 8924) 9307.0
(1456, 1457, 1458) 8118.0
(3806, 3807, 3808) 7147.0
(7901, 7902, 7903) 7134.0
(1093, 1094, 1095) 7068.0
(6585, 6586, 6587) 7690.0
(8853, 8854, 8855) 8692.0
(7937, 7938, 7939) 7100.0
(394, 395, 396) 8721.0
(3272, 3273, 3274) 8586.0
(1616, 1617, 1618) 8080.0
(427, 428, 429) 7401.0
(4253, 4254, 4255) 7791.0
(847, 848, 849) 8334.0
(8516, 8517, 8518) 7998.0
(293, 294, 295) 8101.0
(1551, 1552, 1553) 7971.0
(8542, 8543, 8544) 7547.0
(618, 619, 620) 7677.0
(8885, 8886, 8887) 8886.0
(6909, 6910, 6911) 8498.0
(5150, 5151, 5152) 7971.0
(378, 379, 380) 7663.0
(5122, 5123, 5124) 7585.0
(112, 113, 114) 8197.0
(2428, 2429, 2430) 8162.0
(5748, 5749, 5750) 8471.0
(8516, 8517, 8518) 7998.0
(3119, 3120, 3121) 7783.0
(5514, 5515, 5516) 10150.0
(6542, 6543, 6544) 8532.0
(2518, 2519, 2520) 8971.0
(1647, 1648, 1649) 7929.0
(2524, 2525, 2526) 8922.0
(949, 950, 951) 7885.0
(2466, 2467, 2468) 7814.0
(4538, 4539, 4540) 8033.0
(9571, 9572, 9573) 7628.0
(5108, 5109, 5110) 7696.0
(6677, 6678, 6679) 7971.0
(5169, 5170, 5171) 7597.0
(9275, 9276, 9277) 7345.0
(7013, 7014, 7015) 7730.0
(8682, 8683, 8684) 8285.0
(8956, 8957, 8958) 8112.0
(4083, 4084, 4085) 8494.0
(479, 480, 481) 7077.0
(6343, 6344, 6345) 8130.0
(6700, 6701, 6702) 7852.0
(9061, 9062, 9063) 7459.0
(8131, 8132, 8133) 8415.0
(7618, 7619, 7620) 7661.0
(179, 180, 181) 8649.0
(9852, 9853, 9854) 7983.0
(4564, 4565, 4566) 8613.0
(7345, 7346, 7347) 9011.0
(935, 936, 937) 8362.0
(8775, 8776, 8777) 8336.0
(1904, 1905, 1906) 7800.0
(3740, 3741, 3742) 7077.0
(5090, 5091, 5092) 7775.0
(3755, 3756, 3757) 7033.0
(9656, 9657, 9658) 7393.0
(9396, 9397, 9398) 7755.0
(7888, 7889, 7890) 9096.0
(6724, 6725, 6726) 7244.0
(8356, 8357, 8358) 8134.0
(1703, 1704, 1705) 6558.0
(4749, 4750, 4751) 7549.0
(9526, 9527, 9528) 8045.0
(2257, 2258, 2259) 7793.0
(2407, 2408, 2409) 7464.0
(4918, 4919, 4920) 8450.0
(2261, 2262, 2263) 9185.0
(2519, 2520, 2521) 8144.0
(7727, 7728, 7729) 6820.0
(8130, 8131, 8132) 8214.0
(3281, 3282, 3283) 7071.0
(281, 282, 283) 7209.0
(1797, 1798, 1799) 7611.0
(3197, 3198, 3199) 6963.0
(7004, 7005, 7006) 9166.0
(8256, 8257, 8258) 8234.0
(3333, 3334, 3335) 7627.0
(6145, 6146, 6147) 7776.0
(6812, 6813, 6814) 6947.0
(7568, 7569, 7570) 7422.0
(6440, 6441, 6442) 8796.0
(9032, 9033, 9034) 8582.0
(7121, 7122, 7123) 7297.0
(2711, 2712, 2713) 8187.0
(8919, 8920, 8921) 8567.0
(2470, 2471, 2472) 7174.0
(5962, 5963, 5964) 7635.0
(9017, 9018, 9019) 7408.0
(8560, 8561, 8562) 8913.0
(9649, 9650, 9651) 7036.0
(2689, 2690, 2691) 8066.0
(576, 577, 578) 8542.0
(5257, 5258, 5259) 7794.0
(1356, 1357, 1358) 6751.0
(9788, 9789, 9790) 7501.0
(6902, 6903, 6904) 8185.0
(1295, 1296, 1297) 7500.0
(9952, 9953, 9954) 8416.0
(8087, 8088, 8089) 7267.0
(8842, 8843, 8844) 7334.0
(4603, 4604, 4605) 8108.0
(6027, 6028, 6029) 7464.0
(5352, 5353, 5354) 8812.0
(872, 873, 874) 7159.0
(3510, 3511, 3512) 8271.0
(3446, 3447, 3448) 8519.0
(4408, 4409, 4410) 8310.0
(2214, 2215, 2216) 9126.0
(8684, 8685, 8686) 7440.0
(7029, 7030, 7031) 7835.0
(7913, 7914, 7915) 7742.0
(9892, 9893, 9894) 7880.0
(2136, 2137, 2138) 7983.0
(3714, 3715, 3716) 10165.0
(4724, 4725, 4726) 7439.0
(8000, 8001, 8002) 7688.0
(5599, 5600, 5601) 9329.0
(853, 854, 855) 8332.0
(5048, 5049, 5050) 8304.0
(6268, 6269, 6270) 8647.0
(902, 903, 904) 7175.0
(2463, 2464, 2465) 9017.0
(7178, 7179, 7180) 8472.0
(541, 542, 543) 7360.0
(6404, 6405, 6406) 8216.0
(5690, 5691, 5692) 7989.0
(3191, 3192, 3193) 8509.0
(8001, 8002, 8003) 7360.0
(8437, 8438, 8439) 8545.0
(9855, 9856, 9857) 7598.0
(4697, 4698, 4699) 8379.0
(2041, 2042, 2043) 8377.0
(3400, 3401, 3402) 7677.0
(4900, 4901, 4902) 7135.0
(4704, 4705, 4706) 7460.0
(4200, 4201, 4202) 9341.0
(3879, 3880, 3881) 7078.0
(3286, 3287, 3288) 7671.0
(8259, 8260, 8261) 7924.0
(5362, 5363, 5364) 7330.0
(6111, 6112, 6113) 7190.0
(255, 256, 257) 7314.0
(6912, 6913, 6914) 10592.0
(1309, 1310, 1311) 8810.0
(5317, 5318, 5319) 7970.0
(6008, 6009, 6010) 7519.0
(1883, 1884, 1885) 7805.0
(2463, 2464, 2465) 9017.0
(412, 413, 414) 8267.0
(790, 791, 792) 7238.0
(4141, 4142, 4143) 7855.0
(7551, 7552, 7553) 9828.0
(3033, 3034, 3035) 7808.0
(8519, 8520, 8521) 7002.0
(6740, 6741, 6742) 8327.0
(6099, 6100, 6101) 7445.0
(5039, 5040, 5041) 7471.0
(6831, 6832, 6833) 7439.0
(5874, 5875, 5876) 9332.0
(9004, 9005, 9006) 10296.0
(5891, 5892, 5893) 7269.0
(2691, 2692, 2693) 9683.0
(5134, 5135, 5136) 9181.0
(5581, 5582, 5583) 8123.0
(707, 708, 709) 9031.0
(5593, 5594, 5595) 7077.0
(4945, 4946, 4947) 7808.0
(2869, 2870, 2871) 7523.0
(9063, 9064, 9065) 7839.0
(622, 623, 624) 8471.0
(6047, 6048, 6049) 8068.0
(9946, 9947, 9948) 7652.0
(9132, 9133, 9134) 8409.0
(7948, 7949, 7950) 7194.0
(192, 193, 194) 10262.0
(1177, 1178, 1179) 8115.0
(6358, 6359, 6360) 9130.0
(1566, 1567, 1568) 7351.0
