(940, 941, 942) 8661.0
(3038, 3039, 3040) 9661.0
(8042, 8043, 8044) 7913.0
(3302, 3303, 3304) 10457.0
(208, 209, 210) 9221.0
(4579, 4580, 4581) 8612.0
(7081, 7082, 7083) 11095.0
(8425, 8426, 8427) 9572.0
(8353, 8354, 8355) 8872.0
(2462, 2463, 2464) 7140.0
(1749, 1750, 1751) 7171.0
(6966, 6967, 6968) 8388.0
(3177, 3178, 3179) 8750.0
(1161, 1162, 1163) 7807.0
(5885, 5886, 5887) 8019.0
(3250, 3251, 3252) 7699.0
(1662, 1663, 1664) 9393.0
(4243, 4244, 4245) 8262.0
(5930, 5931, 5932) 8430.0
(8907, 8908, 8909) 8392.0
(777, 778, 779) 9072.0
(2243, 2244, 2245) 7255.0
(4097, 4098, 4099) 7900.0
(2997, 2998, 2999) 8476.0
(4026, 4027, 4028) 9741.0
(2515, 2516, 2517) 8627.0
(4564, 4565, 4566) 8861.0
(8797, 8798, 8799) 8942.0
(8654, 8655, 8656) 8675.0
(8499, 8500, 8501) 11285.0
(2476, 2477, 2478) 7525.0
(5862, 5863, 5864) 8391.0
(2364, 2365, 2366) 8328.0
(4155, 4156, 4157) 9355.0
(4399, 4400, 4401) 7909.0
(3562, 3563, 3564) 9189.0
(3304, 3305, 3306) 7084.0
(2239, 2240, 2241) 8550.0
(4058, 4059, 4060) 7343.0
(1781, 1782, 1783) 8229.0
(3790, 3791, 3792) 8349.0
(3590, 3591, 3592) 7907.0
(8971, 8972, 8973) 8517.0
(1838, 1839, 1840) 7755.0
(3267, 3268, 3269) 9095.0
(6072, 6073, 6074) 7756.0
(9269, 9270, 9271) 8502.0
(2575, 2576, 2577) 9374.0
(24, 25, 26) 8838.0
(8752, 8753, 8754) 6927.0
(3631, 3632, 3633) 9197.0
(6166, 6167, 6168) 8118.0
(2289, 2290, 2291) 7959.0
(7742, 7743, 7744) 7480.0
(7024, 7025, 7026) 9017.0
(1337, 1338, 1339) 9538.0
(9854, 9855, 9856) 9126.0
(8603, 8604, 8605) 7806.0
(1204, 1205, 1206) 8761.0
(3269, 3270, 3271) 7808.0
(9192, 9193, 9194) 7665.0
(1358, 1359, 1360) 10188.0
(7520, 7521, 7522) 7528.0
(1038, 1039, 1040) 7710.0
(4889, 4890, 4891) 8271.0
(6159, 6160, 6161) 7380.0
(934, 935, 936) 10355.0
(8706, 8707, 8708) 8563.0
(7039, 7040, 7041) 7242.0
(8271, 8272, 8273) 7472.0
(4357, 4358, 4359) 8835.0
(2833, 2834, 2835) 8481.0
(7906, 7907, 7908) 7936.0
(7583, 7584, 7585) 9281.0
(296, 297, 298) 10147.0
(1474, 1475, 1476) 8415.0
(9119, 9120, 9121) 9476.0
(9863, 9864, 9865) 7789.0
(7112, 7113, 7114) 7508.0
(9230, 9231, 9232) 7729.0
(9262, 9263, 9264) 8144.0
(1130, 1131, 1132) 9284.0
(6138, 6139, 6140) 7681.0
(1936, 1937, 1938) 8558.0
(8614, 8615, 8616) 7803.0
(8770, 8771, 8772) 8888.0
(2224, 2225, 2226) 8511.0
(4433, 4434, 4435) 7419.0
(922, 923, 924) 7371.0
(3670, 3671, 3672) 7750.0
(3426, 3427, 3428) 8461.0
(9222, 9223, 9224) 10690.0
(7815, 7816, 7817) 7502.0
(4295, 4296, 4297) 8006.0
(2594, 2595, 2596) 7704.0
(946, 947, 948) 7633.0
(8418, 8419, 8420) 8802.0
(4468, 4469, 4470) 8861.0
(6171, 6172, 6173) 8314.0
(4552, 4553, 4554) 8053.0
(9627, 9628, 9629) 8062.0
(1245, 1246, 1247) 8043.0
(6338, 6339, 6340) 8897.0
(8971, 8972, 8973) 8517.0
(9367, 9368, 9369) 9286.0
(7277, 7278, 7279) 8869.0
(1436, 1437, 1438) 8114.0
(3300, 3301, 3302) 8432.0
(7346, 7347, 7348) 8652.0
(2374, 2375, 2376) 8849.0
(7139, 7140, 7141) 8153.0
(9570, 9571, 9572) 7285.0
(3592, 3593, 3594) 11774.0
(9022, 9023, 9024) 7664.0
(7255, 7256, 7257) 8113.0
(4329, 4330, 4331) 9094.0
(3817, 3818, 3819) 9332.0
(5249, 5250, 5251) 8450.0
(8309, 8310, 8311) 7331.0
(8512, 8513, 8514) 8150.0
(8162, 8163, 8164) 7058.0
(3688, 3689, 3690) 8416.0
(2232, 2233, 2234) 9079.0
(3388, 3389, 3390) 8018.0
(6401, 6402, 6403) 8053.0
(3535, 3536, 3537) 7496.0
(4699, 4700, 4701) 7672.0
(7231, 7232, 7233) 6657.0
(7785, 7786, 7787) 8214.0
(7971, 7972, 7973) 10082.0
(3314, 3315, 3316) 8464.0
(3861, 3862, 3863) 13640.0
(6672, 6673, 6674) 8346.0
(5794, 5795, 5796) 7640.0
(2962, 2963, 2964) 8275.0
(8363, 8364, 8365) 7594.0
(6431, 6432, 6433) 7954.0
(4445, 4446, 4447) 7165.0
(8871, 8872, 8873) 8043.0
(7024, 7025, 7026) 9017.0
(7762, 7763, 7764) 8524.0
(6395, 6396, 6397) 9046.0
(5016, 5017, 5018) 8104.0
(4995, 4996, 4997) 10021.0
(7921, 7922, 7923) 12744.0
(2935, 2936, 2937) 10099.0
(8074, 8075, 8076) 7641.0
(250, 251, 252) 7455.0
(9674, 9675, 9676) 8051.0
(7419, 7420, 7421) 7679.0
(6024, 6025, 6026) 8447.0
(1138, 1139, 1140) 8119.0
(6038, 6039, 6040) 8686.0
(8834, 8835, 8836) 8307.0
(4890, 4891, 4892) 9419.0
(771, 772, 773) 7728.0
(5791, 5792, 5793) 7957.0
(4849, 4850, 4851) 7652.0
(2239, 2240, 2241) 8550.0
(2745, 2746, 2747) 8172.0
(3611, 3612, 3613) 7363.0
(3388, 3389, 3390) 8018.0
(2994, 2995, 2996) 7874.0
(3063, 3064, 3065) 7727.0
(5194, 5195, 5196) 7132.0
(1031, 1032, 1033) 9105.0
(6270, 6271, 6272) 7476.0
(1820, 1821, 1822) 7025.0
(6599, 6600, 6601) 7808.0
(2952, 2953, 2954) 8329.0
(8006, 8007, 8008) 9409.0
(2525, 2526, 2527) 8973.0
(2193, 2194, 2195) 6825.0
(6353, 6354, 6355) 7123.0
(4426, 4427, 4428) 7363.0
(4545, 4546, 4547) 8303.0
(5188, 5189, 5190) 9136.0
(7754, 7755, 7756) 8462.0
(7070, 7071, 7072) 9613.0
(8581, 8582, 8583) 9124.0
(5261, 5262, 5263) 7086.0
(9329, 9330, 9331) 7390.0
(4439, 4440, 4441) 8070.0
(3988, 3989, 3990) 7735.0
(2695, 2696, 2697) 8310.0
(7516, 7517, 7518) 8920.0
(8772, 8773, 8774) 8781.0
(6787, 6788, 6789) 8422.0
(5408, 5409, 5410) 7604.0
(6539, 6540, 6541) 7892.0
(6812, 6813, 6814) 7097.0
(6648, 6649, 6650) 8132.0
(9300, 9301, 9302) 8598.0
(958, 959, 960) 9365.0
(3463, 3464, 3465) 7128.0
(3412, 3413, 3414) 7235.0
(5301, 5302, 5303) 8036.0
(4306, 4307, 4308) 7453.0
(9451, 9452, 9453) 7658.0
(7114, 7115, 7116) 9150.0
(6859, 6860, 6861) 7802.0
