(2234, 2235, 2236) 947.0
(3455, 3456, 3457) 614.0
(7534, 7535, 7536) 545.0
(8225, 8226, 8227) 1089.0
(8207, 8208, 8209) 536.0
(8462, 8463, 8464) 922.0
(970, 971, 972) 812.0
(3976, 3977, 3978) 638.0
(9522, 9523, 9524) 791.0
(5965, 5966, 5967) 971.0
(4440, 4441, 4442) 609.0
(2631, 2632, 2633) 1092.0
(9862, 9863, 9864) 790.0
(6575, 6576, 6577) 1013.0
(1501, 1502, 1503) 639.0
(1023, 1024, 1025) 764.0
(5572, 5573, 5574) 895.0
(3460, 3461, 3462) 609.0
(1154, 1155, 1156) 1211.0
(9460, 9461, 9462) 789.0
(6723, 6724, 6725) 633.0
(6705, 6706, 6707) 700.0
(1532, 1533, 1534) 626.0
(3675, 3676, 3677) 743.0
(7282, 7283, 7284) 904.0
(6519, 6520, 6521) 526.0
(6291, 6292, 6293) 868.0
(6023, 6024, 6025) 566.0
(452, 453, 454) 654.0
(841, 842, 843) 596.0
(1746, 1747, 1748) 749.0
(2622, 2623, 2624) 700.0
(1163, 1164, 1165) 1154.0
(9740, 9741, 9742) 932.0
(8604, 8605, 8606) 799.0
(1377, 1378, 1379) 693.0
(5081, 5082, 5083) 807.0
(4553, 4554, 4555) 779.0
(9246, 9247, 9248) 869.0
(8735, 8736, 8737) 566.0
(1845, 1846, 1847) 742.0
(6622, 6623, 6624) 901.0
(7068, 7069, 7070) 669.0
(7228, 7229, 7230) 668.0
(2190, 2191, 2192) 975.0
(7892, 7893, 7894) 670.0
(9009, 9010, 9011) 729.0
(9646, 9647, 9648) 663.0
(5915, 5916, 5917) 939.0
(5521, 5522, 5523) 780.0
(451, 452, 453) 786.0
(2370, 2371, 2372) 722.0
(6858, 6859, 6860) 825.0
(405, 406, 407) 1212.0
(7660, 7661, 7662) 966.0
(6895, 6896, 6897) 826.0
(7640, 7641, 7642) 1065.0
(3192, 3193, 3194) 915.0
(2825, 2826, 2827) 701.0
(1708, 1709, 1710) 694.0
(2850, 2851, 2852) 723.0
(1337, 1338, 1339) 1366.0
(5941, 5942, 5943) 847.0
(837, 838, 839) 678.0
(8383, 8384, 8385) 736.0
(3571, 3572, 3573) 693.0
(9375, 9376, 9377) 541.0
(5032, 5033, 5034) 764.0
(8282, 8283, 8284) 612.0
(4009, 4010, 4011) 921.0
(8125, 8126, 8127) 630.0
(3878, 3879, 3880) 815.0
(6653, 6654, 6655) 876.0
(9852, 9853, 9854) 560.0
(2521, 2522, 2523) 642.0
(8486, 8487, 8488) 624.0
(7997, 7998, 7999) 624.0
(6987, 6988, 6989) 769.0
(1579, 1580, 1581) 794.0
(2232, 2233, 2234) 610.0
(5132, 5133, 5134) 722.0
(4588, 4589, 4590) 804.0
(3159, 3160, 3161) 867.0
(2612, 2613, 2614) 996.0
(4457, 4458, 4459) 730.0
(2126, 2127, 2128) 772.0
(6915, 6916, 6917) 855.0
(8050, 8051, 8052) 619.0
(2857, 2858, 2859) 713.0
(1953, 1954, 1955) 681.0
(8101, 8102, 8103) 782.0
(4077, 4078, 4079) 771.0
(7160, 7161, 7162) 726.0
(8043, 8044, 8045) 608.0
(4008, 4009, 4010) 718.0
(9018, 9019, 9020) 853.0
(3794, 3795, 3796) 546.0
(429, 430, 431) 762.0
(5481, 5482, 5483) 779.0
(9319, 9320, 9321) 693.0
(6544, 6545, 6546) 799.0
(748, 749, 750) 630.0
(8753, 8754, 8755) 569.0
(4373, 4374, 4375) 865.0
(8567, 8568, 8569) 715.0
(8667, 8668, 8669) 958.0
(7076, 7077, 7078) 686.0
(7550, 7551, 7552) 721.0
(3154, 3155, 3156) 923.0
(3607, 3608, 3609) 911.0
(3889, 3890, 3891) 901.0
(9366, 9367, 9368) 1033.0
(5831, 5832, 5833) 637.0
(4776, 4777, 4778) 897.0
(6206, 6207, 6208) 626.0
(5057, 5058, 5059) 854.0
(1322, 1323, 1324) 722.0
(8737, 8738, 8739) 611.0
(9024, 9025, 9026) 579.0
(6136, 6137, 6138) 702.0
(7810, 7811, 7812) 694.0
(4246, 4247, 4248) 848.0
(9043, 9044, 9045) 954.0
(2435, 2436, 2437) 763.0
(4611, 4612, 4613) 714.0
(1490, 1491, 1492) 1053.0
(2202, 2203, 2204) 818.0
(6076, 6077, 6078) 927.0
(6085, 6086, 6087) 708.0
(687, 688, 689) 779.0
(6231, 6232, 6233) 723.0
(7161, 7162, 7163) 737.0
(6897, 6898, 6899) 942.0
(607, 608, 609) 746.0
(2514, 2515, 2516) 925.0
(5678, 5679, 5680) 936.0
(6721, 6722, 6723) 743.0
(3144, 3145, 3146) 732.0
(513, 514, 515) 553.0
(7008, 7009, 7010) 844.0
(2238, 2239, 2240) 656.0
(9848, 9849, 9850) 641.0
(503, 504, 505) 813.0
(6385, 6386, 6387) 835.0
(17, 18, 19) 1034.0
(9373, 9374, 9375) 569.0
(3643, 3644, 3645) 836.0
(9589, 9590, 9591) 1153.0
(8881, 8882, 8883) 554.0
(9903, 9904, 9905) 690.0
(6629, 6630, 6631) 1061.0
(7369, 7370, 7371) 614.0
(1305, 1306, 1307) 813.0
(5224, 5225, 5226) 766.0
(2769, 2770, 2771) 1083.0
(6632, 6633, 6634) 805.0
(2096, 2097, 2098) 863.0
(531, 532, 533) 654.0
(4517, 4518, 4519) 659.0
(1610, 1611, 1612) 652.0
(1633, 1634, 1635) 597.0
(1250, 1251, 1252) 771.0
(4604, 4605, 4606) 795.0
(6618, 6619, 6620) 736.0
(4592, 4593, 4594) 685.0
(183, 184, 185) 715.0
(7338, 7339, 7340) 1152.0
(8886, 8887, 8888) 693.0
(5808, 5809, 5810) 857.0
(1017, 1018, 1019) 905.0
(8504, 8505, 8506) 693.0
(9137, 9138, 9139) 687.0
(223, 224, 225) 901.0
(9710, 9711, 9712) 891.0
(8350, 8351, 8352) 1221.0
(8454, 8455, 8456) 700.0
(3408, 3409, 3410) 1149.0
(807, 808, 809) 606.0
(7053, 7054, 7055) 793.0
(9076, 9077, 9078) 1056.0
(4830, 4831, 4832) 767.0
(9710, 9711, 9712) 891.0
(350, 351, 352) 794.0
(7132, 7133, 7134) 573.0
(1736, 1737, 1738) 743.0
(9214, 9215, 9216) 1038.0
(4394, 4395, 4396) 679.0
(1458, 1459, 1460) 866.0
(9043, 9044, 9045) 954.0
(5576, 5577, 5578) 1001.0
(1761, 1762, 1763) 751.0
(3263, 3264, 3265) 1294.0
(3267, 3268, 3269) 550.0
(8669, 8670, 8671) 751.0
(4626, 4627, 4628) 683.0
(2774, 2775, 2776) 966.0
(9018, 9019, 9020) 853.0
(5083, 5084, 5085) 692.0
(5420, 5421, 5422) 565.0
(2236, 2237, 2238) 688.0
(2661, 2662, 2663) 909.0
(7064, 7065, 7066) 638.0
(2518, 2519, 2520) 894.0
(4560, 4561, 4562) 1116.0
(98, 99, 100) 921.0
(9500, 9501, 9502) 637.0
(7050, 7051, 7052) 824.0
(9187, 9188, 9189) 891.0
(9181, 9182, 9183) 781.0
(9195, 9196, 9197) 1156.0
(5231, 5232, 5233) 738.0
(9301, 9302, 9303) 789.0
(4460, 4461, 4462) 670.0
(2827, 2828, 2829) 824.0
(7712, 7713, 7714) 821.0
(655, 656, 657) 801.0
(5892, 5893, 5894) 592.0
(740, 741, 742) 902.0
(2957, 2958, 2959) 1192.0
(5402, 5403, 5404) 771.0
(9310, 9311, 9312) 822.0
(2484, 2485, 2486) 530.0
(3562, 3563, 3564) 931.0
(7609, 7610, 7611) 622.0
(492, 493, 494) 710.0
(8770, 8771, 8772) 567.0
(8497, 8498, 8499) 951.0
(6871, 6872, 6873) 834.0
(2603, 2604, 2605) 644.0
(8607, 8608, 8609) 688.0
(4981, 4982, 4983) 706.0
(9407, 9408, 9409) 767.0
(6919, 6920, 6921) 771.0
(1720, 1721, 1722) 923.0
(3482, 3483, 3484) 802.0
(415, 416, 417) 689.0
(1054, 1055, 1056) 611.0
(8234, 8235, 8236) 617.0
(1337, 1338, 1339) 1366.0
(3421, 3422, 3423) 686.0
(5987, 5988, 5989) 725.0
(4520, 4521, 4522) 591.0
(5182, 5183, 5184) 1139.0
(7840, 7841, 7842) 740.0
(621, 622, 623) 577.0
(3421, 3422, 3423) 686.0
(5925, 5926, 5927) 989.0
(7180, 7181, 7182) 660.0
(2877, 2878, 2879) 703.0
(7344, 7345, 7346) 594.0
(5635, 5636, 5637) 884.0
(7640, 7641, 7642) 1065.0
(359, 360, 361) 724.0
(9528, 9529, 9530) 1185.0
(1944, 1945, 1946) 731.0
(4548, 4549, 4550) 621.0
(464, 465, 466) 860.0
(7812, 7813, 7814) 506.0
(8901, 8902, 8903) 1100.0
(7036, 7037, 7038) 560.0
(6561, 6562, 6563) 652.0
(7163, 7164, 7165) 911.0
(4625, 4626, 4627) 685.0
(2478, 2479, 2480) 672.0
(9640, 9641, 9642) 531.0
(1384, 1385, 1386) 641.0
(3002, 3003, 3004) 698.0
(7166, 7167, 7168) 773.0
(2485, 2486, 2487) 539.0
(5953, 5954, 5955) 725.0
(4262, 4263, 4264) 940.0
(6952, 6953, 6954) 1012.0
(8237, 8238, 8239) 602.0
(9374, 9375, 9376) 731.0
(5533, 5534, 5535) 830.0
(9998, 9999, 10000) 850.0
(5866, 5867, 5868) 457.0
(2683, 2684, 2685) 999.0
(6283, 6284, 6285) 621.0
(8096, 8097, 8098) 773.0
(7612, 7613, 7614) 500.0
(4334, 4335, 4336) 967.0
(5784, 5785, 5786) 921.0
(5380, 5381, 5382) 999.0
(7174, 7175, 7176) 896.0
(1605, 1606, 1607) 531.0
(8080, 8081, 8082) 1242.0
(3353, 3354, 3355) 946.0
(8280, 8281, 8282) 750.0
(7547, 7548, 7549) 949.0
(2145, 2146, 2147) 783.0
(1991, 1992, 1993) 580.0
(6548, 6549, 6550) 780.0
(3484, 3485, 3486) 784.0
(4126, 4127, 4128) 779.0
(329, 330, 331) 952.0
(537, 538, 539) 745.0
(5513, 5514, 5515) 1029.0
(704, 705, 706) 646.0
(3477, 3478, 3479) 744.0
(1819, 1820, 1821) 975.0
