(1510, 1511, 1512) 7910.0
(674, 675, 676) 7614.0
(5482, 5483, 5484) 7369.0
(7636, 7637, 7638) 7746.0
(7616, 7617, 7618) 9145.0
(6016, 6017, 6018) 7803.0
(9748, 9749, 9750) 9148.0
(4498, 4499, 4500) 11078.0
(8383, 8384, 8385) 9109.0
(1074, 1075, 1076) 8417.0
(4036, 4037, 4038) 9581.0
(6482, 6483, 6484) 7868.0
(4022, 4023, 4024) 8371.0
(556, 557, 558) 8537.0
(3931, 3932, 3933) 8735.0
(5555, 5556, 5557) 8700.0
(721, 722, 723) 7857.0
(4120, 4121, 4122) 8419.0
(2076, 2077, 2078) 7517.0
(8432, 8433, 8434) 9756.0
(8805, 8806, 8807) 9182.0
(8419, 8420, 8421) 7771.0
(998, 999, 1000) 8156.0
(5489, 5490, 5491) 9556.0
(5492, 5493, 5494) 9326.0
(5374, 5375, 5376) 9010.0
(6334, 6335, 6336) 8401.0
(6195, 6196, 6197) 8495.0
(1483, 1484, 1485) 7994.0
(8544, 8545, 8546) 7733.0
(320, 321, 322) 7790.0
(4729, 4730, 4731) 7485.0
(1541, 1542, 1543) 8610.0
(7428, 7429, 7430) 10573.0
(2352, 2353, 2354) 9143.0
(8064, 8065, 8066) 8135.0
(7940, 7941, 7942) 7562.0
(664, 665, 666) 8639.0
(291, 292, 293) 8151.0
(5885, 5886, 5887) 8089.0
(7187, 7188, 7189) 8772.0
(768, 769, 770) 7813.0
(7639, 7640, 7641) 8643.0
(2295, 2296, 2297) 8134.0
(2626, 2627, 2628) 8564.0
(8591, 8592, 8593) 8797.0
(5146, 5147, 5148) 7902.0
(2614, 2615, 2616) 9623.0
(9994, 9995, 9996) 7795.0
(3292, 3293, 3294) 6749.0
(4943, 4944, 4945) 8553.0
(1728, 1729, 1730) 8582.0
(9754, 9755, 9756) 8710.0
(3671, 3672, 3673) 8185.0
(7875, 7876, 7877) 7264.0
(2071, 2072, 2073) 8461.0
(9289, 9290, 9291) 7664.0
(7193, 7194, 7195) 7649.0
(9296, 9297, 9298) 7614.0
(1579, 1580, 1581) 9605.0
(6617, 6618, 6619) 8100.0
(2446, 2447, 2448) 8810.0
(8834, 8835, 8836) 8441.0
(9614, 9615, 9616) 9497.0
(349, 350, 351) 9516.0
(6604, 6605, 6606) 8597.0
(8483, 8484, 8485) 8850.0
(690, 691, 692) 9160.0
(18, 19, 20) 8229.0
(5890, 5891, 5892) 8452.0
(6091, 6092, 6093) 9128.0
(431, 432, 433) 7311.0
(7491, 7492, 7493) 8781.0
(7827, 7828, 7829) 8923.0
(8560, 8561, 8562) 8982.0
(2032, 2033, 2034) 7018.0
(431, 432, 433) 7311.0
(3340, 3341, 3342) 7914.0
(9883, 9884, 9885) 7425.0
(106, 107, 108) 8289.0
(5614, 5615, 5616) 7468.0
(7731, 7732, 7733) 8124.0
(4296, 4297, 4298) 8462.0
(7769, 7770, 7771) 7369.0
(526, 527, 528) 9100.0
(1022, 1023, 1024) 7489.0
(5240, 5241, 5242) 8405.0
(5661, 5662, 5663) 8245.0
(7105, 7106, 7107) 10451.0
(3203, 3204, 3205) 6970.0
(8936, 8937, 8938) 7516.0
(164, 165, 166) 8661.0
(7843, 7844, 7845) 8311.0
(7376, 7377, 7378) 7782.0
(9253, 9254, 9255) 9556.0
(812, 813, 814) 8075.0
(7629, 7630, 7631) 8217.0
(9023, 9024, 9025) 8635.0
(1345, 1346, 1347) 6968.0
(7769, 7770, 7771) 7369.0
(2626, 2627, 2628) 8564.0
(5367, 5368, 5369) 8332.0
(112, 113, 114) 8349.0
(1533, 1534, 1535) 7960.0
(2421, 2422, 2423) 10859.0
(6890, 6891, 6892) 8140.0
(8788, 8789, 8790) 7879.0
(872, 873, 874) 7651.0
(6783, 6784, 6785) 7897.0
(2830, 2831, 2832) 8175.0
(1147, 1148, 1149) 8330.0
(9699, 9700, 9701) 8706.0
(483, 484, 485) 8993.0
(3736, 3737, 3738) 8034.0
(5091, 5092, 5093) 8405.0
(6497, 6498, 6499) 7712.0
(9201, 9202, 9203) 9187.0
(9365, 9366, 9367) 9179.0
(8842, 8843, 8844) 7346.0
(5329, 5330, 5331) 7914.0
(2570, 2571, 2572) 9243.0
(4888, 4889, 4890) 8849.0
(4936, 4937, 4938) 7926.0
(4559, 4560, 4561) 7350.0
(952, 953, 954) 7657.0
(225, 226, 227) 7686.0
(2892, 2893, 2894) 8296.0
(8901, 8902, 8903) 8157.0
(3731, 3732, 3733) 7512.0
(9410, 9411, 9412) 10220.0
(6946, 6947, 6948) 8850.0
(4165, 4166, 4167) 8011.0
(1463, 1464, 1465) 6777.0
(685, 686, 687) 7050.0
(5808, 5809, 5810) 9397.0
(430, 431, 432) 8140.0
(5444, 5445, 5446) 8463.0
(4967, 4968, 4969) 8197.0
(6484, 6485, 6486) 10019.0
(4483, 4484, 4485) 9491.0
(6764, 6765, 6766) 7455.0
(1224, 1225, 1226) 7592.0
(1272, 1273, 1274) 9045.0
(2648, 2649, 2650) 8302.0
(2003, 2004, 2005) 7416.0
(7311, 7312, 7313) 9102.0
(6863, 6864, 6865) 9256.0
(688, 689, 690) 6950.0
(4132, 4133, 4134) 8464.0
(20, 21, 22) 7784.0
(3724, 3725, 3726) 9253.0
(1883, 1884, 1885) 8271.0
(2125, 2126, 2127) 8738.0
(4564, 4565, 4566) 9026.0
(6639, 6640, 6641) 8122.0
(6286, 6287, 6288) 9238.0
(1163, 1164, 1165) 8809.0
(8608, 8609, 8610) 8630.0
(1643, 1644, 1645) 8041.0
(7155, 7156, 7157) 7480.0
(87, 88, 89) 8354.0
(1875, 1876, 1877) 8510.0
(8168, 8169, 8170) 8112.0
(4581, 4582, 4583) 8094.0
(322, 323, 324) 7463.0
(7456, 7457, 7458) 7475.0
(5764, 5765, 5766) 8524.0
(4106, 4107, 4108) 9114.0
(145, 146, 147) 7556.0
(9035, 9036, 9037) 8685.0
(6376, 6377, 6378) 8287.0
(8186, 8187, 8188) 9164.0
(2135, 2136, 2137) 7672.0
(7365, 7366, 7367) 8676.0
(1855, 1856, 1857) 9541.0
(2441, 2442, 2443) 7680.0
(6746, 6747, 6748) 8289.0
(1312, 1313, 1314) 7674.0
(8858, 8859, 8860) 6976.0
(1175, 1176, 1177) 9798.0
(2879, 2880, 2881) 9003.0
(3735, 3736, 3737) 7700.0
(5666, 5667, 5668) 9265.0
(6283, 6284, 6285) 9510.0
(9365, 9366, 9367) 9179.0
(4169, 4170, 4171) 8542.0
(6800, 6801, 6802) 7777.0
(6660, 6661, 6662) 8509.0
(6185, 6186, 6187) 8848.0
(2274, 2275, 2276) 7566.0
(8723, 8724, 8725) 8121.0
(4156, 4157, 4158) 9821.0
(3049, 3050, 3051) 7414.0
(566, 567, 568) 7606.0
(346, 347, 348) 9228.0
(490, 491, 492) 6682.0
(8917, 8918, 8919) 7901.0
(6878, 6879, 6880) 7524.0
(2929, 2930, 2931) 10239.0
(3915, 3916, 3917) 8022.0
(5391, 5392, 5393) 8315.0
(1129, 1130, 1131) 7709.0
(7617, 7618, 7619) 7973.0
(3197, 3198, 3199) 7226.0
(8021, 8022, 8023) 8830.0
(8200, 8201, 8202) 9139.0
(464, 465, 466) 8678.0
(1656, 1657, 1658) 9117.0
(3202, 3203, 3204) 8810.0
(6084, 6085, 6086) 8508.0
(60, 61, 62) 8352.0
(611, 612, 613) 10504.0
(3621, 3622, 3623) 8232.0
(5957, 5958, 5959) 8916.0
(9102, 9103, 9104) 7349.0
(2695, 2696, 2697) 8646.0
(4435, 4436, 4437) 7586.0
(6821, 6822, 6823) 8313.0
(6214, 6215, 6216) 9868.0
(6957, 6958, 6959) 8389.0
(8088, 8089, 8090) 8554.0
(3171, 3172, 3173) 9124.0
(5201, 5202, 5203) 8305.0
(4849, 4850, 4851) 7978.0
(135, 136, 137) 9091.0
(1791, 1792, 1793) 7999.0
(4740, 4741, 4742) 9713.0
(5910, 5911, 5912) 8963.0
(7738, 7739, 7740) 9638.0
(8541, 8542, 8543) 8386.0
(5785, 5786, 5787) 7286.0
(1567, 1568, 1569) 7921.0
(3512, 3513, 3514) 7315.0
(5553, 5554, 5555) 8496.0
(7678, 7679, 7680) 9604.0
(1317, 1318, 1319) 8294.0
(1111, 1112, 1113) 10070.0
(5345, 5346, 5347) 7361.0
(559, 560, 561) 8202.0
(1300, 1301, 1302) 9125.0
(1535, 1536, 1537) 7819.0
(4282, 4283, 4284) 7982.0
(6638, 6639, 6640) 10056.0
(2327, 2328, 2329) 8664.0
(4582, 4583, 4584) 9569.0
(2758, 2759, 2760) 8084.0
(2274, 2275, 2276) 7566.0
(1613, 1614, 1615) 7845.0
(3159, 3160, 3161) 10756.0
(5547, 5548, 5549) 8468.0
(6189, 6190, 6191) 8281.0
(6103, 6104, 6105) 8149.0
(51, 52, 53) 9466.0
(8713, 8714, 8715) 8799.0
(9411, 9412, 9413) 8891.0
(6164, 6165, 6166) 8823.0
(9201, 9202, 9203) 9187.0
(6342, 6343, 6344) 8438.0
(2885, 2886, 2887) 8804.0
(9052, 9053, 9054) 8187.0
(4926, 4927, 4928) 7828.0
(692, 693, 694) 8988.0
(616, 617, 618) 7238.0
(5324, 5325, 5326) 9100.0
(6799, 6800, 6801) 7974.0
(1418, 1419, 1420) 8034.0
(3367, 3368, 3369) 9227.0
(347, 348, 349) 8081.0
(4434, 4435, 4436) 10162.0
(1261, 1262, 1263) 7787.0
(8861, 8862, 8863) 7862.0
(4570, 4571, 4572) 7047.0
(4075, 4076, 4077) 8333.0
(7189, 7190, 7191) 8852.0
(3386, 3387, 3388) 7584.0
(1310, 1311, 1312) 8074.0
(6340, 6341, 6342) 9705.0
(9259, 9260, 9261) 9096.0
(8715, 8716, 8717) 7173.0
(6313, 6314, 6315) 8812.0
(8670, 8671, 8672) 7892.0
(5155, 5156, 5157) 11052.0
(9500, 9501, 9502) 9242.0
(8575, 8576, 8577) 7741.0
(6729, 6730, 6731) 8094.0
(9480, 9481, 9482) 10663.0
(5953, 5954, 5955) 8249.0
(9867, 9868, 9869) 7941.0
(6520, 6521, 6522) 8527.0
(5315, 5316, 5317) 8344.0
(8444, 8445, 8446) 8864.0
(7851, 7852, 7853) 9697.0
(5520, 5521, 5522) 8621.0
(9537, 9538, 9539) 7216.0
(5044, 5045, 5046) 8032.0
(4632, 4633, 4634) 7995.0
(3412, 3413, 3414) 7801.0
(1815, 1816, 1817) 8671.0
(3219, 3220, 3221) 8694.0
(3675, 3676, 3677) 8393.0
(5199, 5200, 5201) 7862.0
(4048, 4049, 4050) 8044.0
(8027, 8028, 8029) 8142.0
(4719, 4720, 4721) 8116.0
(3697, 3698, 3699) 8563.0
(7464, 7465, 7466) 8245.0
(1189, 1190, 1191) 7931.0
(1831, 1832, 1833) 7372.0
(9781, 9782, 9783) 7936.0
(1814, 1815, 1816) 8379.0
(7487, 7488, 7489) 7830.0
(6571, 6572, 6573) 7508.0
(1565, 1566, 1567) 7825.0
(5526, 5527, 5528) 7903.0
(9579, 9580, 9581) 10483.0
(4123, 4124, 4125) 8199.0
(642, 643, 644) 9103.0
(9280, 9281, 9282) 8801.0
(2636, 2637, 2638) 7857.0
(5367, 5368, 5369) 8332.0
(85, 86, 87) 9479.0
(9434, 9435, 9436) 8508.0
(5448, 5449, 5450) 8339.0
(2929, 2930, 2931) 10239.0
(5037, 5038, 5039) 8596.0
(742, 743, 744) 8657.0
(5982, 5983, 5984) 9435.0
(2677, 2678, 2679) 8590.0
(8432, 8433, 8434) 9756.0
(8448, 8449, 8450) 8211.0
(1198, 1199, 1200) 8292.0
(2428, 2429, 2430) 8391.0
(5122, 5123, 5124) 7784.0
(291, 292, 293) 8151.0
(9236, 9237, 9238) 8099.0
(2209, 2210, 2211) 8000.0
(5729, 5730, 5731) 8420.0
(3542, 3543, 3544) 7552.0
(3648, 3649, 3650) 7604.0
(1546, 1547, 1548) 7344.0
(8934, 8935, 8936) 8980.0
(4686, 4687, 4688) 7106.0
(3522, 3523, 3524) 8334.0
(9914, 9915, 9916) 9711.0
(8139, 8140, 8141) 8067.0
(5652, 5653, 5654) 8406.0
(6490, 6491, 6492) 7720.0
(675, 676, 677) 8310.0
(1666, 1667, 1668) 8919.0
(4556, 4557, 4558) 9242.0
(4039, 4040, 4041) 7383.0
(8152, 8153, 8154) 9295.0
(6484, 6485, 6486) 10019.0
(1546, 1547, 1548) 7344.0
(2998, 2999, 3000) 8344.0
(25, 26, 27) 9118.0
(9762, 9763, 9764) 7971.0
(603, 604, 605) 10367.0
(5690, 5691, 5692) 8235.0
(6506, 6507, 6508) 8131.0
(638, 639, 640) 8030.0
(662, 663, 664) 7905.0
(1552, 1553, 1554) 8245.0
(4631, 4632, 4633) 7957.0
(1990, 1991, 1992) 7877.0
(2881, 2882, 2883) 7120.0
(9191, 9192, 9193) 9006.0
(2908, 2909, 2910) 9303.0
(8789, 8790, 8791) 7705.0
(9272, 9273, 9274) 8413.0
(1619, 1620, 1621) 7670.0
(6451, 6452, 6453) 9597.0
(6553, 6554, 6555) 8717.0
(2765, 2766, 2767) 7834.0
(4705, 4706, 4707) 8399.0
(6768, 6769, 6770) 7971.0
(9297, 9298, 9299) 8398.0
(1183, 1184, 1185) 8446.0
(5659, 5660, 5661) 8661.0
(8386, 8387, 8388) 8409.0
(2419, 2420, 2421) 9025.0
(4973, 4974, 4975) 9530.0
(5247, 5248, 5249) 8792.0
(6964, 6965, 6966) 7762.0
(1881, 1882, 1883) 9149.0
(6531, 6532, 6533) 8825.0
(9018, 9019, 9020) 9108.0
(9587, 9588, 9589) 9912.0
(2303, 2304, 2305) 7878.0
(240, 241, 242) 7150.0
(8494, 8495, 8496) 8286.0
(9535, 9536, 9537) 7955.0
(9455, 9456, 9457) 8169.0
(2349, 2350, 2351) 9926.0
(7532, 7533, 7534) 7580.0
(3519, 3520, 3521) 7281.0
(9322, 9323, 9324) 9491.0
(6661, 6662, 6663) 8494.0
(8961, 8962, 8963) 10532.0
(3899, 3900, 3901) 8538.0
(150, 151, 152) 8627.0
(1803, 1804, 1805) 9108.0
(2358, 2359, 2360) 9144.0
(4810, 4811, 4812) 8228.0
(4450, 4451, 4452) 9406.0
(7942, 7943, 7944) 9576.0
(3738, 3739, 3740) 10568.0
(5423, 5424, 5425) 10140.0
(362, 363, 364) 9856.0
(4238, 4239, 4240) 7907.0
(7277, 7278, 7279) 8978.0
(34, 35, 36) 9135.0
(8017, 8018, 8019) 7808.0
(6628, 6629, 6630) 9202.0
(7371, 7372, 7373) 7459.0
(5638, 5639, 5640) 8713.0
(1245, 1246, 1247) 8371.0
(2279, 2280, 2281) 7730.0
(3917, 3918, 3919) 7877.0
(1091, 1092, 1093) 8802.0
(855, 856, 857) 7249.0
(1723, 1724, 1725) 8501.0
(8558, 8559, 8560) 8545.0
(8907, 8908, 8909) 8461.0
(9461, 9462, 9463) 8545.0
(3981, 3982, 3983) 8153.0
(3142, 3143, 3144) 8048.0
(8213, 8214, 8215) 8528.0
(4584, 4585, 4586) 8753.0
(594, 595, 596) 9834.0
(8888, 8889, 8890) 8126.0
(9732, 9733, 9734) 7564.0
(2753, 2754, 2755) 9198.0
(4140, 4141, 4142) 8809.0
(1254, 1255, 1256) 8421.0
(9688, 9689, 9690) 8667.0
(2342, 2343, 2344) 7158.0
(5063, 5064, 5065) 8231.0
(9848, 9849, 9850) 8437.0
(8376, 8377, 8378) 7324.0
(4096, 4097, 4098) 7688.0
(2708, 2709, 2710) 8484.0
(301, 302, 303) 8010.0
(9231, 9232, 9233) 8389.0
(2680, 2681, 2682) 7958.0
(9868, 9869, 9870) 7762.0
(2912, 2913, 2914) 8048.0
(4631, 4632, 4633) 7957.0
(8045, 8046, 8047) 7335.0
(2832, 2833, 2834) 8008.0
(2076, 2077, 2078) 7517.0
(7967, 7968, 7969) 10566.0
(1101, 1102, 1103) 8759.0
(4434, 4435, 4436) 10162.0
(1107, 1108, 1109) 7597.0
(2979, 2980, 2981) 9540.0
(8453, 8454, 8455) 8446.0
(7499, 7500, 7501) 7914.0
(4979, 4980, 4981) 8268.0
(1432, 1433, 1434) 7619.0
(3494, 3495, 3496) 9082.0
(7281, 7282, 7283) 8258.0
(1858, 1859, 1860) 9176.0
(4937, 4938, 4939) 8110.0
(755, 756, 757) 7904.0
(509, 510, 511) 8521.0
(1248, 1249, 1250) 8027.0
(1159, 1160, 1161) 9419.0
(6521, 6522, 6523) 7544.0
(1902, 1903, 1904) 8087.0
(1037, 1038, 1039) 7459.0
(3250, 3251, 3252) 7786.0
(1819, 1820, 1821) 7979.0
(7349, 7350, 7351) 8761.0
(6246, 6247, 6248) 7861.0
(1179, 1180, 1181) 7337.0
(5980, 5981, 5982) 9027.0
(3526, 3527, 3528) 8313.0
(2968, 2969, 2970) 9861.0
(6469, 6470, 6471) 8038.0
(9174, 9175, 9176) 8069.0
(1651, 1652, 1653) 8936.0
(468, 469, 470) 6866.0
(4870, 4871, 4872) 7908.0
(8838, 8839, 8840) 6850.0
(4295, 4296, 4297) 8110.0
(670, 671, 672) 9153.0
(9176, 9177, 9178) 8397.0
(6016, 6017, 6018) 7803.0
(6391, 6392, 6393) 7223.0
(9057, 9058, 9059) 7784.0
(5769, 5770, 5771) 9285.0
(2966, 2967, 2968) 9098.0
(261, 262, 263) 8879.0
(9985, 9986, 9987) 7489.0
(7650, 7651, 7652) 8055.0
(4543, 4544, 4545) 8519.0
(3872, 3873, 3874) 11035.0
(5891, 5892, 5893) 7416.0
(5072, 5073, 5074) 8188.0
(7126, 7127, 7128) 9047.0
(6415, 6416, 6417) 7967.0
(6217, 6218, 6219) 8724.0
(7107, 7108, 7109) 8456.0
(239, 240, 241) 9091.0
(3453, 3454, 3455) 9420.0
(4846, 4847, 4848) 8892.0
(5523, 5524, 5525) 8469.0
(2420, 2421, 2422) 10256.0
(1057, 1058, 1059) 8600.0
(5004, 5005, 5006) 7452.0
(4214, 4215, 4216) 8425.0
(5960, 5961, 5962) 9889.0
(668, 669, 670) 8051.0
(487, 488, 489) 7557.0
(9456, 9457, 9458) 8571.0
(7837, 7838, 7839) 7878.0
(7453, 7454, 7455) 7889.0
(5963, 5964, 5965) 8069.0
(7163, 7164, 7165) 8751.0
(5091, 5092, 5093) 8405.0
(6102, 6103, 6104) 8715.0
(7309, 7310, 7311) 8249.0
(3268, 3269, 3270) 8200.0
(4775, 4776, 4777) 9105.0
(8353, 8354, 8355) 8989.0
(1044, 1045, 1046) 8689.0
(5495, 5496, 5497) 8789.0
(2738, 2739, 2740) 7916.0
(6321, 6322, 6323) 8279.0
(1792, 1793, 1794) 7305.0
(2683, 2684, 2685) 7754.0
(5775, 5776, 5777) 7463.0
(9123, 9124, 9125) 8579.0
(1303, 1304, 1305) 10961.0
(8746, 8747, 8748) 7734.0
(4689, 4690, 4691) 7822.0
(3693, 3694, 3695) 7337.0
(7967, 7968, 7969) 10566.0
(8338, 8339, 8340) 9029.0
(4426, 4427, 4428) 7382.0
(9938, 9939, 9940) 9471.0
(7397, 7398, 7399) 8725.0
(1488, 1489, 1490) 7842.0
(9950, 9951, 9952) 9037.0
(6013, 6014, 6015) 8760.0
(8611, 8612, 8613) 7536.0
(316, 317, 318) 7614.0
(2996, 2997, 2998) 6935.0
(4996, 4997, 4998) 8147.0
(8849, 8850, 8851) 7672.0
(8841, 8842, 8843) 7866.0
(5065, 5066, 5067) 9077.0
(8878, 8879, 8880) 7961.0
(9098, 9099, 9100) 8114.0
(1681, 1682, 1683) 8128.0
(3379, 3380, 3381) 7756.0
(3881, 3882, 3883) 7464.0
(8337, 8338, 8339) 7388.0
(4848, 4849, 4850) 7852.0
(6425, 6426, 6427) 8372.0
(63, 64, 65) 7561.0
(6505, 6506, 6507) 8236.0
(6833, 6834, 6835) 6909.0
(4733, 4734, 4735) 9809.0
(5398, 5399, 5400) 10826.0
(7135, 7136, 7137) 8565.0
(7068, 7069, 7070) 8113.0
(9725, 9726, 9727) 7736.0
(7500, 7501, 7502) 8701.0
(810, 811, 812) 8868.0
(735, 736, 737) 8772.0
(3220, 3221, 3222) 7663.0
(1179, 1180, 1181) 7337.0
(5400, 5401, 5402) 8677.0
(9455, 9456, 9457) 8169.0
(6569, 6570, 6571) 8128.0
(8613, 8614, 8615) 8502.0
(6772, 6773, 6774) 7466.0
(1668, 1669, 1670) 8865.0
(7487, 7488, 7489) 7830.0
(2300, 2301, 2302) 8080.0
(7475, 7476, 7477) 8145.0
(5838, 5839, 5840) 8325.0
(7374, 7375, 7376) 8838.0
(9195, 9196, 9197) 8944.0
(9575, 9576, 9577) 8805.0
(1197, 1198, 1199) 8589.0
(4662, 4663, 4664) 8206.0
(4626, 4627, 4628) 8504.0
(3800, 3801, 3802) 8362.0
(9647, 9648, 9649) 8553.0
(7575, 7576, 7577) 7216.0
(3668, 3669, 3670) 7532.0
(3707, 3708, 3709) 7556.0
(5221, 5222, 5223) 8932.0
(109, 110, 111) 8768.0
(6506, 6507, 6508) 8131.0
(1, 2, 3) 9729.0
(6195, 6196, 6197) 8495.0
(2440, 2441, 2442) 8028.0
(7143, 7144, 7145) 9445.0
(2170, 2171, 2172) 7718.0
(6994, 6995, 6996) 8979.0
(2659, 2660, 2661) 11138.0
(8630, 8631, 8632) 7724.0
(6972, 6973, 6974) 9651.0
(278, 279, 280) 8839.0
(5639, 5640, 5641) 9110.0
(4690, 4691, 4692) 7222.0
(1384, 1385, 1386) 7799.0
(9991, 9992, 9993) 8806.0
(6693, 6694, 6695) 6771.0
(6762, 6763, 6764) 8025.0
(8184, 8185, 8186) 8977.0
(9361, 9362, 9363) 8880.0
(6007, 6008, 6009) 9168.0
(6942, 6943, 6944) 8491.0
(4557, 4558, 4559) 8735.0
(8469, 8470, 8471) 10102.0
(4303, 4304, 4305) 9376.0
(3585, 3586, 3587) 8555.0
(8783, 8784, 8785) 7718.0
(2992, 2993, 2994) 8270.0
(7847, 7848, 7849) 9205.0
(1363, 1364, 1365) 7318.0
(9108, 9109, 9110) 9955.0
(7852, 7853, 7854) 8079.0
(9923, 9924, 9925) 7430.0
(9685, 9686, 9687) 8666.0
(6508, 6509, 6510) 6829.0
(9454, 9455, 9456) 7830.0
(7041, 7042, 7043) 10239.0
(6799, 6800, 6801) 7974.0
(3953, 3954, 3955) 9051.0
(2362, 2363, 2364) 7389.0
(5828, 5829, 5830) 7300.0
(415, 416, 417) 8243.0
(7891, 7892, 7893) 7946.0
(130, 131, 132) 9786.0
(3585, 3586, 3587) 8555.0
(6791, 6792, 6793) 8514.0
(5698, 5699, 5700) 8254.0
(1882, 1883, 1884) 9147.0
(5668, 5669, 5670) 8148.0
(2690, 2691, 2692) 8086.0
(3808, 3809, 3810) 9224.0
(1666, 1667, 1668) 8919.0
(2351, 2352, 2353) 8364.0
(793, 794, 795) 7335.0
(5893, 5894, 5895) 7403.0
(5961, 5962, 5963) 8803.0
(9419, 9420, 9421) 9453.0
(4614, 4615, 4616) 7098.0
(151, 152, 153) 7934.0
(3768, 3769, 3770) 7269.0
(1952, 1953, 1954) 7522.0
(1488, 1489, 1490) 7842.0
(1968, 1969, 1970) 9619.0
(6478, 6479, 6480) 9977.0
(8728, 8729, 8730) 8332.0
(5270, 5271, 5272) 9349.0
(705, 706, 707) 7559.0
(9733, 9734, 9735) 10293.0
(1441, 1442, 1443) 8176.0
(5914, 5915, 5916) 8057.0
(5004, 5005, 5006) 7452.0
(5934, 5935, 5936) 8208.0
(4276, 4277, 4278) 8592.0
(5733, 5734, 5735) 7628.0
(2463, 2464, 2465) 9292.0
(1299, 1300, 1301) 7438.0
(8983, 8984, 8985) 8485.0
(9990, 9991, 9992) 8954.0
(9091, 9092, 9093) 8184.0
(4799, 4800, 4801) 9068.0
(632, 633, 634) 8374.0
(7891, 7892, 7893) 7946.0
(2942, 2943, 2944) 7820.0
(8121, 8122, 8123) 8243.0
(2892, 2893, 2894) 8296.0
(5610, 5611, 5612) 7254.0
(9504, 9505, 9506) 7342.0
(5453, 5454, 5455) 9184.0
(544, 545, 546) 9604.0
(1214, 1215, 1216) 7485.0
(1324, 1325, 1326) 7849.0
(7212, 7213, 7214) 9587.0
(9971, 9972, 9973) 8707.0
(2720, 2721, 2722) 7814.0
(5512, 5513, 5514) 7918.0
(2246, 2247, 2248) 8852.0
(3448, 3449, 3450) 8186.0
(3764, 3765, 3766) 8210.0
(7276, 7277, 7278) 9148.0
(1318, 1319, 1320) 8463.0
(4672, 4673, 4674) 7933.0
(2002, 2003, 2004) 7827.0
(4490, 4491, 4492) 7853.0
(9260, 9261, 9262) 8640.0
(4299, 4300, 4301) 8852.0
(3364, 3365, 3366) 9988.0
(3132, 3133, 3134) 8917.0
(8181, 8182, 8183) 8859.0
(1809, 1810, 1811) 8877.0
(5072, 5073, 5074) 8188.0
(483, 484, 485) 8993.0
(5267, 5268, 5269) 7064.0
(1399, 1400, 1401) 8601.0
(1477, 1478, 1479) 8534.0
(8064, 8065, 8066) 8135.0
(85, 86, 87) 9479.0
(688, 689, 690) 6950.0
(9442, 9443, 9444) 9169.0
(2548, 2549, 2550) 6957.0
(9918, 9919, 9920) 8056.0
(5808, 5809, 5810) 9397.0
(9598, 9599, 9600) 9734.0
(875, 876, 877) 6826.0
(5700, 5701, 5702) 9728.0
(1341, 1342, 1343) 8693.0
(6280, 6281, 6282) 7613.0
(7963, 7964, 7965) 8800.0
(1605, 1606, 1607) 8102.0
(816, 817, 818) 8036.0
(2756, 2757, 2758) 8030.0
(8216, 8217, 8218) 8882.0
(1125, 1126, 1127) 8668.0
(6676, 6677, 6678) 9638.0
(6634, 6635, 6636) 9086.0
(1267, 1268, 1269) 8771.0
(8191, 8192, 8193) 7370.0
(7784, 7785, 7786) 7264.0
(4454, 4455, 4456) 7867.0
(2237, 2238, 2239) 7580.0
(6008, 6009, 6010) 7923.0
(262, 263, 264) 8386.0
(1005, 1006, 1007) 7938.0
(8244, 8245, 8246) 8737.0
(6567, 6568, 6569) 8732.0
(2029, 2030, 2031) 9178.0
(4380, 4381, 4382) 7299.0
(9507, 9508, 9509) 8384.0
(8198, 8199, 8200) 8614.0
(8891, 8892, 8893) 9740.0
(6936, 6937, 6938) 7994.0
(2929, 2930, 2931) 10239.0
(6719, 6720, 6721) 9852.0
(2380, 2381, 2382) 8825.0
(7538, 7539, 7540) 8818.0
(7526, 7527, 7528) 8381.0
(8519, 8520, 8521) 7205.0
(6559, 6560, 6561) 9285.0
(8579, 8580, 8581) 8207.0
(8155, 8156, 8157) 8571.0
(619, 620, 621) 9666.0
(5013, 5014, 5015) 8185.0
(7658, 7659, 7660) 9151.0
(3540, 3541, 3542) 7070.0
(159, 160, 161) 7844.0
(840, 841, 842) 8503.0
(6367, 6368, 6369) 7942.0
(5396, 5397, 5398) 7226.0
(3216, 3217, 3218) 9093.0
(8324, 8325, 8326) 9850.0
(8682, 8683, 8684) 8635.0
(1387, 1388, 1389) 9215.0
(3022, 3023, 3024) 7709.0
(3995, 3996, 3997) 8233.0
(1086, 1087, 1088) 7469.0
(7432, 7433, 7434) 7898.0
(8987, 8988, 8989) 7947.0
(9185, 9186, 9187) 8986.0
(6965, 6966, 6967) 7805.0
(9269, 9270, 9271) 8492.0
(8833, 8834, 8835) 8057.0
(410, 411, 412) 8862.0
(5633, 5634, 5635) 8702.0
(1117, 1118, 1119) 7576.0
(1331, 1332, 1333) 7119.0
(7523, 7524, 7525) 8317.0
(6618, 6619, 6620) 10162.0
(9603, 9604, 9605) 8483.0
(5628, 5629, 5630) 9540.0
(1523, 1524, 1525) 10123.0
(9824, 9825, 9826) 8827.0
(278, 279, 280) 8839.0
(9314, 9315, 9316) 8464.0
(1255, 1256, 1257) 7271.0
(8773, 8774, 8775) 8419.0
(1190, 1191, 1192) 7332.0
(4452, 4453, 4454) 7840.0
(6769, 6770, 6771) 7363.0
(4875, 4876, 4877) 7259.0
(6274, 6275, 6276) 7712.0
(5933, 5934, 5935) 7872.0
(9544, 9545, 9546) 8346.0
(9159, 9160, 9161) 9110.0
(5154, 5155, 5156) 8792.0
(3378, 3379, 3380) 8025.0
(6907, 6908, 6909) 8210.0
(8330, 8331, 8332) 9485.0
(9704, 9705, 9706) 7981.0
(7877, 7878, 7879) 8110.0
(7023, 7024, 7025) 7856.0
(9965, 9966, 9967) 9141.0
(4569, 4570, 4571) 8744.0
(9777, 9778, 9779) 8835.0
(6887, 6888, 6889) 7872.0
(1071, 1072, 1073) 9216.0
(3906, 3907, 3908) 8894.0
(2425, 2426, 2427) 7749.0
(578, 579, 580) 7644.0
(1645, 1646, 1647) 7537.0
(716, 717, 718) 8677.0
(9277, 9278, 9279) 8666.0
(2637, 2638, 2639) 8588.0
(164, 165, 166) 8661.0
(9150, 9151, 9152) 7478.0
(9611, 9612, 9613) 8807.0
(8191, 8192, 8193) 7370.0
(686, 687, 688) 8162.0
(9449, 9450, 9451) 7690.0
(9052, 9053, 9054) 8187.0
(8828, 8829, 8830) 6993.0
(2918, 2919, 2920) 7420.0
(2324, 2325, 2326) 8811.0
(1454, 1455, 1456) 8772.0
(8063, 8064, 8065) 8455.0
(7738, 7739, 7740) 9638.0
(5728, 5729, 5730) 8135.0
(5433, 5434, 5435) 8092.0
(862, 863, 864) 8974.0
(1643, 1644, 1645) 8041.0
(3880, 3881, 3882) 8763.0
(8708, 8709, 8710) 8586.0
(5126, 5127, 5128) 7611.0
(6328, 6329, 6330) 8484.0
(9844, 9845, 9846) 9015.0
(5026, 5027, 5028) 8341.0
(7514, 7515, 7516) 8746.0
(2780, 2781, 2782) 8261.0
(4744, 4745, 4746) 9624.0
(3474, 3475, 3476) 9721.0
(2479, 2480, 2481) 7659.0
(7462, 7463, 7464) 6400.0
(9307, 9308, 9309) 10398.0
(649, 650, 651) 8800.0
(6355, 6356, 6357) 7495.0
(8092, 8093, 8094) 9103.0
(5781, 5782, 5783) 8868.0
(9625, 9626, 9627) 9261.0
(2046, 2047, 2048) 6963.0
(8906, 8907, 8908) 7975.0
(8478, 8479, 8480) 7225.0
(207, 208, 209) 9645.0
(379, 380, 381) 11102.0
(4579, 4580, 4581) 8693.0
(7829, 7830, 7831) 8462.0
(5117, 5118, 5119) 7651.0
(4164, 4165, 4166) 8205.0
(4682, 4683, 4684) 8428.0
(2567, 2568, 2569) 9793.0
(876, 877, 878) 8106.0
(6364, 6365, 6366) 6910.0
(8620, 8621, 8622) 10789.0
(7412, 7413, 7414) 7727.0
(8044, 8045, 8046) 7229.0
(245, 246, 247) 7400.0
(7948, 7949, 7950) 7577.0
(7252, 7253, 7254) 8491.0
(3023, 3024, 3025) 10786.0
(6507, 6508, 6509) 8795.0
(7564, 7565, 7566) 8825.0
(485, 486, 487) 8756.0
(1224, 1225, 1226) 7592.0
(6852, 6853, 6854) 8379.0
(9999, 10000, 10001) 8213.0
(6438, 6439, 6440) 8039.0
(2514, 2515, 2516) 8430.0
(4007, 4008, 4009) 8031.0
(1686, 1687, 1688) 9654.0
(9121, 9122, 9123) 8053.0
(1899, 1900, 1901) 8124.0
(8713, 8714, 8715) 8799.0
(8459, 8460, 8461) 7940.0
(1317, 1318, 1319) 8294.0
(630, 631, 632) 7131.0
(9020, 9021, 9022) 7044.0
(5759, 5760, 5761) 7625.0
(2786, 2787, 2788) 8734.0
(2661, 2662, 2663) 8146.0
(9571, 9572, 9573) 7734.0
(8351, 8352, 8353) 8140.0
(2791, 2792, 2793) 7828.0
(8561, 8562, 8563) 10415.0
(6578, 6579, 6580) 8024.0
(2727, 2728, 2729) 8608.0
(2495, 2496, 2497) 11040.0
(4840, 4841, 4842) 7201.0
(777, 778, 779) 9118.0
(3760, 3761, 3762) 8484.0
(6174, 6175, 6176) 8348.0
(1846, 1847, 1848) 7812.0
(8962, 8963, 8964) 8936.0
(1527, 1528, 1529) 7929.0
(7492, 7493, 7494) 8286.0
(965, 966, 967) 7968.0
(4041, 4042, 4043) 9577.0
(298, 299, 300) 8475.0
(4946, 4947, 4948) 8828.0
(590, 591, 592) 7109.0
(636, 637, 638) 8931.0
(3866, 3867, 3868) 8017.0
(4137, 4138, 4139) 8271.0
(9123, 9124, 9125) 8579.0
(143, 144, 145) 8931.0
(762, 763, 764) 8504.0
(2428, 2429, 2430) 8391.0
(4085, 4086, 4087) 9094.0
(8750, 8751, 8752) 7450.0
(5794, 5795, 5796) 7757.0
(74, 75, 76) 8896.0
(8413, 8414, 8415) 7769.0
(2990, 2991, 2992) 8619.0
(6740, 6741, 6742) 8390.0
(3656, 3657, 3658) 8534.0
(4516, 4517, 4518) 10326.0
(4846, 4847, 4848) 8892.0
(4118, 4119, 4120) 8039.0
(4214, 4215, 4216) 8425.0
(5985, 5986, 5987) 8465.0
(8801, 8802, 8803) 7931.0
(363, 364, 365) 7679.0
(7871, 7872, 7873) 7930.0
(7717, 7718, 7719) 7272.0
(2131, 2132, 2133) 9472.0
(4127, 4128, 4129) 7704.0
(8548, 8549, 8550) 8856.0
(2631, 2632, 2633) 9718.0
(685, 686, 687) 7050.0
(4786, 4787, 4788) 8143.0
(4437, 4438, 4439) 9337.0
(3697, 3698, 3699) 8563.0
(6590, 6591, 6592) 8525.0
(524, 525, 526) 11274.0
(551, 552, 553) 8354.0
(4864, 4865, 4866) 7490.0
(8924, 8925, 8926) 8291.0
(5437, 5438, 5439) 7595.0
(8239, 8240, 8241) 7580.0
(2611, 2612, 2613) 7911.0
(6615, 6616, 6617) 8182.0
(1023, 1024, 1025) 8162.0
(8831, 8832, 8833) 8297.0
(8378, 8379, 8380) 8001.0
(47, 48, 49) 7939.0
(8545, 8546, 8547) 7733.0
(9093, 9094, 9095) 7751.0
(2263, 2264, 2265) 9623.0
(2039, 2040, 2041) 7682.0
(2122, 2123, 2124) 8066.0
(5829, 5830, 5831) 9334.0
(2397, 2398, 2399) 7734.0
(4151, 4152, 4153) 7339.0
(6318, 6319, 6320) 8324.0
(9103, 9104, 9105) 8482.0
(2764, 2765, 2766) 7574.0
(1738, 1739, 1740) 7576.0
(8252, 8253, 8254) 7408.0
(9118, 9119, 9120) 9126.0
(9837, 9838, 9839) 9233.0
(9641, 9642, 9643) 10888.0
(367, 368, 369) 8224.0
(1904, 1905, 1906) 7754.0
(4928, 4929, 4930) 8365.0
(5835, 5836, 5837) 8244.0
(301, 302, 303) 8010.0
(6406, 6407, 6408) 7517.0
(4042, 4043, 4044) 7509.0
(9007, 9008, 9009) 8355.0
(5690, 5691, 5692) 8235.0
(9329, 9330, 9331) 7679.0
(2120, 2121, 2122) 7171.0
(5604, 5605, 5606) 7904.0
(5354, 5355, 5356) 7372.0
(3211, 3212, 3213) 8215.0
(9211, 9212, 9213) 8441.0
(2305, 2306, 2307) 8501.0
(9784, 9785, 9786) 7649.0
(6033, 6034, 6035) 7034.0
(1095, 1096, 1097) 7742.0
(5445, 5446, 5447) 8152.0
(1979, 1980, 1981) 7530.0
(3423, 3424, 3425) 7723.0
(9197, 9198, 9199) 6920.0
(3978, 3979, 3980) 8747.0
(2461, 2462, 2463) 8228.0
(6081, 6082, 6083) 7907.0
(6364, 6365, 6366) 6910.0
(4804, 4805, 4806) 8797.0
(7977, 7978, 7979) 7299.0
(1325, 1326, 1327) 8654.0
(8635, 8636, 8637) 7581.0
(1873, 1874, 1875) 8895.0
(6072, 6073, 6074) 7903.0
(4263, 4264, 4265) 7499.0
(1896, 1897, 1898) 8080.0
(8733, 8734, 8735) 9237.0
(4999, 5000, 5001) 7095.0
(8955, 8956, 8957) 9072.0
