(3870, 3871, 3872) 8393.0
(7659, 7660, 7661) 7376.0
(5241, 5242, 5243) 8235.0
(9878, 9879, 9880) 8273.0
(6572, 6573, 6574) 7662.0
(8936, 8937, 8938) 7570.0
(1338, 1339, 1340) 9038.0
(3947, 3948, 3949) 7763.0
(8431, 8432, 8433) 8729.0
(5752, 5753, 5754) 9251.0
(7424, 7425, 7426) 7667.0
(3276, 3277, 3278) 8334.0
(5136, 5137, 5138) 9436.0
(4963, 4964, 4965) 9209.0
(1349, 1350, 1351) 7884.0
(9477, 9478, 9479) 9143.0
(3748, 3749, 3750) 8132.0
(7312, 7313, 7314) 8439.0
(6163, 6164, 6165) 8736.0
(2677, 2678, 2679) 8873.0
(9996, 9997, 9998) 9850.0
(153, 154, 155) 8398.0
(8489, 8490, 8491) 10217.0
(6370, 6371, 6372) 8167.0
(1285, 1286, 1287) 8152.0
(9176, 9177, 9178) 8502.0
(1992, 1993, 1994) 8226.0
(5691, 5692, 5693) 7824.0
(2278, 2279, 2280) 8326.0
(6498, 6499, 6500) 7925.0
(2637, 2638, 2639) 8703.0
(7771, 7772, 7773) 8907.0
(1517, 1518, 1519) 9260.0
(1263, 1264, 1265) 10223.0
(5328, 5329, 5330) 7818.0
(2734, 2735, 2736) 7800.0
(9145, 9146, 9147) 8582.0
(4491, 4492, 4493) 7171.0
(469, 470, 471) 10223.0
(3488, 3489, 3490) 8831.0
(4928, 4929, 4930) 8188.0
(116, 117, 118) 8687.0
(8455, 8456, 8457) 10164.0
(174, 175, 176) 7506.0
(2537, 2538, 2539) 8269.0
(8516, 8517, 8518) 8558.0
(5116, 5117, 5118) 8075.0
(584, 585, 586) 8098.0
(3517, 3518, 3519) 9039.0
(2696, 2697, 2698) 10002.0
(4119, 4120, 4121) 8943.0
(3240, 3241, 3242) 7356.0
(8833, 8834, 8835) 8345.0
(7859, 7860, 7861) 8519.0
(6055, 6056, 6057) 9190.0
(2260, 2261, 2262) 9647.0
(5932, 5933, 5934) 7802.0
(4126, 4127, 4128) 8228.0
(6939, 6940, 6941) 8810.0
(6236, 6237, 6238) 10056.0
(5764, 5765, 5766) 8535.0
(1993, 1994, 1995) 8981.0
(716, 717, 718) 8613.0
(7454, 7455, 7456) 8858.0
(3766, 3767, 3768) 8970.0
(8742, 8743, 8744) 7896.0
(3074, 3075, 3076) 8235.0
(1009, 1010, 1011) 8371.0
(72, 73, 74) 9015.0
(1540, 1541, 1542) 7440.0
(7215, 7216, 7217) 9391.0
(5969, 5970, 5971) 8342.0
(9399, 9400, 9401) 6770.0
(6531, 6532, 6533) 9003.0
(2850, 2851, 2852) 8085.0
(1729, 1730, 1731) 10225.0
(4811, 4812, 4813) 10529.0
(857, 858, 859) 9728.0
(6187, 6188, 6189) 7266.0
(555, 556, 557) 8578.0
(1992, 1993, 1994) 8226.0
(6749, 6750, 6751) 7802.0
(4149, 4150, 4151) 7540.0
(9528, 9529, 9530) 8247.0
(3224, 3225, 3226) 8138.0
(3350, 3351, 3352) 9327.0
(1208, 1209, 1210) 8656.0
(9099, 9100, 9101) 10127.0
(5872, 5873, 5874) 9337.0
(1986, 1987, 1988) 8141.0
(4479, 4480, 4481) 8321.0
(3148, 3149, 3150) 8888.0
(6789, 6790, 6791) 9814.0
(7404, 7405, 7406) 9029.0
(8859, 8860, 8861) 11314.0
(3260, 3261, 3262) 8654.0
(3997, 3998, 3999) 7957.0
(9355, 9356, 9357) 8136.0
(8354, 8355, 8356) 8892.0
(8518, 8519, 8520) 8945.0
(6369, 6370, 6371) 8823.0
(9085, 9086, 9087) 8589.0
(5781, 5782, 5783) 9039.0
(4764, 4765, 4766) 8895.0
(4372, 4373, 4374) 7676.0
(6508, 6509, 6510) 6857.0
(8487, 8488, 8489) 9272.0
(3852, 3853, 3854) 8611.0
(4295, 4296, 4297) 8137.0
(1592, 1593, 1594) 7814.0
(1867, 1868, 1869) 9504.0
(4423, 4424, 4425) 8358.0
(6526, 6527, 6528) 7925.0
(8651, 8652, 8653) 9053.0
(3915, 3916, 3917) 8236.0
(6655, 6656, 6657) 7684.0
(8845, 8846, 8847) 9213.0
(3744, 3745, 3746) 8321.0
(784, 785, 786) 8357.0
(3857, 3858, 3859) 9252.0
(5041, 5042, 5043) 7898.0
(8567, 8568, 8569) 9072.0
(902, 903, 904) 7614.0
(5878, 5879, 5880) 8605.0
(333, 334, 335) 8415.0
(842, 843, 844) 8689.0
(1311, 1312, 1313) 8759.0
(1728, 1729, 1730) 8577.0
(3389, 3390, 3391) 8218.0
(1280, 1281, 1282) 8437.0
(2972, 2973, 2974) 7977.0
(4213, 4214, 4215) 7578.0
(7128, 7129, 7130) 8264.0
(626, 627, 628) 9405.0
(7012, 7013, 7014) 8839.0
(1661, 1662, 1663) 10638.0
(213, 214, 215) 10469.0
(3378, 3379, 3380) 8465.0
(6366, 6367, 6368) 7433.0
(4948, 4949, 4950) 7325.0
(6279, 6280, 6281) 8694.0
(5471, 5472, 5473) 7122.0
(6648, 6649, 6650) 8585.0
(6072, 6073, 6074) 8197.0
(225, 226, 227) 7627.0
(829, 830, 831) 8122.0
(7512, 7513, 7514) 8431.0
(28, 29, 30) 6952.0
(1595, 1596, 1597) 11050.0
(6277, 6278, 6279) 9372.0
(5486, 5487, 5488) 7831.0
(8997, 8998, 8999) 9558.0
(229, 230, 231) 11290.0
(5750, 5751, 5752) 8214.0
(6437, 6438, 6439) 9156.0
(8621, 8622, 8623) 8985.0
(3080, 3081, 3082) 8178.0
(7195, 7196, 7197) 8062.0
(8161, 8162, 8163) 8129.0
(3260, 3261, 3262) 8654.0
(4703, 4704, 4705) 7807.0
(172, 173, 174) 8067.0
(6742, 6743, 6744) 8703.0
(2006, 2007, 2008) 8300.0
(3505, 3506, 3507) 7077.0
(8950, 8951, 8952) 9285.0
(7881, 7882, 7883) 8526.0
(2682, 2683, 2684) 8085.0
(7860, 7861, 7862) 9697.0
(9522, 9523, 9524) 9210.0
(6794, 6795, 6796) 8779.0
(3163, 3164, 3165) 9204.0
(502, 503, 504) 9360.0
(5583, 5584, 5585) 7413.0
(1227, 1228, 1229) 8776.0
(5972, 5973, 5974) 9156.0
(3532, 3533, 3534) 7853.0
(8509, 8510, 8511) 7780.0
(6256, 6257, 6258) 9427.0
(2564, 2565, 2566) 8480.0
(6974, 6975, 6976) 8450.0
(119, 120, 121) 8379.0
(908, 909, 910) 7144.0
(842, 843, 844) 8689.0
(1660, 1661, 1662) 8626.0
(7336, 7337, 7338) 8202.0
(351, 352, 353) 8331.0
(7762, 7763, 7764) 8791.0
(7448, 7449, 7450) 9530.0
(5970, 5971, 5972) 8565.0
(8713, 8714, 8715) 8966.0
(2227, 2228, 2229) 7905.0
(5319, 5320, 5321) 8681.0
(419, 420, 421) 10290.0
(1588, 1589, 1590) 8000.0
(6627, 6628, 6629) 9826.0
(6761, 6762, 6763) 8252.0
(1819, 1820, 1821) 8066.0
(991, 992, 993) 8175.0
(2235, 2236, 2237) 8034.0
(9095, 9096, 9097) 9701.0
