(4310, 4311, 4312) 9655.0
(6243, 6244, 6245) 8455.0
(7456, 7457, 7458) 7857.0
(7999, 8000, 8001) 10076.0
(8638, 8639, 8640) 10494.0
(1338, 1339, 1340) 9137.0
(3498, 3499, 3500) 8143.0
(2821, 2822, 2823) 8495.0
(4467, 4468, 4469) 8939.0
(9894, 9895, 9896) 8405.0
(1339, 1340, 1341) 7342.0
(8941, 8942, 8943) 9354.0
(6190, 6191, 6192) 8298.0
(2879, 2880, 2881) 9375.0
(6238, 6239, 6240) 9554.0
(6151, 6152, 6153) 7485.0
(748, 749, 750) 7468.0
(7621, 7622, 7623) 8641.0
(8127, 8128, 8129) 9322.0
(1428, 1429, 1430) 8317.0
(5886, 5887, 5888) 7619.0
(4855, 4856, 4857) 8817.0
(9131, 9132, 9133) 8219.0
(2345, 2346, 2347) 9955.0
(1744, 1745, 1746) 9280.0
(9963, 9964, 9965) 7901.0
(6937, 6938, 6939) 7629.0
(170, 171, 172) 8645.0
(1695, 1696, 1697) 9618.0
(5443, 5444, 5445) 7915.0
(6932, 6933, 6934) 8855.0
(8657, 8658, 8659) 8754.0
(9907, 9908, 9909) 7492.0
(1555, 1556, 1557) 8567.0
(5759, 5760, 5761) 7700.0
(4280, 4281, 4282) 7637.0
(9936, 9937, 9938) 7397.0
(8901, 8902, 8903) 8418.0
(4309, 4310, 4311) 8235.0
(982, 983, 984) 8324.0
(6103, 6104, 6105) 8575.0
(6591, 6592, 6593) 7459.0
(7845, 7846, 7847) 8822.0
(3761, 3762, 3763) 8414.0
(2180, 2181, 2182) 7128.0
(1192, 1193, 1194) 8908.0
(1020, 1021, 1022) 8283.0
(4261, 4262, 4263) 8463.0
(2083, 2084, 2085) 7412.0
(3226, 3227, 3228) 10859.0
(1977, 1978, 1979) 9641.0
(6972, 6973, 6974) 9950.0
(162, 163, 164) 9857.0
(1718, 1719, 1720) 10634.0
(2220, 2221, 2222) 8827.0
(20, 21, 22) 7866.0
(1085, 1086, 1087) 8988.0
(313, 314, 315) 8350.0
(2068, 2069, 2070) 8795.0
(761, 762, 763) 8894.0
(7643, 7644, 7645) 9042.0
(4409, 4410, 4411) 8366.0
(7254, 7255, 7256) 8363.0
(5321, 5322, 5323) 8261.0
(9783, 9784, 9785) 8348.0
(6681, 6682, 6683) 8298.0
(3183, 3184, 3185) 10859.0
(8852, 8853, 8854) 7891.0
(504, 505, 506) 7540.0
(1513, 1514, 1515) 7612.0
(2084, 2085, 2086) 8389.0
(3246, 3247, 3248) 9410.0
(3537, 3538, 3539) 8175.0
(4934, 4935, 4936) 9537.0
(1554, 1555, 1556) 8306.0
(7763, 7764, 7765) 9279.0
(9648, 9649, 9650) 9308.0
(1607, 1608, 1609) 8216.0
(8175, 8176, 8177) 7517.0
(8714, 8715, 8716) 10518.0
(6495, 6496, 6497) 9055.0
(5154, 5155, 5156) 9161.0
(5013, 5014, 5015) 8523.0
(2591, 2592, 2593) 8282.0
(6717, 6718, 6719) 9583.0
(794, 795, 796) 9587.0
(5928, 5929, 5930) 8996.0
(1686, 1687, 1688) 9917.0
(8448, 8449, 8450) 8671.0
(9443, 9444, 9445) 8585.0
(4618, 4619, 4620) 7744.0
(4991, 4992, 4993) 8332.0
(4240, 4241, 4242) 9146.0
(7319, 7320, 7321) 9250.0
(658, 659, 660) 11143.0
(604, 605, 606) 10096.0
(8226, 8227, 8228) 8118.0
(9764, 9765, 9766) 10383.0
(8836, 8837, 8838) 7894.0
(5517, 5518, 5519) 7733.0
(2797, 2798, 2799) 9208.0
(7032, 7033, 7034) 9474.0
(6964, 6965, 6966) 8164.0
(3543, 3544, 3545) 6781.0
(3328, 3329, 3330) 8995.0
(4578, 4579, 4580) 9744.0
(7573, 7574, 7575) 7707.0
(3654, 3655, 3656) 7543.0
(633, 634, 635) 10413.0
(1750, 1751, 1752) 8500.0
(4311, 4312, 4313) 8287.0
(4608, 4609, 4610) 8810.0
(9139, 9140, 9141) 8436.0
(1916, 1917, 1918) 8672.0
(6654, 6655, 6656) 8238.0
(3053, 3054, 3055) 7903.0
(990, 991, 992) 9232.0
(2457, 2458, 2459) 7751.0
(5339, 5340, 5341) 8015.0
(5425, 5426, 5427) 7564.0
(6718, 6719, 6720) 9190.0
(1989, 1990, 1991) 9375.0
(3463, 3464, 3465) 7654.0
(2765, 2766, 2767) 8465.0
(4918, 4919, 4920) 9348.0
(2682, 2683, 2684) 8336.0
(1246, 1247, 1248) 7983.0
(3219, 3220, 3221) 9195.0
(7871, 7872, 7873) 9130.0
(3041, 3042, 3043) 8372.0
(5232, 5233, 5234) 8760.0
(2584, 2585, 2586) 9195.0
(5201, 5202, 5203) 8617.0
(601, 602, 603) 8893.0
(8295, 8296, 8297) 9964.0
(3274, 3275, 3276) 8362.0
(6768, 6769, 6770) 8511.0
(8509, 8510, 8511) 7851.0
(2119, 2120, 2121) 7403.0
(7260, 7261, 7262) 7298.0
(1165, 1166, 1167) 7189.0
(4883, 4884, 4885) 8676.0
(8836, 8837, 8838) 7894.0
(5003, 5004, 5005) 8680.0
(1039, 1040, 1041) 10439.0
(3360, 3361, 3362) 9461.0
(473, 474, 475) 7398.0
(9193, 9194, 9195) 9980.0
(9590, 9591, 9592) 8747.0
(2767, 2768, 2769) 9057.0
(7692, 7693, 7694) 9551.0
(7339, 7340, 7341) 7695.0
(9016, 9017, 9018) 10222.0
(8154, 8155, 8156) 8851.0
(4396, 4397, 4398) 11369.0
(8129, 8130, 8131) 7601.0
(9670, 9671, 9672) 7758.0
(9337, 9338, 9339) 7755.0
(1922, 1923, 1924) 8567.0
(5702, 5703, 5704) 8234.0
(8417, 8418, 8419) 8847.0
(6799, 6800, 6801) 8191.0
(89, 90, 91) 7785.0
(5253, 5254, 5255) 8637.0
(6836, 6837, 6838) 7401.0
(2286, 2287, 2288) 8376.0
(1515, 1516, 1517) 8925.0
(4442, 4443, 4444) 8040.0
(7101, 7102, 7103) 8670.0
(1338, 1339, 1340) 9137.0
(3418, 3419, 3420) 9142.0
(8971, 8972, 8973) 8866.0
(4511, 4512, 4513) 8352.0
(7160, 7161, 7162) 8153.0
(4434, 4435, 4436) 10383.0
(6995, 6996, 6997) 7807.0
(5612, 5613, 5614) 8796.0
(5370, 5371, 5372) 9047.0
(8552, 8553, 8554) 7796.0
(6525, 6526, 6527) 8301.0
(5624, 5625, 5626) 8518.0
(1670, 1671, 1672) 8787.0
(3527, 3528, 3529) 7647.0
(2267, 2268, 2269) 9698.0
(9633, 9634, 9635) 8050.0
(4059, 4060, 4061) 8200.0
(9189, 9190, 9191) 8581.0
(3018, 3019, 3020) 8362.0
(5179, 5180, 5181) 8727.0
(6777, 6778, 6779) 10312.0
(4627, 4628, 4629) 9307.0
(8081, 8082, 8083) 9279.0
(987, 988, 989) 7525.0
(1010, 1011, 1012) 7730.0
(7315, 7316, 7317) 9541.0
(5682, 5683, 5684) 8112.0
(9994, 9995, 9996) 9197.0
(8021, 8022, 8023) 8857.0
(8694, 8695, 8696) 8042.0
(3678, 3679, 3680) 7912.0
(5632, 5633, 5634) 8501.0
