(1016, 1017, 1018) 8237.0
(8699, 8700, 8701) 9384.0
(2104, 2105, 2106) 9135.0
(6742, 6743, 6744) 8893.0
(1189, 1190, 1191) 8423.0
(8105, 8106, 8107) 8418.0
(8459, 8460, 8461) 8336.0
(908, 909, 910) 8088.0
(4524, 4525, 4526) 10406.0
(6533, 6534, 6535) 9790.0
(74, 75, 76) 9078.0
(4095, 4096, 4097) 9882.0
(7255, 7256, 7257) 9009.0
(4397, 4398, 4399) 10024.0
(3331, 3332, 3333) 9089.0
(1211, 1212, 1213) 8800.0
(4248, 4249, 4250) 10484.0
(115, 116, 117) 12285.0
(7779, 7780, 7781) 8799.0
(6001, 6002, 6003) 8927.0
(3720, 3721, 3722) 10178.0
(7235, 7236, 7237) 8964.0
(2668, 2669, 2670) 9168.0
(4451, 4452, 4453) 8192.0
(5634, 5635, 5636) 9805.0
(2848, 2849, 2850) 10049.0
(6966, 6967, 6968) 9088.0
(7676, 7677, 7678) 10289.0
(5594, 5595, 5596) 7983.0
(8892, 8893, 8894) 8370.0
(1019, 1020, 1021) 8615.0
(4767, 4768, 4769) 8520.0
(7659, 7660, 7661) 7869.0
(1722, 1723, 1724) 10111.0
(3090, 3091, 3092) 10288.0
(8376, 8377, 8378) 7515.0
(4654, 4655, 4656) 8699.0
(4420, 4421, 4422) 9079.0
(6514, 6515, 6516) 9950.0
(5992, 5993, 5994) 8848.0
(303, 304, 305) 9013.0
(2447, 2448, 2449) 8123.0
(917, 918, 919) 9182.0
(8142, 8143, 8144) 8811.0
(9676, 9677, 9678) 8674.0
(5746, 5747, 5748) 8450.0
(6905, 6906, 6907) 8824.0
(839, 840, 841) 8604.0
(3658, 3659, 3660) 8601.0
(9556, 9557, 9558) 10038.0
(4241, 4242, 4243) 9773.0
(9912, 9913, 9914) 7751.0
(4391, 4392, 4393) 8684.0
(4072, 4073, 4074) 8187.0
(6512, 6513, 6514) 9862.0
(3583, 3584, 3585) 7925.0
(39, 40, 41) 10090.0
(6816, 6817, 6818) 7880.0
(2223, 2224, 2225) 8493.0
(8255, 8256, 8257) 7405.0
(6387, 6388, 6389) 7025.0
(4969, 4970, 4971) 8426.0
(2475, 2476, 2477) 8762.0
(4977, 4978, 4979) 7714.0
(8557, 8558, 8559) 9692.0
(2128, 2129, 2130) 7483.0
(4538, 4539, 4540) 8626.0
(2009, 2010, 2011) 10703.0
(7079, 7080, 7081) 7671.0
(1967, 1968, 1969) 9034.0
(5050, 5051, 5052) 8802.0
(5389, 5390, 5391) 8544.0
(6542, 6543, 6544) 9507.0
(84, 85, 86) 9813.0
(8891, 8892, 8893) 9883.0
(3248, 3249, 3250) 9015.0
(218, 219, 220) 8122.0
(9096, 9097, 9098) 10326.0
(2750, 2751, 2752) 9232.0
(3764, 3765, 3766) 8487.0
(8499, 8500, 8501) 11599.0
(4994, 4995, 4996) 9204.0
(5071, 5072, 5073) 9028.0
(9492, 9493, 9494) 8832.0
(4132, 4133, 4134) 8899.0
(5517, 5518, 5519) 7968.0
(7070, 7071, 7072) 9939.0
(8162, 8163, 8164) 7779.0
(336, 337, 338) 8760.0
(2179, 2180, 2181) 10141.0
(2077, 2078, 2079) 8784.0
(627, 628, 629) 8060.0
(7958, 7959, 7960) 9587.0
(4844, 4845, 4846) 8299.0
(5271, 5272, 5273) 9014.0
(8310, 8311, 8312) 8528.0
(1072, 1073, 1074) 8010.0
(9200, 9201, 9202) 8306.0
(9481, 9482, 9483) 8531.0
(2461, 2462, 2463) 8373.0
(4917, 4918, 4919) 10476.0
(5038, 5039, 5040) 8412.0
(4818, 4819, 4820) 7666.0
(5402, 5403, 5404) 9282.0
(4748, 4749, 4750) 8374.0
(6947, 6948, 6949) 7947.0
(1882, 1883, 1884) 9541.0
(5703, 5704, 5705) 8940.0
(2501, 2502, 2503) 8651.0
(5778, 5779, 5780) 7024.0
(74, 75, 76) 9078.0
(8447, 8448, 8449) 8870.0
(6494, 6495, 6496) 6972.0
(3111, 3112, 3113) 9224.0
(2663, 2664, 2665) 8154.0
(905, 906, 907) 9333.0
(6621, 6622, 6623) 8541.0
(8590, 8591, 8592) 8201.0
(4703, 4704, 4705) 8044.0
(5272, 5273, 5274) 9052.0
(3315, 3316, 3317) 8888.0
(6169, 6170, 6171) 9309.0
(4387, 4388, 4389) 8549.0
(2162, 2163, 2164) 9399.0
(6646, 6647, 6648) 8854.0
(499, 500, 501) 10866.0
(5088, 5089, 5090) 9051.0
(4122, 4123, 4124) 8499.0
(6795, 6796, 6797) 7886.0
(5208, 5209, 5210) 8872.0
(5345, 5346, 5347) 7568.0
(3813, 3814, 3815) 8580.0
(2923, 2924, 2925) 8041.0
(7483, 7484, 7485) 8348.0
(9245, 9246, 9247) 9285.0
(9588, 9589, 9590) 9086.0
(280, 281, 282) 11168.0
(4519, 4520, 4521) 8486.0
(2879, 2880, 2881) 9594.0
(4337, 4338, 4339) 8280.0
(5076, 5077, 5078) 9058.0
(1184, 1185, 1186) 9340.0
(8204, 8205, 8206) 8821.0
(9914, 9915, 9916) 10192.0
(5130, 5131, 5132) 8138.0
(4768, 4769, 4770) 10861.0
(4923, 4924, 4925) 9397.0
(2019, 2020, 2021) 9413.0
(393, 394, 395) 7512.0
(7167, 7168, 7169) 9235.0
(5106, 5107, 5108) 9470.0
(2144, 2145, 2146) 9500.0
(2602, 2603, 2604) 7791.0
(3364, 3365, 3366) 10480.0
(6724, 6725, 6726) 7749.0
(6027, 6028, 6029) 8290.0
(9470, 9471, 9472) 7915.0
(8225, 8226, 8227) 8579.0
(9, 10, 11) 7729.0
(7752, 7753, 7754) 10386.0
(7388, 7389, 7390) 9569.0
(6353, 6354, 6355) 7696.0
(6402, 6403, 6404) 7948.0
(7839, 7840, 7841) 8391.0
(8452, 8453, 8454) 7266.0
(3329, 3330, 3331) 9335.0
(9482, 9483, 9484) 9090.0
(4938, 4939, 4940) 8731.0
(8829, 8830, 8831) 9195.0
(423, 424, 425) 10128.0
(4677, 4678, 4679) 8630.0
(4565, 4566, 4567) 8477.0
(5662, 5663, 5664) 9048.0
(50, 51, 52) 8535.0
(626, 627, 628) 9898.0
(8185, 8186, 8187) 7952.0
(6513, 6514, 6515) 9252.0
(8379, 8380, 8381) 8739.0
(863, 864, 865) 8945.0
(4899, 4900, 4901) 8091.0
(5939, 5940, 5941) 8962.0
(946, 947, 948) 8188.0
(9340, 9341, 9342) 8448.0
(4019, 4020, 4021) 8104.0
(1806, 1807, 1808) 8895.0
(5683, 5684, 5685) 8720.0
(7140, 7141, 7142) 9727.0
(2690, 2691, 2692) 8536.0
(6438, 6439, 6440) 8325.0
(3191, 3192, 3193) 8840.0
(1034, 1035, 1036) 8146.0
(4738, 4739, 4740) 7737.0
(1189, 1190, 1191) 8423.0
(292, 293, 294) 9768.0
(6995, 6996, 6997) 7781.0
(7732, 7733, 7734) 8187.0
(2685, 2686, 2687) 8747.0
(9820, 9821, 9822) 9787.0
(3078, 3079, 3080) 9337.0
(2633, 2634, 2635) 11664.0
(7836, 7837, 7838) 9372.0
