(8168, 8169, 8170) 8396.0
(5727, 5728, 5729) 7621.0
(4319, 4320, 4321) 8423.0
(3751, 3752, 3753) 8299.0
(3857, 3858, 3859) 9546.0
(1931, 1932, 1933) 8261.0
(9671, 9672, 9673) 8937.0
(4534, 4535, 4536) 10021.0
(1734, 1735, 1736) 9667.0
(7505, 7506, 7507) 9573.0
(7170, 7171, 7172) 8236.0
(7825, 7826, 7827) 8805.0
(8010, 8011, 8012) 13546.0
(6702, 6703, 6704) 9225.0
(5257, 5258, 5259) 8653.0
(9105, 9106, 9107) 9880.0
(7000, 7001, 7002) 9358.0
(4718, 4719, 4720) 10521.0
(1645, 1646, 1647) 8043.0
(2982, 2983, 2984) 8750.0
(83, 84, 85) 7948.0
(4323, 4324, 4325) 9647.0
(9070, 9071, 9072) 9847.0
(7004, 7005, 7006) 9995.0
(7264, 7265, 7266) 8685.0
(7025, 7026, 7027) 9225.0
(3659, 3660, 3661) 8398.0
(4935, 4936, 4937) 8915.0
(4079, 4080, 4081) 8983.0
(2307, 2308, 2309) 7761.0
(8225, 8226, 8227) 8838.0
(9846, 9847, 9848) 11097.0
(1068, 1069, 1070) 8642.0
(7073, 7074, 7075) 8611.0
(1199, 1200, 1201) 9810.0
(7278, 7279, 7280) 8366.0
(8241, 8242, 8243) 7168.0
(7665, 7666, 7667) 8800.0
(4442, 4443, 4444) 8132.0
(2196, 2197, 2198) 9944.0
(2329, 2330, 2331) 8273.0
(2068, 2069, 2070) 9141.0
(2271, 2272, 2273) 8701.0
(2448, 2449, 2450) 8499.0
(2625, 2626, 2627) 8897.0
(4792, 4793, 4794) 8289.0
(6404, 6405, 6406) 9215.0
(5738, 5739, 5740) 8995.0
(8320, 8321, 8322) 8469.0
(7390, 7391, 7392) 10026.0
(2313, 2314, 2315) 9595.0
(4492, 4493, 4494) 9610.0
(9170, 9171, 9172) 9155.0
(8548, 8549, 8550) 9211.0
(7404, 7405, 7406) 9360.0
(9165, 9166, 9167) 8250.0
(3841, 3842, 3843) 8568.0
(5434, 5435, 5436) 9270.0
(6684, 6685, 6686) 8583.0
(1581, 1582, 1583) 9457.0
(6136, 6137, 6138) 8559.0
(4187, 4188, 4189) 7946.0
(1832, 1833, 1834) 9341.0
(4354, 4355, 4356) 9751.0
(5924, 5925, 5926) 8335.0
(4017, 4018, 4019) 8769.0
(431, 432, 433) 7813.0
(8470, 8471, 8472) 8533.0
(5848, 5849, 5850) 8171.0
(1511, 1512, 1513) 7771.0
(2630, 2631, 2632) 9310.0
(6010, 6011, 6012) 9058.0
(3159, 3160, 3161) 11336.0
(7833, 7834, 7835) 10446.0
(7561, 7562, 7563) 8465.0
(4506, 4507, 4508) 8502.0
(625, 626, 627) 7695.0
(6817, 6818, 6819) 10225.0
(7847, 7848, 7849) 9935.0
(7369, 7370, 7371) 9199.0
(4658, 4659, 4660) 10045.0
(5766, 5767, 5768) 9256.0
(2293, 2294, 2295) 8614.0
(4002, 4003, 4004) 9462.0
(1031, 1032, 1033) 9837.0
(9651, 9652, 9653) 7638.0
(1371, 1372, 1373) 11090.0
(5807, 5808, 5809) 9173.0
(3267, 3268, 3269) 10262.0
(1429, 1430, 1431) 8481.0
(2625, 2626, 2627) 8897.0
(2002, 2003, 2004) 8275.0
(3102, 3103, 3104) 8016.0
(9802, 9803, 9804) 8605.0
(3536, 3537, 3538) 9750.0
(85, 86, 87) 9805.0
(4417, 4418, 4419) 9605.0
(953, 954, 955) 9467.0
(6325, 6326, 6327) 9361.0
(8569, 8570, 8571) 8469.0
(6985, 6986, 6987) 7860.0
(8864, 8865, 8866) 9166.0
(5699, 5700, 5701) 8756.0
(8356, 8357, 8358) 8996.0
(7455, 7456, 7457) 9176.0
(1504, 1505, 1506) 8114.0
(3354, 3355, 3356) 9900.0
(5581, 5582, 5583) 8702.0
(4416, 4417, 4418) 8370.0
(2423, 2424, 2425) 8393.0
(9568, 9569, 9570) 8609.0
(3876, 3877, 3878) 10120.0
(1634, 1635, 1636) 9051.0
(331, 332, 333) 8814.0
(8707, 8708, 8709) 11074.0
(5758, 5759, 5760) 9792.0
(6109, 6110, 6111) 9486.0
(8792, 8793, 8794) 9111.0
(2845, 2846, 2847) 11008.0
(1171, 1172, 1173) 8860.0
(6502, 6503, 6504) 9031.0
(2458, 2459, 2460) 8606.0
(9605, 9606, 9607) 7784.0
(2075, 2076, 2077) 8158.0
(4402, 4403, 4404) 10711.0
(5979, 5980, 5981) 7957.0
(4986, 4987, 4988) 8257.0
(2702, 2703, 2704) 9782.0
(9247, 9248, 9249) 9131.0
(4271, 4272, 4273) 8240.0
(7963, 7964, 7965) 9521.0
(4939, 4940, 4941) 8111.0
(8553, 8554, 8555) 8301.0
(5769, 5770, 5771) 9875.0
(195, 196, 197) 10955.0
(9507, 9508, 9509) 9278.0
(2698, 2699, 2700) 8087.0
(4656, 4657, 4658) 8697.0
(6271, 6272, 6273) 8734.0
(8782, 8783, 8784) 10032.0
(1807, 1808, 1809) 9480.0
(6304, 6305, 6306) 10552.0
(5719, 5720, 5721) 8951.0
(848, 849, 850) 8167.0
(3887, 3888, 3889) 7954.0
(2192, 2193, 2194) 8901.0
(8799, 8800, 8801) 9172.0
(3150, 3151, 3152) 9386.0
(4569, 4570, 4571) 8780.0
(3040, 3041, 3042) 8743.0
(8519, 8520, 8521) 7705.0
(6745, 6746, 6747) 9248.0
(9944, 9945, 9946) 8089.0
(2191, 2192, 2193) 8574.0
(7345, 7346, 7347) 10486.0
(3435, 3436, 3437) 9875.0
(2608, 2609, 2610) 8403.0
(2081, 2082, 2083) 7717.0
(1381, 1382, 1383) 10122.0
(963, 964, 965) 8593.0
(9932, 9933, 9934) 9093.0
(3234, 3235, 3236) 8535.0
(3739, 3740, 3741) 9437.0
(9175, 9176, 9177) 9081.0
(8974, 8975, 8976) 11002.0
(9012, 9013, 9014) 9550.0
(6821, 6822, 6823) 8895.0
(119, 120, 121) 8807.0
(5463, 5464, 5465) 9782.0
(2153, 2154, 2155) 9542.0
(5964, 5965, 5966) 8520.0
(8779, 8780, 8781) 9273.0
(7391, 7392, 7393) 8005.0
(1413, 1414, 1415) 8689.0
(4728, 4729, 4730) 10429.0
(3589, 3590, 3591) 9320.0
(9717, 9718, 9719) 8994.0
(5729, 5730, 5731) 9043.0
(9868, 9869, 9870) 8211.0
(4861, 4862, 4863) 8763.0
(4513, 4514, 4515) 9114.0
(6050, 6051, 6052) 10691.0
(1040, 1041, 1042) 8923.0
(1377, 1378, 1379) 10049.0
(7654, 7655, 7656) 9004.0
(8935, 8936, 8937) 9253.0
(7606, 7607, 7608) 9461.0
(9544, 9545, 9546) 8789.0
(5653, 5654, 5655) 9244.0
(9220, 9221, 9222) 9599.0
(9071, 9072, 9073) 8506.0
(3002, 3003, 3004) 7922.0
(8645, 8646, 8647) 7618.0
(3705, 3706, 3707) 9840.0
(6898, 6899, 6900) 8931.0
(5744, 5745, 5746) 9526.0
(8991, 8992, 8993) 7874.0
(2168, 2169, 2170) 9165.0
(743, 744, 745) 8219.0
(3397, 3398, 3399) 8584.0
(2602, 2603, 2604) 7913.0
