(6968, 6969, 6970) 9397.0
(5063, 5064, 5065) 8723.0
(1184, 1185, 1186) 9560.0
(5233, 5234, 5235) 8312.0
(5538, 5539, 5540) 10091.0
(680, 681, 682) 8509.0
(2727, 2728, 2729) 9371.0
(2654, 2655, 2656) 7860.0
(4794, 4795, 4796) 9741.0
(9664, 9665, 9666) 9119.0
(6297, 6298, 6299) 10160.0
(6093, 6094, 6095) 7996.0
(3473, 3474, 3475) 8925.0
(5849, 5850, 5851) 8669.0
(8818, 8819, 8820) 8726.0
(1026, 1027, 1028) 9254.0
(6161, 6162, 6163) 8353.0
(8155, 8156, 8157) 9209.0
(4220, 4221, 4222) 8666.0
(6618, 6619, 6620) 10668.0
(1884, 1885, 1886) 8344.0
(1980, 1981, 1982) 9515.0
(2193, 2194, 2195) 7406.0
(1350, 1351, 1352) 10457.0
(3066, 3067, 3068) 8040.0
(4612, 4613, 4614) 9080.0
(5230, 5231, 5232) 8277.0
(3585, 3586, 3587) 9002.0
(4133, 4134, 4135) 8451.0
(4537, 4538, 4539) 9397.0
(6492, 6493, 6494) 9724.0
(878, 879, 880) 8130.0
(2371, 2372, 2373) 8974.0
(6696, 6697, 6698) 9934.0
(3162, 3163, 3164) 8314.0
(2119, 2120, 2121) 7976.0
(6026, 6027, 6028) 8720.0
(4891, 4892, 4893) 11707.0
(430, 431, 432) 8553.0
(2159, 2160, 2161) 11354.0
(2285, 2286, 2287) 9703.0
(1717, 1718, 1719) 7343.0
(3129, 3130, 3131) 8165.0
(2928, 2929, 2930) 8026.0
(8678, 8679, 8680) 11014.0
(6615, 6616, 6617) 8654.0
(7365, 7366, 7367) 9581.0
(5703, 5704, 5705) 8941.0
(7221, 7222, 7223) 8349.0
(6887, 6888, 6889) 8672.0
(4110, 4111, 4112) 9967.0
(5187, 5188, 5189) 8790.0
(4320, 4321, 4322) 10120.0
(5227, 5228, 5229) 9115.0
(1811, 1812, 1813) 9474.0
(6735, 6736, 6737) 8011.0
(963, 964, 965) 8681.0
(444, 445, 446) 11863.0
(6493, 6494, 6495) 9340.0
(5227, 5228, 5229) 9115.0
(2354, 2355, 2356) 7869.0
(8427, 8428, 8429) 8130.0
(1860, 1861, 1862) 10042.0
(9332, 9333, 9334) 8379.0
(1304, 1305, 1306) 8878.0
(3070, 3071, 3072) 7615.0
(627, 628, 629) 8397.0
(6976, 6977, 6978) 8551.0
(6429, 6430, 6431) 8150.0
(3270, 3271, 3272) 11781.0
(893, 894, 895) 8571.0
(5756, 5757, 5758) 9591.0
(5830, 5831, 5832) 9265.0
(3637, 3638, 3639) 10034.0
(641, 642, 643) 9471.0
(6752, 6753, 6754) 8693.0
(6126, 6127, 6128) 8105.0
(8775, 8776, 8777) 8743.0
(4944, 4945, 4946) 8286.0
(5104, 5105, 5106) 9142.0
(1310, 1311, 1312) 9124.0
(8236, 8237, 8238) 9058.0
(7358, 7359, 7360) 9570.0
(9022, 9023, 9024) 8631.0
(5138, 5139, 5140) 11148.0
(7502, 7503, 7504) 8885.0
(8894, 8895, 8896) 9198.0
(6349, 6350, 6351) 8540.0
(8445, 8446, 8447) 8409.0
(1948, 1949, 1950) 9357.0
(6442, 6443, 6444) 9640.0
(564, 565, 566) 9353.0
(3159, 3160, 3161) 11265.0
(9382, 9383, 9384) 9242.0
(200, 201, 202) 11653.0
(1101, 1102, 1103) 9483.0
(4364, 4365, 4366) 8206.0
(8147, 8148, 8149) 10270.0
(3065, 3066, 3067) 8098.0
(8167, 8168, 8169) 8757.0
(3550, 3551, 3552) 8808.0
(7713, 7714, 7715) 9449.0
(7714, 7715, 7716) 8774.0
(2121, 2122, 2123) 8508.0
(8460, 8461, 8462) 9373.0
(2254, 2255, 2256) 8259.0
(5196, 5197, 5198) 8190.0
(5268, 5269, 5270) 9221.0
(1563, 1564, 1565) 10204.0
(1894, 1895, 1896) 7685.0
(199, 200, 201) 7804.0
(8410, 8411, 8412) 10730.0
(196, 197, 198) 8479.0
(8673, 8674, 8675) 8745.0
(9691, 9692, 9693) 9412.0
(3957, 3958, 3959) 8617.0
(3245, 3246, 3247) 9534.0
(4500, 4501, 4502) 8508.0
(6169, 6170, 6171) 9279.0
(9005, 9006, 9007) 10962.0
(646, 647, 648) 9648.0
(5758, 5759, 5760) 9906.0
(7213, 7214, 7215) 9049.0
(2701, 2702, 2703) 9104.0
(51, 52, 53) 10174.0
(3303, 3304, 3305) 11655.0
(5722, 5723, 5724) 8477.0
(7170, 7171, 7172) 8334.0
(3530, 3531, 3532) 8333.0
(8034, 8035, 8036) 7825.0
(956, 957, 958) 8825.0
(2152, 2153, 2154) 9570.0
(5106, 5107, 5108) 9977.0
(6559, 6560, 6561) 10016.0
(777, 778, 779) 10317.0
(5350, 5351, 5352) 8822.0
(5638, 5639, 5640) 9286.0
(9261, 9262, 9263) 8107.0
(3506, 3507, 3508) 9191.0
(4172, 4173, 4174) 8788.0
(6984, 6985, 6986) 8875.0
(4666, 4667, 4668) 8980.0
(3174, 3175, 3176) 7783.0
(5752, 5753, 5754) 9970.0
(477, 478, 479) 9032.0
(4682, 4683, 4684) 9709.0
(5257, 5258, 5259) 8932.0
(1638, 1639, 1640) 8706.0
(8329, 8330, 8331) 11778.0
(5943, 5944, 5945) 12037.0
(9282, 9283, 9284) 12408.0
(7337, 7338, 7339) 8725.0
(2540, 2541, 2542) 9756.0
(1541, 1542, 1543) 9275.0
(7590, 7591, 7592) 10035.0
(2846, 2847, 2848) 9093.0
(6351, 6352, 6353) 9077.0
(747, 748, 749) 8700.0
(1976, 1977, 1978) 8364.0
(846, 847, 848) 11067.0
(5412, 5413, 5414) 9455.0
(6505, 6506, 6507) 8802.0
(2495, 2496, 2497) 11973.0
(2264, 2265, 2266) 9170.0
(1142, 1143, 1144) 9072.0
(5526, 5527, 5528) 8599.0
(5470, 5471, 5472) 8864.0
(6274, 6275, 6276) 8458.0
(467, 468, 469) 7554.0
(9445, 9446, 9447) 9191.0
(6166, 6167, 6168) 8902.0
(9313, 9314, 9315) 9695.0
(866, 867, 868) 9598.0
(1145, 1146, 1147) 11316.0
(2326, 2327, 2328) 8313.0
(9381, 9382, 9383) 10848.0
(342, 343, 344) 9425.0
(4294, 4295, 4296) 10078.0
(5663, 5664, 5665) 8247.0
(9720, 9721, 9722) 9817.0
(544, 545, 546) 9990.0
(6826, 6827, 6828) 9674.0
(1405, 1406, 1407) 7988.0
(4336, 4337, 4338) 9456.0
(1751, 1752, 1753) 8730.0
(8491, 8492, 8493) 7989.0
(2976, 2977, 2978) 9556.0
(4154, 4155, 4156) 9330.0
(602, 603, 604) 9168.0
(9034, 9035, 9036) 8896.0
(840, 841, 842) 9218.0
(1664, 1665, 1666) 8382.0
(7154, 7155, 7156) 9796.0
(3929, 3930, 3931) 8495.0
(5382, 5383, 5384) 9518.0
(9818, 9819, 9820) 9132.0
(2340, 2341, 2342) 9261.0
(5715, 5716, 5717) 10043.0
(3215, 3216, 3217) 9671.0
(206, 207, 208) 9416.0
(2937, 2938, 2939) 9311.0
(3839, 3840, 3841) 10873.0
(7134, 7135, 7136) 7987.0
(4152, 4153, 4154) 10069.0
(8976, 8977, 8978) 10388.0
(1377, 1378, 1379) 10154.0
(884, 885, 886) 9328.0
(6878, 6879, 6880) 8348.0
(6845, 6846, 6847) 8716.0
(5983, 5984, 5985) 9738.0
(8828, 8829, 8830) 7553.0
(1499, 1500, 1501) 9234.0
(7935, 7936, 7937) 8967.0
(3122, 3123, 3124) 8061.0
(8884, 8885, 8886) 10407.0
(9074, 9075, 9076) 8824.0
(2624, 2625, 2626) 8539.0
(4453, 4454, 4455) 9080.0
(6188, 6189, 6190) 8212.0
(9194, 9195, 9196) 7949.0
(3193, 3194, 3195) 8739.0
(141, 142, 143) 7864.0
(1800, 1801, 1802) 7995.0
(4828, 4829, 4830) 8276.0
(8167, 8168, 8169) 8757.0
(6400, 6401, 6402) 9213.0
(5443, 5444, 5445) 8785.0
(173, 174, 175) 10830.0
(5259, 5260, 5261) 10775.0
(3910, 3911, 3912) 8792.0
(5708, 5709, 5710) 9636.0
(8356, 8357, 8358) 8928.0
(6196, 6197, 6198) 9607.0
(811, 812, 813) 8219.0
(8554, 8555, 8556) 9591.0
(7366, 7367, 7368) 9710.0
(8401, 8402, 8403) 9104.0
(7873, 7874, 7875) 8684.0
(3449, 3450, 3451) 8786.0
(6692, 6693, 6694) 9939.0
(8046, 8047, 8048) 9240.0
(5879, 5880, 5881) 11852.0
(6128, 6129, 6130) 12871.0
(6973, 6974, 6975) 8398.0
(6859, 6860, 6861) 8875.0
(5351, 5352, 5353) 9977.0
(1511, 1512, 1513) 7847.0
(3077, 3078, 3079) 9260.0
(2176, 2177, 2178) 9469.0
(9900, 9901, 9902) 8840.0
(23, 24, 25) 8915.0
(5023, 5024, 5025) 9254.0
(176, 177, 178) 9501.0
(666, 667, 668) 8696.0
(8931, 8932, 8933) 8578.0
(5272, 5273, 5274) 9502.0
(4576, 4577, 4578) 9377.0
(97, 98, 99) 9015.0
(3463, 3464, 3465) 7696.0
(7482, 7483, 7484) 9364.0
(1713, 1714, 1715) 7813.0
(5933, 5934, 5935) 8469.0
(1431, 1432, 1433) 8599.0
(3455, 3456, 3457) 9948.0
(2518, 2519, 2520) 10326.0
(2200, 2201, 2202) 8220.0
(5806, 5807, 5808) 10988.0
(3149, 3150, 3151) 7889.0
(8722, 8723, 8724) 9421.0
(1161, 1162, 1163) 8729.0
(6808, 6809, 6810) 11347.0
(5607, 5608, 5609) 10141.0
(5272, 5273, 5274) 9502.0
(8079, 8080, 8081) 8455.0
(767, 768, 769) 10563.0
(3387, 3388, 3389) 8507.0
(3582, 3583, 3584) 9045.0
(7055, 7056, 7057) 10511.0
(8573, 8574, 8575) 8970.0
(9242, 9243, 9244) 9465.0
(8389, 8390, 8391) 8090.0
(9054, 9055, 9056) 8033.0
(1229, 1230, 1231) 9500.0
(7569, 7570, 7571) 10787.0
(9355, 9356, 9357) 8525.0
(1740, 1741, 1742) 9356.0
(4993, 4994, 4995) 8654.0
(9414, 9415, 9416) 9565.0
(9313, 9314, 9315) 9695.0
(2854, 2855, 2856) 8168.0
(5991, 5992, 5993) 8612.0
(6371, 6372, 6373) 8770.0
(2649, 2650, 2651) 10076.0
(538, 539, 540) 8856.0
(8727, 8728, 8729) 10406.0
(2927, 2928, 2929) 8965.0
(2521, 2522, 2523) 9020.0
(9015, 9016, 9017) 10061.0
(6292, 6293, 6294) 10337.0
(3117, 3118, 3119) 10550.0
(9010, 9011, 9012) 9812.0
(1927, 1928, 1929) 9143.0
(8767, 8768, 8769) 8542.0
(2992, 2993, 2994) 9018.0
(7656, 7657, 7658) 8063.0
(9443, 9444, 9445) 9569.0
(3513, 3514, 3515) 12720.0
(9782, 9783, 9784) 8905.0
(9587, 9588, 9589) 10639.0
(1056, 1057, 1058) 10604.0
(2566, 2567, 2568) 8680.0
(7595, 7596, 7597) 8314.0
(4191, 4192, 4193) 8837.0
(3592, 3593, 3594) 12706.0
(3448, 3449, 3450) 8423.0
(8221, 8222, 8223) 8593.0
(5635, 5636, 5637) 8894.0
(6969, 6970, 6971) 10415.0
(3810, 3811, 3812) 8492.0
(2013, 2014, 2015) 9480.0
(3584, 3585, 3586) 9438.0
(3996, 3997, 3998) 8933.0
(7728, 7729, 7730) 9244.0
(4470, 4471, 4472) 9813.0
(9832, 9833, 9834) 10066.0
(4637, 4638, 4639) 8984.0
(4967, 4968, 4969) 8854.0
(3037, 3038, 3039) 9064.0
(6107, 6108, 6109) 10009.0
(7615, 7616, 7617) 9114.0
(423, 424, 425) 10363.0
(7538, 7539, 7540) 9933.0
(7682, 7683, 7684) 7776.0
(1330, 1331, 1332) 9206.0
(1387, 1388, 1389) 9693.0
(7409, 7410, 7411) 8400.0
(8789, 8790, 8791) 8681.0
(9227, 9228, 9229) 9020.0
(8470, 8471, 8472) 8803.0
(5337, 5338, 5339) 9232.0
(469, 470, 471) 10916.0
(4315, 4316, 4317) 8459.0
(5180, 5181, 5182) 9246.0
(1542, 1543, 1544) 9223.0
(4878, 4879, 4880) 11053.0
(3760, 3761, 3762) 8868.0
(6798, 6799, 6800) 8268.0
(9470, 9471, 9472) 8302.0
(8132, 8133, 8134) 8676.0
(425, 426, 427) 9590.0
(1752, 1753, 1754) 9133.0
(5742, 5743, 5744) 8542.0
(5087, 5088, 5089) 9302.0
(3795, 3796, 3797) 11513.0
(9719, 9720, 9721) 9302.0
(4209, 4210, 4211) 9341.0
(5423, 5424, 5425) 10982.0
(5828, 5829, 5830) 8079.0
(5313, 5314, 5315) 8890.0
(8904, 8905, 8906) 8642.0
(2860, 2861, 2862) 10858.0
(8966, 8967, 8968) 9974.0
(1778, 1779, 1780) 9907.0
(3694, 3695, 3696) 9749.0
(1120, 1121, 1122) 10079.0
(4301, 4302, 4303) 8918.0
(7018, 7019, 7020) 9545.0
(3631, 3632, 3633) 9736.0
(4923, 4924, 4925) 9649.0
(6399, 6400, 6401) 7199.0
(7108, 7109, 7110) 10383.0
(2211, 2212, 2213) 9253.0
(4147, 4148, 4149) 9222.0
(4581, 4582, 4583) 9021.0
(3084, 3085, 3086) 8548.0
(8357, 8358, 8359) 8743.0
(4369, 4370, 4371) 8052.0
(1203, 1204, 1205) 8695.0
(2200, 2201, 2202) 8220.0
(7503, 7504, 7505) 10314.0
(4319, 4320, 4321) 8494.0
(2353, 2354, 2355) 8671.0
(2190, 2191, 2192) 7915.0
(5453, 5454, 5455) 9508.0
(5160, 5161, 5162) 10600.0
(3305, 3306, 3307) 10773.0
(596, 597, 598) 11084.0
(1998, 1999, 2000) 8392.0
(6127, 6128, 6129) 9211.0
(1204, 1205, 1206) 9733.0
(8171, 8172, 8173) 8089.0
(8126, 8127, 8128) 9937.0
(4713, 4714, 4715) 8579.0
(9299, 9300, 9301) 8190.0
(2565, 2566, 2567) 9796.0
(1840, 1841, 1842) 10705.0
(8006, 8007, 8008) 10337.0
(2814, 2815, 2816) 10243.0
(6806, 6807, 6808) 9422.0
(5556, 5557, 5558) 9145.0
(7558, 7559, 7560) 8456.0
(8406, 8407, 8408) 9001.0
(4876, 4877, 4878) 10200.0
(3919, 3920, 3921) 10163.0
(528, 529, 530) 9279.0
(682, 683, 684) 8669.0
(154, 155, 156) 10575.0
(1761, 1762, 1763) 8667.0
(6282, 6283, 6284) 10745.0
(8636, 8637, 8638) 7654.0
(1758, 1759, 1760) 9815.0
(9426, 9427, 9428) 8078.0
(3807, 3808, 3809) 10028.0
(3903, 3904, 3905) 8612.0
(7922, 7923, 7924) 10192.0
(4371, 4372, 4373) 8323.0
(5275, 5276, 5277) 8761.0
(3787, 3788, 3789) 8806.0
(3811, 3812, 3813) 8772.0
(3889, 3890, 3891) 8340.0
(496, 497, 498) 8766.0
(8938, 8939, 8940) 9147.0
(7390, 7391, 7392) 9874.0
(5900, 5901, 5902) 8637.0
(5573, 5574, 5575) 9572.0
(8003, 8004, 8005) 10861.0
(393, 394, 395) 7761.0
(2196, 2197, 2198) 9983.0
(8410, 8411, 8412) 10730.0
(527, 528, 529) 11161.0
(6075, 6076, 6077) 9667.0
(143, 144, 145) 9491.0
(6579, 6580, 6581) 7634.0
(9724, 9725, 9726) 8850.0
(3222, 3223, 3224) 9667.0
(9482, 9483, 9484) 9113.0
(6390, 6391, 6392) 8709.0
(3406, 3407, 3408) 10177.0
(4369, 4370, 4371) 8052.0
(6026, 6027, 6028) 8720.0
(845, 846, 847) 9167.0
(6444, 6445, 6446) 9067.0
(1935, 1936, 1937) 8809.0
(342, 343, 344) 9425.0
(4895, 4896, 4897) 8263.0
(9558, 9559, 9560) 10455.0
(511, 512, 513) 7677.0
(5365, 5366, 5367) 9338.0
(8809, 8810, 8811) 9209.0
(5291, 5292, 5293) 8468.0
(4368, 4369, 4370) 8842.0
(7578, 7579, 7580) 8491.0
(3537, 3538, 3539) 8874.0
(205, 206, 207) 8879.0
(6569, 6570, 6571) 8743.0
(9084, 9085, 9086) 8469.0
(944, 945, 946) 9661.0
(4490, 4491, 4492) 8444.0
(6639, 6640, 6641) 8787.0
(8477, 8478, 8479) 8416.0
(4278, 4279, 4280) 8537.0
(2285, 2286, 2287) 9703.0
(8798, 8799, 8800) 8486.0
(2148, 2149, 2150) 8828.0
(3739, 3740, 3741) 9559.0
(7613, 7614, 7615) 9986.0
(3329, 3330, 3331) 9480.0
(6338, 6339, 6340) 9634.0
(4335, 4336, 4337) 8323.0
(5752, 5753, 5754) 9970.0
(5438, 5439, 5440) 9635.0
(5865, 5866, 5867) 7627.0
(7895, 7896, 7897) 10409.0
(5482, 5483, 5484) 7913.0
(6578, 6579, 6580) 8708.0
(1313, 1314, 1315) 7897.0
(138, 139, 140) 8864.0
(855, 856, 857) 7884.0
(4594, 4595, 4596) 10149.0
(9190, 9191, 9192) 8669.0
(390, 391, 392) 8797.0
(6606, 6607, 6608) 7994.0
(5920, 5921, 5922) 8786.0
(9168, 9169, 9170) 9140.0
(20, 21, 22) 8221.0
(1161, 1162, 1163) 8729.0
(4023, 4024, 4025) 10223.0
(1545, 1546, 1547) 8307.0
(7018, 7019, 7020) 9545.0
(6818, 6819, 6820) 9053.0
(6904, 6905, 6906) 8451.0
(8817, 8818, 8819) 9216.0
(3067, 3068, 3069) 9002.0
(2251, 2252, 2253) 8262.0
(2173, 2174, 2175) 8571.0
(854, 855, 856) 9076.0
(7649, 7650, 7651) 9116.0
(1197, 1198, 1199) 9073.0
(7696, 7697, 7698) 8529.0
(4579, 4580, 4581) 9586.0
(3471, 3472, 3473) 9539.0
(7746, 7747, 7748) 9348.0
(1792, 1793, 1794) 7988.0
(6774, 6775, 6776) 8169.0
(2548, 2549, 2550) 8112.0
(9322, 9323, 9324) 12373.0
(8931, 8932, 8933) 8578.0
(2769, 2770, 2771) 9439.0
(656, 657, 658) 9108.0
(3690, 3691, 3692) 8757.0
(5381, 5382, 5383) 8476.0
(4301, 4302, 4303) 8918.0
(5855, 5856, 5857) 7695.0
(6943, 6944, 6945) 8353.0
(1120, 1121, 1122) 10079.0
(6245, 6246, 6247) 8676.0
(7472, 7473, 7474) 9287.0
(8439, 8440, 8441) 8835.0
(1757, 1758, 1759) 7748.0
(86, 87, 88) 9330.0
(5986, 5987, 5988) 7954.0
(4606, 4607, 4608) 10329.0
(63, 64, 65) 8402.0
(2223, 2224, 2225) 8679.0
(6404, 6405, 6406) 9419.0
(7301, 7302, 7303) 9333.0
(3259, 3260, 3261) 8572.0
(1216, 1217, 1218) 7992.0
(4050, 4051, 4052) 8733.0
(466, 467, 468) 9667.0
(3343, 3344, 3345) 8712.0
(4638, 4639, 4640) 9574.0
(7407, 7408, 7409) 8754.0
(8610, 8611, 8612) 8925.0
(8375, 8376, 8377) 10629.0
(5134, 5135, 5136) 10774.0
(24, 25, 26) 9542.0
(738, 739, 740) 9071.0
(8689, 8690, 8691) 9727.0
(5879, 5880, 5881) 11852.0
(6893, 6894, 6895) 8283.0
(8074, 8075, 8076) 8770.0
(3983, 3984, 3985) 7835.0
(1383, 1384, 1385) 9070.0
(6964, 6965, 6966) 8647.0
(6528, 6529, 6530) 9822.0
(539, 540, 541) 10020.0
(8910, 8911, 8912) 12769.0
(4208, 4209, 4210) 8941.0
(3610, 3611, 3612) 9160.0
(4564, 4565, 4566) 9712.0
(5315, 5316, 5317) 8939.0
(4014, 4015, 4016) 9767.0
(4636, 4637, 4638) 8854.0
(4839, 4840, 4841) 8645.0
(4196, 4197, 4198) 8220.0
(4813, 4814, 4815) 8341.0
(7348, 7349, 7350) 8530.0
(4676, 4677, 4678) 8203.0
(8221, 8222, 8223) 8593.0
(1670, 1671, 1672) 9492.0
(4225, 4226, 4227) 12177.0
(6647, 6648, 6649) 8963.0
(6956, 6957, 6958) 7598.0
(1600, 1601, 1602) 11048.0
(4989, 4990, 4991) 9023.0
(7480, 7481, 7482) 9484.0
(3693, 3694, 3695) 8081.0
(4998, 4999, 5000) 10005.0
(432, 433, 434) 8796.0
(9627, 9628, 9629) 9536.0
(329, 330, 331) 9054.0
(4437, 4438, 4439) 9883.0
(4634, 4635, 4636) 9214.0
(1248, 1249, 1250) 9026.0
(6502, 6503, 6504) 9195.0
(4990, 4991, 4992) 8169.0
(8903, 8904, 8905) 8279.0
(5536, 5537, 5538) 9612.0
(8640, 8641, 8642) 12018.0
(522, 523, 524) 9517.0
(1895, 1896, 1897) 8508.0
(1117, 1118, 1119) 8095.0
(4943, 4944, 4945) 9464.0
(4775, 4776, 4777) 9736.0
(748, 749, 750) 7854.0
(1385, 1386, 1387) 8949.0
(739, 740, 741) 9679.0
(4150, 4151, 4152) 8405.0
(471, 472, 473) 8048.0
(1792, 1793, 1794) 7988.0
(4652, 4653, 4654) 10668.0
(8823, 8824, 8825) 8817.0
(7561, 7562, 7563) 8587.0
(8183, 8184, 8185) 8891.0
(8336, 8337, 8338) 8752.0
(9020, 9021, 9022) 7395.0
(8343, 8344, 8345) 7285.0
(1422, 1423, 1424) 10782.0
(4638, 4639, 4640) 9574.0
(5299, 5300, 5301) 9452.0
(6883, 6884, 6885) 11822.0
(5768, 5769, 5770) 9939.0
(4570, 4571, 4572) 7717.0
(8095, 8096, 8097) 8581.0
(2936, 2937, 2938) 9365.0
(5078, 5079, 5080) 9700.0
(4515, 4516, 4517) 8991.0
(4613, 4614, 4615) 10053.0
(4947, 4948, 4949) 9107.0
(6622, 6623, 6624) 8266.0
(7107, 7108, 7109) 9086.0
(208, 209, 210) 10089.0
(3037, 3038, 3039) 9064.0
(3515, 3516, 3517) 7816.0
(9269, 9270, 9271) 9382.0
(9354, 9355, 9356) 9824.0
(2417, 2418, 2419) 8845.0
(3037, 3038, 3039) 9064.0
(9189, 9190, 9191) 9234.0
(8444, 8445, 8446) 9221.0
(2655, 2656, 2657) 9324.0
(8651, 8652, 8653) 9586.0
(7197, 7198, 7199) 9257.0
(5668, 5669, 5670) 8965.0
(1533, 1534, 1535) 10195.0
(810, 811, 812) 9672.0
(9147, 9148, 9149) 8450.0
(5625, 5626, 5627) 9289.0
(5357, 5358, 5359) 10247.0
(5474, 5475, 5476) 9727.0
(9017, 9018, 9019) 8460.0
(5616, 5617, 5618) 10533.0
(6516, 6517, 6518) 8989.0
(4875, 4876, 4877) 7676.0
(3300, 3301, 3302) 9221.0
(4363, 4364, 4365) 10267.0
(4643, 4644, 4645) 9710.0
(6730, 6731, 6732) 10346.0
(1914, 1915, 1916) 9281.0
(1153, 1154, 1155) 8678.0
(4922, 4923, 4924) 9374.0
(835, 836, 837) 9628.0
(7874, 7875, 7876) 9440.0
(194, 195, 196) 10176.0
(7524, 7525, 7526) 9436.0
(7300, 7301, 7302) 10100.0
(6673, 6674, 6675) 9012.0
(1381, 1382, 1383) 10456.0
(8564, 8565, 8566) 10965.0
(1100, 1101, 1102) 8672.0
(2929, 2930, 2931) 11047.0
(7813, 7814, 7815) 9363.0
(9660, 9661, 9662) 11597.0
(9476, 9477, 9478) 8993.0
(5566, 5567, 5568) 11069.0
(3769, 3770, 3771) 9062.0
(8403, 8404, 8405) 8663.0
(3950, 3951, 3952) 9295.0
(9729, 9730, 9731) 8261.0
(9868, 9869, 9870) 8613.0
(3084, 3085, 3086) 8548.0
(1813, 1814, 1815) 7822.0
(9546, 9547, 9548) 9883.0
(2609, 2610, 2611) 9124.0
(8188, 8189, 8190) 8098.0
(738, 739, 740) 9071.0
(7070, 7071, 7072) 10003.0
(159, 160, 161) 8363.0
(1293, 1294, 1295) 9048.0
(417, 418, 419) 10404.0
(797, 798, 799) 9048.0
(4265, 4266, 4267) 11020.0
(5737, 5738, 5739) 11321.0
(6582, 6583, 6584) 10211.0
(2197, 2198, 2199) 8675.0
(3960, 3961, 3962) 8798.0
(9316, 9317, 9318) 9601.0
(6547, 6548, 6549) 9529.0
(2609, 2610, 2611) 9124.0
(9691, 9692, 9693) 9412.0
(4725, 4726, 4727) 8219.0
(9217, 9218, 9219) 8670.0
(2800, 2801, 2802) 9514.0
(3928, 3929, 3930) 8683.0
(2669, 2670, 2671) 8762.0
(5544, 5545, 5546) 8816.0
(3565, 3566, 3567) 10810.0
(4404, 4405, 4406) 7982.0
(2918, 2919, 2920) 7952.0
(6278, 6279, 6280) 11022.0
(8003, 8004, 8005) 10861.0
(9281, 9282, 9283) 8873.0
(150, 151, 152) 9428.0
(1375, 1376, 1377) 7844.0
(68, 69, 70) 8171.0
(4388, 4389, 4390) 9905.0
(6617, 6618, 6619) 8532.0
(908, 909, 910) 8178.0
(6129, 6130, 6131) 9782.0
(5471, 5472, 5473) 7427.0
(1790, 1791, 1792) 9776.0
(4861, 4862, 4863) 8778.0
(5299, 5300, 5301) 9452.0
(742, 743, 744) 9658.0
(9407, 9408, 9409) 9951.0
(5470, 5471, 5472) 8864.0
(5639, 5640, 5641) 9442.0
(9033, 9034, 9035) 10134.0
(7713, 7714, 7715) 9449.0
(1855, 1856, 1857) 10066.0
(2783, 2784, 2785) 9192.0
(8522, 8523, 8524) 9424.0
(2825, 2826, 2827) 9366.0
(5803, 5804, 5805) 8816.0
(7048, 7049, 7050) 9517.0
(8614, 8615, 8616) 8922.0
(5106, 5107, 5108) 9977.0
(6910, 6911, 6912) 7817.0
(2482, 2483, 2484) 8517.0
(4277, 4278, 4279) 9748.0
(9959, 9960, 9961) 9336.0
(2113, 2114, 2115) 9139.0
(2931, 2932, 2933) 10046.0
(3664, 3665, 3666) 9697.0
(3786, 3787, 3788) 10322.0
(3767, 3768, 3769) 8339.0
(3286, 3287, 3288) 8267.0
(9503, 9504, 9505) 8178.0
(3933, 3934, 3935) 8136.0
(2, 3, 4) 7777.0
(8837, 8838, 8839) 10154.0
(9755, 9756, 9757) 9638.0
(1725, 1726, 1727) 8710.0
(6022, 6023, 6024) 8053.0
(7743, 7744, 7745) 8294.0
(5504, 5505, 5506) 8686.0
(2943, 2944, 2945) 7549.0
(7806, 7807, 7808) 8937.0
(8245, 8246, 8247) 8954.0
(9163, 9164, 9165) 10662.0
(8970, 8971, 8972) 10217.0
(7200, 7201, 7202) 8290.0
(4952, 4953, 4954) 8356.0
(3424, 3425, 3426) 9341.0
(5977, 5978, 5979) 7891.0
(8871, 8872, 8873) 8912.0
(6835, 6836, 6837) 8589.0
(867, 868, 869) 10828.0
(522, 523, 524) 9517.0
(3013, 3014, 3015) 9645.0
(7788, 7789, 7790) 10384.0
(927, 928, 929) 12043.0
(8317, 8318, 8319) 9768.0
(3731, 3732, 3733) 7954.0
(2202, 2203, 2204) 9084.0
(6850, 6851, 6852) 7725.0
(2023, 2024, 2025) 10183.0
(3140, 3141, 3142) 8407.0
(5644, 5645, 5646) 12006.0
(6933, 6934, 6935) 9581.0
(2641, 2642, 2643) 10656.0
(5175, 5176, 5177) 10353.0
(6656, 6657, 6658) 10146.0
(8485, 8486, 8487) 9797.0
(1009, 1010, 1011) 8787.0
(1525, 1526, 1527) 8977.0
(5559, 5560, 5561) 8876.0
(7188, 7189, 7190) 11108.0
(9177, 9178, 9179) 8489.0
(3547, 3548, 3549) 9660.0
(6245, 6246, 6247) 8676.0
(6241, 6242, 6243) 9252.0
(1576, 1577, 1578) 8324.0
(8063, 8064, 8065) 9014.0
(5877, 5878, 5879) 8394.0
(5308, 5309, 5310) 8586.0
(9414, 9415, 9416) 9565.0
(4847, 4848, 4849) 8525.0
(5367, 5368, 5369) 9006.0
(5773, 5774, 5775) 9119.0
(7395, 7396, 7397) 9728.0
(2040, 2041, 2042) 9839.0
(9792, 9793, 9794) 9353.0
(5640, 5641, 5642) 9992.0
(1096, 1097, 1098) 8735.0
(5111, 5112, 5113) 8189.0
(4612, 4613, 4614) 9080.0
(7560, 7561, 7562) 8261.0
(3966, 3967, 3968) 7488.0
(5520, 5521, 5522) 9228.0
(9787, 9788, 9789) 8597.0
(5218, 5219, 5220) 9402.0
(52, 53, 54) 9555.0
(8501, 8502, 8503) 8772.0
(3588, 3589, 3590) 10163.0
(8926, 8927, 8928) 8200.0
(3483, 3484, 3485) 8186.0
(6849, 6850, 6851) 8312.0
(856, 857, 858) 7923.0
(6876, 6877, 6878) 9280.0
(5682, 5683, 5684) 8674.0
(1863, 1864, 1865) 8724.0
(5144, 5145, 5146) 9449.0
(8233, 8234, 8235) 9106.0
(5957, 5958, 5959) 9952.0
(1897, 1898, 1899) 8227.0
(3301, 3302, 3303) 9440.0
(6081, 6082, 6083) 8303.0
(9671, 9672, 9673) 9332.0
(3170, 3171, 3172) 9633.0
(7370, 7371, 7372) 8158.0
(6780, 6781, 6782) 9471.0
(6416, 6417, 6418) 8342.0
(8773, 8774, 8775) 8991.0
(9044, 9045, 9046) 8764.0
(6746, 6747, 6748) 9124.0
(3442, 3443, 3444) 8930.0
(7887, 7888, 7889) 9209.0
(5571, 5572, 5573) 8492.0
(6354, 6355, 6356) 9225.0
(2967, 2968, 2969) 9353.0
(8858, 8859, 8860) 7418.0
(3588, 3589, 3590) 10163.0
(1701, 1702, 1703) 8947.0
(7366, 7367, 7368) 9710.0
(6776, 6777, 6778) 8414.0
(5827, 5828, 5829) 8954.0
(1063, 1064, 1065) 7962.0
(6573, 6574, 6575) 8962.0
(9773, 9774, 9775) 9117.0
(9034, 9035, 9036) 8896.0
(3762, 3763, 3764) 8924.0
(7839, 7840, 7841) 8917.0
(1059, 1060, 1061) 9421.0
(4440, 4441, 4442) 8831.0
(8371, 8372, 8373) 8886.0
(5957, 5958, 5959) 9952.0
(1602, 1603, 1604) 10643.0
(3422, 3423, 3424) 8549.0
(3122, 3123, 3124) 8061.0
(5110, 5111, 5112) 9452.0
(7991, 7992, 7993) 8753.0
(7070, 7071, 7072) 10003.0
(7621, 7622, 7623) 9269.0
(9291, 9292, 9293) 8322.0
(9162, 9163, 9164) 9507.0
(355, 356, 357) 8610.0
(3902, 3903, 3904) 10048.0
(3555, 3556, 3557) 9804.0
(8750, 8751, 8752) 7920.0
(3942, 3943, 3944) 8629.0
(6477, 6478, 6479) 8198.0
(1919, 1920, 1921) 10030.0
(964, 965, 966) 9400.0
(7847, 7848, 7849) 10105.0
(377, 378, 379) 9806.0
(916, 917, 918) 8397.0
(8101, 8102, 8103) 9239.0
(8138, 8139, 8140) 9349.0
(1775, 1776, 1777) 9182.0
(5053, 5054, 5055) 9035.0
(7792, 7793, 7794) 8724.0
(5888, 5889, 5890) 8811.0
(5425, 5426, 5427) 7985.0
(8559, 8560, 8561) 8741.0
(9897, 9898, 9899) 9948.0
(2921, 2922, 2923) 8517.0
(3989, 3990, 3991) 10160.0
(5453, 5454, 5455) 9508.0
(451, 452, 453) 7810.0
(6307, 6308, 6309) 9225.0
(4335, 4336, 4337) 8323.0
(2741, 2742, 2743) 8401.0
(1563, 1564, 1565) 10204.0
(3119, 3120, 3121) 8359.0
(5239, 5240, 5241) 9995.0
(4849, 4850, 4851) 8562.0
(766, 767, 768) 8622.0
(7823, 7824, 7825) 8093.0
(7436, 7437, 7438) 9462.0
(2796, 2797, 2798) 8324.0
(5665, 5666, 5667) 9192.0
(821, 822, 823) 7772.0
(7370, 7371, 7372) 8158.0
(7565, 7566, 7567) 10719.0
(4776, 4777, 4778) 10443.0
(4411, 4412, 4413) 10058.0
(3165, 3166, 3167) 8529.0
(2959, 2960, 2961) 8599.0
(6260, 6261, 6262) 10472.0
(2716, 2717, 2718) 8972.0
(2578, 2579, 2580) 10955.0
(4249, 4250, 4251) 7573.0
(725, 726, 727) 8588.0
(1548, 1549, 1550) 8456.0
(9699, 9700, 9701) 9288.0
(938, 939, 940) 9344.0
(4349, 4350, 4351) 8657.0
(7052, 7053, 7054) 8540.0
(5043, 5044, 5045) 8282.0
(9582, 9583, 9584) 7780.0
(9355, 9356, 9357) 8525.0
(3304, 3305, 3306) 7847.0
(4554, 4555, 4556) 9956.0
(1490, 1491, 1492) 8863.0
(8533, 8534, 8535) 8374.0
(7974, 7975, 7976) 8601.0
(1625, 1626, 1627) 9340.0
(9604, 9605, 9606) 8379.0
(3434, 3435, 3436) 10496.0
