(1261, 1262, 1263) 8486.0
(7303, 7304, 7305) 8646.0
(2817, 2818, 2819) 8399.0
(2185, 2186, 2187) 9405.0
(4520, 4521, 4522) 10012.0
(759, 760, 761) 8488.0
(6026, 6027, 6028) 8825.0
(3312, 3313, 3314) 9553.0
(4761, 4762, 4763) 9150.0
(250, 251, 252) 8691.0
(4166, 4167, 4168) 9923.0
(8533, 8534, 8535) 8273.0
(7928, 7929, 7930) 8211.0
(1677, 1678, 1679) 9069.0
(5299, 5300, 5301) 9592.0
(1660, 1661, 1662) 9055.0
(1519, 1520, 1521) 10697.0
(2646, 2647, 2648) 8401.0
(1743, 1744, 1745) 8365.0
(1401, 1402, 1403) 10170.0
(4023, 4024, 4025) 10404.0
(9165, 9166, 9167) 8664.0
(611, 612, 613) 10888.0
(7889, 7890, 7891) 8025.0
(8679, 8680, 8681) 8100.0
(3204, 3205, 3206) 9260.0
(5699, 5700, 5701) 8883.0
(8449, 8450, 8451) 9351.0
(211, 212, 213) 7947.0
(5764, 5765, 5766) 9242.0
(6460, 6461, 6462) 9274.0
(9444, 9445, 9446) 8344.0
(6923, 6924, 6925) 8885.0
(8945, 8946, 8947) 11920.0
(8538, 8539, 8540) 8739.0
(1880, 1881, 1882) 8705.0
(182, 183, 184) 10648.0
(1375, 1376, 1377) 7890.0
(9649, 9650, 9651) 8247.0
(6273, 6274, 6275) 9205.0
(1341, 1342, 1343) 9305.0
(828, 829, 830) 9530.0
(9422, 9423, 9424) 8805.0
(2590, 2591, 2592) 10819.0
(1008, 1009, 1010) 10411.0
(6293, 6294, 6295) 10811.0
(1358, 1359, 1360) 11086.0
(1673, 1674, 1675) 9404.0
(6349, 6350, 6351) 8607.0
(3927, 3928, 3929) 11285.0
(6341, 6342, 6343) 8626.0
(8032, 8033, 8034) 9496.0
(4875, 4876, 4877) 7930.0
(6459, 6460, 6461) 9974.0
(4842, 4843, 4844) 8959.0
(8442, 8443, 8444) 10079.0
(3169, 3170, 3171) 10500.0
(4661, 4662, 4663) 9641.0
(2135, 2136, 2137) 8171.0
(3224, 3225, 3226) 8664.0
(9161, 9162, 9163) 8049.0
(2203, 2204, 2205) 8200.0
(3155, 3156, 3157) 10496.0
(7241, 7242, 7243) 9173.0
(3657, 3658, 3659) 9342.0
(9099, 9100, 9101) 10595.0
(1287, 1288, 1289) 8344.0
(3197, 3198, 3199) 8084.0
(2240, 2241, 2242) 9243.0
(2967, 2968, 2969) 9519.0
(4940, 4941, 4942) 8798.0
(3077, 3078, 3079) 9550.0
(951, 952, 953) 10064.0
(7134, 7135, 7136) 8220.0
(2693, 2694, 2695) 10429.0
(2541, 2542, 2543) 8400.0
(4638, 4639, 4640) 9879.0
(5122, 5123, 5124) 8376.0
(6321, 6322, 6323) 9029.0
(3132, 3133, 3134) 9884.0
(1675, 1676, 1677) 10060.0
(408, 409, 410) 11369.0
(2100, 2101, 2102) 8458.0
(3883, 3884, 3885) 9010.0
(448, 449, 450) 9759.0
(7203, 7204, 7205) 8007.0
(3036, 3037, 3038) 12924.0
(4640, 4641, 4642) 7780.0
(4560, 4561, 4562) 9685.0
(3866, 3867, 3868) 8859.0
(6483, 6484, 6485) 9170.0
(4405, 4406, 4407) 10283.0
(922, 923, 924) 8027.0
(7584, 7585, 7586) 9173.0
(5313, 5314, 5315) 8984.0
(845, 846, 847) 9146.0
(6643, 6644, 6645) 8817.0
(5431, 5432, 5433) 9244.0
(2984, 2985, 2986) 9216.0
(4896, 4897, 4898) 9214.0
(591, 592, 593) 9944.0
(4450, 4451, 4452) 10448.0
(3010, 3011, 3012) 8840.0
(1488, 1489, 1490) 8551.0
(693, 694, 695) 9123.0
(4073, 4074, 4075) 8597.0
(9325, 9326, 9327) 7731.0
(8333, 8334, 8335) 9499.0
(8517, 8518, 8519) 9522.0
(5870, 5871, 5872) 8928.0
(9654, 9655, 9656) 9078.0
(949, 950, 951) 9054.0
(8430, 8431, 8432) 8546.0
(734, 735, 736) 8734.0
(4179, 4180, 4181) 10839.0
(134, 135, 136) 10028.0
(40, 41, 42) 9343.0
(7273, 7274, 7275) 8092.0
(2342, 2343, 2344) 8765.0
(3686, 3687, 3688) 8157.0
(8400, 8401, 8402) 12679.0
(1489, 1490, 1491) 8551.0
(2614, 2615, 2616) 10171.0
(8331, 8332, 8333) 9292.0
(5537, 5538, 5539) 9115.0
(2882, 2883, 2884) 8705.0
(7130, 7131, 7132) 10359.0
(9523, 9524, 9525) 9025.0
(176, 177, 178) 9656.0
(8358, 8359, 8360) 10926.0
(4331, 4332, 4333) 9319.0
(4454, 4455, 4456) 9026.0
(3314, 3315, 3316) 9403.0
(2507, 2508, 2509) 9179.0
(4844, 4845, 4846) 8701.0
(3051, 3052, 3053) 8469.0
(4377, 4378, 4379) 9163.0
(4069, 4070, 4071) 9525.0
(4180, 4181, 4182) 8863.0
(4366, 4367, 4368) 8748.0
(1273, 1274, 1275) 9082.0
(6501, 6502, 6503) 10164.0
(9098, 9099, 9100) 8545.0
(120, 121, 122) 9993.0
(3858, 3859, 3860) 9414.0
(1253, 1254, 1255) 9376.0
(4443, 4444, 4445) 9734.0
(4393, 4394, 4395) 8143.0
(8789, 8790, 8791) 8721.0
(678, 679, 680) 9104.0
(6708, 6709, 6710) 10072.0
(551, 552, 553) 9524.0
(4643, 4644, 4645) 9796.0
(5171, 5172, 5173) 9091.0
(1366, 1367, 1368) 10179.0
(8083, 8084, 8085) 9781.0
(7470, 7471, 7472) 9346.0
(3950, 3951, 3952) 9476.0
(177, 178, 179) 9116.0
(5452, 5453, 5454) 8955.0
(6482, 6483, 6484) 8302.0
(4547, 4548, 4549) 8832.0
(7618, 7619, 7620) 8840.0
(5344, 5345, 5346) 8665.0
(3485, 3486, 3487) 8648.0
(8398, 8399, 8400) 8497.0
(6286, 6287, 6288) 9758.0
(6321, 6322, 6323) 9029.0
(6438, 6439, 6440) 8323.0
(9487, 9488, 9489) 9234.0
(2776, 2777, 2778) 9283.0
(4586, 4587, 4588) 8387.0
(7351, 7352, 7353) 10600.0
(2811, 2812, 2813) 7887.0
(6629, 6630, 6631) 8603.0
(4696, 4697, 4698) 9013.0
(9820, 9821, 9822) 10391.0
(3371, 3372, 3373) 10030.0
(9703, 9704, 9705) 9905.0
(8162, 8163, 8164) 8113.0
(2744, 2745, 2746) 9404.0
(429, 430, 431) 10763.0
(1196, 1197, 1198) 9215.0
(3732, 3733, 3734) 12261.0
(6034, 6035, 6036) 9191.0
(4504, 4505, 4506) 9681.0
(7074, 7075, 7076) 8865.0
(167, 168, 169) 9558.0
(6988, 6989, 6990) 8944.0
(1489, 1490, 1491) 8551.0
(297, 298, 299) 9661.0
(170, 171, 172) 9426.0
(5441, 5442, 5443) 9280.0
(9990, 9991, 9992) 9604.0
(9131, 9132, 9133) 8820.0
(5426, 5427, 5428) 8981.0
(1294, 1295, 1296) 8404.0
(6990, 6991, 6992) 8674.0
(8240, 8241, 8242) 10328.0
(6361, 6362, 6363) 10310.0
(5136, 5137, 5138) 9790.0
