(1714, 1715, 1716) 8706.0
(1559, 1560, 1561) 9155.0
(179, 180, 181) 10258.0
(2150, 2151, 2152) 10402.0
(9679, 9680, 9681) 9417.0
(8617, 8618, 8619) 8951.0
(1048, 1049, 1050) 9061.0
(4715, 4716, 4717) 9042.0
(1562, 1563, 1564) 8846.0
(8278, 8279, 8280) 10275.0
(4016, 4017, 4018) 9953.0
(9766, 9767, 9768) 9592.0
(4355, 4356, 4357) 8920.0
(7969, 7970, 7971) 8545.0
(7155, 7156, 7157) 8137.0
(3551, 3552, 3553) 10191.0
(3080, 3081, 3082) 9008.0
(8431, 8432, 8433) 8975.0
(7811, 7812, 7813) 8776.0
(8967, 8968, 8969) 10153.0
(6406, 6407, 6408) 8524.0
(7716, 7717, 7718) 9291.0
(7046, 7047, 7048) 9297.0
(7143, 7144, 7145) 10240.0
(2357, 2358, 2359) 9698.0
(3587, 3588, 3589) 10848.0
(5499, 5500, 5501) 9443.0
(3764, 3765, 3766) 8725.0
(9857, 9858, 9859) 8757.0
(4503, 4504, 4505) 10653.0
(8864, 8865, 8866) 9577.0
(8686, 8687, 8688) 9054.0
(2994, 2995, 2996) 8485.0
(8615, 8616, 8617) 8052.0
(2996, 2997, 2998) 7940.0
(2592, 2593, 2594) 9169.0
(1111, 1112, 1113) 11052.0
(596, 597, 598) 11386.0
(1513, 1514, 1515) 7976.0
(4518, 4519, 4520) 9639.0
(4196, 4197, 4198) 8237.0
(7307, 7308, 7309) 8488.0
(2376, 2377, 2378) 10799.0
(1927, 1928, 1929) 9065.0
(8683, 8684, 8685) 8741.0
(3122, 3123, 3124) 8426.0
(220, 221, 222) 11364.0
(1866, 1867, 1868) 9590.0
(398, 399, 400) 8559.0
(4821, 4822, 4823) 8748.0
(232, 233, 234) 9480.0
(1896, 1897, 1898) 9076.0
(3019, 3020, 3021) 9311.0
(1819, 1820, 1821) 9110.0
(7720, 7721, 7722) 9180.0
(4642, 4643, 4644) 9820.0
(8602, 8603, 8604) 8413.0
(4352, 4353, 4354) 9322.0
(5049, 5050, 5051) 8208.0
(3241, 3242, 3243) 9184.0
(1048, 1049, 1050) 9061.0
(8182, 8183, 8184) 8958.0
(7226, 7227, 7228) 10244.0
(5167, 5168, 5169) 8824.0
(6380, 6381, 6382) 9733.0
(5233, 5234, 5235) 8819.0
(2595, 2596, 2597) 8533.0
(2295, 2296, 2297) 9033.0
(7081, 7082, 7083) 11963.0
(7162, 7163, 7164) 8991.0
(7347, 7348, 7349) 8169.0
(658, 659, 660) 11502.0
(8936, 8937, 8938) 8735.0
(1882, 1883, 1884) 10112.0
(9880, 9881, 9882) 7583.0
(1800, 1801, 1802) 8436.0
(2599, 2600, 2601) 10321.0
(8740, 8741, 8742) 10142.0
(6061, 6062, 6063) 9249.0
(7879, 7880, 7881) 9052.0
(2366, 2367, 2368) 8944.0
(6014, 6015, 6016) 10250.0
(2576, 2577, 2578) 9420.0
(1104, 1105, 1106) 9220.0
(327, 328, 329) 9092.0
(5150, 5151, 5152) 9110.0
(8503, 8504, 8505) 9758.0
(8413, 8414, 8415) 8535.0
(104, 105, 106) 9270.0
(1878, 1879, 1880) 9819.0
(6461, 6462, 6463) 8705.0
(8221, 8222, 8223) 9077.0
(406, 407, 408) 11203.0
(4982, 4983, 4984) 9706.0
(2759, 2760, 2761) 8066.0
(797, 798, 799) 9591.0
(2611, 2612, 2613) 8760.0
(9182, 9183, 9184) 9154.0
(6384, 6385, 6386) 8689.0
(5087, 5088, 5089) 9500.0
(5054, 5055, 5056) 8440.0
(8925, 8926, 8927) 9566.0
(625, 626, 627) 7947.0
(1489, 1490, 1491) 8630.0
(6446, 6447, 6448) 10124.0
(8961, 8962, 8963) 11421.0
(467, 468, 469) 7986.0
(6786, 6787, 6788) 9269.0
(8402, 8403, 8404) 9176.0
(4218, 4219, 4220) 8783.0
(1283, 1284, 1285) 9508.0
(6062, 6063, 6064) 7890.0
(6518, 6519, 6520) 8788.0
(661, 662, 663) 7922.0
(7330, 7331, 7332) 11305.0
(1972, 1973, 1974) 8877.0
(8104, 8105, 8106) 9367.0
(6870, 6871, 6872) 8517.0
(898, 899, 900) 8938.0
(5736, 5737, 5738) 10041.0
(6605, 6606, 6607) 10771.0
(9075, 9076, 9077) 11479.0
(6820, 6821, 6822) 9131.0
(9689, 9690, 9691) 12184.0
(9575, 9576, 9577) 10300.0
(5375, 5376, 5377) 8455.0
(2815, 2816, 2817) 9370.0
(9496, 9497, 9498) 9099.0
(2964, 2965, 2966) 8950.0
(5024, 5025, 5026) 9715.0
(9914, 9915, 9916) 10380.0
(9731, 9732, 9733) 8710.0
(3990, 3991, 3992) 9704.0
(4137, 4138, 4139) 9038.0
(8988, 8989, 8990) 11075.0
(5224, 5225, 5226) 9448.0
(7814, 7815, 7816) 9676.0
(6155, 6156, 6157) 11450.0
(7278, 7279, 7280) 8613.0
(8658, 8659, 8660) 8438.0
(9554, 9555, 9556) 11097.0
(2029, 2030, 2031) 10564.0
(5861, 5862, 5863) 8808.0
(9079, 9080, 9081) 10774.0
(8468, 8469, 8470) 9155.0
(4110, 4111, 4112) 10148.0
(819, 820, 821) 10367.0
(7733, 7734, 7735) 9864.0
(6875, 6876, 6877) 10257.0
(2523, 2524, 2525) 9235.0
(5058, 5059, 5060) 7769.0
(2268, 2269, 2270) 8761.0
(1450, 1451, 1452) 10414.0
(6145, 6146, 6147) 9745.0
(4201, 4202, 4203) 9034.0
(5427, 5428, 5429) 10416.0
(9563, 9564, 9565) 10768.0
(8949, 8950, 8951) 9877.0
(886, 887, 888) 9095.0
(4716, 4717, 4718) 10173.0
(7514, 7515, 7516) 10119.0
(9721, 9722, 9723) 11992.0
(8925, 8926, 8927) 9566.0
(3758, 3759, 3760) 9430.0
(3042, 3043, 3044) 8731.0
(5364, 5365, 5366) 9148.0
(8678, 8679, 8680) 10854.0
(4960, 4961, 4962) 10290.0
(221, 222, 223) 9458.0
(8847, 8848, 8849) 10474.0
(3583, 3584, 3585) 9056.0
(4968, 4969, 4970) 9916.0
(5544, 5545, 5546) 9299.0
(4774, 4775, 4776) 12743.0
(2609, 2610, 2611) 9842.0
(1817, 1818, 1819) 7944.0
(6190, 6191, 6192) 9322.0
(6075, 6076, 6077) 9875.0
(6688, 6689, 6690) 9017.0
(5579, 5580, 5581) 9709.0
(3352, 3353, 3354) 7934.0
(977, 978, 979) 9167.0
(2452, 2453, 2454) 8627.0
(6449, 6450, 6451) 10385.0
(645, 646, 647) 9318.0
(9977, 9978, 9979) 9470.0
(9348, 9349, 9350) 10373.0
(1865, 1866, 1867) 9159.0
(7527, 7528, 7529) 8870.0
(8251, 8252, 8253) 11869.0
(5255, 5256, 5257) 11152.0
(2413, 2414, 2415) 8268.0
(8460, 8461, 8462) 9474.0
(271, 272, 273) 9881.0
(6924, 6925, 6926) 10780.0
(8744, 8745, 8746) 9803.0
(8688, 8689, 8690) 9429.0
(279, 280, 281) 9071.0
(7284, 7285, 7286) 12382.0
(3085, 3086, 3087) 9606.0
(9059, 9060, 9061) 8765.0
