(4369, 4370, 4371) 8250.0
(7950, 7951, 7952) 9282.0
(1447, 1448, 1449) 8419.0
(5623, 5624, 5625) 8298.0
(5909, 5910, 5911) 9529.0
(4378, 4379, 4380) 9944.0
(5948, 5949, 5950) 8624.0
(9743, 9744, 9745) 9791.0
(345, 346, 347) 9132.0
(8467, 8468, 8469) 8562.0
(748, 749, 750) 8358.0
(9003, 9004, 9005) 9778.0
(2201, 2202, 2203) 11595.0
(7226, 7227, 7228) 10615.0
(2600, 2601, 2602) 10059.0
(3625, 3626, 3627) 9625.0
(2931, 2932, 2933) 10755.0
(1545, 1546, 1547) 8736.0
(3831, 3832, 3833) 8675.0
(2052, 2053, 2054) 8309.0
(5457, 5458, 5459) 10166.0
(4980, 4981, 4982) 9777.0
(6043, 6044, 6045) 9336.0
(9735, 9736, 9737) 10719.0
(4936, 4937, 4938) 8928.0
(8891, 8892, 8893) 10395.0
(6844, 6845, 6846) 8499.0
(7852, 7853, 7854) 8931.0
(4128, 4129, 4130) 9747.0
(6686, 6687, 6688) 8438.0
(7868, 7869, 7870) 9877.0
(3613, 3614, 3615) 9756.0
(3534, 3535, 3536) 9059.0
(2347, 2348, 2349) 8552.0
(3339, 3340, 3341) 8617.0
(8811, 8812, 8813) 8346.0
(7614, 7615, 7616) 10279.0
(7517, 7518, 7519) 8872.0
(5837, 5838, 5839) 9281.0
(3304, 3305, 3306) 8238.0
(8398, 8399, 8400) 8712.0
(8867, 8868, 8869) 9057.0
(9327, 9328, 9329) 9494.0
(40, 41, 42) 9721.0
(879, 880, 881) 9887.0
(4132, 4133, 4134) 9923.0
(3654, 3655, 3656) 8288.0
(2059, 2060, 2061) 12136.0
(5295, 5296, 5297) 12348.0
(8822, 8823, 8824) 9364.0
(7308, 7309, 7310) 9346.0
(9571, 9572, 9573) 9150.0
(5267, 5268, 5269) 8437.0
(3308, 3309, 3310) 9342.0
(7571, 7572, 7573) 8909.0
(4126, 4127, 4128) 9067.0
(7473, 7474, 7475) 8399.0
(8071, 8072, 8073) 8900.0
(3908, 3909, 3910) 8822.0
(7379, 7380, 7381) 8620.0
(933, 934, 935) 10173.0
(9022, 9023, 9024) 9608.0
(7578, 7579, 7580) 8862.0
(7808, 7809, 7810) 8803.0
(9889, 9890, 9891) 9681.0
(6963, 6964, 6965) 8976.0
(2724, 2725, 2726) 9188.0
(8927, 8928, 8929) 9688.0
(4120, 4121, 4122) 9542.0
(8318, 8319, 8320) 10614.0
(6650, 6651, 6652) 8997.0
(3837, 3838, 3839) 10167.0
(2089, 2090, 2091) 9003.0
(4652, 4653, 4654) 11009.0
(8882, 8883, 8884) 9407.0
(8476, 8477, 8478) 10162.0
(2800, 2801, 2802) 9933.0
(2802, 2803, 2804) 10488.0
(7171, 7172, 7173) 8488.0
(4110, 4111, 4112) 10558.0
(6747, 6748, 6749) 10109.0
(4157, 4158, 4159) 8982.0
(4121, 4122, 4123) 8790.0
(9819, 9820, 9821) 8747.0
(4290, 4291, 4292) 8895.0
(4803, 4804, 4805) 9986.0
(963, 964, 965) 9335.0
(3283, 3284, 3285) 8526.0
(1767, 1768, 1769) 10640.0
(2098, 2099, 2100) 10566.0
(2321, 2322, 2323) 9070.0
(5524, 5525, 5526) 10339.0
(9630, 9631, 9632) 9040.0
(5556, 5557, 5558) 9804.0
(5379, 5380, 5381) 9620.0
(3801, 3802, 3803) 10440.0
(3920, 3921, 3922) 9828.0
(3708, 3709, 3710) 11777.0
(2250, 2251, 2252) 9611.0
(9539, 9540, 9541) 9691.0
(8424, 8425, 8426) 8387.0
(8537, 8538, 8539) 9163.0
(1181, 1182, 1183) 9593.0
(4939, 4940, 4941) 8659.0
(8483, 8484, 8485) 10057.0
(797, 798, 799) 9646.0
(7036, 7037, 7038) 8073.0
(3034, 3035, 3036) 12180.0
(941, 942, 943) 8931.0
(2952, 2953, 2954) 9735.0
(2733, 2734, 2735) 9943.0
(3194, 3195, 3196) 9091.0
(3402, 3403, 3404) 12243.0
(7256, 7257, 7258) 9226.0
(582, 583, 584) 9456.0
(628, 629, 630) 9071.0
(158, 159, 160) 8963.0
(8679, 8680, 8681) 8406.0
(2792, 2793, 2794) 9431.0
(5429, 5430, 5431) 9870.0
(8732, 8733, 8734) 10376.0
(2483, 2484, 2485) 9926.0
(4694, 4695, 4696) 10255.0
(5109, 5110, 5111) 9450.0
(5055, 5056, 5057) 9666.0
(4317, 4318, 4319) 9605.0
(1935, 1936, 1937) 9088.0
(7969, 7970, 7971) 8522.0
(147, 148, 149) 9354.0
(9735, 9736, 9737) 10719.0
(4972, 4973, 4974) 9412.0
(1218, 1219, 1220) 9162.0
(5541, 5542, 5543) 8692.0
(6925, 6926, 6927) 8474.0
(3677, 3678, 3679) 8995.0
(1950, 1951, 1952) 10600.0
(626, 627, 628) 10308.0
(8265, 8266, 8267) 11038.0
(9116, 9117, 9118) 9712.0
(6425, 6426, 6427) 9233.0
(677, 678, 679) 9718.0
(1591, 1592, 1593) 9171.0
(514, 515, 516) 9538.0
(6956, 6957, 6958) 8089.0
(5306, 5307, 5308) 10533.0
(8529, 8530, 8531) 8029.0
(2937, 2938, 2939) 9801.0
(4620, 4621, 4622) 9170.0
(3669, 3670, 3671) 8836.0
(5778, 5779, 5780) 7676.0
(2344, 2345, 2346) 10672.0
(1761, 1762, 1763) 8972.0
(5529, 5530, 5531) 8342.0
(4305, 4306, 4307) 8050.0
(3058, 3059, 3060) 9311.0
(1956, 1957, 1958) 9589.0
(4496, 4497, 4498) 8739.0
(6883, 6884, 6885) 12577.0
(4247, 4248, 4249) 11694.0
(6775, 6776, 6777) 11567.0
(6587, 6588, 6589) 9855.0
(7469, 7470, 7471) 10033.0
(1075, 1076, 1077) 9266.0
(8555, 8556, 8557) 9213.0
(1265, 1266, 1267) 10250.0
(8488, 8489, 8490) 8979.0
(7105, 7106, 7107) 12405.0
(6280, 6281, 6282) 8746.0
(1937, 1938, 1939) 9311.0
(6965, 6966, 6967) 8896.0
(4139, 4140, 4141) 8836.0
(8004, 8005, 8006) 9382.0
(1964, 1965, 1966) 9148.0
(4098, 4099, 4100) 11822.0
(4185, 4186, 4187) 11541.0
(5677, 5678, 5679) 12007.0
(2531, 2532, 2533) 8841.0
(7506, 7507, 7508) 11187.0
(7754, 7755, 7756) 9937.0
(7040, 7041, 7042) 10494.0
(8046, 8047, 8048) 9699.0
(3516, 3517, 3518) 13270.0
(4700, 4701, 4702) 9083.0
(2113, 2114, 2115) 9968.0
(9052, 9053, 9054) 9566.0
(511, 512, 513) 8049.0
(9094, 9095, 9096) 13122.0
(6158, 6159, 6160) 10491.0
(680, 681, 682) 8976.0
(5675, 5676, 5677) 9853.0
(4414, 4415, 4416) 9859.0
(3830, 3831, 3832) 10463.0
(2519, 2520, 2521) 8967.0
(1607, 1608, 1609) 9365.0
(2851, 2852, 2853) 11347.0
(9898, 9899, 9900) 9253.0
(2787, 2788, 2789) 8460.0
(274, 275, 276) 8866.0
(204, 205, 206) 8277.0
(1290, 1291, 1292) 8507.0
(9960, 9961, 9962) 9859.0
