(3994, 3995, 3996) 10314.0
(7269, 7270, 7271) 9365.0
(7212, 7213, 7214) 11308.0
(3648, 3649, 3650) 8745.0
(478, 479, 480) 10845.0
(6473, 6474, 6475) 10797.0
(6850, 6851, 6852) 7932.0
(6363, 6364, 6365) 9249.0
(1666, 1667, 1668) 9775.0
(9945, 9946, 9947) 8437.0
(520, 521, 522) 11319.0
(9818, 9819, 9820) 9846.0
(3948, 3949, 3950) 9650.0
(380, 381, 382) 11350.0
(5968, 5969, 5970) 10205.0
(722, 723, 724) 8726.0
(6681, 6682, 6683) 9189.0
(8872, 8873, 8874) 7975.0
(9830, 9831, 9832) 9499.0
(6442, 6443, 6444) 10312.0
(6263, 6264, 6265) 10827.0
(4886, 4887, 4888) 12067.0
(4164, 4165, 4166) 9474.0
(7161, 7162, 7163) 9444.0
(1847, 1848, 1849) 9388.0
(1926, 1927, 1928) 10860.0
(8638, 8639, 8640) 11104.0
(3297, 3298, 3299) 8880.0
(8989, 8990, 8991) 9120.0
(6522, 6523, 6524) 11485.0
(7875, 7876, 7877) 8566.0
(1170, 1171, 1172) 9731.0
(5105, 5106, 5107) 10021.0
(2266, 2267, 2268) 9585.0
(5603, 5604, 5605) 8597.0
(7652, 7653, 7654) 9032.0
(2868, 2869, 2870) 10785.0
(3408, 3409, 3410) 11314.0
(4553, 4554, 4555) 9234.0
(3241, 3242, 3243) 9508.0
(3055, 3056, 3057) 8653.0
(9440, 9441, 9442) 10662.0
(7271, 7272, 7273) 11014.0
(187, 188, 189) 8362.0
(60, 61, 62) 10433.0
(2420, 2421, 2422) 12597.0
(5502, 5503, 5504) 10092.0
(4276, 4277, 4278) 9922.0
(2220, 2221, 2222) 9664.0
(8759, 8760, 8761) 9225.0
(5137, 5138, 5139) 10195.0
(1175, 1176, 1177) 11212.0
(7473, 7474, 7475) 8764.0
(6244, 6245, 6246) 9691.0
(9182, 9183, 9184) 9450.0
(9167, 9168, 9169) 9397.0
(7552, 7553, 7554) 8829.0
(4934, 4935, 4936) 10020.0
(4349, 4350, 4351) 9051.0
(8139, 8140, 8141) 9536.0
(50, 51, 52) 9579.0
(67, 68, 69) 11798.0
(1147, 1148, 1149) 9090.0
(8497, 8498, 8499) 11388.0
(1073, 1074, 1075) 9367.0
(7093, 7094, 7095) 9363.0
(335, 336, 337) 8549.0
(2955, 2956, 2957) 8768.0
(583, 584, 585) 9352.0
(1666, 1667, 1668) 9775.0
(3301, 3302, 3303) 9943.0
(961, 962, 963) 9348.0
(6820, 6821, 6822) 9355.0
(7383, 7384, 7385) 10140.0
(6433, 6434, 6435) 9285.0
(5989, 5990, 5991) 9687.0
(6800, 6801, 6802) 9147.0
(7072, 7073, 7074) 9516.0
(7681, 7682, 7683) 9145.0
(3034, 3035, 3036) 12467.0
(4726, 4727, 4728) 9190.0
(1209, 1210, 1211) 9196.0
(7796, 7797, 7798) 9085.0
(8583, 8584, 8585) 9607.0
(183, 184, 185) 10019.0
(6647, 6648, 6649) 9698.0
(9246, 9247, 9248) 11991.0
(1853, 1854, 1855) 9740.0
(9937, 9938, 9939) 9365.0
(5564, 5565, 5566) 9757.0
(9521, 9522, 9523) 7901.0
(892, 893, 894) 8856.0
(2161, 2162, 2163) 8664.0
(8850, 8851, 8852) 8534.0
(4873, 4874, 4875) 9568.0
(1850, 1851, 1852) 10719.0
(832, 833, 834) 9873.0
(4929, 4930, 4931) 10067.0
(3204, 3205, 3206) 9604.0
(3924, 3925, 3926) 9695.0
(6221, 6222, 6223) 8822.0
(6681, 6682, 6683) 9189.0
(3423, 3424, 3425) 8465.0
(9121, 9122, 9123) 9035.0
(9621, 9622, 9623) 9584.0
(3838, 3839, 3840) 8737.0
(2309, 2310, 2311) 9429.0
(7109, 7110, 7111) 9164.0
(268, 269, 270) 10478.0
(7897, 7898, 7899) 8879.0
(4053, 4054, 4055) 8526.0
(1734, 1735, 1736) 10270.0
(4858, 4859, 4860) 10511.0
(7655, 7656, 7657) 8715.0
(1977, 1978, 1979) 11037.0
(4778, 4779, 4780) 11270.0
(1674, 1675, 1676) 10168.0
(2345, 2346, 2347) 11796.0
(9714, 9715, 9716) 9933.0
(3532, 3533, 3534) 8803.0
(7746, 7747, 7748) 9562.0
(9097, 9098, 9099) 9280.0
(135, 136, 137) 10414.0
(5237, 5238, 5239) 9636.0
(3223, 3224, 3225) 9474.0
(6907, 6908, 6909) 9477.0
(1612, 1613, 1614) 13058.0
(5976, 5977, 5978) 10223.0
(5686, 5687, 5688) 10731.0
(1047, 1048, 1049) 14352.0
(5139, 5140, 5141) 8781.0
(1367, 1368, 1369) 9660.0
(6357, 6358, 6359) 10841.0
(3166, 3167, 3168) 9646.0
(4863, 4864, 4865) 8727.0
(5576, 5577, 5578) 9405.0
(4803, 4804, 4805) 10138.0
(3132, 3133, 3134) 10423.0
(4829, 4830, 4831) 9841.0
(8264, 8265, 8266) 8589.0
(3568, 3569, 3570) 9557.0
(5254, 5255, 5256) 9202.0
(3523, 3524, 3525) 10187.0
(5518, 5519, 5520) 10779.0
(5665, 5666, 5667) 9471.0
(5273, 5274, 5275) 10984.0
(925, 926, 927) 10058.0
(7370, 7371, 7372) 8726.0
(1227, 1228, 1229) 9939.0
(9604, 9605, 9606) 9058.0
(9611, 9612, 9613) 10276.0
(4717, 4718, 4719) 10592.0
(6399, 6400, 6401) 8269.0
(2926, 2927, 2928) 9289.0
(7579, 7580, 7581) 10172.0
(6084, 6085, 6086) 10764.0
(1957, 1958, 1959) 10083.0
(2691, 2692, 2693) 11318.0
(8180, 8181, 8182) 9075.0
(3642, 3643, 3644) 8524.0
(6038, 6039, 6040) 9681.0
(4871, 4872, 4873) 8073.0
(7946, 7947, 7948) 8681.0
(1090, 1091, 1092) 10240.0
(3013, 3014, 3015) 9987.0
(8484, 8485, 8486) 9398.0
(727, 728, 729) 9136.0
(8694, 8695, 8696) 8997.0
(3598, 3599, 3600) 10083.0
(8127, 8128, 8129) 10271.0
(9798, 9799, 9800) 9406.0
(8777, 8778, 8779) 10210.0
(5573, 5574, 5575) 10003.0
(2255, 2256, 2257) 9614.0
(1505, 1506, 1507) 9024.0
(6890, 6891, 6892) 9546.0
(4626, 4627, 4628) 9825.0
(6800, 6801, 6802) 9147.0
(9451, 9452, 9453) 9252.0
(2667, 2668, 2669) 10107.0
(673, 674, 675) 8934.0
(4244, 4245, 4246) 10875.0
(8467, 8468, 8469) 8736.0
(9924, 9925, 9926) 11179.0
(2553, 2554, 2555) 9864.0
(9326, 9327, 9328) 10951.0
(4805, 4806, 4807) 9472.0
(2131, 2132, 2133) 11607.0
(4422, 4423, 4424) 8877.0
(9171, 9172, 9173) 11247.0
(9783, 9784, 9785) 8773.0
(4585, 4586, 4587) 9158.0
(1063, 1064, 1065) 9056.0
(6174, 6175, 6176) 9508.0
(3029, 3030, 3031) 12456.0
(7983, 7984, 7985) 9475.0
(2401, 2402, 2403) 10310.0
(6203, 6204, 6205) 9381.0
(4611, 4612, 4613) 8657.0
(3640, 3641, 3642) 10724.0
(9840, 9841, 9842) 8861.0
