(6761, 6762, 6763) 669.0
(1426, 1427, 1428) 863.0
(4357, 4358, 4359) 1108.0
(9384, 9385, 9386) 810.0
(6777, 6778, 6779) 894.0
(2098, 2099, 2100) 1347.0
(9376, 9377, 9378) 909.0
(8608, 8609, 8610) 1221.0
(4048, 4049, 4050) 622.0
(3369, 3370, 3371) 626.0
(4963, 4964, 4965) 825.0
(4705, 4706, 4707) 810.0
(8076, 8077, 8078) 648.0
(8290, 8291, 8292) 790.0
(2287, 2288, 2289) 817.0
(9168, 9169, 9170) 745.0
(2310, 2311, 2312) 857.0
(9094, 9095, 9096) 1367.0
(2544, 2545, 2546) 683.0
(176, 177, 178) 795.0
(5708, 5709, 5710) 969.0
(2541, 2542, 2543) 698.0
(2106, 2107, 2108) 915.0
(6873, 6874, 6875) 1026.0
(2969, 2970, 2971) 843.0
(3108, 3109, 3110) 981.0
(3640, 3641, 3642) 931.0
(2029, 2030, 2031) 1139.0
(7653, 7654, 7655) 825.0
(5891, 5892, 5893) 1037.0
(7603, 7604, 7605) 945.0
(749, 750, 751) 722.0
(8551, 8552, 8553) 1259.0
(4003, 4004, 4005) 989.0
(6416, 6417, 6418) 791.0
(6536, 6537, 6538) 992.0
(5908, 5909, 5910) 926.0
(7002, 7003, 7004) 1003.0
(6009, 6010, 6011) 1012.0
(173, 174, 175) 594.0
(6536, 6537, 6538) 992.0
(7650, 7651, 7652) 691.0
(568, 569, 570) 612.0
(7302, 7303, 7304) 1008.0
(7039, 7040, 7041) 703.0
(7836, 7837, 7838) 852.0
(1786, 1787, 1788) 846.0
(3059, 3060, 3061) 877.0
(5233, 5234, 5235) 1111.0
(2828, 2829, 2830) 957.0
(129, 130, 131) 606.0
(3396, 3397, 3398) 774.0
(9382, 9383, 9384) 1025.0
(2, 3, 4) 945.0
(5042, 5043, 5044) 901.0
(4535, 4536, 4537) 1155.0
(1940, 1941, 1942) 904.0
(6376, 6377, 6378) 698.0
(6811, 6812, 6813) 1001.0
(7435, 7436, 7437) 615.0
(4840, 4841, 4842) 900.0
(5313, 5314, 5315) 924.0
(977, 978, 979) 981.0
(9207, 9208, 9209) 1417.0
(2450, 2451, 2452) 1020.0
(9050, 9051, 9052) 858.0
(3999, 4000, 4001) 757.0
(1840, 1841, 1842) 1292.0
(5785, 5786, 5787) 919.0
(4311, 4312, 4313) 908.0
(9686, 9687, 9688) 1063.0
(2303, 2304, 2305) 667.0
(9457, 9458, 9459) 619.0
(190, 191, 192) 727.0
(978, 979, 980) 992.0
(3549, 3550, 3551) 1000.0
(1662, 1663, 1664) 847.0
(1148, 1149, 1150) 1155.0
(7559, 7560, 7561) 774.0
(4704, 4705, 4706) 982.0
(5868, 5869, 5870) 713.0
(1925, 1926, 1927) 886.0
(1659, 1660, 1661) 929.0
(7560, 7561, 7562) 688.0
(8739, 8740, 8741) 947.0
(8745, 8746, 8747) 860.0
(4040, 4041, 4042) 868.0
(8479, 8480, 8481) 678.0
(2390, 2391, 2392) 1339.0
(4151, 4152, 4153) 769.0
(8927, 8928, 8929) 1183.0
(6246, 6247, 6248) 814.0
(6303, 6304, 6305) 753.0
(4944, 4945, 4946) 1055.0
(4882, 4883, 4884) 826.0
(3564, 3565, 3566) 667.0
(6509, 6510, 6511) 974.0
(9464, 9465, 9466) 793.0
(1500, 1501, 1502) 940.0
(5869, 5870, 5871) 860.0
(6802, 6803, 6804) 1077.0
(7526, 7527, 7528) 1079.0
(9670, 9671, 9672) 895.0
(8065, 8066, 8067) 761.0
(7195, 7196, 7197) 657.0
(8602, 8603, 8604) 848.0
(4381, 4382, 4383) 992.0
(9977, 9978, 9979) 846.0
(9704, 9705, 9706) 969.0
(4506, 4507, 4508) 1075.0
(4102, 4103, 4104) 673.0
(3204, 3205, 3206) 747.0
(4685, 4686, 4687) 1094.0
(1415, 1416, 1417) 794.0
(8896, 8897, 8898) 764.0
(3666, 3667, 3668) 1114.0
(6306, 6307, 6308) 969.0
(3947, 3948, 3949) 682.0
(4124, 4125, 4126) 860.0
(5227, 5228, 5229) 937.0
(872, 873, 874) 928.0
(5812, 5813, 5814) 713.0
(2156, 2157, 2158) 694.0
(2191, 2192, 2193) 688.0
(8998, 8999, 9000) 860.0
(80, 81, 82) 935.0
(7787, 7788, 7789) 749.0
(4026, 4027, 4028) 971.0
(1503, 1504, 1505) 952.0
(6770, 6771, 6772) 1143.0
(6146, 6147, 6148) 907.0
(7885, 7886, 7887) 637.0
(554, 555, 556) 960.0
(2616, 2617, 2618) 956.0
(3355, 3356, 3357) 854.0
(4751, 4752, 4753) 823.0
(1925, 1926, 1927) 886.0
(7283, 7284, 7285) 977.0
(5289, 5290, 5291) 739.0
(2218, 2219, 2220) 664.0
(1501, 1502, 1503) 925.0
(2832, 2833, 2834) 1167.0
(251, 252, 253) 807.0
(8871, 8872, 8873) 767.0
(158, 159, 160) 768.0
(4901, 4902, 4903) 710.0
(1242, 1243, 1244) 896.0
(4812, 4813, 4814) 810.0
(9182, 9183, 9184) 913.0
(4623, 4624, 4625) 1009.0
(9519, 9520, 9521) 674.0
(7318, 7319, 7320) 1062.0
(9605, 9606, 9607) 782.0
(9223, 9224, 9225) 924.0
(508, 509, 510) 903.0
(9801, 9802, 9803) 935.0
(537, 538, 539) 952.0
(6705, 6706, 6707) 1008.0
(2860, 2861, 2862) 704.0
(1954, 1955, 1956) 786.0
(8323, 8324, 8325) 1076.0
(1231, 1232, 1233) 1052.0
(9657, 9658, 9659) 1002.0
(866, 867, 868) 1163.0
(8774, 8775, 8776) 872.0
(5703, 5704, 5705) 671.0
(7488, 7489, 7490) 841.0
(6455, 6456, 6457) 1032.0
(616, 617, 618) 992.0
(348, 349, 350) 846.0
(4207, 4208, 4209) 641.0
(4895, 4896, 4897) 811.0
(8099, 8100, 8101) 892.0
(5923, 5924, 5925) 1034.0
(2267, 2268, 2269) 960.0
(4642, 4643, 4644) 1155.0
(4592, 4593, 4594) 822.0
(3815, 3816, 3817) 1064.0
(3851, 3852, 3853) 1229.0
(5246, 5247, 5248) 853.0
(3267, 3268, 3269) 801.0
(3721, 3722, 3723) 1172.0
(1017, 1018, 1019) 993.0
(5130, 5131, 5132) 907.0
(9366, 9367, 9368) 1089.0
(4485, 4486, 4487) 959.0
(6164, 6165, 6166) 773.0
(5152, 5153, 5154) 1013.0
(7082, 7083, 7084) 694.0
(907, 908, 909) 914.0
(3576, 3577, 3578) 1027.0
(2129, 2130, 2131) 857.0
(5017, 5018, 5019) 605.0
(3490, 3491, 3492) 978.0
(3393, 3394, 3395) 685.0
(6126, 6127, 6128) 945.0
(2493, 2494, 2495) 966.0
(5281, 5282, 5283) 873.0
(7717, 7718, 7719) 927.0
(3188, 3189, 3190) 1135.0
(4475, 4476, 4477) 662.0
(7974, 7975, 7976) 1001.0
(1386, 1387, 1388) 870.0
(2333, 2334, 2335) 771.0
(2132, 2133, 2134) 817.0
(3581, 3582, 3583) 807.0
(893, 894, 895) 805.0
(4637, 4638, 4639) 812.0
(5086, 5087, 5088) 983.0
(5807, 5808, 5809) 879.0
(7744, 7745, 7746) 738.0
(6556, 6557, 6558) 924.0
(6528, 6529, 6530) 1195.0
(1982, 1983, 1984) 1080.0
(9804, 9805, 9806) 1029.0
(6749, 6750, 6751) 704.0
(5001, 5002, 5003) 1279.0
(9177, 9178, 9179) 833.0
(2727, 2728, 2729) 898.0
(7437, 7438, 7439) 1272.0
(3478, 3479, 3480) 1152.0
(9959, 9960, 9961) 988.0
(9569, 9570, 9571) 893.0
(9865, 9866, 9867) 776.0
(2152, 2153, 2154) 1081.0
(5636, 5637, 5638) 979.0
(8129, 8130, 8131) 933.0
(7273, 7274, 7275) 883.0
(2868, 2869, 2870) 855.0
(7788, 7789, 7790) 905.0
(8506, 8507, 8508) 926.0
(6026, 6027, 6028) 840.0
(3238, 3239, 3240) 728.0
(6698, 6699, 6700) 880.0
(635, 636, 637) 669.0
(9062, 9063, 9064) 1088.0
(3244, 3245, 3246) 971.0
(3126, 3127, 3128) 1029.0
(4051, 4052, 4053) 834.0
(6315, 6316, 6317) 793.0
(6776, 6777, 6778) 691.0
(6436, 6437, 6438) 1185.0
(4045, 4046, 4047) 1050.0
(1412, 1413, 1414) 1027.0
(7018, 7019, 7020) 776.0
(4717, 4718, 4719) 839.0
(221, 222, 223) 890.0
(1174, 1175, 1176) 846.0
(4777, 4778, 4779) 750.0
(9512, 9513, 9514) 1056.0
(4701, 4702, 4703) 1252.0
(1954, 1955, 1956) 786.0
(5623, 5624, 5625) 968.0
(8416, 8417, 8418) 1039.0
(4932, 4933, 4934) 645.0
(3027, 3028, 3029) 732.0
(9308, 9309, 9310) 930.0
(3566, 3567, 3568) 806.0
(7120, 7121, 7122) 860.0
(5625, 5626, 5627) 1020.0
(7878, 7879, 7880) 610.0
(2213, 2214, 2215) 997.0
(7558, 7559, 7560) 946.0
(2206, 2207, 2208) 666.0
(2478, 2479, 2480) 766.0
(185, 186, 187) 1113.0
(6326, 6327, 6328) 1321.0
(7209, 7210, 7211) 711.0
(8464, 8465, 8466) 753.0
(5631, 5632, 5633) 955.0
(9826, 9827, 9828) 713.0
(72, 73, 74) 917.0
(9114, 9115, 9116) 769.0
(1100, 1101, 1102) 950.0
(3325, 3326, 3327) 758.0
(1830, 1831, 1832) 741.0
(3683, 3684, 3685) 864.0
(7728, 7729, 7730) 952.0
(7130, 7131, 7132) 1018.0
(491, 492, 493) 911.0
(8760, 8761, 8762) 1062.0
(508, 509, 510) 903.0
(73, 74, 75) 640.0
(6201, 6202, 6203) 696.0
(9485, 9486, 9487) 927.0
(6823, 6824, 6825) 829.0
(1128, 1129, 1130) 990.0
(236, 237, 238) 787.0
(2143, 2144, 2145) 1219.0
(8355, 8356, 8357) 850.0
(5115, 5116, 5117) 849.0
(8569, 8570, 8571) 674.0
(9523, 9524, 9525) 825.0
(4335, 4336, 4337) 736.0
(4823, 4824, 4825) 794.0
(802, 803, 804) 985.0
(5749, 5750, 5751) 1003.0
(8621, 8622, 8623) 773.0
(8151, 8152, 8153) 880.0
(7192, 7193, 7194) 1360.0
(1962, 1963, 1964) 887.0
