(7344, 7345, 7346) 9732.0
(8284, 8285, 8286) 9871.0
(2248, 2249, 2250) 10619.0
(9599, 9600, 9601) 9952.0
(5858, 5859, 5860) 7780.0
(8705, 8706, 8707) 10310.0
(6964, 6965, 6966) 9824.0
(6933, 6934, 6935) 10087.0
(2872, 2873, 2874) 9996.0
(3680, 3681, 3682) 9480.0
(1966, 1967, 1968) 9154.0
(7887, 7888, 7889) 9761.0
(1851, 1852, 1853) 10811.0
(7942, 7943, 7944) 10808.0
(4721, 4722, 4723) 10363.0
(7101, 7102, 7103) 9443.0
(1813, 1814, 1815) 8328.0
(6394, 6395, 6396) 9886.0
(3644, 3645, 3646) 8930.0
(8345, 8346, 8347) 11196.0
(3953, 3954, 3955) 9898.0
(9812, 9813, 9814) 10277.0
(8079, 8080, 8081) 9743.0
(9804, 9805, 9806) 10150.0
(7621, 7622, 7623) 10009.0
(4134, 4135, 4136) 9266.0
(8752, 8753, 8754) 8194.0
(5050, 5051, 5052) 9693.0
(3502, 3503, 3504) 10296.0
(3367, 3368, 3369) 10250.0
(6542, 6543, 6544) 9913.0
(7649, 7650, 7651) 9742.0
(4304, 4305, 4306) 9638.0
(2670, 2671, 2672) 9832.0
(792, 793, 794) 8832.0
(7440, 7441, 7442) 8705.0
(2987, 2988, 2989) 10077.0
(7367, 7368, 7369) 10259.0
(2522, 2523, 2524) 10574.0
(2651, 2652, 2653) 9851.0
(8198, 8199, 8200) 10310.0
(4094, 4095, 4096) 9260.0
(8771, 8772, 8773) 9580.0
(5957, 5958, 5959) 10458.0
(207, 208, 209) 11236.0
(5173, 5174, 5175) 8621.0
(3879, 3880, 3881) 8889.0
(8983, 8984, 8985) 9517.0
(6224, 6225, 6226) 10136.0
(9463, 9464, 9465) 9705.0
(77, 78, 79) 9952.0
(1804, 1805, 1806) 9107.0
(3028, 3029, 3030) 10424.0
(1266, 1267, 1268) 10087.0
(4669, 4670, 4671) 9865.0
(6956, 6957, 6958) 8328.0
(1734, 1735, 1736) 10461.0
(7848, 7849, 7850) 10308.0
(2951, 2952, 2953) 9908.0
(1849, 1850, 1851) 10311.0
(7958, 7959, 7960) 10112.0
(7198, 7199, 7200) 10347.0
(9125, 9126, 9127) 9487.0
(2018, 2019, 2020) 8997.0
(5943, 5944, 5945) 12709.0
(6863, 6864, 6865) 10296.0
(3953, 3954, 3955) 9898.0
(3520, 3521, 3522) 9835.0
(9548, 9549, 9550) 8903.0
(3607, 3608, 3609) 11704.0
(6932, 6933, 6934) 10271.0
(4612, 4613, 4614) 9944.0
(3332, 3333, 3334) 10156.0
(9844, 9845, 9846) 10274.0
(8041, 8042, 8043) 10703.0
(8146, 8147, 8148) 9944.0
(8834, 8835, 8836) 9996.0
(8141, 8142, 8143) 9512.0
(2174, 2175, 2176) 9524.0
(5615, 5616, 5617) 9412.0
(5499, 5500, 5501) 9944.0
(9083, 9084, 9085) 10263.0
(6815, 6816, 6817) 10468.0
(6962, 6963, 6964) 9723.0
(5572, 5573, 5574) 9533.0
(8322, 8323, 8324) 10883.0
(6999, 7000, 7001) 10800.0
(5649, 5650, 5651) 9193.0
(2722, 2723, 2724) 9538.0
(7343, 7344, 7345) 10816.0
(992, 993, 994) 9416.0
(8547, 8548, 8549) 9712.0
(8908, 8909, 8910) 11484.0
(7933, 7934, 7935) 11961.0
(5297, 5298, 5299) 13398.0
(8963, 8964, 8965) 9819.0
(9013, 9014, 9015) 9166.0
(4740, 4741, 4742) 11706.0
(7819, 7820, 7821) 9769.0
(1726, 1727, 1728) 10534.0
(4909, 4910, 4911) 10587.0
(1228, 1229, 1230) 9723.0
(1714, 1715, 1716) 9077.0
(9027, 9028, 9029) 8773.0
(9612, 9613, 9614) 9780.0
(8466, 8467, 8468) 9258.0
(7117, 7118, 7119) 10447.0
(3846, 3847, 3848) 9447.0
(9763, 9764, 9765) 10468.0
(2600, 2601, 2602) 10328.0
(9375, 9376, 9377) 9157.0
(2972, 2973, 2974) 8516.0
(4100, 4101, 4102) 8887.0
(8932, 8933, 8934) 12461.0
(7802, 7803, 7804) 10009.0
(5778, 5779, 5780) 7885.0
(6188, 6189, 6190) 9436.0
(1003, 1004, 1005) 9560.0
(2528, 2529, 2530) 9996.0
(4761, 4762, 4763) 9795.0
(8940, 8941, 8942) 10492.0
(5511, 5512, 5513) 9848.0
(2378, 2379, 2380) 9010.0
(4204, 4205, 4206) 9934.0
(9555, 9556, 9557) 11252.0
(9876, 9877, 9878) 10726.0
(8891, 8892, 8893) 10654.0
(4916, 4917, 4918) 12743.0
(4271, 4272, 4273) 8709.0
(4221, 4222, 4223) 10160.0
(2288, 2289, 2290) 9025.0
(4013, 4014, 4015) 8964.0
(7606, 7607, 7608) 10360.0
(8414, 8415, 8416) 10535.0
(4671, 4672, 4673) 8718.0
(7859, 7860, 7861) 9987.0
(2209, 2210, 2211) 9016.0
(8579, 8580, 8581) 10893.0
(9876, 9877, 9878) 10726.0
(3213, 3214, 3215) 9372.0
(4460, 4461, 4462) 9119.0
(8330, 8331, 8332) 10996.0
(4705, 4706, 4707) 9603.0
(9007, 9008, 9009) 9630.0
(5321, 5322, 5323) 8853.0
(2427, 2428, 2429) 10210.0
(556, 557, 558) 10424.0
(3962, 3963, 3964) 10223.0
(792, 793, 794) 8832.0
(8361, 8362, 8363) 10257.0
(9138, 9139, 9140) 9578.0
(1025, 1026, 1027) 8951.0
(9621, 9622, 9623) 9575.0
(7664, 7665, 7666) 10237.0
(2695, 2696, 2697) 9819.0
(9006, 9007, 9008) 9594.0
(4572, 4573, 4574) 10378.0
(4753, 4754, 4755) 9025.0
(2830, 2831, 2832) 9211.0
(5276, 5277, 5278) 10618.0
(1643, 1644, 1645) 9389.0
(5564, 5565, 5566) 10209.0
(9344, 9345, 9346) 9350.0
(7754, 7755, 7756) 10683.0
(2778, 2779, 2780) 10748.0
(907, 908, 909) 10059.0
(7513, 7514, 7515) 8842.0
(3314, 3315, 3316) 9872.0
(5879, 5880, 5881) 12943.0
(3599, 3600, 3601) 9555.0
(8470, 8471, 8472) 9884.0
(9144, 9145, 9146) 8954.0
(9494, 9495, 9496) 9665.0
(3448, 3449, 3450) 9373.0
(8632, 8633, 8634) 9887.0
(8978, 8979, 8980) 10668.0
(8466, 8467, 8468) 9258.0
(5048, 5049, 5050) 10158.0
(4135, 4136, 4137) 10178.0
(1527, 1528, 1529) 9283.0
(2108, 2109, 2110) 11917.0
(3305, 3306, 3307) 11133.0
(436, 437, 438) 9943.0
(6596, 6597, 6598) 8961.0
(3390, 3391, 3392) 9075.0
(4638, 4639, 4640) 9947.0
(6780, 6781, 6782) 9904.0
(5398, 5399, 5400) 11423.0
(7036, 7037, 7038) 8301.0
(9951, 9952, 9953) 11038.0
(1865, 1866, 1867) 9758.0
(9735, 9736, 9737) 10792.0
(6073, 6074, 6075) 9549.0
(4564, 4565, 4566) 10203.0
(5199, 5200, 5201) 9040.0
(8107, 8108, 8109) 9678.0
(5203, 5204, 5205) 10840.0
(6798, 6799, 6800) 9158.0
(3149, 3150, 3151) 8794.0
(1511, 1512, 1513) 8488.0
(8263, 8264, 8265) 10603.0
(555, 556, 557) 10975.0
(3641, 3642, 3643) 11192.0
(9335, 9336, 9337) 9768.0
(4514, 4515, 4516) 9926.0
(1195, 1196, 1197) 9408.0
(638, 639, 640) 9564.0
(6313, 6314, 6315) 10092.0
(997, 998, 999) 9015.0
(8089, 8090, 8091) 9974.0
(4344, 4345, 4346) 9382.0
(51, 52, 53) 11156.0
(5005, 5006, 5007) 10130.0
(938, 939, 940) 10241.0
(1324, 1325, 1326) 10447.0
(7319, 7320, 7321) 10287.0
(6830, 6831, 6832) 8829.0
(2179, 2180, 2181) 10938.0
(7662, 7663, 7664) 9963.0
(7946, 7947, 7948) 8825.0
(522, 523, 524) 10337.0
(4547, 4548, 4549) 9904.0
(5745, 5746, 5747) 8634.0
(9844, 9845, 9846) 10274.0
(5594, 5595, 5596) 8679.0
(1796, 1797, 1798) 10764.0
(7958, 7959, 7960) 10112.0
(5519, 5520, 5521) 9605.0
(7710, 7711, 7712) 9079.0
(8118, 8119, 8120) 9667.0
(4372, 4373, 4374) 9027.0
(4941, 4942, 4943) 10715.0
(796, 797, 798) 9805.0
(1803, 1804, 1805) 11117.0
(5623, 5624, 5625) 8483.0
(6856, 6857, 6858) 8908.0
(1221, 1222, 1223) 11693.0
(9265, 9266, 9267) 11103.0
(3438, 3439, 3440) 9804.0
(5969, 5970, 5971) 9479.0
(4420, 4421, 4422) 9498.0
(6184, 6185, 6186) 9394.0
(7082, 7083, 7084) 9150.0
(9465, 9466, 9467) 11114.0
(1320, 1321, 1322) 12154.0
(1241, 1242, 1243) 10516.0
(8105, 8106, 8107) 9243.0
(4341, 4342, 4343) 10759.0
(5114, 5115, 5116) 9804.0
(379, 380, 381) 12841.0
(2654, 2655, 2656) 8347.0
(5215, 5216, 5217) 10180.0
(9198, 9199, 9200) 10931.0
(9897, 9898, 9899) 10517.0
(5956, 5957, 5958) 9108.0
(929, 930, 931) 10512.0
(9436, 9437, 9438) 9812.0
(2911, 2912, 2913) 8909.0
(9, 10, 11) 8681.0
(6376, 6377, 6378) 9230.0
(5720, 5721, 5722) 9270.0
(6347, 6348, 6349) 8067.0
(4961, 4962, 4963) 9327.0
(3533, 3534, 3535) 10459.0
(9474, 9475, 9476) 9309.0
(876, 877, 878) 9190.0
(4094, 4095, 4096) 9260.0
(5598, 5599, 5600) 8663.0
(1961, 1962, 1963) 10488.0
(8793, 8794, 8795) 9711.0
(5768, 5769, 5770) 11178.0
(5247, 5248, 5249) 10998.0
(3177, 3178, 3179) 10448.0
(1273, 1274, 1275) 9229.0
(4418, 4419, 4420) 11626.0
(9138, 9139, 9140) 9578.0
(5449, 5450, 5451) 9675.0
(6939, 6940, 6941) 9786.0
(5253, 5254, 5255) 10087.0
(602, 603, 604) 10111.0
(9620, 9621, 9622) 8762.0
(949, 950, 951) 9872.0
(8164, 8165, 8166) 10181.0
(6803, 6804, 6805) 8715.0
(1297, 1298, 1299) 9683.0
(4553, 4554, 4555) 9301.0
(6419, 6420, 6421) 12730.0
(7417, 7418, 7419) 9509.0
(3852, 3853, 3854) 9691.0
(1512, 1513, 1514) 8920.0
(6294, 6295, 6296) 9434.0
(6357, 6358, 6359) 10892.0
(3167, 3168, 3169) 11832.0
(528, 529, 530) 9830.0
(4966, 4967, 4968) 9884.0
(2817, 2818, 2819) 8680.0
(1641, 1642, 1643) 8440.0
(1883, 1884, 1885) 9995.0
(245, 246, 247) 8921.0
(1421, 1422, 1423) 10120.0
(8428, 8429, 8430) 10492.0
(2326, 2327, 2328) 9276.0
(4164, 4165, 4166) 9614.0
(3516, 3517, 3518) 13355.0
(3923, 3924, 3925) 9205.0
(7385, 7386, 7387) 9105.0
(1169, 1170, 1171) 8297.0
(9866, 9867, 9868) 8717.0
(4524, 4525, 4526) 11393.0
(7513, 7514, 7515) 8842.0
(2026, 2027, 2028) 10328.0
(9778, 9779, 9780) 10197.0
(7344, 7345, 7346) 9732.0
(9950, 9951, 9952) 12020.0
(4553, 4554, 4555) 9301.0
(2419, 2420, 2421) 10913.0
(4584, 4585, 4586) 9923.0
(9586, 9587, 9588) 10651.0
(5638, 5639, 5640) 10202.0
(6947, 6948, 6949) 8866.0
(1692, 1693, 1694) 10674.0
(475, 476, 477) 9680.0
(8482, 8483, 8484) 9942.0
(3046, 3047, 3048) 11532.0
(9345, 9346, 9347) 8764.0
(4448, 4449, 4450) 9643.0
(4335, 4336, 4337) 8702.0
(4231, 4232, 4233) 10717.0
(1739, 1740, 1741) 9939.0
(5717, 5718, 5719) 9913.0
(5592, 5593, 5594) 9255.0
(1442, 1443, 1444) 10236.0
(6321, 6322, 6323) 9363.0
(9242, 9243, 9244) 10553.0
(4495, 4496, 4497) 9455.0
(5668, 5669, 5670) 9991.0
(5963, 5964, 5965) 9374.0
(9637, 9638, 9639) 9992.0
(4055, 4056, 4057) 8647.0
(107, 108, 109) 9852.0
(1716, 1717, 1718) 9044.0
(1845, 1846, 1847) 10909.0
(131, 132, 133) 10921.0
(5521, 5522, 5523) 9351.0
(7821, 7822, 7823) 9264.0
(9045, 9046, 9047) 10635.0
(5032, 5033, 5034) 9561.0
(3976, 3977, 3978) 10023.0
(1951, 1952, 1953) 10014.0
(4189, 4190, 4191) 11821.0
(9377, 9378, 9379) 10488.0
(6528, 6529, 6530) 10911.0
(3846, 3847, 3848) 9447.0
(2196, 2197, 2198) 10565.0
(7159, 7160, 7161) 10246.0
(3803, 3804, 3805) 10855.0
(2953, 2954, 2955) 9246.0
(5661, 5662, 5663) 9897.0
(7192, 7193, 7194) 11580.0
(3951, 3952, 3953) 10376.0
(8557, 8558, 8559) 10411.0
(5350, 5351, 5352) 9358.0
(5590, 5591, 5592) 10413.0
(7488, 7489, 7490) 9598.0
(9395, 9396, 9397) 9762.0
(733, 734, 735) 9310.0
(6862, 6863, 6864) 10553.0
(8729, 8730, 8731) 9848.0
(3170, 3171, 3172) 10006.0
(3138, 3139, 3140) 8794.0
(2826, 2827, 2828) 13674.0
(404, 405, 406) 9873.0
(307, 308, 309) 9586.0
(276, 277, 278) 9525.0
(132, 133, 134) 10444.0
(9681, 9682, 9683) 8492.0
(249, 250, 251) 8669.0
(4733, 4734, 4735) 12134.0
(5739, 5740, 5741) 10157.0
(9161, 9162, 9163) 8789.0
(4541, 4542, 4543) 10641.0
(2239, 2240, 2241) 10349.0
(5168, 5169, 5170) 9653.0
(5780, 5781, 5782) 9390.0
(4514, 4515, 4516) 9926.0
(2953, 2954, 2955) 9246.0
(3820, 3821, 3822) 8504.0
(7764, 7765, 7766) 8286.0
(6041, 6042, 6043) 9967.0
(4171, 4172, 4173) 10140.0
(5024, 5025, 5026) 10168.0
(2307, 2308, 2309) 8600.0
(8003, 8004, 8005) 11400.0
(7457, 7458, 7459) 12759.0
(9640, 9641, 9642) 15786.0
(4362, 4363, 4364) 8964.0
(6414, 6415, 6416) 10227.0
(6680, 6681, 6682) 8355.0
(8031, 8032, 8033) 10759.0
(763, 764, 765) 9438.0
(3498, 3499, 3500) 10484.0
(4716, 4717, 4718) 10197.0
(6647, 6648, 6649) 9830.0
(2554, 2555, 2556) 10220.0
(2464, 2465, 2466) 9076.0
(4869, 4870, 4871) 11544.0
(4364, 4365, 4366) 8807.0
(7500, 7501, 7502) 10194.0
(3000, 3001, 3002) 10338.0
(1190, 1191, 1192) 8925.0
(4379, 4380, 4381) 9954.0
(7265, 7266, 7267) 8838.0
(7527, 7528, 7529) 9643.0
(5865, 5866, 5867) 8332.0
(1748, 1749, 1750) 10773.0
(1587, 1588, 1589) 9784.0
(27, 28, 29) 10130.0
(1843, 1844, 1845) 9497.0
(6197, 6198, 6199) 9343.0
(5256, 5257, 5258) 11007.0
(4571, 4572, 4573) 10473.0
(3072, 3073, 3074) 11120.0
(2420, 2421, 2422) 12790.0
(9262, 9263, 9264) 10391.0
(2494, 2495, 2496) 10033.0
(4523, 4524, 4525) 9598.0
(9963, 9964, 9965) 9109.0
(1831, 1832, 1833) 8579.0
(9458, 9459, 9460) 9686.0
(3416, 3417, 3418) 9388.0
(7932, 7933, 7934) 8730.0
(466, 467, 468) 10287.0
(9344, 9345, 9346) 9350.0
(2071, 2072, 2073) 9866.0
(3845, 3846, 3847) 10283.0
(2048, 2049, 2050) 10402.0
(7950, 7951, 7952) 9774.0
(6107, 6108, 6109) 10536.0
(9755, 9756, 9757) 10110.0
(3084, 3085, 3086) 10206.0
(4593, 4594, 4595) 10440.0
(5893, 5894, 5895) 9415.0
(6249, 6250, 6251) 9954.0
(5615, 5616, 5617) 9412.0
(652, 653, 654) 9514.0
(960, 961, 962) 9802.0
(6893, 6894, 6895) 9311.0
(5759, 5760, 5761) 8390.0
(4466, 4467, 4468) 8964.0
(9503, 9504, 9505) 9023.0
(4724, 4725, 4726) 11595.0
(4392, 4393, 4394) 11579.0
(920, 921, 922) 9625.0
(158, 159, 160) 9181.0
(7994, 7995, 7996) 9101.0
(1090, 1091, 1092) 10575.0
(8673, 8674, 8675) 9434.0
(7517, 7518, 7519) 8975.0
(9656, 9657, 9658) 8956.0
(6369, 6370, 6371) 10648.0
(3257, 3258, 3259) 9855.0
(3259, 3260, 3261) 9567.0
(4868, 4869, 4870) 8856.0
(1195, 1196, 1197) 9408.0
(3112, 3113, 3114) 10051.0
(5250, 5251, 5252) 12873.0
(8310, 8311, 8312) 9556.0
(7750, 7751, 7752) 11332.0
(4494, 4495, 4496) 9666.0
(5637, 5638, 5639) 8769.0
(5800, 5801, 5802) 9719.0
(6932, 6933, 6934) 10271.0
(6053, 6054, 6055) 12579.0
(9515, 9516, 9517) 9743.0
(2811, 2812, 2813) 8593.0
(6620, 6621, 6622) 9154.0
(2384, 2385, 2386) 8640.0
(6979, 6980, 6981) 10298.0
(471, 472, 473) 8913.0
(1848, 1849, 1850) 9669.0
(367, 368, 369) 10045.0
(7872, 7873, 7874) 9785.0
(2653, 2654, 2655) 9806.0
(9948, 9949, 9950) 11275.0
(9619, 9620, 9621) 8879.0
(6675, 6676, 6677) 10313.0
(1155, 1156, 1157) 8987.0
(1110, 1111, 1112) 11462.0
(1540, 1541, 1542) 9022.0
(1141, 1142, 1143) 10020.0
(9662, 9663, 9664) 9890.0
(66, 67, 68) 9608.0
(4243, 4244, 4245) 9456.0
(216, 217, 218) 8042.0
(6519, 6520, 6521) 8807.0
(9550, 9551, 9552) 8932.0
(4877, 4878, 4879) 10124.0
(426, 427, 428) 10669.0
(2265, 2266, 2267) 9989.0
(142, 143, 144) 10903.0
(6423, 6424, 6425) 9742.0
(1266, 1267, 1268) 10087.0
(1549, 1550, 1551) 9370.0
(7473, 7474, 7475) 8973.0
(1970, 1971, 1972) 8839.0
(2919, 2920, 2921) 9439.0
(8196, 8197, 8198) 9110.0
(9718, 9719, 9720) 10069.0
(2699, 2700, 2701) 8965.0
(5324, 5325, 5326) 10066.0
(7651, 7652, 7653) 12220.0
(6429, 6430, 6431) 8882.0
(229, 230, 231) 12982.0
(8001, 8002, 8003) 9295.0
(1729, 1730, 1731) 11707.0
(6877, 6878, 6879) 11599.0
(4016, 4017, 4018) 10205.0
(7735, 7736, 7737) 11168.0
(3581, 3582, 3583) 9003.0
(1748, 1749, 1750) 10773.0
(3317, 3318, 3319) 9733.0
(2353, 2354, 2355) 9543.0
(8294, 8295, 8296) 9920.0
(9003, 9004, 9005) 10012.0
(6314, 6315, 6316) 9637.0
(2717, 2718, 2719) 11621.0
(8577, 8578, 8579) 10502.0
(5297, 5298, 5299) 13398.0
(6745, 6746, 6747) 9960.0
(1997, 1998, 1999) 10071.0
(7094, 7095, 7096) 8724.0
(1040, 1041, 1042) 9871.0
(8250, 8251, 8252) 10472.0
(2148, 2149, 2150) 9525.0
(6451, 6452, 6453) 11378.0
(3477, 3478, 3479) 10030.0
(3954, 3955, 3956) 10632.0
(9576, 9577, 9578) 12386.0
(335, 336, 337) 8798.0
(7752, 7753, 7754) 11057.0
(5588, 5589, 5590) 10271.0
(6454, 6455, 6456) 9518.0
(8566, 8567, 8568) 10151.0
(24, 25, 26) 9952.0
(8771, 8772, 8773) 9580.0
(749, 750, 751) 9960.0
(1724, 1725, 1726) 11194.0
(5579, 5580, 5581) 10213.0
(3755, 3756, 3757) 10585.0
(4330, 4331, 4332) 9944.0
(4836, 4837, 4838) 10034.0
(4415, 4416, 4417) 9518.0
(7047, 7048, 7049) 9150.0
(7204, 7205, 7206) 9473.0
(9808, 9809, 9810) 10139.0
(3324, 3325, 3326) 9716.0
(8724, 8725, 8726) 9485.0
(1068, 1069, 1070) 9418.0
(477, 478, 479) 10046.0
(4438, 4439, 4440) 9840.0
(385, 386, 387) 9499.0
(5253, 5254, 5255) 10087.0
(653, 654, 655) 10202.0
(8143, 8144, 8145) 9261.0
(4702, 4703, 4704) 9751.0
(6807, 6808, 6809) 8250.0
(9266, 9267, 9268) 11551.0
(702, 703, 704) 9283.0
(8192, 8193, 8194) 10492.0
(3491, 3492, 3493) 9632.0
(5969, 5970, 5971) 9479.0
(7567, 7568, 7569) 9153.0
(360, 361, 362) 10678.0
(8018, 8019, 8020) 10197.0
(574, 575, 576) 9375.0
(2434, 2435, 2436) 10093.0
(5293, 5294, 5295) 8657.0
(3354, 3355, 3356) 10765.0
(3972, 3973, 3974) 11544.0
(4885, 4886, 4887) 8374.0
(3422, 3423, 3424) 9212.0
(7992, 7993, 7994) 10298.0
(6316, 6317, 6318) 10444.0
(4552, 4553, 4554) 9393.0
(3816, 3817, 3818) 11396.0
(3509, 3510, 3511) 10482.0
(8535, 8536, 8537) 10034.0
(3077, 3078, 3079) 10258.0
(4958, 4959, 4960) 10597.0
(6651, 6652, 6653) 10796.0
(6747, 6748, 6749) 10557.0
(7015, 7016, 7017) 9892.0
(4434, 4435, 4436) 11324.0
(7459, 7460, 7461) 8279.0
(1770, 1771, 1772) 8778.0
(1401, 1402, 1403) 11032.0
(9157, 9158, 9159) 9120.0
(498, 499, 500) 9354.0
(9053, 9054, 9055) 9690.0
(3797, 3798, 3799) 10081.0
(4883, 4884, 4885) 9696.0
(3430, 3431, 3432) 8772.0
(503, 504, 505) 9846.0
(6858, 6859, 6860) 11032.0
(2020, 2021, 2022) 10481.0
(9692, 9693, 9694) 11701.0
(292, 293, 294) 10532.0
(9242, 9243, 9244) 10553.0
(262, 263, 264) 10239.0
(3431, 3432, 3433) 9233.0
(4069, 4070, 4071) 10315.0
(886, 887, 888) 9709.0
(2591, 2592, 2593) 9888.0
(3567, 3568, 3569) 8847.0
(2432, 2433, 2434) 9265.0
(3848, 3849, 3850) 8735.0
(7041, 7042, 7043) 11782.0
(7067, 7068, 7069) 11132.0
(1072, 1073, 1074) 8788.0
(8969, 8970, 8971) 8687.0
(7159, 7160, 7161) 10246.0
(2251, 2252, 2253) 9005.0
(5077, 5078, 5079) 10404.0
(4311, 4312, 4313) 8829.0
(7976, 7977, 7978) 9534.0
(5209, 5210, 5211) 8299.0
(9775, 9776, 9777) 10473.0
(2093, 2094, 2095) 10784.0
(676, 677, 678) 10586.0
(2323, 2324, 2325) 9551.0
(640, 641, 642) 9997.0
(5955, 5956, 5957) 9106.0
(9563, 9564, 9565) 11158.0
(6190, 6191, 6192) 9490.0
(1430, 1431, 1432) 11580.0
(7072, 7073, 7074) 10339.0
(7829, 7830, 7831) 10076.0
(5262, 5263, 5264) 9359.0
(1090, 1091, 1092) 10575.0
(3135, 3136, 3137) 10185.0
(2292, 2293, 2294) 9093.0
(9455, 9456, 9457) 11919.0
(6746, 6747, 6748) 9519.0
(9164, 9165, 9166) 9756.0
(4699, 4700, 4701) 9085.0
(7710, 7711, 7712) 9079.0
(7843, 7844, 7845) 11313.0
(8154, 8155, 8156) 9897.0
(4633, 4634, 4635) 9101.0
(4843, 4844, 4845) 10191.0
(5508, 5509, 5510) 10354.0
(1195, 1196, 1197) 9408.0
(6524, 6525, 6526) 11312.0
(1113, 1114, 1115) 9331.0
(1346, 1347, 1348) 10178.0
(3066, 3067, 3068) 8839.0
(8078, 8079, 8080) 11145.0
(2441, 2442, 2443) 9296.0
(3244, 3245, 3246) 9131.0
(6616, 6617, 6618) 9907.0
(7183, 7184, 7185) 9591.0
(2678, 2679, 2680) 10624.0
(8167, 8168, 8169) 9466.0
(4738, 4739, 4740) 9064.0
(9583, 9584, 9585) 9432.0
(3854, 3855, 3856) 9473.0
(5978, 5979, 5980) 9384.0
(9456, 9457, 9458) 10399.0
(2423, 2424, 2425) 8854.0
(8345, 8346, 8347) 11196.0
(2562, 2563, 2564) 8780.0
(5627, 5628, 5629) 10459.0
(8168, 8169, 8170) 9256.0
(692, 693, 694) 11070.0
(1302, 1303, 1304) 9654.0
(4754, 4755, 4756) 10365.0
(2063, 2064, 2065) 9491.0
(748, 749, 750) 8651.0
(4382, 4383, 4384) 10373.0
(7568, 7569, 7570) 9055.0
(4141, 4142, 4143) 9877.0
(8847, 8848, 8849) 11053.0
(4806, 4807, 4808) 11049.0
(8160, 8161, 8162) 8560.0
(2520, 2521, 2522) 10668.0
(3592, 3593, 3594) 14240.0
(9115, 9116, 9117) 8060.0
(3674, 3675, 3676) 9058.0
(9756, 9757, 9758) 9209.0
(2985, 2986, 2987) 10152.0
(8240, 8241, 8242) 10996.0
(3099, 3100, 3101) 10908.0
(6425, 6426, 6427) 9702.0
(5527, 5528, 5529) 10977.0
(8045, 8046, 8047) 9388.0
(760, 761, 762) 11511.0
(5367, 5368, 5369) 10132.0
(1561, 1562, 1563) 9767.0
(7857, 7858, 7859) 8986.0
(5195, 5196, 5197) 9891.0
(6362, 6363, 6364) 9990.0
(1142, 1143, 1144) 9623.0
(3219, 3220, 3221) 10290.0
(6181, 6182, 6183) 10132.0
(505, 506, 507) 10234.0
(9004, 9005, 9006) 12777.0
(1052, 1053, 1054) 11425.0
(6733, 6734, 6735) 9778.0
(6217, 6218, 6219) 9645.0
(6547, 6548, 6549) 10352.0
(1984, 1985, 1986) 10929.0
(7699, 7700, 7701) 9152.0
(3583, 3584, 3585) 9682.0
(6133, 6134, 6135) 9083.0
(5804, 5805, 5806) 10735.0
(4280, 4281, 4282) 8365.0
(233, 234, 235) 9834.0
(8450, 8451, 8452) 10215.0
(6398, 6399, 6400) 8943.0
(9769, 9770, 9771) 8861.0
(8493, 8494, 8495) 9565.0
(6947, 6948, 6949) 8866.0
(7218, 7219, 7220) 9385.0
(349, 350, 351) 11097.0
(4256, 4257, 4258) 8360.0
(2583, 2584, 2585) 9475.0
(4391, 4392, 4393) 9339.0
(3775, 3776, 3777) 8762.0
(5803, 5804, 5805) 9642.0
(8800, 8801, 8802) 9126.0
(6344, 6345, 6346) 9154.0
(7954, 7955, 7956) 9914.0
(5469, 5470, 5471) 8746.0
(1872, 1873, 1874) 9199.0
(9308, 9309, 9310) 9212.0
(7120, 7121, 7122) 11418.0
(617, 618, 619) 9989.0
(8310, 8311, 8312) 9556.0
(190, 191, 192) 9146.0
(1278, 1279, 1280) 11727.0
(8267, 8268, 8269) 10133.0
(981, 982, 983) 11448.0
(8325, 8326, 8327) 12551.0
(5872, 5873, 5874) 12311.0
(829, 830, 831) 9252.0
(1140, 1141, 1142) 9411.0
(4408, 4409, 4410) 9822.0
(3620, 3621, 3622) 10325.0
(3563, 3564, 3565) 10021.0
(9260, 9261, 9262) 9967.0
(1629, 1630, 1631) 9310.0
(5317, 5318, 5319) 9167.0
(2218, 2219, 2220) 8732.0
(9693, 9694, 9695) 10221.0
(5878, 5879, 5880) 10247.0
(6543, 6544, 6545) 9451.0
(1289, 1290, 1291) 8885.0
(13, 14, 15) 10233.0
(5990, 5991, 5992) 10749.0
(9070, 9071, 9072) 10301.0
(2715, 2716, 2717) 8983.0
(3418, 3419, 3420) 9719.0
(7323, 7324, 7325) 9753.0
(977, 978, 979) 9314.0
(4438, 4439, 4440) 9840.0
(1913, 1914, 1915) 10589.0
(6864, 6865, 6866) 9907.0
(9207, 9208, 9209) 9809.0
(3788, 3789, 3790) 11139.0
(8128, 8129, 8130) 10118.0
(1087, 1088, 1089) 9042.0
(9793, 9794, 9795) 9388.0
(7564, 7565, 7566) 10029.0
(1194, 1195, 1196) 10469.0
(7166, 7167, 7168) 10756.0
(155, 156, 157) 9758.0
(4471, 4472, 4473) 9304.0
(4418, 4419, 4420) 11626.0
(112, 113, 114) 9633.0
(7296, 7297, 7298) 9558.0
(3954, 3955, 3956) 10632.0
(8293, 8294, 8295) 9307.0
(2793, 2794, 2795) 8795.0
(8611, 8612, 8613) 9486.0
(8722, 8723, 8724) 10157.0
(782, 783, 784) 8993.0
(7626, 7627, 7628) 8938.0
(9909, 9910, 9911) 10168.0
(7359, 7360, 7361) 12292.0
(3864, 3865, 3866) 9465.0
(462, 463, 464) 8977.0
(4969, 4970, 4971) 9688.0
(6109, 6110, 6111) 9825.0
(5356, 5357, 5358) 9209.0
(5301, 5302, 5303) 9476.0
(9554, 9555, 9556) 11442.0
(2323, 2324, 2325) 9551.0
(50, 51, 52) 9726.0
(2281, 2282, 2283) 9022.0
(6405, 6406, 6407) 9538.0
(6084, 6085, 6086) 10676.0
(6664, 6665, 6666) 9996.0
(509, 510, 511) 11716.0
(8578, 8579, 8580) 9677.0
(7516, 7517, 7518) 10972.0
(2518, 2519, 2520) 10635.0
(4004, 4005, 4006) 10370.0
(8160, 8161, 8162) 8560.0
(9207, 9208, 9209) 9809.0
(6667, 6668, 6669) 9022.0
(7053, 7054, 7055) 10237.0
(3203, 3204, 3205) 7961.0
(3507, 3508, 3509) 8551.0
(3929, 3930, 3931) 9878.0
(549, 550, 551) 9482.0
(6994, 6995, 6996) 9834.0
(7596, 7597, 7598) 10336.0
(2209, 2210, 2211) 9016.0
(1799, 1800, 1801) 9241.0
(6756, 6757, 6758) 10493.0
(8727, 8728, 8729) 10694.0
(6191, 6192, 6193) 10200.0
(4090, 4091, 4092) 9310.0
(729, 730, 731) 9991.0
(6235, 6236, 6237) 10751.0
(1822, 1823, 1824) 9822.0
(6437, 6438, 6439) 11898.0
(116, 117, 118) 10024.0
(8579, 8580, 8581) 10893.0
(7275, 7276, 7277) 9385.0
(6277, 6278, 6279) 11093.0
(346, 347, 348) 11240.0
(4290, 4291, 4292) 9054.0
(2188, 2189, 2190) 10525.0
(2069, 2070, 2071) 9323.0
(8778, 8779, 8780) 10118.0
(60, 61, 62) 10905.0
(4871, 4872, 4873) 8238.0
(1804, 1805, 1806) 9107.0
(999, 1000, 1001) 9947.0
(215, 216, 217) 11291.0
(1848, 1849, 1850) 9669.0
(9417, 9418, 9419) 8900.0
(2728, 2729, 2730) 9122.0
(881, 882, 883) 9463.0
(6590, 6591, 6592) 10661.0
(2982, 2983, 2984) 9438.0
(853, 854, 855) 10228.0
(8105, 8106, 8107) 9243.0
(5377, 5378, 5379) 9767.0
(7346, 7347, 7348) 10167.0
(5853, 5854, 5855) 11669.0
(7362, 7363, 7364) 9171.0
(3626, 3627, 3628) 9951.0
(546, 547, 548) 12069.0
(130, 131, 132) 11011.0
(2376, 2377, 2378) 11090.0
(2374, 2375, 2376) 10469.0
(5845, 5846, 5847) 10158.0
(2282, 2283, 2284) 10383.0
(8785, 8786, 8787) 9825.0
(4612, 4613, 4614) 9944.0
(8296, 8297, 8298) 8434.0
(7354, 7355, 7356) 10080.0
(8159, 8160, 8161) 9975.0
(4588, 4589, 4590) 9143.0
(9645, 9646, 9647) 9592.0
(860, 861, 862) 9321.0
(4452, 4453, 4454) 8945.0
(2788, 2789, 2790) 10492.0
(7819, 7820, 7821) 9769.0
(2565, 2566, 2567) 10374.0
(6129, 6130, 6131) 10706.0
(3641, 3642, 3643) 11192.0
(740, 741, 742) 10318.0
(8658, 8659, 8660) 8849.0
(3429, 3430, 3431) 9324.0
(8214, 8215, 8216) 12201.0
(1186, 1187, 1188) 10526.0
(7383, 7384, 7385) 10233.0
(8268, 8269, 8270) 8878.0
(4126, 4127, 4128) 9739.0
(5408, 5409, 5410) 9036.0
(4176, 4177, 4178) 9354.0
(925, 926, 927) 9981.0
(5769, 5770, 5771) 10600.0
(423, 424, 425) 11545.0
(4638, 4639, 4640) 9947.0
(2941, 2942, 2943) 9468.0
(5819, 5820, 5821) 10301.0
(6019, 6020, 6021) 9928.0
(6594, 6595, 6596) 11907.0
(9636, 9637, 9638) 10070.0
(4189, 4190, 4191) 11821.0
(3621, 3622, 3623) 9448.0
(2629, 2630, 2631) 11044.0
(7614, 7615, 7616) 10526.0
(8030, 8031, 8032) 9310.0
(1753, 1754, 1755) 10610.0
(8359, 8360, 8361) 11357.0
(3386, 3387, 3388) 8870.0
(4176, 4177, 4178) 9354.0
(5210, 5211, 5212) 8700.0
(3882, 3883, 3884) 10929.0
(5357, 5358, 5359) 11450.0
(110, 111, 112) 9096.0
(790, 791, 792) 8519.0
(8078, 8079, 8080) 11145.0
(4692, 4693, 4694) 11560.0
(5501, 5502, 5503) 9445.0
(5419, 5420, 5421) 10474.0
(8926, 8927, 8928) 8814.0
(9228, 9229, 9230) 10109.0
(2242, 2243, 2244) 10369.0
(2662, 2663, 2664) 9467.0
(7586, 7587, 7588) 8193.0
(5001, 5002, 5003) 10643.0
(3408, 3409, 3410) 11268.0
(6797, 6798, 6799) 8780.0
(3309, 3310, 3311) 9456.0
(4032, 4033, 4034) 9473.0
(2566, 2567, 2568) 9489.0
(245, 246, 247) 8921.0
(1784, 1785, 1786) 9853.0
(4886, 4887, 4888) 12380.0
(9615, 9616, 9617) 8306.0
(3422, 3423, 3424) 9212.0
(8209, 8210, 8211) 10270.0
(9663, 9664, 9665) 10316.0
(4547, 4548, 4549) 9904.0
(8606, 8607, 8608) 11170.0
(4876, 4877, 4878) 11201.0
(6533, 6534, 6535) 10062.0
(9316, 9317, 9318) 9873.0
(7428, 7429, 7430) 11496.0
(8544, 8545, 8546) 9508.0
(8969, 8970, 8971) 8687.0
(5428, 5429, 5430) 10223.0
(6118, 6119, 6120) 11620.0
(6183, 6184, 6185) 11013.0
(7648, 7649, 7650) 9983.0
(1158, 1159, 1160) 9637.0
(5533, 5534, 5535) 10793.0
(7722, 7723, 7724) 10459.0
(4226, 4227, 4228) 10619.0
(4967, 4968, 4969) 9040.0
(8840, 8841, 8842) 8809.0
(4512, 4513, 4514) 9117.0
(1003, 1004, 1005) 9560.0
(5934, 5935, 5936) 10841.0
(7079, 7080, 7081) 8417.0
(9233, 9234, 9235) 9701.0
(4244, 4245, 4246) 11099.0
(7663, 7664, 7665) 9659.0
(7763, 7764, 7765) 10934.0
(9039, 9040, 9041) 10945.0
(34, 35, 36) 10597.0
(2181, 2182, 2183) 11775.0
(2900, 2901, 2902) 8847.0
(1611, 1612, 1613) 11218.0
(7270, 7271, 7272) 9158.0
(319, 320, 321) 8695.0
(7113, 7114, 7115) 10874.0
(3246, 3247, 3248) 10870.0
(6681, 6682, 6683) 9459.0
(307, 308, 309) 9586.0
(5475, 5476, 5477) 8768.0
(9082, 9083, 9084) 8565.0
(5304, 5305, 5306) 9194.0
(4967, 4968, 4969) 9040.0
(7133, 7134, 7135) 9078.0
(8322, 8323, 8324) 10883.0
(5644, 5645, 5646) 12296.0
(5317, 5318, 5319) 9167.0
(7434, 7435, 7436) 11028.0
(40, 41, 42) 9850.0
(6156, 6157, 6158) 9326.0
(2015, 2016, 2017) 9571.0
(6690, 6691, 6692) 10889.0
(2780, 2781, 2782) 9948.0
(7358, 7359, 7360) 9859.0
(1943, 1944, 1945) 8739.0
(5267, 5268, 5269) 9405.0
(7759, 7760, 7761) 10724.0
(248, 249, 250) 9089.0
(5723, 5724, 5725) 10321.0
(9064, 9065, 9066) 11365.0
(8272, 8273, 8274) 8723.0
(5328, 5329, 5330) 8684.0
(5968, 5969, 5970) 10193.0
(6566, 6567, 6568) 9864.0
(8853, 8854, 8855) 10264.0
(4301, 4302, 4303) 9743.0
(4, 5, 6) 9315.0
(3579, 3580, 3581) 10682.0
(3179, 3180, 3181) 9458.0
(4413, 4414, 4415) 10448.0
(7315, 7316, 7317) 10886.0
(4654, 4655, 4656) 9647.0
(2033, 2034, 2035) 9324.0
(9073, 9074, 9075) 9608.0
(5675, 5676, 5677) 9933.0
(5082, 5083, 5084) 9118.0
(8767, 8768, 8769) 8963.0
(3840, 3841, 3842) 10340.0
(311, 312, 313) 10029.0
(5712, 5713, 5714) 9087.0
(2667, 2668, 2669) 10293.0
(7076, 7077, 7078) 9522.0
(5613, 5614, 5615) 8907.0
(8746, 8747, 8748) 9316.0
