(2933, 2934, 2935) 9870.0
(1913, 1914, 1915) 10517.0
(320, 321, 322) 9558.0
(5326, 5327, 5328) 8804.0
(2909, 2910, 2911) 10769.0
(1831, 1832, 1833) 8777.0
(9288, 9289, 9290) 10021.0
(3289, 3290, 3291) 10091.0
(3979, 3980, 3981) 11862.0
(3921, 3922, 3923) 11030.0
(9070, 9071, 9072) 10549.0
(576, 577, 578) 10294.0
(2284, 2285, 2286) 10273.0
(6939, 6940, 6941) 9990.0
(8846, 8847, 8848) 8944.0
(4453, 4454, 4455) 9677.0
(9531, 9532, 9533) 11676.0
(2010, 2011, 2012) 10380.0
(9288, 9289, 9290) 10021.0
(4688, 4689, 4690) 10261.0
(5111, 5112, 5113) 10574.0
(9074, 9075, 9076) 9355.0
(1954, 1955, 1956) 8505.0
(8717, 8718, 8719) 10789.0
(1114, 1115, 1116) 10271.0
(9390, 9391, 9392) 10136.0
(919, 920, 921) 10235.0
(1754, 1755, 1756) 13019.0
(2272, 2273, 2274) 10171.0
(8119, 8120, 8121) 9820.0
(1713, 1714, 1715) 8450.0
(2282, 2283, 2284) 10383.0
(6270, 6271, 6272) 8622.0
(3082, 3083, 3084) 10209.0
(8122, 8123, 8124) 10155.0
(2445, 2446, 2447) 9099.0
(1880, 1881, 1882) 9709.0
(2120, 2121, 2122) 8974.0
(3017, 3018, 3019) 10124.0
(6790, 6791, 6792) 9193.0
(1086, 1087, 1088) 9117.0
(7447, 7448, 7449) 9087.0
(6685, 6686, 6687) 9774.0
(3157, 3158, 3159) 9944.0
(9357, 9358, 9359) 9626.0
(9961, 9962, 9963) 10656.0
(1782, 1783, 1784) 10417.0
(5823, 5824, 5825) 10497.0
(5816, 5817, 5818) 10936.0
(7493, 7494, 7495) 11235.0
(5068, 5069, 5070) 10693.0
(1431, 1432, 1433) 10213.0
(800, 801, 802) 9706.0
(9390, 9391, 9392) 10136.0
(9820, 9821, 9822) 10909.0
(630, 631, 632) 8559.0
(8219, 8220, 8221) 9454.0
(3670, 3671, 3672) 9789.0
(2065, 2066, 2067) 9170.0
(6513, 6514, 6515) 10274.0
(3298, 3299, 3300) 9323.0
(6996, 6997, 6998) 10283.0
(1360, 1361, 1362) 11328.0
(2575, 2576, 2577) 10716.0
(1356, 1357, 1358) 8598.0
(5105, 5106, 5107) 10290.0
(1245, 1246, 1247) 9542.0
(6693, 6694, 6695) 8286.0
(5677, 5678, 5679) 13555.0
(5566, 5567, 5568) 12414.0
(1517, 1518, 1519) 10756.0
(6414, 6415, 6416) 10287.0
(4371, 4372, 4373) 9298.0
(1145, 1146, 1147) 12330.0
(8360, 8361, 8362) 9666.0
(7407, 7408, 7409) 10236.0
(5784, 5785, 5786) 9391.0
(9568, 9569, 9570) 9406.0
(358, 359, 360) 11275.0
(2868, 2869, 2870) 10958.0
(6587, 6588, 6589) 10286.0
(2829, 2830, 2831) 9243.0
(8256, 8257, 8258) 10303.0
(2225, 2226, 2227) 10164.0
(3843, 3844, 3845) 9746.0
(1834, 1835, 1836) 9804.0
(1875, 1876, 1877) 9680.0
(6544, 6545, 6546) 10145.0
(8234, 8235, 8236) 8608.0
(1587, 1588, 1589) 9978.0
(426, 427, 428) 10719.0
(9015, 9016, 9017) 11270.0
(3508, 3509, 3510) 11138.0
(7699, 7700, 7701) 9557.0
(9895, 9896, 9897) 11499.0
(6483, 6484, 6485) 9713.0
(7634, 7635, 7636) 10162.0
(9495, 9496, 9497) 9747.0
(3745, 3746, 3747) 13283.0
(3294, 3295, 3296) 11186.0
(6436, 6437, 6438) 9514.0
(3842, 3843, 3844) 11042.0
(7849, 7850, 7851) 10145.0
(4496, 4497, 4498) 8961.0
(277, 278, 279) 8363.0
(9860, 9861, 9862) 9508.0
(3773, 3774, 3775) 9744.0
(684, 685, 686) 9892.0
(5006, 5007, 5008) 9910.0
(1733, 1734, 1735) 11175.0
(6762, 6763, 6764) 9064.0
(7116, 7117, 7118) 9881.0
(5390, 5391, 5392) 9655.0
(8732, 8733, 8734) 10747.0
(5845, 5846, 5847) 10049.0
(7411, 7412, 7413) 9713.0
(921, 922, 923) 12904.0
(1834, 1835, 1836) 9804.0
(8427, 8428, 8429) 9129.0
(7854, 7855, 7856) 9627.0
(9464, 9465, 9466) 9912.0
(8430, 8431, 8432) 9896.0
(5460, 5461, 5462) 8871.0
(524, 525, 526) 12422.0
(3447, 3448, 3449) 9192.0
(9622, 9623, 9624) 11359.0
(5624, 5625, 5626) 9797.0
(8163, 8164, 8165) 10555.0
(5727, 5728, 5729) 8772.0
(5562, 5563, 5564) 9689.0
(4422, 4423, 4424) 9262.0
(8833, 8834, 8835) 9950.0
(2765, 2766, 2767) 9065.0
(9729, 9730, 9731) 9456.0
(2951, 2952, 2953) 10051.0
(4650, 4651, 4652) 8816.0
(8209, 8210, 8211) 10329.0
(2930, 2931, 2932) 10596.0
(2956, 2957, 2958) 9490.0
(2718, 2719, 2720) 10676.0
(9251, 9252, 9253) 9492.0
(2190, 2191, 2192) 8711.0
(5095, 5096, 5097) 11112.0
(1240, 1241, 1242) 9076.0
(2928, 2929, 2930) 8533.0
(9830, 9831, 9832) 9798.0
(3554, 3555, 3556) 10216.0
(7795, 7796, 7797) 8793.0
(2216, 2217, 2218) 9312.0
(91, 92, 93) 9025.0
(3708, 3709, 3710) 12517.0
(1864, 1865, 1866) 12666.0
(2875, 2876, 2877) 9397.0
(8017, 8018, 8019) 9326.0
(8691, 8692, 8693) 9926.0
(8830, 8831, 8832) 12209.0
(9832, 9833, 9834) 11777.0
(1436, 1437, 1438) 9707.0
(3429, 3430, 3431) 9545.0
(7835, 7836, 7837) 8766.0
(1078, 1079, 1080) 10471.0
(8383, 8384, 8385) 10315.0
(9203, 9204, 9205) 8844.0
(9520, 9521, 9522) 8846.0
(2745, 2746, 2747) 9335.0
(9661, 9662, 9663) 9961.0
(1678, 1679, 1680) 10164.0
(5891, 5892, 5893) 9395.0
(7809, 7810, 7811) 14399.0
(772, 773, 774) 9188.0
(9790, 9791, 9792) 10580.0
(9047, 9048, 9049) 10546.0
(7758, 7759, 7760) 8424.0
(3128, 3129, 3130) 9701.0
(7630, 7631, 7632) 10395.0
(5494, 5495, 5496) 10859.0
(2223, 2224, 2225) 9513.0
(9915, 9916, 9917) 9896.0
(1789, 1790, 1791) 12095.0
(4527, 4528, 4529) 8688.0
(7277, 7278, 7279) 11301.0
(7909, 7910, 7911) 9295.0
(703, 704, 705) 10603.0
(6535, 6536, 6537) 8889.0
(897, 898, 899) 8981.0
(5907, 5908, 5909) 9181.0
(607, 608, 609) 8949.0
(970, 971, 972) 10056.0
(8796, 8797, 8798) 9325.0
(5856, 5857, 5858) 10859.0
(1390, 1391, 1392) 9044.0
(5381, 5382, 5383) 8865.0
(3797, 3798, 3799) 10247.0
(7267, 7268, 7269) 9679.0
(7843, 7844, 7845) 11628.0
(4282, 4283, 4284) 9215.0
(8022, 8023, 8024) 9147.0
(6914, 6915, 6916) 10587.0
(4729, 4730, 4731) 8602.0
(837, 838, 839) 10988.0
(5139, 5140, 5141) 9022.0
