(3847, 3848, 3849) 11037.0
(9447, 9448, 9449) 9913.0
(182, 183, 184) 11506.0
(9464, 9465, 9466) 10123.0
(5953, 5954, 5955) 9989.0
(4502, 4503, 4504) 10236.0
(625, 626, 627) 8557.0
(3296, 3297, 3298) 10125.0
(6077, 6078, 6079) 9916.0
(8232, 8233, 8234) 10839.0
(2343, 2344, 2345) 10341.0
(5601, 5602, 5603) 9734.0
(3159, 3160, 3161) 11926.0
(5113, 5114, 5115) 9748.0
(4856, 4857, 4858) 9244.0
(4500, 4501, 4502) 9979.0
(8769, 8770, 8771) 10053.0
(7445, 7446, 7447) 10399.0
(4503, 4504, 4505) 11169.0
(4547, 4548, 4549) 10142.0
(6839, 6840, 6841) 10147.0
(5880, 5881, 5882) 9952.0
(5202, 5203, 5204) 8821.0
(4644, 4645, 4646) 10349.0
(4578, 4579, 4580) 11422.0
(5591, 5592, 5593) 10548.0
(3335, 3336, 3337) 10873.0
(5162, 5163, 5164) 11012.0
(3728, 3729, 3730) 11609.0
(111, 112, 113) 12408.0
(7921, 7922, 7923) 15425.0
(8109, 8110, 8111) 9011.0
(788, 789, 790) 10275.0
(8789, 8790, 8791) 9544.0
(4882, 4883, 4884) 11131.0
(9957, 9958, 9959) 10748.0
(8005, 8006, 8007) 10007.0
(8789, 8790, 8791) 9544.0
(7646, 7647, 7648) 10408.0
(6668, 6669, 6670) 9691.0
(2070, 2071, 2072) 9918.0
(7094, 7095, 7096) 9108.0
(3008, 3009, 3010) 9009.0
(8798, 8799, 8800) 9259.0
(954, 955, 956) 9511.0
(2787, 2788, 2789) 9084.0
(1634, 1635, 1636) 9602.0
(5093, 5094, 5095) 8764.0
(5246, 5247, 5248) 11362.0
(502, 503, 504) 10363.0
(8490, 8491, 8492) 10435.0
(8027, 8028, 8029) 9585.0
(6461, 6462, 6463) 9136.0
(2068, 2069, 2070) 11151.0
(5190, 5191, 5192) 9758.0
(3871, 3872, 3873) 10413.0
(1420, 1421, 1422) 10520.0
(1574, 1575, 1576) 9668.0
(14, 15, 16) 10925.0
(7238, 7239, 7240) 11614.0
(1401, 1402, 1403) 11188.0
(7779, 7780, 7781) 9886.0
(1018, 1019, 1020) 10186.0
(3300, 3301, 3302) 10479.0
(7787, 7788, 7789) 9100.0
(8270, 8271, 8272) 9836.0
(9165, 9166, 9167) 9023.0
(3923, 3924, 3925) 9510.0
(6637, 6638, 6639) 11115.0
(5713, 5714, 5715) 10229.0
(3113, 3114, 3115) 9343.0
(4501, 4502, 4503) 9128.0
(9419, 9420, 9421) 10478.0
(5790, 5791, 5792) 9207.0
(4937, 4938, 4939) 9729.0
(1162, 1163, 1164) 10768.0
(9024, 9025, 9026) 11124.0
(7661, 7662, 7663) 9926.0
(4030, 4031, 4032) 9274.0
(2342, 2343, 2344) 9431.0
(6828, 6829, 6830) 10396.0
(875, 876, 877) 9185.0
(6029, 6030, 6031) 9721.0
(4646, 4647, 4648) 9121.0
(3918, 3919, 3920) 12434.0
(8615, 8616, 8617) 9035.0
(5877, 5878, 5879) 9373.0
(9841, 9842, 9843) 9427.0
(1456, 1457, 1458) 11116.0
(8791, 8792, 8793) 9861.0
(5365, 5366, 5367) 10647.0
(7442, 7443, 7444) 9560.0
(6892, 6893, 6894) 9347.0
(8272, 8273, 8274) 9140.0
(3225, 3226, 3227) 9468.0
(2576, 2577, 2578) 10557.0
(6517, 6518, 6519) 8168.0
(2031, 2032, 2033) 10948.0
(6235, 6236, 6237) 10708.0
(1425, 1426, 1427) 9741.0
(6831, 6832, 6833) 9595.0
(6460, 6461, 6462) 10006.0
(1955, 1956, 1957) 11979.0
(6854, 6855, 6856) 10421.0
(312, 313, 314) 11903.0
(7301, 7302, 7303) 10185.0
(313, 314, 315) 9512.0
(7294, 7295, 7296) 9818.0
(9068, 9069, 9070) 11452.0
(4500, 4501, 4502) 9979.0
(9137, 9138, 9139) 9995.0
(2016, 2017, 2018) 9735.0
(478, 479, 480) 11094.0
(6538, 6539, 6540) 10490.0
(3333, 3334, 3335) 9491.0
(1970, 1971, 1972) 9099.0
(9860, 9861, 9862) 9744.0
(405, 406, 407) 10570.0
(4817, 4818, 4819) 10482.0
(2384, 2385, 2386) 9168.0
(36, 37, 38) 10162.0
(5263, 5264, 5265) 10048.0
(4764, 4765, 4766) 10481.0
(6658, 6659, 6660) 9568.0
(9852, 9853, 9854) 9935.0
(5972, 5973, 5974) 11752.0
(2927, 2928, 2929) 10054.0
(4112, 4113, 4114) 9668.0
(6799, 6800, 6801) 9591.0
(7984, 7985, 7986) 8933.0
(9081, 9082, 9083) 9518.0
(8364, 8365, 8366) 9787.0
(6085, 6086, 6087) 9234.0
(2795, 2796, 2797) 10351.0
(2641, 2642, 2643) 11252.0
(1452, 1453, 1454) 8941.0
(2072, 2073, 2074) 9209.0
(5583, 5584, 5585) 8435.0
(9881, 9882, 9883) 9193.0
(2943, 2944, 2945) 8314.0
(199, 200, 201) 8612.0
(9623, 9624, 9625) 13562.0
(9360, 9361, 9362) 10335.0
(8273, 8274, 8275) 11555.0
(6120, 6121, 6122) 10906.0
(3425, 3426, 3427) 9730.0
(892, 893, 894) 9156.0
(2079, 2080, 2081) 10422.0
(3036, 3037, 3038) 13924.0
(6330, 6331, 6332) 12180.0
(180, 181, 182) 9703.0
(9986, 9987, 9988) 8708.0
(6077, 6078, 6079) 9916.0
(5205, 5206, 5207) 8816.0
(5205, 5206, 5207) 8816.0
(9712, 9713, 9714) 10947.0
(5081, 5082, 5083) 10194.0
(9142, 9143, 9144) 9787.0
(9714, 9715, 9716) 10683.0
(311, 312, 313) 10177.0
(6170, 6171, 6172) 9212.0
(7472, 7473, 7474) 10101.0
(1029, 1030, 1031) 10170.0
(9179, 9180, 9181) 11464.0
(5513, 5514, 5515) 10280.0
(7999, 8000, 8001) 11336.0
(1674, 1675, 1676) 10297.0
(4913, 4914, 4915) 8844.0
(2472, 2473, 2474) 11152.0
(5545, 5546, 5547) 9795.0
(2326, 2327, 2328) 9526.0
(6445, 6446, 6447) 9355.0
(7176, 7177, 7178) 9650.0
(1899, 1900, 1901) 9712.0
(7780, 7781, 7782) 10198.0
(2549, 2550, 2551) 11023.0
(9584, 9585, 9586) 10360.0
(9109, 9110, 9111) 9571.0
(4981, 4982, 4983) 10430.0
(6754, 6755, 6756) 10680.0
(6960, 6961, 6962) 10610.0
(4053, 4054, 4055) 8900.0
(4057, 4058, 4059) 11742.0
(5659, 5660, 5661) 10113.0
(6851, 6852, 6853) 10678.0
(5857, 5858, 5859) 10773.0
(87, 88, 89) 9973.0
(5351, 5352, 5353) 11452.0
(5660, 5661, 5662) 10830.0
(7070, 7071, 7072) 11648.0
(7080, 7081, 7082) 10656.0
(1433, 1434, 1435) 9229.0
(3782, 3783, 3784) 9425.0
(425, 426, 427) 10099.0
(6431, 6432, 6433) 9699.0
(7578, 7579, 7580) 9850.0
(8472, 8473, 8474) 10409.0
(8694, 8695, 8696) 9293.0
(8551, 8552, 8553) 12450.0
(8997, 8998, 8999) 11603.0
(39, 40, 41) 10895.0
