(4467, 4468, 4469) 10327.0
(167, 168, 169) 11192.0
(7439, 7440, 7441) 11934.0
(5744, 5745, 5746) 11473.0
(4858, 4859, 4860) 11161.0
(318, 319, 320) 9800.0
(4467, 4468, 4469) 10327.0
(9879, 9880, 9881) 9952.0
(1050, 1051, 1052) 11417.0
(6108, 6109, 6110) 8656.0
(395, 396, 397) 11268.0
(3519, 3520, 3521) 8872.0
(6889, 6890, 6891) 9857.0
(4063, 4064, 4065) 11197.0
(3899, 3900, 3901) 9906.0
(4449, 4450, 4451) 10946.0
(1847, 1848, 1849) 9812.0
(7097, 7098, 7099) 10340.0
(5294, 5295, 5296) 10839.0
(7122, 7123, 7124) 9275.0
(4990, 4991, 4992) 8870.0
(3878, 3879, 3880) 9168.0
(5168, 5169, 5170) 10231.0
(9130, 9131, 9132) 10699.0
(2146, 2147, 2148) 12160.0
(1634, 1635, 1636) 9955.0
(6654, 6655, 6656) 9615.0
(6222, 6223, 6224) 9590.0
(3930, 3931, 3932) 10121.0
(579, 580, 581) 11365.0
(7050, 7051, 7052) 10336.0
(2172, 2173, 2174) 9441.0
(7623, 7624, 7625) 9660.0
(7467, 7468, 7469) 9980.0
(8758, 8759, 8760) 10383.0
(8899, 8900, 8901) 9216.0
(6068, 6069, 6070) 9696.0
(5417, 5418, 5419) 9530.0
(9171, 9172, 9173) 11835.0
(2878, 2879, 2880) 10275.0
(1128, 1129, 1130) 10607.0
(3511, 3512, 3513) 9854.0
(3319, 3320, 3321) 10914.0
(514, 515, 516) 10481.0
(2855, 2856, 2857) 10721.0
(8038, 8039, 8040) 10112.0
(8788, 8789, 8790) 10406.0
(2059, 2060, 2061) 12957.0
(1438, 1439, 1440) 10204.0
(6971, 6972, 6973) 9242.0
(7430, 7431, 7432) 10133.0
(2162, 2163, 2164) 10768.0
(2454, 2455, 2456) 8554.0
(3687, 3688, 3689) 10888.0
(5708, 5709, 5710) 10725.0
(1602, 1603, 1604) 12494.0
(2135, 2136, 2137) 8903.0
(5420, 5421, 5422) 8515.0
(869, 870, 871) 10702.0
(4377, 4378, 4379) 10641.0
(5023, 5024, 5025) 10415.0
(4161, 4162, 4163) 10321.0
(9802, 9803, 9804) 11148.0
(1136, 1137, 1138) 10150.0
(3690, 3691, 3692) 9489.0
(7375, 7376, 7377) 9385.0
(7225, 7226, 7227) 11083.0
(4742, 4743, 4744) 10677.0
(6018, 6019, 6020) 11015.0
(368, 369, 370) 9382.0
(6908, 6909, 6910) 9631.0
(3991, 3992, 3993) 10314.0
(6451, 6452, 6453) 11616.0
(5282, 5283, 5284) 10279.0
(854, 855, 856) 10101.0
(2303, 2304, 2305) 9689.0
(7670, 7671, 7672) 10237.0
(2576, 2577, 2578) 10422.0
(375, 376, 377) 10729.0
(9747, 9748, 9749) 10862.0
(6099, 6100, 6101) 9731.0
(2383, 2384, 2385) 10764.0
(3940, 3941, 3942) 10666.0
(998, 999, 1000) 9404.0
(2225, 2226, 2227) 10336.0
(6816, 6817, 6818) 8849.0
(5676, 5677, 5678) 9235.0
(4247, 4248, 4249) 12408.0
(4081, 4082, 4083) 9852.0
(2354, 2355, 2356) 8843.0
(8362, 8363, 8364) 13471.0
(9217, 9218, 9219) 9551.0
(9948, 9949, 9950) 11263.0
(7934, 7935, 7936) 9800.0
(8834, 8835, 8836) 10207.0
(6061, 6062, 6063) 11033.0
(5370, 5371, 5372) 10381.0
(217, 218, 219) 10651.0
(9133, 9134, 9135) 9356.0
(3505, 3506, 3507) 8644.0
(1632, 1633, 1634) 8829.0
(5514, 5515, 5516) 12771.0
(4675, 4676, 4677) 9714.0
(867, 868, 869) 12824.0
(192, 193, 194) 12622.0
(8598, 8599, 8600) 9908.0
(4384, 4385, 4386) 9677.0
(9958, 9959, 9960) 10392.0
(4709, 4710, 4711) 9363.0
(9881, 9882, 9883) 9298.0
(8722, 8723, 8724) 10487.0
(1032, 1033, 1034) 10540.0
(7038, 7039, 7040) 11469.0
(6121, 6122, 6123) 10557.0
(5729, 5730, 5731) 10119.0
(8029, 8030, 8031) 10530.0
(9771, 9772, 9773) 11738.0
(3127, 3128, 3129) 12963.0
(8267, 8268, 8269) 10464.0
(8851, 8852, 8853) 10430.0
(3698, 3699, 3700) 10051.0
(4703, 4704, 4705) 9346.0
(1191, 1192, 1193) 11595.0
(9411, 9412, 9413) 10133.0
(91, 92, 93) 9108.0
(5427, 5428, 5429) 10426.0
(3404, 3405, 3406) 10475.0
(5749, 5750, 5751) 10907.0
(3500, 3501, 3502) 8909.0
(8087, 8088, 8089) 9320.0
(7564, 7565, 7566) 10457.0
(6158, 6159, 6160) 10834.0
(8207, 8208, 8209) 11713.0
(1023, 1024, 1025) 9924.0
(1036, 1037, 1038) 11285.0
(5133, 5134, 5135) 10001.0
(5510, 5511, 5512) 11879.0
(7840, 7841, 7842) 10135.0
(6700, 6701, 6702) 9957.0
(1395, 1396, 1397) 8704.0
(8913, 8914, 8915) 10143.0
(3195, 3196, 3197) 10308.0
(5220, 5221, 5222) 11119.0
(7503, 7504, 7505) 11918.0
(8677, 8678, 8679) 11703.0
(6617, 6618, 6619) 10080.0
(923, 924, 925) 10414.0
(4531, 4532, 4533) 9504.0
(3068, 3069, 3070) 11281.0
(3073, 3074, 3075) 10383.0
(3650, 3651, 3652) 10095.0
(6173, 6174, 6175) 9460.0
(8144, 8145, 8146) 11410.0
(3826, 3827, 3828) 10960.0
(3425, 3426, 3427) 9599.0
(3444, 3445, 3446) 10097.0
(8450, 8451, 8452) 10781.0
(2460, 2461, 2462) 10315.0
(113, 114, 115) 10837.0
(1268, 1269, 1270) 10561.0
(7380, 7381, 7382) 10674.0
(7072, 7073, 7074) 10203.0
(3734, 3735, 3736) 9946.0
(9388, 9389, 9390) 10164.0
(1737, 1738, 1739) 9826.0
(5660, 5661, 5662) 10681.0
(9528, 9529, 9530) 9984.0
(8244, 8245, 8246) 10650.0
(3489, 3490, 3491) 9659.0
(7395, 7396, 7397) 11492.0
(1064, 1065, 1066) 8558.0
(4278, 4279, 4280) 9825.0
(661, 662, 663) 8582.0
(5629, 5630, 5631) 10310.0
(1287, 1288, 1289) 9127.0
(3031, 3032, 3033) 11473.0
(3870, 3871, 3872) 9925.0
(8308, 8309, 8310) 10376.0
(2543, 2544, 2545) 11085.0
(546, 547, 548) 12212.0
(2659, 2660, 2661) 13395.0
(7384, 7385, 7386) 13882.0
(2493, 2494, 2495) 9727.0
(8621, 8622, 8623) 10549.0
(9489, 9490, 9491) 10220.0
(3151, 3152, 3153) 9513.0
(4044, 4045, 4046) 10143.0
(1239, 1240, 1241) 10017.0
(4018, 4019, 4020) 9594.0
(8211, 8212, 8213) 10493.0
(6332, 6333, 6334) 10046.0
(1509, 1510, 1511) 9309.0
(2457, 2458, 2459) 9905.0
(3275, 3276, 3277) 9129.0
(5475, 5476, 5477) 9198.0
(6714, 6715, 6716) 9725.0
(1204, 1205, 1206) 10722.0
(6187, 6188, 6189) 9090.0
(4793, 4794, 4795) 10065.0
(6954, 6955, 6956) 9397.0
(8436, 8437, 8438) 10785.0
