(989, 990, 991) 9423.0
(105, 106, 107) 9597.0
(60, 61, 62) 10826.0
(7345, 7346, 7347) 11817.0
(8634, 8635, 8636) 9394.0
(6868, 6869, 6870) 10143.0
(2609, 2610, 2611) 11090.0
(7812, 7813, 7814) 9233.0
(5796, 5797, 5798) 12729.0
(668, 669, 670) 9537.0
(1271, 1272, 1273) 11162.0
(4354, 4355, 4356) 11262.0
(5501, 5502, 5503) 9929.0
(3555, 3556, 3557) 11089.0
(9053, 9054, 9055) 10497.0
(5231, 5232, 5233) 8999.0
(315, 316, 317) 12274.0
(8622, 8623, 8624) 9498.0
(586, 587, 588) 10682.0
(1898, 1899, 1900) 9667.0
(9555, 9556, 9557) 11959.0
(4198, 4199, 4200) 11482.0
(943, 944, 945) 10873.0
(8446, 8447, 8448) 11781.0
(1262, 1263, 1264) 10871.0
(9271, 9272, 9273) 10715.0
(8185, 8186, 8187) 10059.0
(3158, 3159, 3160) 9645.0
(1806, 1807, 1808) 10153.0
(3348, 3349, 3350) 8943.0
(503, 504, 505) 10351.0
(8618, 8619, 8620) 11145.0
(8013, 8014, 8015) 12710.0
(7294, 7295, 7296) 10163.0
(1098, 1099, 1100) 10462.0
(5053, 5054, 5055) 10501.0
(8927, 8928, 8929) 10447.0
(925, 926, 927) 11094.0
(9637, 9638, 9639) 10725.0
(3819, 3820, 3821) 10971.0
(5343, 5344, 5345) 10587.0
(3497, 3498, 3499) 11452.0
(170, 171, 172) 10783.0
(2877, 2878, 2879) 8332.0
(4890, 4891, 4892) 12475.0
(8189, 8190, 8191) 11341.0
(8563, 8564, 8565) 8877.0
(7609, 7610, 7611) 12535.0
(3071, 3072, 3073) 10127.0
(5756, 5757, 5758) 10839.0
(7751, 7752, 7753) 9803.0
(1238, 1239, 1240) 10438.0
(6287, 6288, 6289) 11873.0
(366, 367, 368) 9761.0
(7711, 7712, 7713) 8404.0
(9505, 9506, 9507) 10680.0
(4321, 4322, 4323) 10765.0
(8302, 8303, 8304) 10877.0
(6036, 6037, 6038) 13090.0
(1117, 1118, 1119) 9253.0
(1925, 1926, 1927) 12862.0
(6832, 6833, 6834) 11383.0
(4723, 4724, 4725) 11609.0
(5595, 5596, 5597) 9686.0
(8656, 8657, 8658) 9825.0
(8356, 8357, 8358) 10398.0
(6141, 6142, 6143) 10671.0
(5640, 5641, 5642) 10706.0
(6940, 6941, 6942) 11088.0
(3611, 3612, 3613) 9268.0
(7479, 7480, 7481) 12424.0
(2149, 2150, 2151) 11806.0
(3148, 3149, 3150) 11432.0
(8564, 8565, 8566) 11926.0
(5458, 5459, 5460) 11469.0
(8798, 8799, 8800) 9270.0
(121, 122, 123) 9533.0
(9629, 9630, 9631) 11561.0
(6460, 6461, 6462) 10175.0
(4765, 4766, 4767) 11624.0
(2156, 2157, 2158) 9841.0
(941, 942, 943) 9888.0
(1204, 1205, 1206) 10871.0
(858, 859, 860) 10739.0
(8261, 8262, 8263) 9793.0
(3419, 3420, 3421) 10613.0
(7695, 7696, 7697) 11271.0
(9669, 9670, 9671) 12185.0
(9937, 9938, 9939) 9809.0
(4860, 4861, 4862) 11642.0
(4771, 4772, 4773) 11100.0
(9018, 9019, 9020) 10119.0
(8982, 8983, 8984) 10946.0
(2687, 2688, 2689) 11780.0
(2449, 2450, 2451) 12439.0
(9822, 9823, 9824) 10248.0
(4465, 4466, 4467) 13624.0
(7638, 7639, 7640) 9934.0
(7081, 7082, 7083) 12844.0
(5472, 5473, 5474) 8711.0
(9107, 9108, 9109) 9586.0
(5731, 5732, 5733) 10504.0
(8343, 8344, 8345) 8484.0
(3008, 3009, 3010) 8954.0
(5930, 5931, 5932) 11176.0
(5692, 5693, 5694) 9799.0
(6293, 6294, 6295) 11757.0
(6698, 6699, 6700) 9800.0
(4626, 4627, 4628) 10721.0
(4530, 4531, 4532) 11183.0
(8971, 8972, 8973) 10738.0
(6112, 6113, 6114) 10658.0
(2302, 2303, 2304) 9800.0
(563, 564, 565) 10281.0
(7595, 7596, 7597) 9248.0
(2677, 2678, 2679) 10072.0
(7678, 7679, 7680) 11369.0
(7199, 7200, 7201) 10372.0
(5438, 5439, 5440) 10815.0
(1187, 1188, 1189) 10137.0
(9576, 9577, 9578) 12616.0
(1634, 1635, 1636) 10162.0
(2257, 2258, 2259) 10570.0
(3581, 3582, 3583) 9892.0
(6439, 6440, 6441) 9850.0
(5684, 5685, 5686) 9296.0
(3904, 3905, 3906) 10228.0
(6999, 7000, 7001) 11414.0
(254, 255, 256) 9787.0
(2181, 2182, 2183) 12459.0
(7909, 7910, 7911) 9740.0
(2979, 2980, 2981) 11230.0
(1071, 1072, 1073) 11517.0
(4928, 4929, 4930) 10074.0
(6044, 6045, 6046) 9003.0
(34, 35, 36) 10964.0
(3416, 3417, 3418) 9901.0
(6908, 6909, 6910) 9399.0
(8867, 8868, 8869) 9821.0
(2492, 2493, 2494) 10518.0
(5494, 5495, 5496) 11236.0
(826, 827, 828) 13361.0
(1947, 1948, 1949) 10281.0
(5648, 5649, 5650) 12284.0
(5864, 5865, 5866) 10730.0
(7780, 7781, 7782) 10019.0
(5053, 5054, 5055) 10501.0
(4549, 4550, 4551) 9879.0
(6693, 6694, 6695) 8480.0
(2366, 2367, 2368) 9711.0
(5030, 5031, 5032) 10541.0
(952, 953, 954) 9657.0
(9597, 9598, 9599) 11935.0
(1706, 1707, 1708) 10944.0
(6436, 6437, 6438) 10065.0
(9463, 9464, 9465) 10474.0
(8874, 8875, 8876) 10784.0
(2142, 2143, 2144) 9372.0
(1857, 1858, 1859) 8949.0
(5336, 5337, 5338) 11354.0
(2189, 2190, 2191) 9776.0
(3317, 3318, 3319) 10094.0
(3442, 3443, 3444) 10313.0
(2229, 2230, 2231) 10362.0
(8716, 8717, 8718) 11915.0
(192, 193, 194) 12564.0
(109, 110, 111) 11017.0
(4743, 4744, 4745) 10958.0
(1662, 1663, 1664) 11176.0
(4106, 4107, 4108) 11332.0
(7540, 7541, 7542) 8244.0
(5092, 5093, 5094) 8515.0
(3168, 3169, 3170) 10467.0
(633, 634, 635) 12515.0
(6075, 6076, 6077) 10600.0
(105, 106, 107) 9597.0
(5258, 5259, 5260) 9733.0
(356, 357, 358) 9969.0
(108, 109, 110) 9284.0
(2266, 2267, 2268) 10159.0
(8067, 8068, 8069) 11236.0
(2552, 2553, 2554) 10355.0
(8166, 8167, 8168) 10794.0
(5498, 5499, 5500) 9679.0
(9485, 9486, 9487) 11799.0
(254, 255, 256) 9787.0
(2284, 2285, 2286) 10703.0
(5755, 5756, 5757) 10048.0
(6987, 6988, 6989) 10248.0
(225, 226, 227) 10340.0
(7139, 7140, 7141) 9696.0
(2138, 2139, 2140) 10001.0
(7104, 7105, 7106) 9687.0
(2745, 2746, 2747) 9691.0
(1435, 1436, 1437) 9766.0
(9242, 9243, 9244) 11122.0
(7176, 7177, 7178) 9524.0
(8525, 8526, 8527) 10547.0
(5785, 5786, 5787) 8758.0
(4235, 4236, 4237) 11680.0
(2891, 2892, 2893) 10521.0
