(9333, 9334, 9335) 10017.0
(5271, 5272, 5273) 10330.0
(452, 453, 454) 10948.0
(1643, 1644, 1645) 10580.0
(7794, 7795, 7796) 9931.0
(8419, 8420, 8421) 9932.0
(3898, 3899, 3900) 10488.0
(5885, 5886, 5887) 10208.0
(7876, 7877, 7878) 10778.0
(6202, 6203, 6204) 10825.0
(703, 704, 705) 11163.0
(4148, 4149, 4150) 9811.0
(396, 397, 398) 10930.0
(8342, 8343, 8344) 10345.0
(5954, 5955, 5956) 10338.0
(1730, 1731, 1732) 12737.0
(3676, 3677, 3678) 9343.0
(1822, 1823, 1824) 10957.0
(2052, 2053, 2054) 9607.0
(6018, 6019, 6020) 11170.0
(1196, 1197, 1198) 10398.0
(2476, 2477, 2478) 9524.0
(1208, 1209, 1210) 10990.0
(4683, 4684, 4685) 10628.0
(4456, 4457, 4458) 10956.0
(6668, 6669, 6670) 9802.0
(3536, 3537, 3538) 10927.0
(6599, 6600, 6601) 9692.0
(7731, 7732, 7733) 9954.0
(7688, 7689, 7690) 9572.0
(5209, 5210, 5211) 8897.0
(6588, 6589, 6590) 10637.0
(1096, 1097, 1098) 10074.0
(8165, 8166, 8167) 10271.0
(1300, 1301, 1302) 11090.0
(9054, 9055, 9056) 9649.0
(4842, 4843, 4844) 10080.0
(2062, 2063, 2064) 11195.0
(7800, 7801, 7802) 10591.0
(5315, 5316, 5317) 10948.0
(7197, 7198, 7199) 10989.0
(3238, 3239, 3240) 10237.0
(6208, 6209, 6210) 8931.0
(8828, 8829, 8830) 8848.0
(2041, 2042, 2043) 11142.0
(3617, 3618, 3619) 10470.0
(4691, 4692, 4693) 11368.0
(6522, 6523, 6524) 12190.0
(911, 912, 913) 10150.0
(5427, 5428, 5429) 10609.0
(239, 240, 241) 11092.0
(1494, 1495, 1496) 11872.0
(6792, 6793, 6794) 10759.0
(1620, 1621, 1622) 10781.0
(9259, 9260, 9261) 11194.0
(6154, 6155, 6156) 10398.0
(6486, 6487, 6488) 12676.0
(975, 976, 977) 10220.0
(6664, 6665, 6666) 10640.0
(1958, 1959, 1960) 13619.0
(7601, 7602, 7603) 10573.0
(3247, 3248, 3249) 12802.0
(7781, 7782, 7783) 10933.0
(7458, 7459, 7460) 9854.0
(8587, 8588, 8589) 10641.0
(8144, 8145, 8146) 11433.0
(2873, 2874, 2875) 10114.0
(9426, 9427, 9428) 9625.0
(1135, 1136, 1137) 10386.0
(2905, 2906, 2907) 10044.0
(2588, 2589, 2590) 10882.0
(3719, 3720, 3721) 12280.0
(8069, 8070, 8071) 9183.0
(3817, 3818, 3819) 11500.0
(8861, 8862, 8863) 10339.0
(921, 922, 923) 13486.0
(8905, 8906, 8907) 10424.0
(1300, 1301, 1302) 11090.0
(935, 936, 937) 10790.0
(8119, 8120, 8121) 10529.0
(972, 973, 974) 9903.0
(8499, 8500, 8501) 13952.0
(474, 475, 476) 8914.0
(6343, 6344, 6345) 10336.0
(5134, 5135, 5136) 11951.0
(7331, 7332, 7333) 9496.0
(592, 593, 594) 10868.0
(247, 248, 249) 10579.0
(8530, 8531, 8532) 10783.0
(3489, 3490, 3491) 9682.0
(3560, 3561, 3562) 12426.0
(987, 988, 989) 9481.0
(494, 495, 496) 10198.0
(7289, 7290, 7291) 11262.0
(20, 21, 22) 9045.0
(9085, 9086, 9087) 12111.0
(7812, 7813, 7814) 9409.0
(501, 502, 503) 10807.0
(1898, 1899, 1900) 9742.0
(5323, 5324, 5325) 10428.0
(9251, 9252, 9253) 9988.0
(6768, 6769, 6770) 10162.0
(2235, 2236, 2237) 10179.0
(4966, 4967, 4968) 10294.0
(6437, 6438, 6439) 12881.0
(7412, 7413, 7414) 9660.0
(9476, 9477, 9478) 9855.0
(294, 295, 296) 10699.0
(8557, 8558, 8559) 10933.0
(4822, 4823, 4824) 10342.0
(5343, 5344, 5345) 10884.0
(2524, 2525, 2526) 11018.0
(7889, 7890, 7891) 9447.0
(3009, 3010, 3011) 11616.0
(6010, 6011, 6012) 10042.0
(5097, 5098, 5099) 10121.0
(4964, 4965, 4966) 10688.0
(4994, 4995, 4996) 11820.0
(4654, 4655, 4656) 10314.0
(473, 474, 475) 8989.0
(1318, 1319, 1320) 11127.0
(9508, 9509, 9510) 10671.0
(1529, 1530, 1531) 8798.0
(3766, 3767, 3768) 10570.0
(272, 273, 274) 9713.0
(3597, 3598, 3599) 10048.0
(1442, 1443, 1444) 10862.0
(3013, 3014, 3015) 10625.0
(5274, 5275, 5276) 9321.0
(3591, 3592, 3593) 13136.0
(3804, 3805, 3806) 10166.0
(3105, 3106, 3107) 10124.0
(4979, 4980, 4981) 10371.0
(6960, 6961, 6962) 10926.0
(5090, 5091, 5092) 9597.0
(1354, 1355, 1356) 10654.0
(1418, 1419, 1420) 10107.0
(9631, 9632, 9633) 10980.0
(143, 144, 145) 12017.0
(6404, 6405, 6406) 10447.0
(6517, 6518, 6519) 8684.0
(9551, 9552, 9553) 8906.0
(1230, 1231, 1232) 11589.0
(3, 4, 5) 13335.0
(3770, 3771, 3772) 11204.0
(7451, 7452, 7453) 9496.0
(8764, 8765, 8766) 11276.0
(3715, 3716, 3717) 10146.0
(6219, 6220, 6221) 10039.0
(9346, 9347, 9348) 11352.0
(9507, 9508, 9509) 10809.0
(7561, 7562, 7563) 10176.0
(8509, 8510, 8511) 10506.0
(1166, 1167, 1168) 10661.0
(4190, 4191, 4192) 12874.0
(958, 959, 960) 11003.0
(532, 533, 534) 11399.0
(6109, 6110, 6111) 10446.0
(9274, 9275, 9276) 10043.0
(9319, 9320, 9321) 10018.0
(3590, 3591, 3592) 10004.0
(4779, 4780, 4781) 11162.0
(4695, 4696, 4697) 10861.0
(9923, 9924, 9925) 10058.0
(1130, 1131, 1132) 12096.0
(4664, 4665, 4666) 10022.0
(9379, 9380, 9381) 10140.0
(5172, 5173, 5174) 10999.0
(1486, 1487, 1488) 10620.0
(5947, 5948, 5949) 10650.0
(9676, 9677, 9678) 10497.0
(6344, 6345, 6346) 9653.0
(766, 767, 768) 9962.0
(7161, 7162, 7163) 9938.0
(8749, 8750, 8751) 10872.0
(8371, 8372, 8373) 12674.0
(4149, 4150, 4151) 10003.0
(7071, 7072, 7073) 10168.0
(5863, 5864, 5865) 10854.0
(1930, 1931, 1932) 10751.0
(2922, 2923, 2924) 11701.0
(4263, 4264, 4265) 11409.0
(7080, 7081, 7082) 10834.0
(2579, 2580, 2581) 11197.0
(1244, 1245, 1246) 9034.0
(8833, 8834, 8835) 10464.0
(788, 789, 790) 11276.0
(2663, 2664, 2665) 9528.0
(2454, 2455, 2456) 9005.0
(1268, 1269, 1270) 10957.0
(4501, 4502, 4503) 9359.0
(8405, 8406, 8407) 12597.0
(4283, 4284, 4285) 11684.0
(4411, 4412, 4413) 11375.0
(5857, 5858, 5859) 11147.0
(1296, 1297, 1298) 10632.0
(6338, 6339, 6340) 11464.0
(4636, 4637, 4638) 10645.0
(606, 607, 608) 8453.0
(9524, 9525, 9526) 9845.0
(3139, 3140, 3141) 10048.0
(1298, 1299, 1300) 10806.0
(3086, 3087, 3088) 10541.0
(4624, 4625, 4626) 11621.0
(3524, 3525, 3526) 9701.0
(6581, 6582, 6583) 11824.0
(6967, 6968, 6969) 11030.0
(1638, 1639, 1640) 10344.0
(1688, 1689, 1690) 10067.0
(5289, 5290, 5291) 10510.0
(3859, 3860, 3861) 10644.0
(9196, 9197, 9198) 10630.0
(2344, 2345, 2346) 12022.0
(3052, 3053, 3054) 10844.0
(5556, 5557, 5558) 10908.0
(5102, 5103, 5104) 9774.0
(5886, 5887, 5888) 11368.0
(4955, 4956, 4957) 14070.0
(4470, 4471, 4472) 13175.0
(6102, 6103, 6104) 10429.0
(1144, 1145, 1146) 10620.0
(7485, 7486, 7487) 10630.0
(7976, 7977, 7978) 10302.0
(77, 78, 79) 10887.0
(8981, 8982, 8983) 10746.0
(8342, 8343, 8344) 10345.0
(5413, 5414, 5415) 10047.0
(5497, 5498, 5499) 12423.0
(4908, 4909, 4910) 9685.0
(1679, 1680, 1681) 11325.0
(4029, 4030, 4031) 9327.0
(7826, 7827, 7828) 12034.0
(9309, 9310, 9311) 10357.0
(1161, 1162, 1163) 10188.0
(5256, 5257, 5258) 11278.0
(7417, 7418, 7419) 10125.0
(2590, 2591, 2592) 12570.0
(4329, 4330, 4331) 11727.0
(6005, 6006, 6007) 11471.0
(4359, 4360, 4361) 10146.0
(290, 291, 292) 11844.0
(8743, 8744, 8745) 9888.0
(9931, 9932, 9933) 10992.0
(4102, 4103, 4104) 11912.0
(3317, 3318, 3319) 10174.0
(2206, 2207, 2208) 9404.0
(1591, 1592, 1593) 10534.0
(9680, 9681, 9682) 11025.0
(9190, 9191, 9192) 10285.0
(4631, 4632, 4633) 9825.0
(1237, 1238, 1239) 9245.0
(8740, 8741, 8742) 11816.0
(8318, 8319, 8320) 11443.0
(3770, 3771, 3772) 11204.0
(2604, 2605, 2606) 10080.0
(6179, 6180, 6181) 13432.0
(1284, 1285, 1286) 9699.0
(5630, 5631, 5632) 10464.0
(2772, 2773, 2774) 10000.0
(6772, 6773, 6774) 8894.0
(2405, 2406, 2407) 8580.0
(6208, 6209, 6210) 8931.0
(4498, 4499, 4500) 12682.0
(5144, 5145, 5146) 10860.0
(5359, 5360, 5361) 9870.0
(2833, 2834, 2835) 10572.0
(6070, 6071, 6072) 10300.0
(3381, 3382, 3383) 10634.0
(2577, 2578, 2579) 10028.0
(2282, 2283, 2284) 10836.0
(7467, 7468, 7469) 10013.0
(9930, 9931, 9932) 10727.0
(6380, 6381, 6382) 11198.0
(6059, 6060, 6061) 9721.0
(7441, 7442, 7443) 10072.0
(8143, 8144, 8145) 10092.0
(3963, 3964, 3965) 10339.0
(3310, 3311, 3312) 12147.0
(5395, 5396, 5397) 10671.0
(2672, 2673, 2674) 10255.0
(6960, 6961, 6962) 10926.0
(4080, 4081, 4082) 11118.0
(884, 885, 886) 10270.0
(1246, 1247, 1248) 10591.0
(3656, 3657, 3658) 10580.0
(1083, 1084, 1085) 13214.0
(2643, 2644, 2645) 10626.0
(5267, 5268, 5269) 10112.0
(5289, 5290, 5291) 10510.0
(7621, 7622, 7623) 10689.0
(4537, 4538, 4539) 10465.0
(5815, 5816, 5817) 8682.0
(615, 616, 617) 10773.0
(4933, 4934, 4935) 10035.0
(4410, 4411, 4412) 11858.0
(2290, 2291, 2292) 12992.0
(8288, 8289, 8290) 11775.0
(7534, 7535, 7536) 9779.0
(3381, 3382, 3383) 10634.0
(4962, 4963, 4964) 13145.0
(6276, 6277, 6278) 11773.0
(5585, 5586, 5587) 12057.0
(8075, 8076, 8077) 10745.0
(4563, 4564, 4565) 10230.0
(1875, 1876, 1877) 9928.0
(1138, 1139, 1140) 10421.0
(9445, 9446, 9447) 10543.0
(3399, 3400, 3401) 11162.0
(6180, 6181, 6182) 10866.0
(2667, 2668, 2669) 10765.0
(2791, 2792, 2793) 9990.0
(2003, 2004, 2005) 9224.0
(8017, 8018, 8019) 9727.0
(1937, 1938, 1939) 10298.0
(2563, 2564, 2565) 8944.0
(5156, 5157, 5158) 10195.0
(240, 241, 242) 9281.0
(5621, 5622, 5623) 10180.0
(2180, 2181, 2182) 9280.0
(9650, 9651, 9652) 11577.0
(384, 385, 386) 10053.0
(1209, 1210, 1211) 9605.0
(7509, 7510, 7511) 13593.0
(2829, 2830, 2831) 9679.0
(9050, 9051, 9052) 11024.0
(2251, 2252, 2253) 9634.0
(1529, 1530, 1531) 8798.0
(2432, 2433, 2434) 10235.0
(2167, 2168, 2169) 10610.0
(1981, 1982, 1983) 11858.0
(7593, 7594, 7595) 10948.0
(4506, 4507, 4508) 10165.0
(7173, 7174, 7175) 9126.0
(3848, 3849, 3850) 9394.0
(1475, 1476, 1477) 10459.0
(8201, 8202, 8203) 11033.0
(6238, 6239, 6240) 11088.0
(5484, 5485, 5486) 13670.0
(3976, 3977, 3978) 10344.0
(4676, 4677, 4678) 9281.0
(3685, 3686, 3687) 10729.0
(9430, 9431, 9432) 11430.0
(3856, 3857, 3858) 10321.0
(4518, 4519, 4520) 11067.0
(7754, 7755, 7756) 11347.0
(9681, 9682, 9683) 9799.0
(2219, 2220, 2221) 9986.0
(8243, 8244, 8245) 9415.0
(7372, 7373, 7374) 10583.0
(9557, 9558, 9559) 11408.0
(55, 56, 57) 9375.0
(8922, 8923, 8924) 11479.0
(4129, 4130, 4131) 10329.0
(9408, 9409, 9410) 11096.0
(8705, 8706, 8707) 11142.0
(354, 355, 356) 10076.0
(2005, 2006, 2007) 12416.0
(8865, 8866, 8867) 9595.0
(7167, 7168, 7169) 11386.0
(6283, 6284, 6285) 12299.0
(1596, 1597, 1598) 10642.0
(7327, 7328, 7329) 11865.0
(2166, 2167, 2168) 10152.0
(7232, 7233, 7234) 10277.0
(4766, 4767, 4768) 9239.0
(7309, 7310, 7311) 10483.0
(165, 166, 167) 10918.0
(9235, 9236, 9237) 10840.0
(5190, 5191, 5192) 10457.0
(2233, 2234, 2235) 12214.0
(4457, 4458, 4459) 10496.0
(1825, 1826, 1827) 11528.0
(5006, 5007, 5008) 10429.0
(9010, 9011, 9012) 10719.0
(3645, 3646, 3647) 12208.0
(6767, 6768, 6769) 11344.0
(8707, 8708, 8709) 11752.0
(4022, 4023, 4024) 9868.0
(350, 351, 352) 12095.0
(5987, 5988, 5989) 9689.0
(5812, 5813, 5814) 10081.0
(4900, 4901, 4902) 9547.0
(2067, 2068, 2069) 11397.0
(8337, 8338, 8339) 10231.0
(1310, 1311, 1312) 10445.0
(4989, 4990, 4991) 10177.0
(5175, 5176, 5177) 11143.0
(5987, 5988, 5989) 9689.0
(9513, 9514, 9515) 10142.0
(9252, 9253, 9254) 10515.0
(1148, 1149, 1150) 10804.0
(3708, 3709, 3710) 12781.0
(3047, 3048, 3049) 9730.0
(7056, 7057, 7058) 12439.0
(3426, 3427, 3428) 10718.0
(4390, 4391, 4392) 10025.0
(9771, 9772, 9773) 11777.0
(1950, 1951, 1952) 11889.0
(1949, 1950, 1951) 11930.0
(6044, 6045, 6046) 8868.0
(7682, 7683, 7684) 8809.0
(4868, 4869, 4870) 10140.0
(8605, 8606, 8607) 9370.0
(7342, 7343, 7344) 9168.0
(5343, 5344, 5345) 10884.0
(910, 911, 912) 10442.0
(3447, 3448, 3449) 9992.0
(1948, 1949, 1950) 10801.0
(3609, 3610, 3611) 9365.0
(1289, 1290, 1291) 9257.0
(147, 148, 149) 9730.0
(7612, 7613, 7614) 9713.0
(3976, 3977, 3978) 10344.0
(9969, 9970, 9971) 10147.0
(5328, 5329, 5330) 9497.0
(2357, 2358, 2359) 10862.0
(1089, 1090, 1091) 11531.0
(4185, 4186, 4187) 12887.0
(7915, 7916, 7917) 10232.0
(4866, 4867, 4868) 9551.0
(8042, 8043, 8044) 9942.0
(1874, 1875, 1876) 11775.0
(6546, 6547, 6548) 10476.0
(120, 121, 122) 11091.0
(1721, 1722, 1723) 10738.0
(4297, 4298, 4299) 10309.0
(279, 280, 281) 9910.0
(146, 147, 148) 10092.0
(2829, 2830, 2831) 9679.0
(7800, 7801, 7802) 10591.0
(3275, 3276, 3277) 9210.0
(4775, 4776, 4777) 11348.0
(3043, 3044, 3045) 10894.0
(9657, 9658, 9659) 9367.0
(3169, 3170, 3171) 11160.0
(1773, 1774, 1775) 11215.0
(7215, 7216, 7217) 11419.0
(6940, 6941, 6942) 11137.0
(1329, 1330, 1331) 11842.0
(2888, 2889, 2890) 9595.0
(5619, 5620, 5621) 8752.0
(2871, 2872, 2873) 11386.0
(4581, 4582, 4583) 10453.0
(4027, 4028, 4029) 11690.0
(1593, 1594, 1595) 10474.0
(7442, 7443, 7444) 9967.0
(9956, 9957, 9958) 11494.0
(60, 61, 62) 11419.0
(3440, 3441, 3442) 10798.0
(9971, 9972, 9973) 10562.0
(3691, 3692, 3693) 10044.0
(2270, 2271, 2272) 12757.0
(1289, 1290, 1291) 9257.0
(9448, 9449, 9450) 10631.0
(2683, 2684, 2685) 9734.0
(9767, 9768, 9769) 10485.0
(5291, 5292, 5293) 9553.0
(4163, 4164, 4165) 10808.0
(89, 90, 91) 9322.0
(4644, 4645, 4646) 11428.0
(8772, 8773, 8774) 10975.0
(6184, 6185, 6186) 10057.0
(3716, 3717, 3718) 9749.0
(908, 909, 910) 11401.0
(5640, 5641, 5642) 10953.0
(86, 87, 88) 10718.0
(9269, 9270, 9271) 11125.0
(7844, 7845, 7846) 10085.0
(7650, 7651, 7652) 10930.0
(5529, 5530, 5531) 9246.0
(8733, 8734, 8735) 12765.0
(9186, 9187, 9188) 10125.0
(799, 800, 801) 12031.0
(8320, 8321, 8322) 9863.0
(3054, 3055, 3056) 9108.0
(6010, 6011, 6012) 10042.0
(1766, 1767, 1768) 10126.0
(657, 658, 659) 11699.0
(2366, 2367, 2368) 9820.0
(7322, 7323, 7324) 10733.0
(4661, 4662, 4663) 10580.0
(8085, 8086, 8087) 11296.0
(1279, 1280, 1281) 12174.0
(1223, 1224, 1225) 10450.0
(4743, 4744, 4745) 11464.0
(1748, 1749, 1750) 11899.0
(1225, 1226, 1227) 12533.0
(3501, 3502, 3503) 10661.0
(8617, 8618, 8619) 10111.0
(847, 848, 849) 10988.0
(7265, 7266, 7267) 9403.0
(5170, 5171, 5172) 10997.0
(2749, 2750, 2751) 11744.0
(684, 685, 686) 10445.0
(5751, 5752, 5753) 9761.0
(6939, 6940, 6941) 10521.0
(1879, 1880, 1881) 9516.0
(9377, 9378, 9379) 10663.0
(6718, 6719, 6720) 10739.0
(7718, 7719, 7720) 11510.0
(6970, 6971, 6972) 10280.0
(4512, 4513, 4514) 9879.0
(2063, 2064, 2065) 9787.0
(7040, 7041, 7042) 10677.0
(7020, 7021, 7022) 11070.0
(5932, 5933, 5934) 9405.0
(7067, 7068, 7069) 11840.0
(9300, 9301, 9302) 11631.0
(7793, 7794, 7795) 9973.0
(4002, 4003, 4004) 10819.0
(17, 18, 19) 11491.0
(2352, 2353, 2354) 11221.0
(9641, 9642, 9643) 12889.0
(1704, 1705, 1706) 10296.0
(9474, 9475, 9476) 9646.0
(3157, 3158, 3159) 10511.0
(5124, 5125, 5126) 10220.0
(290, 291, 292) 11844.0
(1340, 1341, 1342) 9247.0
(9119, 9120, 9121) 12697.0
(6298, 6299, 6300) 11095.0
(7584, 7585, 7586) 10439.0
(5333, 5334, 5335) 10066.0
(8488, 8489, 8490) 10522.0
(4416, 4417, 4418) 10181.0
(8944, 8945, 8946) 10581.0
(8329, 8330, 8331) 13227.0
(9359, 9360, 9361) 11050.0
(5592, 5593, 5594) 9892.0
(6268, 6269, 6270) 11619.0
(7954, 7955, 7956) 10971.0
(7602, 7603, 7604) 11333.0
(2094, 2095, 2096) 12338.0
(943, 944, 945) 11186.0
(2082, 2083, 2084) 9843.0
(1176, 1177, 1178) 10693.0
(2102, 2103, 2104) 11570.0
(1067, 1068, 1069) 13436.0
(2237, 2238, 2239) 9145.0
(3826, 3827, 3828) 11555.0
(2051, 2052, 2053) 10834.0
(4904, 4905, 4906) 13727.0
(3362, 3363, 3364) 10040.0
(8080, 8081, 8082) 10605.0
(6131, 6132, 6133) 10036.0
(5559, 5560, 5561) 9962.0
(5031, 5032, 5033) 10566.0
(4151, 4152, 4153) 9291.0
(666, 667, 668) 9807.0
(7610, 7611, 7612) 9604.0
(3032, 3033, 3034) 11369.0
(2411, 2412, 2413) 9443.0
(3578, 3579, 3580) 8855.0
(7927, 7928, 7929) 9487.0
(6748, 6749, 6750) 10248.0
(3431, 3432, 3433) 9809.0
(8984, 8985, 8986) 9652.0
(7974, 7975, 7976) 9818.0
(3766, 3767, 3768) 10570.0
(3374, 3375, 3376) 10755.0
(2986, 2987, 2988) 11421.0
(7630, 7631, 7632) 11527.0
(9115, 9116, 9117) 8794.0
(2443, 2444, 2445) 11495.0
(257, 258, 259) 10043.0
(1162, 1163, 1164) 11359.0
(1732, 1733, 1734) 10247.0
(7729, 7730, 7731) 10495.0
(7276, 7277, 7278) 10823.0
(5251, 5252, 5253) 10733.0
(286, 287, 288) 9841.0
(2000, 2001, 2002) 11612.0
(406, 407, 408) 12554.0
(4657, 4658, 4659) 9472.0
(6005, 6006, 6007) 11471.0
(6703, 6704, 6705) 9859.0
(5680, 5681, 5682) 10066.0
(8257, 8258, 8259) 10180.0
(6948, 6949, 6950) 10206.0
(6090, 6091, 6092) 9180.0
(9432, 9433, 9434) 9810.0
(2666, 2667, 2668) 9796.0
(8869, 8870, 8871) 9784.0
(5714, 5715, 5716) 13322.0
(6912, 6913, 6914) 12722.0
(12, 13, 14) 9340.0
(6604, 6605, 6606) 10823.0
(1128, 1129, 1130) 11112.0
(9032, 9033, 9034) 10678.0
(3981, 3982, 3983) 10327.0
(9238, 9239, 9240) 10496.0
(4322, 4323, 4324) 11059.0
(832, 833, 834) 10436.0
(9111, 9112, 9113) 11479.0
(2208, 2209, 2210) 11909.0
(4157, 4158, 4159) 9795.0
(8061, 8062, 8063) 10566.0
(4974, 4975, 4976) 10036.0
(9667, 9668, 9669) 10790.0
(74, 75, 76) 11997.0
(7337, 7338, 7339) 10655.0
(4259, 4260, 4261) 12060.0
(8634, 8635, 8636) 9547.0
(8934, 8935, 8936) 11245.0
(2223, 2224, 2225) 9807.0
(2389, 2390, 2391) 10077.0
(9030, 9031, 9032) 9196.0
(2239, 2240, 2241) 11488.0
(5099, 5100, 5101) 9140.0
(172, 173, 174) 9425.0
(4317, 4318, 4319) 10740.0
(3816, 3817, 3818) 12119.0
(3537, 3538, 3539) 10131.0
(5243, 5244, 5245) 9779.0
(3316, 3317, 3318) 9026.0
(7787, 7788, 7789) 9647.0
(5605, 5606, 5607) 12936.0
(7020, 7021, 7022) 11070.0
(2465, 2466, 2467) 11363.0
(8374, 8375, 8376) 10360.0
(6819, 6820, 6821) 9678.0
(7601, 7602, 7603) 10573.0
(9830, 9831, 9832) 10208.0
(8721, 8722, 8723) 9549.0
(4077, 4078, 4079) 10828.0
(1284, 1285, 1286) 9699.0
(3377, 3378, 3379) 10679.0
(7809, 7810, 7811) 15388.0
(4629, 4630, 4631) 10750.0
(7858, 7859, 7860) 9928.0
(6052, 6053, 6054) 11702.0
(7339, 7340, 7341) 9104.0
(8537, 8538, 8539) 10124.0
(896, 897, 898) 10297.0
(7542, 7543, 7544) 9808.0
(1336, 1337, 1338) 11307.0
(222, 223, 224) 10048.0
(2592, 2593, 2594) 10080.0
(3630, 3631, 3632) 10643.0
(6263, 6264, 6265) 11617.0
(9714, 9715, 9716) 10935.0
(2953, 2954, 2955) 10080.0
(1104, 1105, 1106) 10595.0
(1229, 1230, 1231) 10767.0
(2601, 2602, 2603) 13906.0
(9417, 9418, 9419) 9704.0
(1863, 1864, 1865) 10201.0
(1599, 1600, 1601) 11121.0
(5345, 5346, 5347) 9072.0
(3319, 3320, 3321) 11187.0
(7708, 7709, 7710) 11753.0
(7869, 7870, 7871) 11345.0
(7388, 7389, 7390) 11726.0
(1159, 1160, 1161) 12148.0
(9903, 9904, 9905) 9878.0
(9974, 9975, 9976) 11543.0
(4346, 4347, 4348) 10198.0
(2272, 2273, 2274) 10400.0
(1516, 1517, 1518) 10886.0
(7230, 7231, 7232) 10979.0
(925, 926, 927) 10969.0
(3449, 3450, 3451) 9695.0
(5908, 5909, 5910) 9181.0
(2257, 2258, 2259) 10863.0
(8956, 8957, 8958) 10581.0
(8707, 8708, 8709) 11752.0
(4692, 4693, 4694) 11913.0
(2980, 2981, 2982) 10221.0
(5928, 5929, 5930) 10754.0
(2141, 2142, 2143) 11463.0
(1327, 1328, 1329) 12023.0
(5964, 5965, 5966) 10410.0
(7843, 7844, 7845) 12233.0
(8737, 8738, 8739) 9629.0
(1161, 1162, 1163) 10188.0
(5658, 5659, 5660) 10269.0
(9050, 9051, 9052) 11024.0
(7565, 7566, 7567) 11890.0
(5405, 5406, 5407) 11225.0
(4834, 4835, 4836) 11188.0
(4980, 4981, 4982) 10801.0
(6014, 6015, 6016) 10756.0
(9978, 9979, 9980) 11187.0
(6403, 6404, 6405) 9981.0
(1728, 1729, 1730) 11051.0
(9957, 9958, 9959) 11060.0
(6780, 6781, 6782) 10077.0
(6724, 6725, 6726) 9167.0
(7161, 7162, 7163) 9938.0
(147, 148, 149) 9730.0
(6661, 6662, 6663) 10110.0
(1453, 1454, 1455) 10022.0
(707, 708, 709) 11243.0
(6058, 6059, 6060) 11808.0
(1664, 1665, 1666) 9187.0
(4245, 4246, 4247) 12250.0
(6267, 6268, 6269) 10724.0
(378, 379, 380) 10021.0
(2292, 2293, 2294) 10440.0
(7713, 7714, 7715) 10686.0
(5105, 5106, 5107) 10666.0
(6896, 6897, 6898) 11255.0
(9924, 9925, 9926) 12056.0
(1673, 1674, 1675) 11185.0
(1992, 1993, 1994) 10642.0
(5700, 5701, 5702) 11622.0
(9053, 9054, 9055) 10661.0
(4700, 4701, 4702) 9804.0
(4836, 4837, 4838) 10639.0
(4490, 4491, 4492) 10629.0
(9469, 9470, 9471) 10428.0
(4771, 4772, 4773) 11118.0
(3336, 3337, 3338) 10186.0
(5991, 5992, 5993) 10163.0
(747, 748, 749) 11473.0
(7900, 7901, 7902) 10501.0
(6890, 6891, 6892) 10377.0
(3599, 3600, 3601) 10419.0
(6249, 6250, 6251) 10982.0
(5525, 5526, 5527) 11575.0
(8289, 8290, 8291) 9786.0
(4409, 4410, 4411) 9782.0
(8366, 8367, 8368) 10564.0
(3906, 3907, 3908) 10670.0
(7004, 7005, 7006) 12477.0
(3614, 3615, 3616) 12181.0
(1541, 1542, 1543) 10139.0
(732, 733, 734) 10655.0
(9600, 9601, 9602) 10032.0
(7371, 7372, 7373) 10220.0
(4150, 4151, 4152) 10159.0
(6131, 6132, 6133) 10036.0
(4179, 4180, 4181) 12883.0
(5138, 5139, 5140) 12140.0
(9751, 9752, 9753) 11229.0
(6483, 6484, 6485) 10311.0
(3901, 3902, 3903) 11360.0
(6913, 6914, 6915) 10793.0
(1733, 1734, 1735) 12013.0
(1793, 1794, 1795) 11805.0
(195, 196, 197) 12811.0
(3458, 3459, 3460) 10947.0
(1952, 1953, 1954) 10359.0
(112, 113, 114) 10092.0
(8792, 8793, 8794) 10871.0
(3620, 3621, 3622) 11833.0
(7509, 7510, 7511) 13593.0
(1975, 1976, 1977) 10125.0
(365, 366, 367) 10323.0
(7700, 7701, 7702) 10488.0
(1139, 1140, 1141) 10722.0
(7701, 7702, 7703) 9721.0
(8517, 8518, 8519) 10662.0
(6246, 6247, 6248) 9668.0
(3786, 3787, 3788) 11681.0
(6813, 6814, 6815) 9577.0
(2140, 2141, 2142) 9961.0
(8665, 8666, 8667) 11215.0
(7675, 7676, 7677) 9992.0
(6907, 6908, 6909) 10271.0
(6317, 6318, 6319) 10627.0
(5098, 5099, 5100) 10220.0
(6599, 6600, 6601) 9692.0
(9884, 9885, 9886) 11314.0
(3009, 3010, 3011) 11616.0
(5949, 5950, 5951) 10696.0
(723, 724, 725) 11867.0
(2439, 2440, 2441) 9587.0
(1379, 1380, 1381) 11853.0
(5130, 5131, 5132) 9687.0
(8795, 8796, 8797) 10890.0
(8204, 8205, 8206) 10457.0
(3122, 3123, 3124) 9527.0
(9396, 9397, 9398) 10230.0
(5592, 5593, 5594) 9892.0
(7981, 7982, 7983) 11946.0
(9139, 9140, 9141) 10324.0
(8436, 8437, 8438) 11275.0
(374, 375, 376) 9336.0
(474, 475, 476) 8914.0
(3558, 3559, 3560) 10826.0
(367, 368, 369) 10353.0
(1381, 1382, 1383) 12537.0
(4647, 4648, 4649) 10609.0
(3750, 3751, 3752) 10374.0
(479, 480, 481) 9062.0
(8686, 8687, 8688) 10229.0
(7471, 7472, 7473) 11209.0
(4464, 4465, 4466) 9636.0
(6912, 6913, 6914) 12722.0
(9283, 9284, 9285) 10700.0
(6306, 6307, 6308) 10737.0
(1529, 1530, 1531) 8798.0
(9788, 9789, 9790) 9576.0
(9153, 9154, 9155) 11209.0
(2123, 2124, 2125) 10551.0
(4404, 4405, 4406) 9349.0
(693, 694, 695) 10365.0
(7324, 7325, 7326) 9700.0
(4723, 4724, 4725) 11753.0
(6212, 6213, 6214) 10136.0
(4212, 4213, 4214) 9858.0
(8011, 8012, 8013) 9630.0
(3962, 3963, 3964) 10553.0
(3904, 3905, 3906) 10415.0
(2390, 2391, 2392) 10741.0
(2774, 2775, 2776) 12110.0
(302, 303, 304) 11589.0
(4128, 4129, 4130) 10485.0
(4338, 4339, 4340) 11247.0
(6408, 6409, 6410) 10119.0
(8178, 8179, 8180) 10276.0
(5370, 5371, 5372) 10641.0
(6745, 6746, 6747) 10612.0
(3784, 3785, 3786) 10898.0
(9175, 9176, 9177) 10710.0
(457, 458, 459) 9758.0
(4273, 4274, 4275) 10878.0
(4288, 4289, 4290) 9064.0
(2737, 2738, 2739) 9801.0
(8265, 8266, 8267) 12023.0
(5833, 5834, 5835) 9575.0
(6550, 6551, 6552) 11891.0
(7000, 7001, 7002) 10702.0
(1288, 1289, 1290) 10450.0
(5850, 5851, 5852) 10536.0
(218, 219, 220) 9995.0
(6004, 6005, 6006) 10316.0
(70, 71, 72) 9408.0
(7837, 7838, 7839) 9815.0
(4270, 4271, 4272) 12050.0
(981, 982, 983) 11780.0
(8577, 8578, 8579) 11132.0
(2754, 2755, 2756) 10470.0
(7375, 7376, 7377) 9661.0
(9619, 9620, 9621) 9417.0
(3597, 3598, 3599) 10048.0
(1937, 1938, 1939) 10298.0
(6514, 6515, 6516) 12209.0
(9236, 9237, 9238) 9933.0
(1244, 1245, 1246) 9034.0
(1356, 1357, 1358) 9015.0
(5765, 5766, 5767) 11504.0
(9823, 9824, 9825) 12331.0
(6737, 6738, 6739) 9767.0
(6200, 6201, 6202) 9783.0
(6317, 6318, 6319) 10627.0
(4535, 4536, 4537) 12438.0
(9035, 9036, 9037) 10276.0
(210, 211, 212) 10280.0
(4925, 4926, 4927) 10135.0
(1615, 1616, 1617) 13027.0
(3533, 3534, 3535) 11269.0
(9168, 9169, 9170) 10480.0
(5747, 5748, 5749) 11055.0
(1916, 1917, 1918) 9985.0
(5368, 5369, 5370) 10809.0
(5782, 5783, 5784) 10398.0
(6637, 6638, 6639) 11640.0
(4706, 4707, 4708) 10218.0
(7214, 7215, 7216) 11522.0
(9569, 9570, 9571) 9260.0
(9706, 9707, 9708) 10113.0
(3761, 3762, 3763) 10519.0
(896, 897, 898) 10297.0
(7841, 7842, 7843) 11112.0
(7698, 7699, 7700) 11284.0
(1812, 1813, 1814) 8387.0
(4426, 4427, 4428) 9182.0
(4229, 4230, 4231) 10094.0
(6176, 6177, 6178) 11090.0
(4856, 4857, 4858) 9909.0
(2903, 2904, 2905) 10094.0
(252, 253, 254) 9862.0
(9001, 9002, 9003) 12993.0
(2248, 2249, 2250) 11058.0
(5170, 5171, 5172) 10997.0
(4909, 4910, 4911) 11563.0
(9781, 9782, 9783) 10324.0
(202, 203, 204) 9058.0
(1654, 1655, 1656) 10728.0
(3704, 3705, 3706) 9988.0
(4043, 4044, 4045) 9879.0
(4669, 4670, 4671) 10120.0
(1532, 1533, 1534) 11440.0
(2799, 2800, 2801) 10243.0
(6915, 6916, 6917) 10249.0
(4074, 4075, 4076) 12147.0
(6588, 6589, 6590) 10637.0
(5339, 5340, 5341) 10249.0
(1738, 1739, 1740) 9439.0
(7572, 7573, 7574) 11325.0
(8484, 8485, 8486) 10265.0
(1154, 1155, 1156) 11757.0
(5060, 5061, 5062) 10027.0
(1005, 1006, 1007) 10072.0
(7506, 7507, 7508) 12105.0
(1122, 1123, 1124) 10593.0
(6666, 6667, 6668) 10477.0
(6990, 6991, 6992) 10086.0
(6087, 6088, 6089) 9401.0
(6026, 6027, 6028) 10377.0
(5673, 5674, 5675) 9764.0
(4346, 4347, 4348) 10198.0
(6733, 6734, 6735) 10195.0
(5278, 5279, 5280) 10587.0
(5383, 5384, 5385) 10981.0
(1131, 1132, 1133) 11028.0
(6543, 6544, 6545) 10502.0
(8908, 8909, 8910) 12370.0
(7276, 7277, 7278) 10823.0
