(5056, 5057, 5058) 10302.0
(9816, 9817, 9818) 11106.0
(3966, 3967, 3968) 8944.0
(6435, 6436, 6437) 10082.0
(8450, 8451, 8452) 11088.0
(5001, 5002, 5003) 11622.0
(8151, 8152, 8153) 13978.0
(4983, 4984, 4985) 10164.0
(1120, 1121, 1122) 11727.0
(6629, 6630, 6631) 10387.0
(2659, 2660, 2661) 13930.0
(6161, 6162, 6163) 9784.0
(5812, 5813, 5814) 10073.0
(817, 818, 819) 9609.0
(9935, 9936, 9937) 13387.0
(496, 497, 498) 10208.0
(9011, 9012, 9013) 9086.0
(5581, 5582, 5583) 10451.0
(7232, 7233, 7234) 10609.0
(9378, 9379, 9380) 9741.0
(5955, 5956, 5957) 10217.0
(2424, 2425, 2426) 10379.0
(7071, 7072, 7073) 10075.0
(4490, 4491, 4492) 10643.0
(2552, 2553, 2554) 10884.0
(8475, 8476, 8477) 10351.0
(5919, 5920, 5921) 11212.0
(4167, 4168, 4169) 10254.0
(3040, 3041, 3042) 10098.0
(5945, 5946, 5947) 10054.0
(452, 453, 454) 11022.0
(4193, 4194, 4195) 11076.0
(9858, 9859, 9860) 12511.0
(4478, 4479, 4480) 9902.0
(104, 105, 106) 10885.0
(6204, 6205, 6206) 11694.0
(6082, 6083, 6084) 10495.0
(5402, 5403, 5404) 10760.0
(340, 341, 342) 10433.0
(3316, 3317, 3318) 9112.0
(4050, 4051, 4052) 10242.0
(9998, 9999, 10000) 11533.0
(7726, 7727, 7728) 10158.0
(3974, 3975, 3976) 10269.0
(3838, 3839, 3840) 9319.0
(2044, 2045, 2046) 10656.0
(2908, 2909, 2910) 11563.0
(7343, 7344, 7345) 11586.0
(6359, 6360, 6361) 10216.0
(4954, 4955, 4956) 9883.0
(473, 474, 475) 9303.0
(5311, 5312, 5313) 8999.0
(2102, 2103, 2104) 11869.0
(314, 315, 316) 10249.0
(1445, 1446, 1447) 10219.0
(5799, 5800, 5801) 12437.0
(8123, 8124, 8125) 11441.0
(9263, 9264, 9265) 9853.0
(7738, 7739, 7740) 11824.0
(2991, 2992, 2993) 11004.0
(4503, 4504, 4505) 11735.0
(8191, 8192, 8193) 9850.0
(7108, 7109, 7110) 12241.0
(4394, 4395, 4396) 11116.0
(2424, 2425, 2426) 10379.0
(1136, 1137, 1138) 10602.0
(8201, 8202, 8203) 11158.0
(8767, 8768, 8769) 9659.0
(9925, 9926, 9927) 11309.0
(7732, 7733, 7734) 10801.0
(289, 290, 291) 9544.0
(8546, 8547, 8548) 12086.0
(4047, 4048, 4049) 10580.0
(9713, 9714, 9715) 10030.0
(3835, 3836, 3837) 11619.0
(8261, 8262, 8263) 10255.0
(6177, 6178, 6179) 9565.0
(237, 238, 239) 10121.0
(522, 523, 524) 11540.0
(5657, 5658, 5659) 10438.0
(2305, 2306, 2307) 10175.0
(4400, 4401, 4402) 10610.0
(6528, 6529, 6530) 11021.0
(7085, 7086, 7087) 10844.0
(7320, 7321, 7322) 9962.0
(7664, 7665, 7666) 11179.0
(5098, 5099, 5100) 10158.0
(3502, 3503, 3504) 11169.0
(736, 737, 738) 10207.0
(3785, 3786, 3787) 11057.0
(8798, 8799, 8800) 9917.0
(2006, 2007, 2008) 11167.0
(7676, 7677, 7678) 11607.0
(1971, 1972, 1973) 11586.0
(3389, 3390, 3391) 10616.0
(2691, 2692, 2693) 12708.0
(3681, 3682, 3683) 10482.0
(4730, 4731, 4732) 11228.0
(3788, 3789, 3790) 11975.0
(2643, 2644, 2645) 10557.0
(8444, 8445, 8446) 11090.0
(5531, 5532, 5533) 11499.0
(6712, 6713, 6714) 9825.0
(190, 191, 192) 9571.0
(9525, 9526, 9527) 11475.0
(4528, 4529, 4530) 10592.0
(2007, 2008, 2009) 12185.0
(121, 122, 123) 9759.0
(6875, 6876, 6877) 12431.0
(8621, 8622, 8623) 10976.0
(6299, 6300, 6301) 12260.0
(2086, 2087, 2088) 11303.0
(2358, 2359, 2360) 11517.0
(8206, 8207, 8208) 11462.0
(3237, 3238, 3239) 10021.0
(2422, 2423, 2424) 12429.0
(9770, 9771, 9772) 11323.0
(6596, 6597, 6598) 9723.0
(8075, 8076, 8077) 10993.0
(7930, 7931, 7932) 11980.0
(7994, 7995, 7996) 9536.0
(4949, 4950, 4951) 9674.0
(7585, 7586, 7587) 10011.0
(323, 324, 325) 11093.0
(4435, 4436, 4437) 9593.0
(9401, 9402, 9403) 11698.0
(2030, 2031, 2032) 11936.0
(1885, 1886, 1887) 10517.0
(150, 151, 152) 10723.0
(5185, 5186, 5187) 10593.0
(4818, 4819, 4820) 9695.0
(3258, 3259, 3260) 10835.0
(8012, 8013, 8014) 12460.0
(8969, 8970, 8971) 9584.0
(7879, 7880, 7881) 10595.0
(2414, 2415, 2416) 11756.0
(533, 534, 535) 12954.0
(2884, 2885, 2886) 12494.0
(2374, 2375, 2376) 11083.0
(8802, 8803, 8804) 10646.0
(5791, 5792, 5793) 10626.0
(1097, 1098, 1099) 9819.0
(5190, 5191, 5192) 10552.0
(7541, 7542, 7543) 13266.0
(9420, 9421, 9422) 12349.0
(9027, 9028, 9029) 9612.0
(5192, 5193, 5194) 10342.0
(2849, 2850, 2851) 10343.0
(6163, 6164, 6165) 10721.0
(5258, 5259, 5260) 10055.0
(5135, 5136, 5137) 11784.0
(3715, 3716, 3717) 10136.0
(7021, 7022, 7023) 9351.0
(7826, 7827, 7828) 12148.0
(9255, 9256, 9257) 9293.0
(4887, 4888, 4889) 10485.0
(7620, 7621, 7622) 9897.0
(7365, 7366, 7367) 10997.0
(850, 851, 852) 9925.0
(5710, 5711, 5712) 10568.0
(9508, 9509, 9510) 10858.0
(5796, 5797, 5798) 13559.0
(9399, 9400, 9401) 9192.0
(5806, 5807, 5808) 13268.0
(5580, 5581, 5582) 10236.0
(8485, 8486, 8487) 11147.0
(9225, 9226, 9227) 10273.0
(3461, 3462, 3463) 10082.0
(3667, 3668, 3669) 9690.0
(3076, 3077, 3078) 10245.0
(3957, 3958, 3959) 10075.0
(4359, 4360, 4361) 10252.0
(9911, 9912, 9913) 11828.0
(5873, 5874, 5875) 9688.0
(8786, 8787, 8788) 9789.0
(7141, 7142, 7143) 11223.0
(3020, 3021, 3022) 9853.0
(9540, 9541, 9542) 18491.0
(4631, 4632, 4633) 9977.0
(4891, 4892, 4893) 14753.0
(5870, 5871, 5872) 10169.0
(1564, 1565, 1566) 10754.0
(1289, 1290, 1291) 9365.0
(1867, 1868, 1869) 11021.0
(5311, 5312, 5313) 8999.0
(2667, 2668, 2669) 10934.0
(3881, 3882, 3883) 9887.0
(8312, 8313, 8314) 11865.0
(7119, 7120, 7121) 10488.0
(8863, 8864, 8865) 9570.0
(3802, 3803, 3804) 11209.0
(1068, 1069, 1070) 10191.0
(5586, 5587, 5588) 10046.0
(8302, 8303, 8304) 11668.0
(2010, 2011, 2012) 11184.0
(8654, 8655, 8656) 11048.0
(2587, 2588, 2589) 11978.0
(3922, 3923, 3924) 9770.0
(5599, 5600, 5601) 13118.0
(459, 460, 461) 10245.0
(861, 862, 863) 10642.0
