(1052, 1053, 1054) 12836.0
(1581, 1582, 1583) 11306.0
(3256, 3257, 3258) 10237.0
(1476, 1477, 1478) 12681.0
(2521, 2522, 2523) 10391.0
(2135, 2136, 2137) 9353.0
(5030, 5031, 5032) 11443.0
(8211, 8212, 8213) 10887.0
(3109, 3110, 3111) 11776.0
(3380, 3381, 3382) 9562.0
(7588, 7589, 7590) 11141.0
(6100, 6101, 6102) 13022.0
(1436, 1437, 1438) 10671.0
(9128, 9129, 9130) 11316.0
(3234, 3235, 3236) 11525.0
(5681, 5682, 5683) 10116.0
(3363, 3364, 3365) 9395.0
(4070, 4071, 4072) 11126.0
(8748, 8749, 8750) 9822.0
(6017, 6018, 6019) 9829.0
(5179, 5180, 5181) 11148.0
(871, 872, 873) 9532.0
(4663, 4664, 4665) 10823.0
(4459, 4460, 4461) 11661.0
(8766, 8767, 8768) 9653.0
(3864, 3865, 3866) 10474.0
(3041, 3042, 3043) 10815.0
(3694, 3695, 3696) 10767.0
(1605, 1606, 1607) 10408.0
(97, 98, 99) 11034.0
(979, 980, 981) 12001.0
(305, 306, 307) 10695.0
(6730, 6731, 6732) 11936.0
(2831, 2832, 2833) 9645.0
(8629, 8630, 8631) 10745.0
(5916, 5917, 5918) 11724.0
(1962, 1963, 1964) 9757.0
(8147, 8148, 8149) 11687.0
(4519, 4520, 4521) 10942.0
(6986, 6987, 6988) 11571.0
(3710, 3711, 3712) 12402.0
(3621, 3622, 3623) 10208.0
(4252, 4253, 4254) 10648.0
(436, 437, 438) 11002.0
(3342, 3343, 3344) 10697.0
(2279, 2280, 2281) 10094.0
(7654, 7655, 7656) 10750.0
(3563, 3564, 3565) 11218.0
(6678, 6679, 6680) 11072.0
(1114, 1115, 1116) 11207.0
(9806, 9807, 9808) 10794.0
(1424, 1425, 1426) 11522.0
(9682, 9683, 9684) 11063.0
(1886, 1887, 1888) 11399.0
(8910, 8911, 8912) 14522.0
(4576, 4577, 4578) 11294.0
(7284, 7285, 7286) 13754.0
(339, 340, 341) 9860.0
(9635, 9636, 9637) 11421.0
(591, 592, 593) 10586.0
(8113, 8114, 8115) 10650.0
(7870, 7871, 7872) 10631.0
(6844, 6845, 6846) 10307.0
(6135, 6136, 6137) 10559.0
(9364, 9365, 9366) 10622.0
(8397, 8398, 8399) 11744.0
(5953, 5954, 5955) 10454.0
(5301, 5302, 5303) 10009.0
(2143, 2144, 2145) 11017.0
(6665, 6666, 6667) 10933.0
(1635, 1636, 1637) 11494.0
(3341, 3342, 3343) 10392.0
(9208, 9209, 9210) 10190.0
(5567, 5568, 5569) 10180.0
(9732, 9733, 9734) 9871.0
(6254, 6255, 6256) 11544.0
(6049, 6050, 6051) 11686.0
(7500, 7501, 7502) 10731.0
(3963, 3964, 3965) 10529.0
(1434, 1435, 1436) 10198.0
(6443, 6444, 6445) 10400.0
(4135, 4136, 4137) 11754.0
(1681, 1682, 1683) 10501.0
(1883, 1884, 1885) 10841.0
(1867, 1868, 1869) 11483.0
(6135, 6136, 6137) 10559.0
(9134, 9135, 9136) 13677.0
(804, 805, 806) 10539.0
(6792, 6793, 6794) 11157.0
(2772, 2773, 2774) 10144.0
(1404, 1405, 1406) 10219.0
(5345, 5346, 5347) 9386.0
(2393, 2394, 2395) 11990.0
(6510, 6511, 6512) 10891.0
(2456, 2457, 2458) 11074.0
(9197, 9198, 9199) 9100.0
(8360, 8361, 8362) 10574.0
(7856, 7857, 7858) 11062.0
(5975, 5976, 5977) 10832.0
(6555, 6556, 6557) 12455.0
(9611, 9612, 9613) 12629.0
(1201, 1202, 1203) 10209.0
(5414, 5415, 5416) 11035.0
(4904, 4905, 4906) 13934.0
(8521, 8522, 8523) 11204.0
(914, 915, 916) 11016.0
(969, 970, 971) 11855.0
(9262, 9263, 9264) 11792.0
(2545, 2546, 2547) 10442.0
(6573, 6574, 6575) 10053.0
(280, 281, 282) 13141.0
(8879, 8880, 8881) 11809.0
(2017, 2018, 2019) 11953.0
(2308, 2309, 2310) 12359.0
(7645, 7646, 7647) 9080.0
(8043, 8044, 8045) 9605.0
(2466, 2467, 2468) 10321.0
(3204, 3205, 3206) 10480.0
(202, 203, 204) 9639.0
(4207, 4208, 4209) 9326.0
(6252, 6253, 6254) 10422.0
(4177, 4178, 4179) 10272.0
(9168, 9169, 9170) 10676.0
(6247, 6248, 6249) 11309.0
(9254, 9255, 9256) 11803.0
(1328, 1329, 1330) 10924.0
(7758, 7759, 7760) 8977.0
(6068, 6069, 6070) 10456.0
(4374, 4375, 4376) 11781.0
(3478, 3479, 3480) 10872.0
(1065, 1066, 1067) 12599.0
(8595, 8596, 8597) 10579.0
(5043, 5044, 5045) 9966.0
(7126, 7127, 7128) 11537.0
(3350, 3351, 3352) 10613.0
(5255, 5256, 5257) 12226.0
(2034, 2035, 2036) 10345.0
(1464, 1465, 1466) 9864.0
(6212, 6213, 6214) 10536.0
(151, 152, 153) 9834.0
(4596, 4597, 4598) 11087.0
(6910, 6911, 6912) 9344.0
(2090, 2091, 2092) 10973.0
(2327, 2328, 2329) 11171.0
(2818, 2819, 2820) 10250.0
(3410, 3411, 3412) 10072.0
(1712, 1713, 1714) 11293.0
(6486, 6487, 6488) 12997.0
(7353, 7354, 7355) 10268.0
(4655, 4656, 4657) 10407.0
(1849, 1850, 1851) 11548.0
(8619, 8620, 8621) 11589.0
(2320, 2321, 2322) 10563.0
(6778, 6779, 6780) 11937.0
(461, 462, 463) 10330.0
(7116, 7117, 7118) 10401.0
(9078, 9079, 9080) 9877.0
(4748, 4749, 4750) 10219.0
(8252, 8253, 8254) 9783.0
(7017, 7018, 7019) 11962.0
(4641, 4642, 4643) 10145.0
(8284, 8285, 8286) 10656.0
(5021, 5022, 5023) 10472.0
(3113, 3114, 3115) 10972.0
(1739, 1740, 1741) 10663.0
(947, 948, 949) 10636.0
(660, 661, 662) 11782.0
(1794, 1795, 1796) 11354.0
(7169, 7170, 7171) 12393.0
(6436, 6437, 6438) 10546.0
(150, 151, 152) 10820.0
(1934, 1935, 1936) 10579.0
(6782, 6783, 6784) 10284.0
(5518, 5519, 5520) 11507.0
(2629, 2630, 2631) 11899.0
(4326, 4327, 4328) 10460.0
(8445, 8446, 8447) 9914.0
(3842, 3843, 3844) 12120.0
(9053, 9054, 9055) 10722.0
(9051, 9052, 9053) 10301.0
(5725, 5726, 5727) 9802.0
(7224, 7225, 7226) 9952.0
(9362, 9363, 9364) 9957.0
(56, 57, 58) 11243.0
(1184, 1185, 1186) 11321.0
(923, 924, 925) 11143.0
(4307, 4308, 4309) 9935.0
(8973, 8974, 8975) 10275.0
(9475, 9476, 9477) 11677.0
(9801, 9802, 9803) 11146.0
(9176, 9177, 9178) 11126.0
(1197, 1198, 1199) 10858.0
(4436, 4437, 4438) 11876.0
(9155, 9156, 9157) 10054.0
(3116, 3117, 3118) 10370.0
(3691, 3692, 3693) 10390.0
(1439, 1440, 1441) 10595.0
(8383, 8384, 8385) 11042.0
(3584, 3585, 3586) 11625.0
(3709, 3710, 3711) 9137.0
(4616, 4617, 4618) 10136.0
