(3916, 3917, 3918) 11967.0
(9636, 9637, 9638) 11449.0
(6597, 6598, 6599) 10403.0
(3825, 3826, 3827) 10262.0
(2000, 2001, 2002) 11889.0
(3056, 3057, 3058) 12713.0
(9492, 9493, 9494) 10305.0
(4740, 4741, 4742) 12174.0
(2409, 2410, 2411) 10756.0
(786, 787, 788) 13545.0
(8662, 8663, 8664) 11386.0
(8641, 8642, 8643) 11520.0
(8668, 8669, 8670) 9742.0
(6327, 6328, 6329) 9855.0
(8270, 8271, 8272) 10346.0
(346, 347, 348) 11841.0
(7669, 7670, 7671) 11343.0
(877, 878, 879) 11954.0
(3927, 3928, 3929) 12860.0
(821, 822, 823) 9628.0
(481, 482, 483) 9923.0
(1268, 1269, 1270) 11124.0
(7840, 7841, 7842) 10839.0
(7518, 7519, 7520) 10414.0
(9002, 9003, 9004) 11281.0
(3213, 3214, 3215) 10136.0
(1369, 1370, 1371) 10779.0
(96, 97, 98) 10431.0
(3538, 3539, 3540) 9980.0
(5944, 5945, 5946) 15609.0
(2938, 2939, 2940) 11724.0
(4674, 4675, 4676) 9513.0
(8160, 8161, 8162) 9530.0
(1375, 1376, 1377) 9501.0
(4419, 4420, 4421) 13165.0
(3606, 3607, 3608) 11187.0
(2827, 2828, 2829) 11828.0
(2188, 2189, 2190) 11754.0
(3600, 3601, 3602) 9778.0
(3722, 3723, 3724) 11216.0
(6022, 6023, 6024) 9504.0
(2784, 2785, 2786) 10491.0
(5312, 5313, 5314) 13609.0
(7614, 7615, 7616) 11291.0
(6106, 6107, 6108) 11636.0
(9043, 9044, 9045) 12074.0
(3001, 3002, 3003) 9376.0
(8670, 8671, 8672) 10877.0
(9663, 9664, 9665) 11236.0
(9424, 9425, 9426) 10377.0
(3042, 3043, 3044) 10518.0
(4336, 4337, 4338) 11180.0
(5285, 5286, 5287) 11152.0
(1279, 1280, 1281) 12391.0
(9037, 9038, 9039) 10654.0
(148, 149, 150) 10247.0
(6203, 6204, 6205) 10781.0
(9651, 9652, 9653) 9369.0
(9344, 9345, 9346) 11130.0
(9758, 9759, 9760) 11753.0
(1682, 1683, 1684) 10055.0
(3957, 3958, 3959) 10418.0
(8995, 8996, 8997) 11544.0
(6482, 6483, 6484) 9873.0
(4140, 4141, 4142) 11871.0
(2719, 2720, 2721) 11434.0
(2583, 2584, 2585) 10834.0
(9901, 9902, 9903) 9929.0
(9716, 9717, 9718) 12566.0
(3939, 3940, 3941) 9982.0
(6268, 6269, 6270) 12072.0
(8653, 8654, 8655) 10219.0
(4635, 4636, 4637) 12615.0
(2278, 2279, 2280) 10376.0
(9547, 9548, 9549) 11503.0
(6937, 6938, 6939) 9992.0
(7806, 7807, 7808) 10777.0
(7867, 7868, 7869) 10317.0
(1496, 1497, 1498) 11960.0
(8102, 8103, 8104) 10633.0
(9686, 9687, 9688) 10572.0
(2621, 2622, 2623) 10733.0
(5765, 5766, 5767) 11915.0
(7379, 7380, 7381) 10121.0
(9296, 9297, 9298) 9705.0
(309, 310, 311) 10595.0
(7724, 7725, 7726) 11232.0
(8117, 8118, 8119) 11099.0
(5797, 5798, 5799) 9319.0
(2334, 2335, 2336) 10761.0
(5467, 5468, 5469) 10501.0
(3056, 3057, 3058) 12713.0
(5412, 5413, 5414) 11552.0
(9298, 9299, 9300) 11216.0
(9641, 9642, 9643) 13683.0
(9255, 9256, 9257) 9395.0
(3769, 3770, 3771) 10506.0
(4153, 4154, 4155) 10160.0
(7905, 7906, 7907) 12069.0
(4308, 4309, 4310) 10012.0
(3541, 3542, 3543) 10362.0
(3854, 3855, 3856) 10220.0
(4134, 4135, 4136) 10556.0
(2820, 2821, 2822) 11895.0
(6174, 6175, 6176) 10484.0
(191, 192, 193) 10144.0
(9824, 9825, 9826) 10958.0
(4993, 4994, 4995) 10319.0
(705, 706, 707) 10081.0
(8345, 8346, 8347) 12540.0
(9519, 9520, 9521) 13376.0
(3837, 3838, 3839) 11121.0
(2330, 2331, 2332) 10030.0
(2367, 2368, 2369) 10159.0
(8888, 8889, 8890) 10185.0
(7571, 7572, 7573) 10296.0
(2325, 2326, 2327) 9331.0
(8000, 8001, 8002) 10504.0
(7167, 7168, 7169) 11589.0
(3820, 3821, 3822) 9449.0
(8606, 8607, 8608) 12446.0
(4452, 4453, 4454) 9879.0
(6451, 6452, 6453) 12185.0
(9871, 9872, 9873) 10502.0
(1898, 1899, 1900) 9930.0
(7105, 7106, 7107) 13350.0
(4021, 4022, 4023) 10323.0
(1018, 1019, 1020) 10914.0
(9732, 9733, 9734) 9755.0
(7741, 7742, 7743) 8948.0
(3530, 3531, 3532) 9814.0
(6571, 6572, 6573) 10219.0
(7336, 7337, 7338) 9799.0
(8292, 8293, 8294) 12146.0
(2406, 2407, 2408) 12038.0
(5054, 5055, 5056) 10565.0
(5375, 5376, 5377) 9967.0
(4897, 4898, 4899) 11422.0
(1782, 1783, 1784) 11548.0
(2967, 2968, 2969) 11608.0
(9540, 9541, 9542) 19380.0
(3811, 3812, 3813) 11780.0
(8656, 8657, 8658) 10353.0
(7388, 7389, 7390) 11953.0
(2745, 2746, 2747) 9935.0
(2816, 2817, 2818) 11202.0
(6706, 6707, 6708) 9918.0
(3111, 3112, 3113) 11095.0
(9498, 9499, 9500) 15420.0
(2213, 2214, 2215) 10326.0
(9382, 9383, 9384) 11619.0
(8819, 8820, 8821) 11536.0
(4445, 4446, 4447) 10136.0
(1731, 1732, 1733) 11202.0
(6367, 6368, 6369) 10746.0
(3688, 3689, 3690) 11537.0
(7379, 7380, 7381) 10121.0
(8192, 8193, 8194) 11341.0
(8630, 8631, 8632) 9823.0
(4729, 4730, 4731) 9499.0
(7728, 7729, 7730) 10711.0
(3975, 3976, 3977) 11131.0
(8249, 8250, 8251) 10502.0
(1463, 1464, 1465) 9399.0
(6012, 6013, 6014) 9999.0
(6516, 6517, 6518) 10556.0
(4792, 4793, 4794) 9785.0
(8484, 8485, 8486) 10788.0
(5347, 5348, 5349) 10627.0
(7764, 7765, 7766) 9098.0
(4782, 4783, 4784) 11441.0
(8152, 8153, 8154) 11131.0
(2003, 2004, 2005) 9806.0
(3776, 3777, 3778) 9827.0
(4887, 4888, 4889) 10681.0
(8939, 8940, 8941) 10746.0
(8327, 8328, 8329) 10647.0
(4367, 4368, 4369) 11383.0
(1466, 1467, 1468) 11069.0
(13, 14, 15) 11220.0
(3126, 3127, 3128) 9913.0
(8397, 8398, 8399) 12107.0
(6005, 6006, 6007) 11782.0
(3074, 3075, 3076) 11009.0
(4457, 4458, 4459) 10794.0
(939, 940, 941) 10611.0
(6063, 6064, 6065) 10651.0
(8211, 8212, 8213) 10808.0
(7993, 7994, 7995) 12208.0
(1769, 1770, 1771) 10269.0
(1501, 1502, 1503) 10661.0
(8904, 8905, 8906) 10724.0
(4644, 4645, 4646) 11601.0
(4275, 4276, 4277) 11813.0
(204, 205, 206) 9551.0
(5522, 5523, 5524) 11551.0
(820, 821, 822) 10564.0
(959, 960, 961) 8797.0
(3454, 3455, 3456) 11444.0
(6584, 6585, 6586) 11554.0
(4155, 4156, 4157) 11836.0
