(408, 409, 410) 13278.0
(2662, 2663, 2664) 11187.0
(4953, 4954, 4955) 12009.0
(7579, 7580, 7581) 12199.0
(6305, 6306, 6307) 12611.0
(1145, 1146, 1147) 13976.0
(50, 51, 52) 11036.0
(7094, 7095, 7096) 10157.0
(515, 516, 517) 12221.0
(8602, 8603, 8604) 10152.0
(6291, 6292, 6293) 11575.0
(5438, 5439, 5440) 11456.0
(9337, 9338, 9339) 9764.0
(5103, 5104, 5105) 10330.0
(2294, 2295, 2296) 10304.0
(5733, 5734, 5735) 9885.0
(2561, 2562, 2563) 9929.0
(43, 44, 45) 10385.0
(6985, 6986, 6987) 10181.0
(1896, 1897, 1898) 10242.0
(8093, 8094, 8095) 11380.0
(2864, 2865, 2866) 11101.0
(2522, 2523, 2524) 12721.0
(9785, 9786, 9787) 11013.0
(2136, 2137, 2138) 12343.0
(5746, 5747, 5748) 9977.0
(2482, 2483, 2484) 10517.0
(8308, 8309, 8310) 11596.0
(4521, 4522, 4523) 9602.0
(4094, 4095, 4096) 10194.0
(9984, 9985, 9986) 10792.0
(4544, 4545, 4546) 10372.0
(2059, 2060, 2061) 13686.0
(8279, 8280, 8281) 11755.0
(5703, 5704, 5705) 10589.0
(3009, 3010, 3011) 12109.0
(2519, 2520, 2521) 10648.0
(732, 733, 734) 11421.0
(3228, 3229, 3230) 11036.0
(1783, 1784, 1785) 10521.0
(7177, 7178, 7179) 11238.0
(8763, 8764, 8765) 9077.0
(7415, 7416, 7417) 10454.0
(6753, 6754, 6755) 10059.0
(7875, 7876, 7877) 10358.0
(4336, 4337, 4338) 11359.0
(3665, 3666, 3667) 10867.0
(4990, 4991, 4992) 9679.0
(3845, 3846, 3847) 12740.0
(94, 95, 96) 12964.0
(4667, 4668, 4669) 10469.0
(604, 605, 606) 12237.0
(5832, 5833, 5834) 11988.0
(3515, 3516, 3517) 10433.0
(4925, 4926, 4927) 10502.0
(7869, 7870, 7871) 11601.0
(9362, 9363, 9364) 10109.0
(4854, 4855, 4856) 11153.0
(1448, 1449, 1450) 11459.0
(8621, 8622, 8623) 11399.0
(2252, 2253, 2254) 10713.0
(811, 812, 813) 10718.0
(5743, 5744, 5745) 9618.0
(5843, 5844, 5845) 9696.0
(5728, 5729, 5730) 10798.0
(1174, 1175, 1176) 10204.0
(6802, 6803, 6804) 13076.0
(6577, 6578, 6579) 10537.0
(3497, 3498, 3499) 11991.0
(5949, 5950, 5951) 11076.0
(1010, 1011, 1012) 10629.0
(5553, 5554, 5555) 11284.0
(7208, 7209, 7210) 10822.0
(5268, 5269, 5270) 12001.0
(5197, 5198, 5199) 10921.0
(8621, 8622, 8623) 11399.0
(980, 981, 982) 13101.0
(6577, 6578, 6579) 10537.0
(9175, 9176, 9177) 11186.0
(4050, 4051, 4052) 10681.0
(5417, 5418, 5419) 10286.0
(6062, 6063, 6064) 9323.0
(7064, 7065, 7066) 10926.0
(4662, 4663, 4664) 11493.0
(7693, 7694, 7695) 12980.0
(2355, 2356, 2357) 11889.0
(6698, 6699, 6700) 10433.0
(3618, 3619, 3620) 12171.0
(7277, 7278, 7279) 12410.0
(7116, 7117, 7118) 10895.0
(9456, 9457, 9458) 11579.0
(9443, 9444, 9445) 11373.0
(2188, 2189, 2190) 11700.0
(9807, 9808, 9809) 10927.0
(1492, 1493, 1494) 13229.0
(8599, 8600, 8601) 10368.0
(2963, 2964, 2965) 10033.0
(9149, 9150, 9151) 10995.0
(5088, 5089, 5090) 11179.0
(660, 661, 662) 11823.0
(1462, 1463, 1464) 10211.0
(4681, 4682, 4683) 10754.0
(8871, 8872, 8873) 12179.0
(9975, 9976, 9977) 10200.0
(2931, 2932, 2933) 12107.0
(5128, 5129, 5130) 10953.0
(1801, 1802, 1803) 11303.0
(7399, 7400, 7401) 10806.0
(2598, 2599, 2600) 10999.0
(1167, 1168, 1169) 11464.0
(8733, 8734, 8735) 13080.0
(8416, 8417, 8418) 10856.0
(3215, 3216, 3217) 12245.0
(9383, 9384, 9385) 10615.0
(8094, 8095, 8096) 11314.0
(1540, 1541, 1542) 10146.0
(5271, 5272, 5273) 10728.0
(9302, 9303, 9304) 9645.0
(4146, 4147, 4148) 10153.0
(9556, 9557, 9558) 12799.0
(6733, 6734, 6735) 10757.0
(5021, 5022, 5023) 10856.0
(5099, 5100, 5101) 9864.0
(6694, 6695, 6696) 9718.0
(2735, 2736, 2737) 10896.0
(5320, 5321, 5322) 11043.0
(2727, 2728, 2729) 10924.0
(905, 906, 907) 11604.0
(8077, 8078, 8079) 13135.0
(6418, 6419, 6420) 10972.0
(7051, 7052, 7053) 12069.0
(540, 541, 542) 10430.0
(4708, 4709, 4710) 12949.0
(3938, 3939, 3940) 11238.0
(2526, 2527, 2528) 10097.0
(9074, 9075, 9076) 10891.0
(5402, 5403, 5404) 11209.0
(1019, 1020, 1021) 10263.0
(6447, 6448, 6449) 11195.0
(5404, 5405, 5406) 14210.0
(8602, 8603, 8604) 10152.0
(957, 958, 959) 12554.0
(8597, 8598, 8599) 11594.0
(3869, 3870, 3871) 11007.0
(1183, 1184, 1185) 10964.0
(8714, 8715, 8716) 12428.0
(5021, 5022, 5023) 10856.0
(5490, 5491, 5492) 11380.0
(3220, 3221, 3222) 9880.0
(3707, 3708, 3709) 10645.0
(6324, 6325, 6326) 12780.0
(7753, 7754, 7755) 9773.0
(9678, 9679, 9680) 12289.0
(462, 463, 464) 10225.0
(8012, 8013, 8014) 12431.0
(4552, 4553, 4554) 11233.0
(7336, 7337, 7338) 9900.0
(5013, 5014, 5015) 11065.0
(6838, 6839, 6840) 10001.0
(3893, 3894, 3895) 10830.0
(1455, 1456, 1457) 11895.0
(9888, 9889, 9890) 9523.0
(1709, 1710, 1711) 10356.0
(1127, 1128, 1129) 10442.0
(7135, 7136, 7137) 11209.0
(5771, 5772, 5773) 10819.0
(7239, 7240, 7241) 10963.0
(5059, 5060, 5061) 11917.0
(8052, 8053, 8054) 9926.0
(8799, 8800, 8801) 11070.0
(1846, 1847, 1848) 10770.0
(3741, 3742, 3743) 13151.0
(4618, 4619, 4620) 10538.0
(5797, 5798, 5799) 9542.0
(9066, 9067, 9068) 10261.0
(9226, 9227, 9228) 10981.0
(9841, 9842, 9843) 10068.0
(9419, 9420, 9421) 11535.0
(6047, 6048, 6049) 11880.0
(7466, 7467, 7468) 11599.0
(8303, 8304, 8305) 11259.0
(997, 998, 999) 9845.0
(8118, 8119, 8120) 10725.0
(5623, 5624, 5625) 9433.0
(1750, 1751, 1752) 11745.0
(1850, 1851, 1852) 12604.0
(5721, 5722, 5723) 9630.0
(2026, 2027, 2028) 11442.0
(6909, 6910, 6911) 11861.0
(5794, 5795, 5796) 10633.0
(2912, 2913, 2914) 9961.0
(48, 49, 50) 11215.0
(3206, 3207, 3208) 10382.0
(8304, 8305, 8306) 11664.0
(7032, 7033, 7034) 12419.0
(2426, 2427, 2428) 10862.0
(5638, 5639, 5640) 12113.0
(2034, 2035, 2036) 10756.0
(5329, 5330, 5331) 10472.0
(8549, 8550, 8551) 10268.0
(5194, 5195, 5196) 10999.0
