(2772, 2773, 2774) 11070.0
(9754, 9755, 9756) 10765.0
(9607, 9608, 9609) 10563.0
(7892, 7893, 7894) 12807.0
(5118, 5119, 5120) 11347.0
(1438, 1439, 1440) 11511.0
(5672, 5673, 5674) 11572.0
(302, 303, 304) 12136.0
(2248, 2249, 2250) 11803.0
(127, 128, 129) 10354.0
(8152, 8153, 8154) 11521.0
(5939, 5940, 5941) 11336.0
(9893, 9894, 9895) 11452.0
(6949, 6950, 6951) 9299.0
(872, 873, 874) 10311.0
(4508, 4509, 4510) 11599.0
(7795, 7796, 7797) 10163.0
(3326, 3327, 3328) 10424.0
(7218, 7219, 7220) 10340.0
(1672, 1673, 1674) 10636.0
(2602, 2603, 2604) 10081.0
(1766, 1767, 1768) 11287.0
(782, 783, 784) 10339.0
(8906, 8907, 8908) 10440.0
(3346, 3347, 3348) 10633.0
(3548, 3549, 3550) 10028.0
(6322, 6323, 6324) 12218.0
(9648, 9649, 9650) 12582.0
(4427, 4428, 4429) 12110.0
(9553, 9554, 9555) 9492.0
(3702, 3703, 3704) 10781.0
(6743, 6744, 6745) 10975.0
(1948, 1949, 1950) 11800.0
(7435, 7436, 7437) 10266.0
(9290, 9291, 9292) 10363.0
(894, 895, 896) 11780.0
(4724, 4725, 4726) 13848.0
(6453, 6454, 6455) 10133.0
(9259, 9260, 9261) 11759.0
(3659, 3660, 3661) 10734.0
(3228, 3229, 3230) 11302.0
(1567, 1568, 1569) 10441.0
(774, 775, 776) 13116.0
(5567, 5568, 5569) 11253.0
(2499, 2500, 2501) 11273.0
(4632, 4633, 4634) 10659.0
(8688, 8689, 8690) 11312.0
(3456, 3457, 3458) 11773.0
(242, 243, 244) 10386.0
(5294, 5295, 5296) 11485.0
(2720, 2721, 2722) 10519.0
(6890, 6891, 6892) 11187.0
(2521, 2522, 2523) 10928.0
(333, 334, 335) 11419.0
(6093, 6094, 6095) 9805.0
(7945, 7946, 7947) 12303.0
(5585, 5586, 5587) 12870.0
(5469, 5470, 5471) 10325.0
(329, 330, 331) 11435.0
(1623, 1624, 1625) 10301.0
(127, 128, 129) 10354.0
(9210, 9211, 9212) 13001.0
(3500, 3501, 3502) 9799.0
(8895, 8896, 8897) 11647.0
(8175, 8176, 8177) 10887.0
(5945, 5946, 5947) 10467.0
(5881, 5882, 5883) 12843.0
(4832, 4833, 4834) 10744.0
(8163, 8164, 8165) 12060.0
(5576, 5577, 5578) 11271.0
(2854, 2855, 2856) 9823.0
(9707, 9708, 9709) 11604.0
(6085, 6086, 6087) 10512.0
(6271, 6272, 6273) 10635.0
(2848, 2849, 2850) 11809.0
(2973, 2974, 2975) 10613.0
(8106, 8107, 8108) 12930.0
(9893, 9894, 9895) 11452.0
(1716, 1717, 1718) 9814.0
(2132, 2133, 2134) 9536.0
(4418, 4419, 4420) 13346.0
(2984, 2985, 2986) 10691.0
(1247, 1248, 1249) 10635.0
(2035, 2036, 2037) 11309.0
(2127, 2128, 2129) 10810.0
(7766, 7767, 7768) 12280.0
(1852, 1853, 1854) 12015.0
(7260, 7261, 7262) 9088.0
(5198, 5199, 5200) 11524.0
(228, 229, 230) 9813.0
(3413, 3414, 3415) 12448.0
(5563, 5564, 5565) 10701.0
(852, 853, 854) 10386.0
(4953, 4954, 4955) 12345.0
(6968, 6969, 6970) 11443.0
(2482, 2483, 2484) 10714.0
(6704, 6705, 6706) 11503.0
(5813, 5814, 5815) 11828.0
(2315, 2316, 2317) 12632.0
(5774, 5775, 5776) 11171.0
(1178, 1179, 1180) 10435.0
(6660, 6661, 6662) 12082.0
(9056, 9057, 9058) 9815.0
(8278, 8279, 8280) 12004.0
(7168, 7169, 7170) 11313.0
(7609, 7610, 7611) 13208.0
(9432, 9433, 9434) 10153.0
(2299, 2300, 2301) 10609.0
(6439, 6440, 6441) 11099.0
(2363, 2364, 2365) 11945.0
(417, 418, 419) 12589.0
(1383, 1384, 1385) 11682.0
(7320, 7321, 7322) 10478.0
(3703, 3704, 3705) 10298.0
(3927, 3928, 3929) 12986.0
(6280, 6281, 6282) 10317.0
(4369, 4370, 4371) 9802.0
(1915, 1916, 1917) 11196.0
(2488, 2489, 2490) 11864.0
(1488, 1489, 1490) 10329.0
(4529, 4530, 4531) 10584.0
(3643, 3644, 3645) 11356.0
(8594, 8595, 8596) 10592.0
(9380, 9381, 9382) 11620.0
(8459, 8460, 8461) 10882.0
(7753, 7754, 7755) 10039.0
(9018, 9019, 9020) 11273.0
(1370, 1371, 1372) 11510.0
(9379, 9380, 9381) 10679.0
(6697, 6698, 6699) 11436.0
(6819, 6820, 6821) 10040.0
(910, 911, 912) 11263.0
(5983, 5984, 5985) 11747.0
(7576, 7577, 7578) 10707.0
(5239, 5240, 5241) 11733.0
(2197, 2198, 2199) 10900.0
(1731, 1732, 1733) 11251.0
(4969, 4970, 4971) 11075.0
(9830, 9831, 9832) 10878.0
(2292, 2293, 2294) 11226.0
(7148, 7149, 7150) 11741.0
(1163, 1164, 1165) 11021.0
(9655, 9656, 9657) 10475.0
(3175, 3176, 3177) 12176.0
(3007, 3008, 3009) 11685.0
(5369, 5370, 5371) 10614.0
(7820, 7821, 7822) 13782.0
(4592, 4593, 4594) 9804.0
(5979, 5980, 5981) 9993.0
(5923, 5924, 5925) 11766.0
(4909, 4910, 4911) 12631.0
(2666, 2667, 2668) 10383.0
(5645, 5646, 5647) 11324.0
(4100, 4101, 4102) 10269.0
(3471, 3472, 3473) 12938.0
(480, 481, 482) 12407.0
(3172, 3173, 3174) 12922.0
(9265, 9266, 9267) 12123.0
(4156, 4157, 4158) 12851.0
(3771, 3772, 3773) 10541.0
(8984, 8985, 8986) 10801.0
(6496, 6497, 6498) 10125.0
(9860, 9861, 9862) 10889.0
(9136, 9137, 9138) 11174.0
(8605, 8606, 8607) 10236.0
(7274, 7275, 7276) 10824.0
(5667, 5668, 5669) 10172.0
(9286, 9287, 9288) 10789.0
(8996, 8997, 8998) 12432.0
(6753, 6754, 6755) 10046.0
(552, 553, 554) 10713.0
(7630, 7631, 7632) 11924.0
(8270, 8271, 8272) 10494.0
(2800, 2801, 2802) 12007.0
(6156, 6157, 6158) 10860.0
(616, 617, 618) 10168.0
(7755, 7756, 7757) 10471.0
(9262, 9263, 9264) 12150.0
(8252, 8253, 8254) 10284.0
(1920, 1921, 1922) 12952.0
(6097, 6098, 6099) 11258.0
(5199, 5200, 5201) 10526.0
(7564, 7565, 7566) 11838.0
(8274, 8275, 8276) 10222.0
(5268, 5269, 5270) 12132.0
(2243, 2244, 2245) 10514.0
(6289, 6290, 6291) 10343.0
(9570, 9571, 9572) 10683.0
(3889, 3890, 3891) 10833.0
(4251, 4252, 4253) 13349.0
(859, 860, 861) 11291.0
(6685, 6686, 6687) 10458.0
(4949, 4950, 4951) 10324.0
(4648, 4649, 4650) 11724.0
(9726, 9727, 9728) 10607.0
(2205, 2206, 2207) 11201.0
(3668, 3669, 3670) 10236.0
(7793, 7794, 7795) 10603.0
(4067, 4068, 4069) 13472.0
(9507, 9508, 9509) 11644.0
(6407, 6408, 6409) 10687.0
(1054, 1055, 1056) 10646.0
(2125, 2126, 2127) 10952.0
(5354, 5355, 5356) 9818.0
(8191, 8192, 8193) 10332.0
(3068, 3069, 3070) 12675.0
(550, 551, 552) 11161.0
(3212, 3213, 3214) 10645.0
(4055, 4056, 4057) 9726.0
(5713, 5714, 5715) 11374.0
(2023, 2024, 2025) 13924.0
(1070, 1071, 1072) 9016.0
(8356, 8357, 8358) 11210.0
(2184, 2185, 2186) 11922.0
(7968, 7969, 7970) 10743.0
(2517, 2518, 2519) 12808.0
(1483, 1484, 1485) 11181.0
(2679, 2680, 2681) 11265.0
(8369, 8370, 8371) 11908.0
(1972, 1973, 1974) 10687.0
(4026, 4027, 4028) 12229.0
(4793, 4794, 4795) 11238.0
(9775, 9776, 9777) 11694.0
(8317, 8318, 8319) 12144.0
(7528, 7529, 7530) 11538.0
(7352, 7353, 7354) 9945.0
(9208, 9209, 9210) 10769.0
(9466, 9467, 9468) 12693.0
(5456, 5457, 5458) 9725.0
(5750, 5751, 5752) 10944.0
(9853, 9854, 9855) 10733.0
(2911, 2912, 2913) 10150.0
(3136, 3137, 3138) 11919.0
(2933, 2934, 2935) 11297.0
(8538, 8539, 8540) 10824.0
(1430, 1431, 1432) 13382.0
(6278, 6279, 6280) 12401.0
(9786, 9787, 9788) 11850.0
(7811, 7812, 7813) 10616.0
(7782, 7783, 7784) 11154.0
(2502, 2503, 2504) 10729.0
(8610, 8611, 8612) 11353.0
(2855, 2856, 2857) 11809.0
(215, 216, 217) 13209.0
(2082, 2083, 2084) 10541.0
(2730, 2731, 2732) 10806.0
(3412, 3413, 3414) 10738.0
(4686, 4687, 4688) 10683.0
(8179, 8180, 8181) 12215.0
(8405, 8406, 8407) 13402.0
(1072, 1073, 1074) 10688.0
(7055, 7056, 7057) 14347.0
(4749, 4750, 4751) 10366.0
(7104, 7105, 7106) 10730.0
(9691, 9692, 9693) 11328.0
(5981, 5982, 5983) 12109.0
(8262, 8263, 8264) 10154.0
(4178, 4179, 4180) 12308.0
(125, 126, 127) 10483.0
(3448, 3449, 3450) 10617.0
(9132, 9133, 9134) 11413.0
(6256, 6257, 6258) 11316.0
(5040, 5041, 5042) 10771.0
(6670, 6671, 6672) 11931.0
(2532, 2533, 2534) 10202.0
(2313, 2314, 2315) 11930.0
(6090, 6091, 6092) 10236.0
(4635, 4636, 4637) 12618.0
(6950, 6951, 6952) 10392.0
(8121, 8122, 8123) 10746.0
(8483, 8484, 8485) 11666.0
(3552, 3553, 3554) 9858.0
(9495, 9496, 9497) 11443.0
(1412, 1413, 1414) 9920.0
(8601, 8602, 8603) 12928.0
(6865, 6866, 6867) 10861.0
(579, 580, 581) 12798.0
(9621, 9622, 9623) 11112.0
(8719, 8720, 8721) 10278.0
(904, 905, 906) 11745.0
(4874, 4875, 4876) 9206.0
(2900, 2901, 2902) 10841.0
(7459, 7460, 7461) 9566.0
(493, 494, 495) 10115.0
(1105, 1106, 1107) 10439.0
(7321, 7322, 7323) 11459.0
(9955, 9956, 9957) 12161.0
(3700, 3701, 3702) 11185.0
(8155, 8156, 8157) 11152.0
(287, 288, 289) 11817.0
(704, 705, 706) 11227.0
(4276, 4277, 4278) 11269.0
(7643, 7644, 7645) 10993.0
(9126, 9127, 9128) 12490.0
(194, 195, 196) 12219.0
(9440, 9441, 9442) 12078.0
(5768, 5769, 5770) 12143.0
(3257, 3258, 3259) 11189.0
(2413, 2414, 2415) 10305.0
(981, 982, 983) 12770.0
(7195, 7196, 7197) 10274.0
(6597, 6598, 6599) 10699.0
(3973, 3974, 3975) 9545.0
(2469, 2470, 2471) 11207.0
(2592, 2593, 2594) 10714.0
(2814, 2815, 2816) 12249.0
(4387, 4388, 4389) 11143.0
(6704, 6705, 6706) 11503.0
(6722, 6723, 6724) 10875.0
(7784, 7785, 7786) 10061.0
(1875, 1876, 1877) 10757.0
(4062, 4063, 4064) 10527.0
(1961, 1962, 1963) 12242.0
(9263, 9264, 9265) 10492.0
(9630, 9631, 9632) 10666.0
(6140, 6141, 6142) 11192.0
(4555, 4556, 4557) 11254.0
(378, 379, 380) 10401.0
(6338, 6339, 6340) 12022.0
(1714, 1715, 1716) 10916.0
(6447, 6448, 6449) 11320.0
(3805, 3806, 3807) 11446.0
(1157, 1158, 1159) 10595.0
(2826, 2827, 2828) 15279.0
(1924, 1925, 1926) 9299.0
(6614, 6615, 6616) 10210.0
(169, 170, 171) 12069.0
(3325, 3326, 3327) 11056.0
(3060, 3061, 3062) 10796.0
(2330, 2331, 2332) 10257.0
(5167, 5168, 5169) 10792.0
(2076, 2077, 2078) 10184.0
(7059, 7060, 7061) 12587.0
(3061, 3062, 3063) 10875.0
(5069, 5070, 5071) 12687.0
(5728, 5729, 5730) 10994.0
(5644, 5645, 5646) 13221.0
(3550, 3551, 3552) 10519.0
(5101, 5102, 5103) 11248.0
(2903, 2904, 2905) 10998.0
(6729, 6730, 6731) 11124.0
(5566, 5567, 5568) 13339.0
(3832, 3833, 3834) 11755.0
(6970, 6971, 6972) 12085.0
(2204, 2205, 2206) 13276.0
(159, 160, 161) 9969.0
(9742, 9743, 9744) 10545.0
(6957, 6958, 6959) 10872.0
(5170, 5171, 5172) 11595.0
(8310, 8311, 8312) 11286.0
(4343, 4344, 4345) 11788.0
(1057, 1058, 1059) 11247.0
(7046, 7047, 7048) 10621.0
(9452, 9453, 9454) 12304.0
(1142, 1143, 1144) 10890.0
(2001, 2002, 2003) 11634.0
(8258, 8259, 8260) 9636.0
(428, 429, 430) 10674.0
(5015, 5016, 5017) 11235.0
(5700, 5701, 5702) 12010.0
(1937, 1938, 1939) 11513.0
(1585, 1586, 1587) 10794.0
(1988, 1989, 1990) 10514.0
(3418, 3419, 3420) 11514.0
(1692, 1693, 1694) 12330.0
(1330, 1331, 1332) 10822.0
(7817, 7818, 7819) 11287.0
(5735, 5736, 5737) 11237.0
(7618, 7619, 7620) 10966.0
(5663, 5664, 5665) 10404.0
(9797, 9798, 9799) 10873.0
(5663, 5664, 5665) 10404.0
(6925, 6926, 6927) 10107.0
(852, 853, 854) 10386.0
(2706, 2707, 2708) 10406.0
(9402, 9403, 9404) 11939.0
(5740, 5741, 5742) 10786.0
(7148, 7149, 7150) 11741.0
(9370, 9371, 9372) 10504.0
(494, 495, 496) 11386.0
(6447, 6448, 6449) 11320.0
(9025, 9026, 9027) 10884.0
(5479, 5480, 5481) 10940.0
(9612, 9613, 9614) 11082.0
(9790, 9791, 9792) 12236.0
(4270, 4271, 4272) 12921.0
(9381, 9382, 9383) 12787.0
(8830, 8831, 8832) 15500.0
(7805, 7806, 7807) 10206.0
(4652, 4653, 4654) 12677.0
(5393, 5394, 5395) 10463.0
(9410, 9411, 9412) 12251.0
(5613, 5614, 5615) 10548.0
(5363, 5364, 5365) 9388.0
(4017, 4018, 4019) 10932.0
(3429, 3430, 3431) 10533.0
(6295, 6296, 6297) 11335.0
(3090, 3091, 3092) 13456.0
(422, 423, 424) 11131.0
(1292, 1293, 1294) 10753.0
(9493, 9494, 9495) 10846.0
(6002, 6003, 6004) 11330.0
(1586, 1587, 1588) 10894.0
(7914, 7915, 7916) 10524.0
(8774, 8775, 8776) 13276.0
(7521, 7522, 7523) 14628.0
(3876, 3877, 3878) 11609.0
(9561, 9562, 9563) 11057.0
(2785, 2786, 2787) 10816.0
(5111, 5112, 5113) 11938.0
(2052, 2053, 2054) 10286.0
(8553, 8554, 8555) 11052.0
(6754, 6755, 6756) 11739.0
(675, 676, 677) 10958.0
(9850, 9851, 9852) 11109.0
(9595, 9596, 9597) 10383.0
(7197, 7198, 7199) 11730.0
(9579, 9580, 9581) 13784.0
(8617, 8618, 8619) 11202.0
(4538, 4539, 4540) 11617.0
(8513, 8514, 8515) 11296.0
(799, 800, 801) 12714.0
(116, 117, 118) 11204.0
(48, 49, 50) 11258.0
(1701, 1702, 1703) 11087.0
(9533, 9534, 9535) 12805.0
(772, 773, 774) 10418.0
(2935, 2936, 2937) 14108.0
(1916, 1917, 1918) 10719.0
(7316, 7317, 7318) 9863.0
(1891, 1892, 1893) 10466.0
(5695, 5696, 5697) 10179.0
(2170, 2171, 2172) 10746.0
(476, 477, 478) 11019.0
(7393, 7394, 7395) 10628.0
(7441, 7442, 7443) 10555.0
(6219, 6220, 6221) 10914.0
(7119, 7120, 7121) 11230.0
(5319, 5320, 5321) 11371.0
(9566, 9567, 9568) 12023.0
(2848, 2849, 2850) 11809.0
(3904, 3905, 3906) 10857.0
(1414, 1415, 1416) 10868.0
(2402, 2403, 2404) 12915.0
(1042, 1043, 1044) 11640.0
(2016, 2017, 2018) 10835.0
(5847, 5848, 5849) 12561.0
(5719, 5720, 5721) 12628.0
(7263, 7264, 7265) 12271.0
(5730, 5731, 5732) 13520.0
(9342, 9343, 9344) 9763.0
(4632, 4633, 4634) 10659.0
(932, 933, 934) 10842.0
(6320, 6321, 6322) 11286.0
(3060, 3061, 3062) 10796.0
(7114, 7115, 7116) 11974.0
(4107, 4108, 4109) 10873.0
(9124, 9125, 9126) 12341.0
(8345, 8346, 8347) 12930.0
(5867, 5868, 5869) 10378.0
(5721, 5722, 5723) 9929.0
(7221, 7222, 7223) 10248.0
(129, 130, 131) 10063.0
(1933, 1934, 1935) 10608.0
(530, 531, 532) 11443.0
(8387, 8388, 8389) 9912.0
(2067, 2068, 2069) 11951.0
(7613, 7614, 7615) 11623.0
(10, 11, 12) 11816.0
(9381, 9382, 9383) 12787.0
(2933, 2934, 2935) 11297.0
(2612, 2613, 2614) 13288.0
(861, 862, 863) 10941.0
(4010, 4011, 4012) 10392.0
(3918, 3919, 3920) 14023.0
(1717, 1718, 1719) 9896.0
(3754, 3755, 3756) 13901.0
(7013, 7014, 7015) 10293.0
(3778, 3779, 3780) 11017.0
(1443, 1444, 1445) 13781.0
(9416, 9417, 9418) 11488.0
(1, 2, 3) 12763.0
(1168, 1169, 1170) 11645.0
(7811, 7812, 7813) 10616.0
(2164, 2165, 2166) 12425.0
(4372, 4373, 4374) 10606.0
(4694, 4695, 4696) 11599.0
(6904, 6905, 6906) 10579.0
(7099, 7100, 7101) 12268.0
(269, 270, 271) 10298.0
(7402, 7403, 7404) 12575.0
(6215, 6216, 6217) 10713.0
(3458, 3459, 3460) 11429.0
(7328, 7329, 7330) 10430.0
(322, 323, 324) 10515.0
(9661, 9662, 9663) 11171.0
(1254, 1255, 1256) 11228.0
(5177, 5178, 5179) 11791.0
(464, 465, 466) 11350.0
(7811, 7812, 7813) 10616.0
(547, 548, 549) 10497.0
(7945, 7946, 7947) 12303.0
(8972, 8973, 8974) 10448.0
(7282, 7283, 7284) 13469.0
(1187, 1188, 1189) 10385.0
(2608, 2609, 2610) 12715.0
(697, 698, 699) 11004.0
(4710, 4711, 4712) 11159.0
(7436, 7437, 7438) 11355.0
(8198, 8199, 8200) 11618.0
(927, 928, 929) 14164.0
(2716, 2717, 2718) 10849.0
(5278, 5279, 5280) 11344.0
(9880, 9881, 9882) 9395.0
(6791, 6792, 6793) 11392.0
(7838, 7839, 7840) 11550.0
(4453, 4454, 4455) 10831.0
(6653, 6654, 6655) 11181.0
(1545, 1546, 1547) 10554.0
(8093, 8094, 8095) 11680.0
(7096, 7097, 7098) 10760.0
(1442, 1443, 1444) 11596.0
(7571, 7572, 7573) 10767.0
(7212, 7213, 7214) 13422.0
(7069, 7070, 7071) 11240.0
(4763, 4764, 4765) 11394.0
(5103, 5104, 5105) 10497.0
(2464, 2465, 2466) 10713.0
(9679, 9680, 9681) 11291.0
(164, 165, 166) 11870.0
(5279, 5280, 5281) 11873.0
(9427, 9428, 9429) 11163.0
(6109, 6110, 6111) 11212.0
(3135, 3136, 3137) 11330.0
(8742, 8743, 8744) 11057.0
(8847, 8848, 8849) 11916.0
(8016, 8017, 8018) 10572.0
(6419, 6420, 6421) 14278.0
(869, 870, 871) 11375.0
(3806, 3807, 3808) 10400.0
(6714, 6715, 6716) 11197.0
(4791, 4792, 4793) 9789.0
(4388, 4389, 4390) 12310.0
(5286, 5287, 5288) 11963.0
(2802, 2803, 2804) 12039.0
(3483, 3484, 3485) 10069.0
(9486, 9487, 9488) 10437.0
(2698, 2699, 2700) 10686.0
(1454, 1455, 1456) 11615.0
(5343, 5344, 5345) 11231.0
(1793, 1794, 1795) 12559.0
(7167, 7168, 7169) 11774.0
(4855, 4856, 4857) 10281.0
(5836, 5837, 5838) 13305.0
(3849, 3850, 3851) 10570.0
(7231, 7232, 7233) 8611.0
(8860, 8861, 8862) 11853.0
(481, 482, 483) 10492.0
(3391, 3392, 3393) 10498.0
(7774, 7775, 7776) 11084.0
(9007, 9008, 9009) 10899.0
(9043, 9044, 9045) 13026.0
(3908, 3909, 3910) 10270.0
(4350, 4351, 4352) 11276.0
(6600, 6601, 6602) 11410.0
(8106, 8107, 8108) 12930.0
(5136, 5137, 5138) 13739.0
(535, 536, 537) 11492.0
(3567, 3568, 3569) 10238.0
(1961, 1962, 1963) 12242.0
(6515, 6516, 6517) 15294.0
(6754, 6755, 6756) 11739.0
(4658, 4659, 4660) 12119.0
(163, 164, 165) 11565.0
(2912, 2913, 2914) 10112.0
(5793, 5794, 5795) 10442.0
(4940, 4941, 4942) 10605.0
(452, 453, 454) 11257.0
(1625, 1626, 1627) 12133.0
(8250, 8251, 8252) 11489.0
(8460, 8461, 8462) 11504.0
(8299, 8300, 8301) 10875.0
(1823, 1824, 1825) 11752.0
(8563, 8564, 8565) 9775.0
(1548, 1549, 1550) 9968.0
(5561, 5562, 5563) 10005.0
(2146, 2147, 2148) 13008.0
(6288, 6289, 6290) 12138.0
(9877, 9878, 9879) 11675.0
(6866, 6867, 6868) 12483.0
(4116, 4117, 4118) 13891.0
(8290, 8291, 8292) 10888.0
(4319, 4320, 4321) 10166.0
(7061, 7062, 7063) 13879.0
(3001, 3002, 3003) 9911.0
(9153, 9154, 9155) 11688.0
(5525, 5526, 5527) 12171.0
(7407, 7408, 7409) 11274.0
(8420, 8421, 8422) 11268.0
(4890, 4891, 4892) 13885.0
(416, 417, 418) 12054.0
(3590, 3591, 3592) 10788.0
(3450, 3451, 3452) 14302.0
(9871, 9872, 9873) 10677.0
(1327, 1328, 1329) 12937.0
(9338, 9339, 9340) 10515.0
(988, 989, 990) 10859.0
(1204, 1205, 1206) 11372.0
(9878, 9879, 9880) 11047.0
(1689, 1690, 1691) 11149.0
(6446, 6447, 6448) 11737.0
(4596, 4597, 4598) 11387.0
(8032, 8033, 8034) 11012.0
(5043, 5044, 5045) 10682.0
(3171, 3172, 3173) 12024.0
(8036, 8037, 8038) 10528.0
(1794, 1795, 1796) 11654.0
(4243, 4244, 4245) 10743.0
(4279, 4280, 4281) 11304.0
(4546, 4547, 4548) 10665.0
(1056, 1057, 1058) 12751.0
(4180, 4181, 4182) 10702.0
(591, 592, 593) 11673.0
(391, 392, 393) 11596.0
(7344, 7345, 7346) 10809.0
(1827, 1828, 1829) 10319.0
(2167, 2168, 2169) 11443.0
(3193, 3194, 3195) 10963.0
(2344, 2345, 2346) 12414.0
(2562, 2563, 2564) 9944.0
(4816, 4817, 4818) 10679.0
(4836, 4837, 4838) 11588.0
(9975, 9976, 9977) 10463.0
(503, 504, 505) 10887.0
(3306, 3307, 3308) 11367.0
(3787, 3788, 3789) 11058.0
(1280, 1281, 1282) 10692.0
(6466, 6467, 6468) 12271.0
(5885, 5886, 5887) 11042.0
(2047, 2048, 2049) 10512.0
(1577, 1578, 1579) 10964.0
(7643, 7644, 7645) 10993.0
(5887, 5888, 5889) 11278.0
(9282, 9283, 9284) 14027.0
(989, 990, 991) 10088.0
(7864, 7865, 7866) 9573.0
(446, 447, 448) 12012.0
(1276, 1277, 1278) 11636.0
(8441, 8442, 8443) 10872.0
(5975, 5976, 5977) 11430.0
(9581, 9582, 9583) 10837.0
(9088, 9089, 9090) 10312.0
(6435, 6436, 6437) 10444.0
(6351, 6352, 6353) 11360.0
(6962, 6963, 6964) 10838.0
(6864, 6865, 6866) 10859.0
(5807, 5808, 5809) 10608.0
(2221, 2222, 2223) 10822.0
(7190, 7191, 7192) 11174.0
(3809, 3810, 3811) 11811.0
(7351, 7352, 7353) 12610.0
(2027, 2028, 2029) 10746.0
(9294, 9295, 9296) 10542.0
(6658, 6659, 6660) 10220.0
(3730, 3731, 3732) 11585.0
(735, 736, 737) 10798.0
(4504, 4505, 4506) 11424.0
(5005, 5006, 5007) 11646.0
(9149, 9150, 9151) 11142.0
(1620, 1621, 1622) 12118.0
(110, 111, 112) 10085.0
(880, 881, 882) 12560.0
(8180, 8181, 8182) 10431.0
(5446, 5447, 5448) 12076.0
(5904, 5905, 5906) 11941.0
(8760, 8761, 8762) 10321.0
(7475, 7476, 7477) 11440.0
(6770, 6771, 6772) 12114.0
(3122, 3123, 3124) 10137.0
(3369, 3370, 3371) 14777.0
(3379, 3380, 3381) 11000.0
(328, 329, 330) 10798.0
(6380, 6381, 6382) 11647.0
(1282, 1283, 1284) 10799.0
(6517, 6518, 6519) 9160.0
(6650, 6651, 6652) 10566.0
(1514, 1515, 1516) 10283.0
(3407, 3408, 3409) 11540.0
(6933, 6934, 6935) 11800.0
(9765, 9766, 9767) 10442.0
(9597, 9598, 9599) 12870.0
(4113, 4114, 4115) 9555.0
(3895, 3896, 3897) 11888.0
(5305, 5306, 5307) 15054.0
(2455, 2456, 2457) 13586.0
(1091, 1092, 1093) 11488.0
(6222, 6223, 6224) 10428.0
(4498, 4499, 4500) 13215.0
(4730, 4731, 4732) 11509.0
(94, 95, 96) 12991.0
(3661, 3662, 3663) 10573.0
(2896, 2897, 2898) 11954.0
(634, 635, 636) 10359.0
(9437, 9438, 9439) 12541.0
(3770, 3771, 3772) 11602.0
(2642, 2643, 2644) 10712.0
(8659, 8660, 8661) 10691.0
(6536, 6537, 6538) 14140.0
(5170, 5171, 5172) 11595.0
(4097, 4098, 4099) 10561.0
(1344, 1345, 1346) 9260.0
(3075, 3076, 3077) 11273.0
(9175, 9176, 9177) 11360.0
(9199, 9200, 9201) 11830.0
(3394, 3395, 3396) 10766.0
(9282, 9283, 9284) 14027.0
(7427, 7428, 7429) 10303.0
(4932, 4933, 4934) 9754.0
(4691, 4692, 4693) 12125.0
(2894, 2895, 2896) 11197.0
(8731, 8732, 8733) 11443.0
(4297, 4298, 4299) 11059.0
(9081, 9082, 9083) 10853.0
(2481, 2482, 2483) 11262.0
(5628, 5629, 5630) 12300.0
(8257, 8258, 8259) 10814.0
(994, 995, 996) 11141.0
(625, 626, 627) 10167.0
(2778, 2779, 2780) 12319.0
(782, 783, 784) 10339.0
(6699, 6700, 6701) 11386.0
(7525, 7526, 7527) 10052.0
(9707, 9708, 9709) 11604.0
(9583, 9584, 9585) 10818.0
(4143, 4144, 4145) 10858.0
(5846, 5847, 5848) 11890.0
(8266, 8267, 8268) 10327.0
(8348, 8349, 8350) 10967.0
(801, 802, 803) 10891.0
(5236, 5237, 5238) 11025.0
(2465, 2466, 2467) 11713.0
(4771, 4772, 4773) 11932.0
(6681, 6682, 6683) 10471.0
(5012, 5013, 5014) 11140.0
(343, 344, 345) 14146.0
(2888, 2889, 2890) 10161.0
(6851, 6852, 6853) 11481.0
(9732, 9733, 9734) 10193.0
(2079, 2080, 2081) 11472.0
(6726, 6727, 6728) 11021.0
(4515, 4516, 4517) 10779.0
(6560, 6561, 6562) 11494.0
(158, 159, 160) 10291.0
(4362, 4363, 4364) 10408.0
(8410, 8411, 8412) 12753.0
(9513, 9514, 9515) 10851.0
(2594, 2595, 2596) 10728.0
(4001, 4002, 4003) 12404.0
(2798, 2799, 2800) 13334.0
(8656, 8657, 8658) 10750.0
(7156, 7157, 7158) 11906.0
(4486, 4487, 4488) 10701.0
(7350, 7351, 7352) 11891.0
(4810, 4811, 4812) 11098.0
(4430, 4431, 4432) 11661.0
(1738, 1739, 1740) 9813.0
(210, 211, 212) 10763.0
(3110, 3111, 3112) 13118.0
(4482, 4483, 4484) 10191.0
(9986, 9987, 9988) 9927.0
(5684, 5685, 5686) 10115.0
(3532, 3533, 3534) 10433.0
(3952, 3953, 3954) 10278.0
(9020, 9021, 9022) 9425.0
(5693, 5694, 5695) 10731.0
(2963, 2964, 2965) 10127.0
(9059, 9060, 9061) 10484.0
(4769, 4770, 4771) 11796.0
(3671, 3672, 3673) 10717.0
(4051, 4052, 4053) 12695.0
(9454, 9455, 9456) 10744.0
(1613, 1614, 1615) 10686.0
(7019, 7020, 7021) 11722.0
(2695, 2696, 2697) 11251.0
(3723, 3724, 3725) 11664.0
(5181, 5182, 5183) 10951.0
(6903, 6904, 6905) 11300.0
(2085, 2086, 2087) 11431.0
(5836, 5837, 5838) 13305.0
(7015, 7016, 7017) 11248.0
(8180, 8181, 8182) 10431.0
(7350, 7351, 7352) 11891.0
(5802, 5803, 5804) 11656.0
(4677, 4678, 4679) 10694.0
(2654, 2655, 2656) 9437.0
(4434, 4435, 4436) 12707.0
(617, 618, 619) 11888.0
(2807, 2808, 2809) 10669.0
(1044, 1045, 1046) 11619.0
(450, 451, 452) 11121.0
(8906, 8907, 8908) 10440.0
(3812, 3813, 3814) 11734.0
(6172, 6173, 6174) 12161.0
(8348, 8349, 8350) 10967.0
(9293, 9294, 9295) 11599.0
(8832, 8833, 8834) 10643.0
(616, 617, 618) 10168.0
(879, 880, 881) 11085.0
(7214, 7215, 7216) 12160.0
(2296, 2297, 2298) 10589.0
(5448, 5449, 5450) 11016.0
(4238, 4239, 4240) 10740.0
(3184, 3185, 3186) 10219.0
(4148, 4149, 4150) 10179.0
(4354, 4355, 4356) 11759.0
(5850, 5851, 5852) 10884.0
(8749, 8750, 8751) 11625.0
(7798, 7799, 7800) 13007.0
(5727, 5728, 5729) 9949.0
(1487, 1488, 1489) 11085.0
(6184, 6185, 6186) 10767.0
(8403, 8404, 8405) 10648.0
(1232, 1233, 1234) 10767.0
(5324, 5325, 5326) 11261.0
(7852, 7853, 7854) 11482.0
(9160, 9161, 9162) 10824.0
(9438, 9439, 9440) 10923.0
(1188, 1189, 1190) 11910.0
(2245, 2246, 2247) 10865.0
(7073, 7074, 7075) 10883.0
(5186, 5187, 5188) 11634.0
(9948, 9949, 9950) 11876.0
(4873, 4874, 4875) 10799.0
(161, 162, 163) 12907.0
(9569, 9570, 9571) 9983.0
(4238, 4239, 4240) 10740.0
(451, 452, 453) 10160.0
(4973, 4974, 4975) 12328.0
(6024, 6025, 6026) 12777.0
(1688, 1689, 1690) 10600.0
(2676, 2677, 2678) 13505.0
(9167, 9168, 9169) 11182.0
(6761, 6762, 6763) 10314.0
(1240, 1241, 1242) 11082.0
(9253, 9254, 9255) 12682.0
(8045, 8046, 8047) 10452.0
(3218, 3219, 3220) 14731.0
(8006, 8007, 8008) 12017.0
(5167, 5168, 5169) 10792.0
(9833, 9834, 9835) 10915.0
(9038, 9039, 9040) 12681.0
(9617, 9618, 9619) 11803.0
(2747, 2748, 2749) 11769.0
(8347, 8348, 8349) 11530.0
(9641, 9642, 9643) 14005.0
(8500, 8501, 8502) 12028.0
(4275, 4276, 4277) 12109.0
(8068, 8069, 8070) 10868.0
(7340, 7341, 7342) 10881.0
(7890, 7891, 7892) 10488.0
(227, 228, 229) 10744.0
(1918, 1919, 1920) 12249.0
(4198, 4199, 4200) 12294.0
(5355, 5356, 5357) 11816.0
(893, 894, 895) 10566.0
(8344, 8345, 8346) 11035.0
(8125, 8126, 8127) 10709.0
(3701, 3702, 3703) 11558.0
(6913, 6914, 6915) 11229.0
(5518, 5519, 5520) 11847.0
(6964, 6965, 6966) 12275.0
(2566, 2567, 2568) 11726.0
(7892, 7893, 7894) 12807.0
(8503, 8504, 8505) 11695.0
(9546, 9547, 9548) 11876.0
(5519, 5520, 5521) 10895.0
(8598, 8599, 8600) 10921.0
(4914, 4915, 4916) 10730.0
(5297, 5298, 5299) 14946.0
(678, 679, 680) 11063.0
(851, 852, 853) 11077.0
(7710, 7711, 7712) 11012.0
(8009, 8010, 8011) 11549.0
(62, 63, 64) 10421.0
(8847, 8848, 8849) 11916.0
(4782, 4783, 4784) 11515.0
(9229, 9230, 9231) 11892.0
(5185, 5186, 5187) 10979.0
(6606, 6607, 6608) 9871.0
(2843, 2844, 2845) 10608.0
(6465, 6466, 6467) 11406.0
(1383, 1384, 1385) 11682.0
(9434, 9435, 9436) 10952.0
(182, 183, 184) 12714.0
(9254, 9255, 9256) 12093.0
(5463, 5464, 5465) 12101.0
(4520, 4521, 4522) 12192.0
(5670, 5671, 5672) 11281.0
(7800, 7801, 7802) 11289.0
(3704, 3705, 3706) 10659.0
(3104, 3105, 3106) 11089.0
(4208, 4209, 4210) 11470.0
(2325, 2326, 2327) 9281.0
(1732, 1733, 1734) 10710.0
(6703, 6704, 6705) 10297.0
(2052, 2053, 2054) 10286.0
(7071, 7072, 7073) 10553.0
(9217, 9218, 9219) 10323.0
(8699, 8700, 8701) 12120.0
(6740, 6741, 6742) 10957.0
(331, 332, 333) 11063.0
(3062, 3063, 3064) 12441.0
(8175, 8176, 8177) 10887.0
(3527, 3528, 3529) 9971.0
(2164, 2165, 2166) 12425.0
(9135, 9136, 9137) 13287.0
(2158, 2159, 2160) 11776.0
(4143, 4144, 4145) 10858.0
(133, 134, 135) 10400.0
(2807, 2808, 2809) 10669.0
(4914, 4915, 4916) 10730.0
(7436, 7437, 7438) 11355.0
(5312, 5313, 5314) 13799.0
(6350, 6351, 6352) 12270.0
(3196, 3197, 3198) 11098.0
(516, 517, 518) 11125.0
(5027, 5028, 5029) 11394.0
(3114, 3115, 3116) 10204.0
(5923, 5924, 5925) 11766.0
(3047, 3048, 3049) 10802.0
(3995, 3996, 3997) 10605.0
(2715, 2716, 2717) 10918.0
(1955, 1956, 1957) 13383.0
(8557, 8558, 8559) 11453.0
(1579, 1580, 1581) 11973.0
(4149, 4150, 4151) 11257.0
(7995, 7996, 7997) 11339.0
(4647, 4648, 4649) 10908.0
(9729, 9730, 9731) 10663.0
(6268, 6269, 6270) 12255.0
(4727, 4728, 4729) 11314.0
(1414, 1415, 1416) 10868.0
(6347, 6348, 6349) 9549.0
(6071, 6072, 6073) 9604.0
(829, 830, 831) 11136.0
(3109, 3110, 3111) 12194.0
(241, 242, 243) 11748.0
(4928, 4929, 4930) 11022.0
(5486, 5487, 5488) 11160.0
(7218, 7219, 7220) 10340.0
(4738, 4739, 4740) 11143.0
(8710, 8711, 8712) 11013.0
(5599, 5600, 5601) 13477.0
(6258, 6259, 6260) 11014.0
(7528, 7529, 7530) 11538.0
(2488, 2489, 2490) 11864.0
(1654, 1655, 1656) 11802.0
(8480, 8481, 8482) 12452.0
(5184, 5185, 5186) 11254.0
(7307, 7308, 7309) 10286.0
(3739, 3740, 3741) 11252.0
(7837, 7838, 7839) 10487.0
(4467, 4468, 4469) 11041.0
(3481, 3482, 3483) 10803.0
(8861, 8862, 8863) 11153.0
(726, 727, 728) 11286.0
(1158, 1159, 1160) 10877.0
(6945, 6946, 6947) 11606.0
(6984, 6985, 6986) 12752.0
(3184, 3185, 3186) 10219.0
(7446, 7447, 7448) 10695.0
(8623, 8624, 8625) 11284.0
(4132, 4133, 4134) 11376.0
(2965, 2966, 2967) 11354.0
(1124, 1125, 1126) 10885.0
(6394, 6395, 6396) 12421.0
(147, 148, 149) 10268.0
(9698, 9699, 9700) 10696.0
(4291, 4292, 4293) 11953.0
(4349, 4350, 4351) 10248.0
(8645, 8646, 8647) 10220.0
(9611, 9612, 9613) 12534.0
(7790, 7791, 7792) 12926.0
(6131, 6132, 6133) 10495.0
(15, 16, 17) 11283.0
(1570, 1571, 1572) 12746.0
(9349, 9350, 9351) 11024.0
(6933, 6934, 6935) 11800.0
(4016, 4017, 4018) 11832.0
(5635, 5636, 5637) 10773.0
(5730, 5731, 5732) 13520.0
(7454, 7455, 7456) 11067.0
(9804, 9805, 9806) 11736.0
(3103, 3104, 3105) 11762.0
(9109, 9110, 9111) 11128.0
(5216, 5217, 5218) 10536.0
(4600, 4601, 4602) 12871.0
(5351, 5352, 5353) 12637.0
(2877, 2878, 2879) 9267.0
(7786, 7787, 7788) 11869.0
(239, 240, 241) 11609.0
(4102, 4103, 4104) 12597.0
(8132, 8133, 8134) 10576.0
(6192, 6193, 6194) 10840.0
(4673, 4674, 4675) 12262.0
(63, 64, 65) 10429.0
(5142, 5143, 5144) 13928.0
(7852, 7853, 7854) 11482.0
(7295, 7296, 7297) 11879.0
(3396, 3397, 3398) 10800.0
(3284, 3285, 3286) 11291.0
