(7327, 7328, 7329) 993.0
(8471, 8472, 8473) 1199.0
(6423, 6424, 6425) 1259.0
(612, 613, 614) 989.0
(4885, 4886, 4887) 1160.0
(5700, 5701, 5702) 1086.0
(1658, 1659, 1660) 1402.0
(2194, 2195, 2196) 1103.0
(4100, 4101, 4102) 1159.0
(6680, 6681, 6682) 929.0
(8181, 8182, 8183) 932.0
(1702, 1703, 1704) 1195.0
(2561, 2562, 2563) 1131.0
(5011, 5012, 5013) 1022.0
(5410, 5411, 5412) 1104.0
(7272, 7273, 7274) 1243.0
(6623, 6624, 6625) 1029.0
(3665, 3666, 3667) 955.0
(1521, 1522, 1523) 1130.0
(8508, 8509, 8510) 1194.0
(9263, 9264, 9265) 743.0
(2814, 2815, 2816) 1198.0
(9824, 9825, 9826) 1226.0
(7585, 7586, 7587) 1260.0
(9903, 9904, 9905) 890.0
(2626, 2627, 2628) 1300.0
(2051, 2052, 2053) 1022.0
(346, 347, 348) 1131.0
(2840, 2841, 2842) 811.0
(7256, 7257, 7258) 852.0
(4573, 4574, 4575) 1006.0
(8750, 8751, 8752) 969.0
(1901, 1902, 1903) 978.0
(2993, 2994, 2995) 1178.0
(5138, 5139, 5140) 1344.0
(6401, 6402, 6403) 1009.0
(2174, 2175, 2176) 996.0
(6053, 6054, 6055) 1487.0
(9665, 9666, 9667) 1004.0
(4783, 4784, 4785) 936.0
(4753, 4754, 4755) 1262.0
(4058, 4059, 4060) 1022.0
(7280, 7281, 7282) 991.0
(5145, 5146, 5147) 881.0
(7343, 7344, 7345) 947.0
(2904, 2905, 2906) 1104.0
(6056, 6057, 6058) 1477.0
(4965, 4966, 4967) 1035.0
(104, 105, 106) 1460.0
(3049, 3050, 3051) 932.0
(8353, 8354, 8355) 992.0
(1016, 1017, 1018) 1052.0
(3311, 3312, 3313) 1277.0
(8054, 8055, 8056) 1167.0
(8544, 8545, 8546) 795.0
(2578, 2579, 2580) 697.0
(1910, 1911, 1912) 905.0
(916, 917, 918) 1340.0
(4879, 4880, 4881) 1004.0
(1034, 1035, 1036) 859.0
(5709, 5710, 5711) 1254.0
(263, 264, 265) 1192.0
(9517, 9518, 9519) 1362.0
(3657, 3658, 3659) 1495.0
(5878, 5879, 5880) 1030.0
(9818, 9819, 9820) 982.0
(1308, 1309, 1310) 884.0
(7374, 7375, 7376) 929.0
(3292, 3293, 3294) 662.0
(6458, 6459, 6460) 869.0
(7077, 7078, 7079) 1052.0
(8969, 8970, 8971) 872.0
(9220, 9221, 9222) 977.0
(7564, 7565, 7566) 1027.0
(2372, 2373, 2374) 961.0
(6164, 6165, 6166) 936.0
(9816, 9817, 9818) 1115.0
(2456, 2457, 2458) 1208.0
(8862, 8863, 8864) 863.0
(9108, 9109, 9110) 1011.0
(7512, 7513, 7514) 992.0
(43, 44, 45) 1005.0
(360, 361, 362) 990.0
(2171, 2172, 2173) 1251.0
(9176, 9177, 9178) 892.0
(4936, 4937, 4938) 827.0
(4474, 4475, 4476) 1239.0
(8438, 8439, 8440) 1231.0
(2140, 2141, 2142) 1174.0
(9726, 9727, 9728) 1144.0
(3240, 3241, 3242) 1016.0
(6426, 6427, 6428) 925.0
(6724, 6725, 6726) 802.0
(1367, 1368, 1369) 1055.0
(9901, 9902, 9903) 808.0
(5838, 5839, 5840) 948.0
(8924, 8925, 8926) 778.0
(4560, 4561, 4562) 1470.0
(6844, 6845, 6846) 1085.0
(7412, 7413, 7414) 1592.0
(5026, 5027, 5028) 1071.0
(1077, 1078, 1079) 1031.0
(2853, 2854, 2855) 1126.0
(9266, 9267, 9268) 704.0
(6521, 6522, 6523) 934.0
(6996, 6997, 6998) 908.0
(633, 634, 635) 1335.0
(9588, 9589, 9590) 1038.0
(9342, 9343, 9344) 932.0
(7784, 7785, 7786) 734.0
(1517, 1518, 1519) 1351.0
(2922, 2923, 2924) 992.0
(1417, 1418, 1419) 801.0
(4632, 4633, 4634) 821.0
(7855, 7856, 7857) 1200.0
(3843, 3844, 3845) 793.0
(3448, 3449, 3450) 865.0
(5549, 5550, 5551) 766.0
(7882, 7883, 7884) 1276.0
(1528, 1529, 1530) 1061.0
(6649, 6650, 6651) 1041.0
(4298, 4299, 4300) 1195.0
(9366, 9367, 9368) 1219.0
(4388, 4389, 4390) 1038.0
(4410, 4411, 4412) 1436.0
(3704, 3705, 3706) 1095.0
(6718, 6719, 6720) 1227.0
(1961, 1962, 1963) 1196.0
(8517, 8518, 8519) 936.0
(3090, 3091, 3092) 1340.0
(5029, 5030, 5031) 1146.0
(7369, 7370, 7371) 852.0
(1522, 1523, 1524) 1192.0
(5474, 5475, 5476) 973.0
(2863, 2864, 2865) 1011.0
(8060, 8061, 8062) 986.0
(6523, 6524, 6525) 1030.0
(7002, 7003, 7004) 1155.0
(7175, 7176, 7177) 976.0
(4466, 4467, 4468) 1025.0
(9146, 9147, 9148) 998.0
(8728, 8729, 8730) 1045.0
(7549, 7550, 7551) 1163.0
(6008, 6009, 6010) 1104.0
(9219, 9220, 9221) 784.0
(8116, 8117, 8118) 948.0
(1058, 1059, 1060) 930.0
(2465, 2466, 2467) 1051.0
(3341, 3342, 3343) 1010.0
(1631, 1632, 1633) 914.0
(3084, 3085, 3086) 922.0
(1402, 1403, 1404) 1060.0
(5263, 5264, 5265) 1574.0
(1190, 1191, 1192) 939.0
(8472, 8473, 8474) 945.0
(6452, 6453, 6454) 1294.0
(2487, 2488, 2489) 1013.0
(8954, 8955, 8956) 1575.0
(7342, 7343, 7344) 1091.0
(7918, 7919, 7920) 967.0
(2404, 2405, 2406) 1239.0
(291, 292, 293) 818.0
(693, 694, 695) 928.0
(5529, 5530, 5531) 1075.0
(5030, 5031, 5032) 832.0
(5926, 5927, 5928) 751.0
(5903, 5904, 5905) 1015.0
(6366, 6367, 6368) 1272.0
(8596, 8597, 8598) 871.0
(5029, 5030, 5031) 1146.0
(6872, 6873, 6874) 1114.0
(204, 205, 206) 940.0
(641, 642, 643) 1051.0
(2767, 2768, 2769) 1033.0
(2407, 2408, 2409) 907.0
(8892, 8893, 8894) 889.0
(9629, 9630, 9631) 1064.0
(4141, 4142, 4143) 1325.0
(8090, 8091, 8092) 1244.0
(19, 20, 21) 796.0
(4723, 4724, 4725) 1145.0
(3030, 3031, 3032) 1185.0
(8865, 8866, 8867) 1120.0
(8922, 8923, 8924) 997.0
(9999, 10000, 10001) 1302.0
(5827, 5828, 5829) 1097.0
(8161, 8162, 8163) 1029.0
(2105, 2106, 2107) 1009.0
(5792, 5793, 5794) 1002.0
(9224, 9225, 9226) 1228.0
(7124, 7125, 7126) 1133.0
(8107, 8108, 8109) 912.0
(3021, 3022, 3023) 1064.0
(5213, 5214, 5215) 891.0
(4693, 4694, 4695) 1190.0
(1726, 1727, 1728) 1106.0
(1058, 1059, 1060) 930.0
(8438, 8439, 8440) 1231.0
(4315, 4316, 4317) 995.0
(6398, 6399, 6400) 1370.0
(1951, 1952, 1953) 977.0
(6488, 6489, 6490) 1113.0
(3152, 3153, 3154) 1036.0
(7607, 7608, 7609) 964.0
(9339, 9340, 9341) 927.0
(7544, 7545, 7546) 839.0
(8219, 8220, 8221) 887.0
(2972, 2973, 2974) 898.0
(264, 265, 266) 921.0
(6251, 6252, 6253) 929.0
(8904, 8905, 8906) 968.0
(9284, 9285, 9286) 780.0
(6281, 6282, 6283) 1005.0
(9386, 9387, 9388) 911.0
(3903, 3904, 3905) 1074.0
(2091, 2092, 2093) 949.0
(4491, 4492, 4493) 855.0
(4297, 4298, 4299) 1329.0
(2724, 2725, 2726) 1079.0
(6385, 6386, 6387) 1139.0
(6216, 6217, 6218) 927.0
(6893, 6894, 6895) 866.0
(2762, 2763, 2764) 1226.0
(6421, 6422, 6423) 813.0
(806, 807, 808) 1179.0
(7288, 7289, 7290) 1970.0
(5956, 5957, 5958) 1098.0
(2520, 2521, 2522) 940.0
(7124, 7125, 7126) 1133.0
(1894, 1895, 1896) 881.0
(7749, 7750, 7751) 1017.0
(945, 946, 947) 1076.0
(5031, 5032, 5033) 855.0
(7668, 7669, 7670) 1129.0
(6648, 6649, 6650) 955.0
(4353, 4354, 4355) 1225.0
(713, 714, 715) 979.0
(361, 362, 363) 1024.0
(5806, 5807, 5808) 1029.0
(9820, 9821, 9822) 1064.0
(3127, 3128, 3129) 876.0
(2204, 2205, 2206) 872.0
(4407, 4408, 4409) 992.0
(2898, 2899, 2900) 1200.0
(9824, 9825, 9826) 1226.0
(388, 389, 390) 1048.0
(1569, 1570, 1571) 1319.0
(7583, 7584, 7585) 1179.0
(3534, 3535, 3536) 752.0
(6070, 6071, 6072) 823.0
(2835, 2836, 2837) 1355.0
(1132, 1133, 1134) 724.0
(3669, 3670, 3671) 1213.0
(9106, 9107, 9108) 835.0
(5788, 5789, 5790) 1017.0
(7592, 7593, 7594) 962.0
(9716, 9717, 9718) 1187.0
(7237, 7238, 7239) 1112.0
(8653, 8654, 8655) 1040.0
(9825, 9826, 9827) 1051.0
(8121, 8122, 8123) 785.0
(6119, 6120, 6121) 958.0
(3395, 3396, 3397) 1050.0
(3028, 3029, 3030) 931.0
(2304, 2305, 2306) 1067.0
(2617, 2618, 2619) 1189.0
(5700, 5701, 5702) 1086.0
(4333, 4334, 4335) 1240.0
(4915, 4916, 4917) 912.0
(4314, 4315, 4316) 1266.0
(579, 580, 581) 2069.0
(3034, 3035, 3036) 1002.0
(8317, 8318, 8319) 1045.0
(846, 847, 848) 915.0
(5759, 5760, 5761) 995.0
(2135, 2136, 2137) 865.0
(324, 325, 326) 1269.0
(8669, 8670, 8671) 893.0
(1535, 1536, 1537) 1399.0
(5431, 5432, 5433) 934.0
(9981, 9982, 9983) 1184.0
(176, 177, 178) 982.0
(8144, 8145, 8146) 982.0
(8374, 8375, 8376) 871.0
(4240, 4241, 4242) 826.0
(2636, 2637, 2638) 687.0
(8374, 8375, 8376) 871.0
(6224, 6225, 6226) 1048.0
(1197, 1198, 1199) 1144.0
(4946, 4947, 4948) 1141.0
(2227, 2228, 2229) 898.0
(3262, 3263, 3264) 859.0
(3408, 3409, 3410) 1265.0
(1454, 1455, 1456) 1306.0
(9286, 9287, 9288) 884.0
(1423, 1424, 1425) 1189.0
(7654, 7655, 7656) 1195.0
(9888, 9889, 9890) 750.0
(6439, 6440, 6441) 1147.0
(4220, 4221, 4222) 780.0
(590, 591, 592) 1258.0
