(7702, 7703, 7704) 11370.0
(4715, 4716, 4717) 12123.0
(6258, 6259, 6260) 10967.0
(4480, 4481, 4482) 10797.0
(2784, 2785, 2786) 10798.0
(8564, 8565, 8566) 12742.0
(2559, 2560, 2561) 10752.0
(4439, 4440, 4441) 11057.0
(6173, 6174, 6175) 11005.0
(6643, 6644, 6645) 10632.0
(6385, 6386, 6387) 10789.0
(6489, 6490, 6491) 11110.0
(2051, 2052, 2053) 11887.0
(3996, 3997, 3998) 12348.0
(5984, 5985, 5986) 11556.0
(7857, 7858, 7859) 10460.0
(4189, 4190, 4191) 13348.0
(6788, 6789, 6790) 10855.0
(161, 162, 163) 12782.0
(8015, 8016, 8017) 12057.0
(5572, 5573, 5574) 11000.0
(7842, 7843, 7844) 9670.0
(4636, 4637, 4638) 11608.0
(4487, 4488, 4489) 10912.0
(9657, 9658, 9659) 10267.0
(9007, 9008, 9009) 10861.0
(3378, 3379, 3380) 10873.0
(8686, 8687, 8688) 10948.0
(8108, 8109, 8110) 13285.0
(7600, 7601, 7602) 11428.0
(4718, 4719, 4720) 12918.0
(1655, 1656, 1657) 10532.0
(3393, 3394, 3395) 10290.0
(9138, 9139, 9140) 11005.0
(258, 259, 260) 13482.0
(6185, 6186, 6187) 12542.0
(1424, 1425, 1426) 12043.0
(5068, 5069, 5070) 12518.0
(4805, 4806, 4807) 10863.0
(9471, 9472, 9473) 12097.0
(7156, 7157, 7158) 11837.0
(265, 266, 267) 12271.0
(4674, 4675, 4676) 9927.0
(3681, 3682, 3683) 11136.0
(1944, 1945, 1946) 10390.0
(3423, 3424, 3425) 9935.0
(1537, 1538, 1539) 11755.0
(4539, 4540, 4541) 12458.0
(3306, 3307, 3308) 11523.0
(182, 183, 184) 12655.0
(9312, 9313, 9314) 10081.0
(1447, 1448, 1449) 9901.0
(8368, 8369, 8370) 10249.0
(9711, 9712, 9713) 10725.0
(9159, 9160, 9161) 11445.0
(1734, 1735, 1736) 11722.0
(3843, 3844, 3845) 11916.0
(9, 10, 11) 10126.0
(7537, 7538, 7539) 11485.0
(8721, 8722, 8723) 10341.0
(2010, 2011, 2012) 11607.0
(9542, 9543, 9544) 10668.0
(4761, 4762, 4763) 11279.0
(4958, 4959, 4960) 12776.0
(748, 749, 750) 9982.0
(2969, 2970, 2971) 11923.0
(4023, 4024, 4025) 12688.0
(9290, 9291, 9292) 10525.0
(5728, 5729, 5730) 10953.0
(9749, 9750, 9751) 10845.0
(3146, 3147, 3148) 12140.0
(6439, 6440, 6441) 11058.0
(1588, 1589, 1590) 11553.0
(4513, 4514, 4515) 10827.0
(8419, 8420, 8421) 10764.0
(5587, 5588, 5589) 11084.0
(2193, 2194, 2195) 9839.0
(7865, 7866, 7867) 11503.0
(5953, 5954, 5955) 11073.0
(1091, 1092, 1093) 11794.0
(5609, 5610, 5611) 10988.0
(2078, 2079, 2080) 10937.0
(5106, 5107, 5108) 12355.0
(4587, 4588, 4589) 11407.0
(9836, 9837, 9838) 10941.0
(9743, 9744, 9745) 10636.0
(5900, 5901, 5902) 10662.0
(3912, 3913, 3914) 10213.0
(4231, 4232, 4233) 11779.0
(7780, 7781, 7782) 13111.0
(1877, 1878, 1879) 10814.0
(7322, 7323, 7324) 11432.0
(1325, 1326, 1327) 12237.0
(2769, 2770, 2771) 11458.0
(6356, 6357, 6358) 10771.0
(1361, 1362, 1363) 10422.0
(1897, 1898, 1899) 11513.0
(284, 285, 286) 12074.0
(8326, 8327, 8328) 11193.0
(1773, 1774, 1775) 12430.0
(6830, 6831, 6832) 10555.0
(7156, 7157, 7158) 11837.0
(9090, 9091, 9092) 12005.0
(9572, 9573, 9574) 12568.0
(4806, 4807, 4808) 12366.0
(5160, 5161, 5162) 13812.0
(1697, 1698, 1699) 10684.0
(300, 301, 302) 10840.0
(4728, 4729, 4730) 12289.0
(8527, 8528, 8529) 10840.0
(7156, 7157, 7158) 11837.0
(6047, 6048, 6049) 12165.0
(3788, 3789, 3790) 12645.0
(3003, 3004, 3005) 9441.0
(7059, 7060, 7061) 12416.0
(5762, 5763, 5764) 10966.0
(2322, 2323, 2324) 10694.0
(6274, 6275, 6276) 11547.0
(2523, 2524, 2525) 10787.0
(9758, 9759, 9760) 11835.0
(484, 485, 486) 10683.0
(7977, 7978, 7979) 10099.0
(5697, 5698, 5699) 11176.0
(6298, 6299, 6300) 11716.0
(6128, 6129, 6130) 15430.0
(532, 533, 534) 12174.0
(5450, 5451, 5452) 11907.0
(275, 276, 277) 11623.0
(6723, 6724, 6725) 13365.0
(288, 289, 290) 12196.0
(399, 400, 401) 10768.0
(7929, 7930, 7931) 10695.0
(4276, 4277, 4278) 11253.0
(3596, 3597, 3598) 11644.0
(3985, 3986, 3987) 10085.0
(1773, 1774, 1775) 12430.0
(6518, 6519, 6520) 10839.0
(769, 770, 771) 10791.0
(4316, 4317, 4318) 12896.0
(1992, 1993, 1994) 11550.0
(9711, 9712, 9713) 10725.0
(7429, 7430, 7431) 13643.0
(248, 249, 250) 10212.0
(5361, 5362, 5363) 11714.0
(277, 278, 279) 9682.0
(9906, 9907, 9908) 10923.0
(6693, 6694, 6695) 9589.0
(4536, 4537, 4538) 12818.0
(8583, 8584, 8585) 11535.0
(941, 942, 943) 10656.0
(4714, 4715, 4716) 11729.0
(5221, 5222, 5223) 12532.0
(8937, 8938, 8939) 14235.0
(4183, 4184, 4185) 11441.0
(9181, 9182, 9183) 12567.0
(8462, 8463, 8464) 10948.0
(4199, 4200, 4201) 10662.0
(7905, 7906, 7907) 12260.0
(9347, 9348, 9349) 12854.0
(1145, 1146, 1147) 14780.0
(8533, 8534, 8535) 10837.0
(3622, 3623, 3624) 11204.0
(8578, 8579, 8580) 11497.0
(5567, 5568, 5569) 11283.0
(5129, 5130, 5131) 15922.0
(3848, 3849, 3850) 10065.0
(9592, 9593, 9594) 10486.0
(6753, 6754, 6755) 10262.0
(4449, 4450, 4451) 11652.0
(3028, 3029, 3030) 11738.0
(6976, 6977, 6978) 10790.0
(3523, 3524, 3525) 11973.0
(2175, 2176, 2177) 11299.0
(2494, 2495, 2496) 12365.0
(5280, 5281, 5282) 9968.0
(95, 96, 97) 9722.0
(7766, 7767, 7768) 12688.0
(2400, 2401, 2402) 11704.0
(2918, 2919, 2920) 10122.0
(3462, 3463, 3464) 12547.0
(1125, 1126, 1127) 11462.0
(7008, 7009, 7010) 13415.0
(3348, 3349, 3350) 10046.0
(7203, 7204, 7205) 10755.0
(7306, 7307, 7308) 11519.0
(8913, 8914, 8915) 10960.0
(6313, 6314, 6315) 11645.0
(8648, 8649, 8650) 10795.0
(6403, 6404, 6405) 11388.0
(7819, 7820, 7821) 10815.0
(5925, 5926, 5927) 10605.0
(4561, 4562, 4563) 12384.0
(5480, 5481, 5482) 11308.0
(2060, 2061, 2062) 10196.0
(3166, 3167, 3168) 10790.0
(3303, 3304, 3305) 14369.0
(3422, 3423, 3424) 11336.0
(9247, 9248, 9249) 11055.0
(791, 792, 793) 13850.0
(7246, 7247, 7248) 11707.0
(2961, 2962, 2963) 11136.0
