(5622, 5623, 5624) 12380.0
(4845, 4846, 4847) 11417.0
(2759, 2760, 2761) 9822.0
(7398, 7399, 7400) 11789.0
(8037, 8038, 8039) 13167.0
(378, 379, 380) 10414.0
(529, 530, 531) 12461.0
(2629, 2630, 2631) 12772.0
(7562, 7563, 7564) 13177.0
(8405, 8406, 8407) 13767.0
(245, 246, 247) 10496.0
(4492, 4493, 4494) 11172.0
(5104, 5105, 5106) 13098.0
(1628, 1629, 1630) 11911.0
(5774, 5775, 5776) 11288.0
(819, 820, 821) 12985.0
(2402, 2403, 2404) 13216.0
(5918, 5919, 5920) 10945.0
(6776, 6777, 6778) 11820.0
(6787, 6788, 6789) 10954.0
(1999, 2000, 2001) 13411.0
(5799, 5800, 5801) 12837.0
(2680, 2681, 2682) 10939.0
(5872, 5873, 5874) 13308.0
(4655, 4656, 4657) 11093.0
(1814, 1815, 1816) 11300.0
(7854, 7855, 7856) 11144.0
(7321, 7322, 7323) 11928.0
(2445, 2446, 2447) 11060.0
(5552, 5553, 5554) 11252.0
(6612, 6613, 6614) 10710.0
(8239, 8240, 8241) 10267.0
(4849, 4850, 4851) 10705.0
(608, 609, 610) 11110.0
(629, 630, 631) 11676.0
(8026, 8027, 8028) 12069.0
(5222, 5223, 5224) 11654.0
(1630, 1631, 1632) 12841.0
(5547, 5548, 5549) 11745.0
(8995, 8996, 8997) 12246.0
(1135, 1136, 1137) 11261.0
(7756, 7757, 7758) 10723.0
(5853, 5854, 5855) 13192.0
(3151, 3152, 3153) 10734.0
(9956, 9957, 9958) 12405.0
(5365, 5366, 5367) 12897.0
(7883, 7884, 7885) 12059.0
(8003, 8004, 8005) 13462.0
(5002, 5003, 5004) 10167.0
(2726, 2727, 2728) 12700.0
(8324, 8325, 8326) 13391.0
(1077, 1078, 1079) 14094.0
(5164, 5165, 5166) 11740.0
(3642, 3643, 3644) 10434.0
(4243, 4244, 4245) 10976.0
(9146, 9147, 9148) 11557.0
(5905, 5906, 5907) 11319.0
(2228, 2229, 2230) 10225.0
(9523, 9524, 9525) 11537.0
(8049, 8050, 8051) 12671.0
(5805, 5806, 5807) 10222.0
(6603, 6604, 6605) 11102.0
(1151, 1152, 1153) 14816.0
(9661, 9662, 9663) 11172.0
(2912, 2913, 2914) 10181.0
(1728, 1729, 1730) 11966.0
(9320, 9321, 9322) 11893.0
(5635, 5636, 5637) 11033.0
(3729, 3730, 3731) 11520.0
(2926, 2927, 2928) 10619.0
(7507, 7508, 7509) 10875.0
(1108, 1109, 1110) 11813.0
(8932, 8933, 8934) 14655.0
(9186, 9187, 9188) 11758.0
(1793, 1794, 1795) 12474.0
(500, 501, 502) 10295.0
(4775, 4776, 4777) 12473.0
(7651, 7652, 7653) 14010.0
(2020, 2021, 2022) 12213.0
(1265, 1266, 1267) 12673.0
(6456, 6457, 6458) 10342.0
(9847, 9848, 9849) 12025.0
(6525, 6526, 6527) 10946.0
(4973, 4974, 4975) 12814.0
(6052, 6053, 6054) 12628.0
(2493, 2494, 2495) 11328.0
(5530, 5531, 5532) 12792.0
(7885, 7886, 7887) 12043.0
(8566, 8567, 8568) 11781.0
(5173, 5174, 5175) 10140.0
(5874, 5875, 5876) 13134.0
(4214, 4215, 4216) 11473.0
(8051, 8052, 8053) 14990.0
(9808, 9809, 9810) 11517.0
(2077, 2078, 2079) 10811.0
(1420, 1421, 1422) 11463.0
(2284, 2285, 2286) 11768.0
(7359, 7360, 7361) 13194.0
(2230, 2231, 2232) 10551.0
(7439, 7440, 7441) 13240.0
(1629, 1630, 1631) 10628.0
(182, 183, 184) 12750.0
(8281, 8282, 8283) 12781.0
(2595, 2596, 2597) 10435.0
(9434, 9435, 9436) 11299.0
(1932, 1933, 1934) 11654.0
(1942, 1943, 1944) 10888.0
(8401, 8402, 8403) 11451.0
(8427, 8428, 8429) 10227.0
(6926, 6927, 6928) 10498.0
(4262, 4263, 4264) 12761.0
(3456, 3457, 3458) 12237.0
(5117, 5118, 5119) 10084.0
(3392, 3393, 3394) 11405.0
(1464, 1465, 1466) 10823.0
(2517, 2518, 2519) 12774.0
(242, 243, 244) 11161.0
(6200, 6201, 6202) 10657.0
(2398, 2399, 2400) 10921.0
(9409, 9410, 9411) 11804.0
(9130, 9131, 9132) 12557.0
(3101, 3102, 3103) 10543.0
(4979, 4980, 4981) 11437.0
(7012, 7013, 7014) 11749.0
(8401, 8402, 8403) 11451.0
(2973, 2974, 2975) 10715.0
(8243, 8244, 8245) 9981.0
(2004, 2005, 2006) 12180.0
(3928, 3929, 3930) 11844.0
(2011, 2012, 2013) 13013.0
(9117, 9118, 9119) 10066.0
(1970, 1971, 1972) 10903.0
(9870, 9871, 9872) 13072.0
(2923, 2924, 2925) 10246.0
(7476, 7477, 7478) 11785.0
(8042, 8043, 8044) 10888.0
(9827, 9828, 9829) 12256.0
(4513, 4514, 4515) 11030.0
(8071, 8072, 8073) 10680.0
(6908, 6909, 6910) 10648.0
(4447, 4448, 4449) 10717.0
(4322, 4323, 4324) 12015.0
(901, 902, 903) 10326.0
(7525, 7526, 7527) 10286.0
(6655, 6656, 6657) 10174.0
(8796, 8797, 8798) 10514.0
(3819, 3820, 3821) 11519.0
(1429, 1430, 1431) 10572.0
(3140, 3141, 3142) 10295.0
(1098, 1099, 1100) 11705.0
(7017, 7018, 7019) 11848.0
(9875, 9876, 9877) 12043.0
(8971, 8972, 8973) 11896.0
(6930, 6931, 6932) 11908.0
(2714, 2715, 2716) 13101.0
(4829, 4830, 4831) 11343.0
(3636, 3637, 3638) 11162.0
(2784, 2785, 2786) 10797.0
(7275, 7276, 7277) 11652.0
(5292, 5293, 5294) 13601.0
(1189, 1190, 1191) 11168.0
(9801, 9802, 9803) 11950.0
(2730, 2731, 2732) 10977.0
(8999, 9000, 9001) 13364.0
(8194, 8195, 8196) 9960.0
(4305, 4306, 4307) 9978.0
(7935, 7936, 7937) 12167.0
(9137, 9138, 9139) 11567.0
(5257, 5258, 5259) 12268.0
(8494, 8495, 8496) 10319.0
(9495, 9496, 9497) 11537.0
(7658, 7659, 7660) 11521.0
(5606, 5607, 5608) 10531.0
(5650, 5651, 5652) 11865.0
(4155, 4156, 4157) 12875.0
(4463, 4464, 4465) 10632.0
(3013, 3014, 3015) 11684.0
(1072, 1073, 1074) 10648.0
(916, 917, 918) 10538.0
(1405, 1406, 1407) 10735.0
(6866, 6867, 6868) 12681.0
(811, 812, 813) 11060.0
(1392, 1393, 1394) 10789.0
(9336, 9337, 9338) 11904.0
(8642, 8643, 8644) 11211.0
(1670, 1671, 1672) 11493.0
(3807, 3808, 3809) 12444.0
(9841, 9842, 9843) 10358.0
(9693, 9694, 9695) 11709.0
(1036, 1037, 1038) 12499.0
(5536, 5537, 5538) 11971.0
(4506, 4507, 4508) 11203.0
(8517, 8518, 8519) 11674.0
(5966, 5967, 5968) 10972.0
(5901, 5902, 5903) 10944.0
(9693, 9694, 9695) 11709.0
(8883, 8884, 8885) 10828.0
(5060, 5061, 5062) 11088.0
(9454, 9455, 9456) 11244.0
(2253, 2254, 2255) 10597.0
(2232, 2233, 2234) 12080.0
