(9706, 9707, 9708) 10803.0
(9300, 9301, 9302) 12435.0
(4360, 4361, 4362) 11418.0
(2830, 2831, 2832) 11179.0
(1545, 1546, 1547) 10960.0
(3325, 3326, 3327) 11412.0
(5071, 5072, 5073) 11869.0
(1275, 1276, 1277) 11158.0
(5259, 5260, 5261) 12960.0
(9286, 9287, 9288) 11134.0
(4009, 4010, 4011) 11082.0
(4326, 4327, 4328) 11901.0
(3124, 3125, 3126) 10244.0
(3092, 3093, 3094) 11328.0
(8257, 8258, 8259) 11407.0
(5957, 5958, 5959) 12648.0
(5579, 5580, 5581) 12458.0
(6863, 6864, 6865) 11982.0
(10, 11, 12) 12106.0
(7927, 7928, 7929) 10722.0
(8897, 8898, 8899) 10836.0
(9993, 9994, 9995) 11504.0
(1100, 1101, 1102) 12420.0
(9859, 9860, 9861) 11892.0
(1276, 1277, 1278) 11615.0
(2341, 2342, 2343) 10291.0
(1482, 1483, 1484) 13776.0
(7816, 7817, 7818) 12891.0
(2781, 2782, 2783) 11241.0
(4535, 4536, 4537) 13420.0
(5869, 5870, 5871) 11858.0
(5053, 5054, 5055) 12480.0
(2536, 2537, 2538) 11022.0
(328, 329, 330) 11719.0
(7388, 7389, 7390) 12358.0
(7301, 7302, 7303) 11495.0
(2970, 2971, 2972) 11747.0
(6401, 6402, 6403) 11130.0
(2458, 2459, 2460) 11517.0
(7587, 7588, 7589) 12366.0
(3867, 3868, 3869) 11585.0
(985, 986, 987) 12060.0
(2451, 2452, 2453) 10362.0
(8902, 8903, 8904) 11461.0
(1271, 1272, 1273) 11902.0
(7692, 7693, 7694) 13557.0
(4724, 4725, 4726) 14150.0
(1799, 1800, 1801) 11314.0
(1290, 1291, 1292) 10852.0
(780, 781, 782) 11266.0
(155, 156, 157) 12301.0
(2667, 2668, 2669) 12149.0
(3522, 3523, 3524) 11329.0
(2294, 2295, 2296) 10881.0
(8596, 8597, 8598) 13579.0
(5963, 5964, 5965) 11084.0
(1547, 1548, 1549) 12212.0
(472, 473, 474) 10746.0
(3318, 3319, 3320) 9999.0
(8581, 8582, 8583) 12068.0
(8497, 8498, 8499) 13108.0
(7844, 7845, 7846) 11309.0
(6549, 6550, 6551) 14308.0
(6160, 6161, 6162) 12672.0
(7244, 7245, 7246) 12931.0
(6474, 6475, 6476) 11788.0
(3522, 3523, 3524) 11329.0
(1242, 1243, 1244) 11546.0
(2556, 2557, 2558) 12185.0
(7970, 7971, 7972) 12836.0
(5188, 5189, 5190) 12512.0
(3207, 3208, 3209) 11588.0
(4800, 4801, 4802) 11183.0
(1553, 1554, 1555) 14331.0
(9027, 9028, 9029) 10511.0
(2555, 2556, 2557) 12284.0
(7038, 7039, 7040) 13239.0
(8437, 8438, 8439) 11953.0
(7465, 7466, 7467) 10513.0
(3558, 3559, 3560) 11739.0
(7994, 7995, 7996) 10429.0
(1591, 1592, 1593) 11750.0
(2269, 2270, 2271) 12205.0
(6632, 6633, 6634) 11483.0
(8880, 8881, 8882) 12376.0
(6885, 6886, 6887) 11906.0
(7171, 7172, 7173) 10790.0
(1837, 1838, 1839) 10832.0
(4228, 4229, 4230) 11129.0
(3971, 3972, 3973) 11730.0
(5369, 5370, 5371) 10825.0
(3239, 3240, 3241) 11520.0
(3468, 3469, 3470) 12979.0
(1836, 1837, 1838) 10961.0
(4184, 4185, 4186) 10421.0
(8358, 8359, 8360) 13478.0
(2269, 2270, 2271) 12205.0
(4706, 4707, 4708) 11067.0
(2833, 2834, 2835) 11630.0
(6584, 6585, 6586) 12082.0
(7863, 7864, 7865) 10739.0
(4486, 4487, 4488) 11174.0
(6216, 6217, 6218) 11701.0
(5177, 5178, 5179) 12149.0
(8762, 8763, 8764) 11615.0
(8488, 8489, 8490) 11186.0
(9457, 9458, 9459) 16218.0
(6760, 6761, 6762) 11493.0
(5978, 5979, 5980) 10540.0
(2352, 2353, 2354) 11946.0
(2474, 2475, 2476) 12310.0
(9296, 9297, 9298) 10645.0
(616, 617, 618) 10671.0
(4084, 4085, 4086) 12912.0
(7736, 7737, 7738) 11157.0
(986, 987, 988) 11818.0
(395, 396, 397) 13028.0
(3627, 3628, 3629) 11135.0
(3599, 3600, 3601) 11576.0
(9661, 9662, 9663) 11425.0
(6828, 6829, 6830) 11734.0
(6728, 6729, 6730) 12704.0
(665, 666, 667) 10947.0
(9052, 9053, 9054) 10871.0
(1511, 1512, 1513) 10144.0
(6929, 6930, 6931) 11368.0
(6592, 6593, 6594) 11703.0
(2691, 2692, 2693) 13944.0
(5136, 5137, 5138) 14161.0
(9477, 9478, 9479) 11273.0
(8308, 8309, 8310) 12292.0
(9939, 9940, 9941) 11746.0
(3132, 3133, 3134) 12712.0
(3241, 3242, 3243) 11152.0
(604, 605, 606) 13199.0
(7048, 7049, 7050) 12233.0
(3307, 3308, 3309) 13057.0
(5663, 5664, 5665) 11110.0
(8544, 8545, 8546) 11161.0
(1378, 1379, 1380) 10063.0
(9223, 9224, 9225) 11508.0
(7401, 7402, 7403) 12340.0
(7415, 7416, 7417) 11154.0
(2600, 2601, 2602) 12251.0
(2392, 2393, 2394) 11061.0
(9090, 9091, 9092) 12108.0
(6789, 6790, 6791) 13570.0
(3190, 3191, 3192) 11548.0
(5841, 5842, 5843) 11835.0
(7919, 7920, 7921) 13742.0
(9367, 9368, 9369) 11970.0
(2312, 2313, 2314) 11301.0
(8804, 8805, 8806) 11686.0
(527, 528, 529) 13877.0
(83, 84, 85) 10149.0
(259, 260, 261) 11850.0
(5019, 5020, 5021) 10550.0
(952, 953, 954) 10859.0
(5500, 5501, 5502) 10174.0
(9625, 9626, 9627) 12517.0
(1592, 1593, 1594) 10942.0
(9018, 9019, 9020) 11819.0
(1654, 1655, 1656) 11951.0
(7483, 7484, 7485) 11195.0
(2152, 2153, 2154) 11959.0
(357, 358, 359) 11313.0
(8009, 8010, 8011) 11706.0
(9936, 9937, 9938) 11050.0
(6166, 6167, 6168) 11599.0
(3979, 3980, 3981) 13241.0
(3929, 3930, 3931) 12118.0
(8012, 8013, 8014) 12593.0
(8604, 8605, 8606) 12448.0
(8602, 8603, 8604) 11097.0
(1570, 1571, 1572) 13070.0
(7223, 7224, 7225) 13929.0
(232, 233, 234) 11982.0
(7046, 7047, 7048) 11189.0
(8245, 8246, 8247) 11465.0
(885, 886, 887) 12283.0
(9359, 9360, 9361) 11681.0
(1395, 1396, 1397) 10603.0
(4647, 4648, 4649) 11258.0
(1939, 1940, 1941) 13727.0
(8912, 8913, 8914) 12286.0
(748, 749, 750) 10157.0
(5143, 5144, 5145) 14304.0
(2202, 2203, 2204) 11669.0
(6213, 6214, 6215) 11391.0
(7075, 7076, 7077) 11705.0
(3768, 3769, 3770) 10247.0
(6746, 6747, 6748) 11293.0
(7310, 7311, 7312) 10912.0
(3236, 3237, 3238) 11211.0
(8745, 8746, 8747) 12530.0
(5516, 5517, 5518) 10488.0
(7811, 7812, 7813) 10959.0
(1311, 1312, 1313) 11816.0
(6816, 6817, 6818) 9799.0
(2411, 2412, 2413) 10518.0
(6738, 6739, 6740) 11481.0
