(8008, 8009, 8010) 11610.0
(3255, 3256, 3257) 11145.0
(9512, 9513, 9514) 10847.0
(304, 305, 306) 11534.0
(2128, 2129, 2130) 10702.0
(6073, 6074, 6075) 11110.0
(339, 340, 341) 10599.0
(5579, 5580, 5581) 12193.0
(8676, 8677, 8678) 11344.0
(5817, 5818, 5819) 11243.0
(304, 305, 306) 11534.0
(4994, 4995, 4996) 12867.0
(7689, 7690, 7691) 12341.0
(2534, 2535, 2536) 10801.0
(4873, 4874, 4875) 11218.0
(2401, 2402, 2403) 14095.0
(8649, 8650, 8651) 12169.0
(2482, 2483, 2484) 11186.0
(8016, 8017, 8018) 11260.0
(9582, 9583, 9584) 10486.0
(8647, 8648, 8649) 10823.0
(9085, 9086, 9087) 13432.0
(9380, 9381, 9382) 12453.0
(2590, 2591, 2592) 13684.0
(6513, 6514, 6515) 12522.0
(8744, 8745, 8746) 11600.0
(5920, 5921, 5922) 11688.0
(9041, 9042, 9043) 12115.0
(9994, 9995, 9996) 11811.0
(442, 443, 444) 11381.0
(9127, 9128, 9129) 10432.0
(2036, 2037, 2038) 11549.0
(3640, 3641, 3642) 12126.0
(3604, 3605, 3606) 13256.0
(5230, 5231, 5232) 10862.0
(1884, 1885, 1886) 12510.0
(2794, 2795, 2796) 11363.0
(6709, 6710, 6711) 11371.0
(2088, 2089, 2090) 11814.0
(7908, 7909, 7910) 12575.0
(7306, 7307, 7308) 11883.0
(7620, 7621, 7622) 11079.0
(4806, 4807, 4808) 12718.0
(571, 572, 573) 11887.0
(2954, 2955, 2956) 11771.0
(7204, 7205, 7206) 10967.0
(3749, 3750, 3751) 12259.0
(8322, 8323, 8324) 14103.0
(7694, 7695, 7696) 10822.0
(1363, 1364, 1365) 10198.0
(6508, 6509, 6510) 10004.0
(5570, 5571, 5572) 11322.0
(2111, 2112, 2113) 13105.0
(1026, 1027, 1028) 11855.0
(1149, 1150, 1151) 12059.0
(8348, 8349, 8350) 11630.0
(7372, 7373, 7374) 11588.0
(1165, 1166, 1167) 10099.0
(2574, 2575, 2576) 11812.0
(4252, 4253, 4254) 11598.0
(3315, 3316, 3317) 11707.0
(8892, 8893, 8894) 12093.0
(6772, 6773, 6774) 10131.0
(8219, 8220, 8221) 10670.0
(7212, 7213, 7214) 14025.0
(873, 874, 875) 13382.0
(2570, 2571, 2572) 11747.0
(6381, 6382, 6383) 11984.0
(5688, 5689, 5690) 13482.0
(6187, 6188, 6189) 10925.0
(7636, 7637, 7638) 11119.0
(6559, 6560, 6561) 14579.0
(8418, 8419, 8420) 12128.0
(7488, 7489, 7490) 12581.0
(6743, 6744, 6745) 11460.0
(3268, 3269, 3270) 11971.0
(4221, 4222, 4223) 11963.0
(7963, 7964, 7965) 12465.0
(3217, 3218, 3219) 11291.0
(1333, 1334, 1335) 12610.0
(6229, 6230, 6231) 11823.0
(6624, 6625, 6626) 12655.0
(7853, 7854, 7855) 11120.0
(9922, 9923, 9924) 11243.0
(4087, 4088, 4089) 11643.0
(2617, 2618, 2619) 10839.0
(1660, 1661, 1662) 11879.0
(6522, 6523, 6524) 13180.0
(2392, 2393, 2394) 11292.0
(8975, 8976, 8977) 12638.0
(7592, 7593, 7594) 15704.0
(3153, 3154, 3155) 11410.0
(2901, 2902, 2903) 11725.0
(5223, 5224, 5225) 13411.0
(3092, 3093, 3094) 11343.0
(804, 805, 806) 11702.0
(5988, 5989, 5990) 11495.0
(2810, 2811, 2812) 12146.0
(7160, 7161, 7162) 11822.0
(6855, 6856, 6857) 13158.0
(3728, 3729, 3730) 12921.0
(5144, 5145, 5146) 12364.0
(1920, 1921, 1922) 13665.0
(8516, 8517, 8518) 11472.0
(552, 553, 554) 11552.0
(5686, 5687, 5688) 12740.0
(155, 156, 157) 12449.0
(7160, 7161, 7162) 11822.0
(7988, 7989, 7990) 12274.0
(5670, 5671, 5672) 11848.0
(8630, 8631, 8632) 10518.0
(115, 116, 117) 15241.0
(9907, 9908, 9909) 10506.0
(7847, 7848, 7849) 12314.0
(7899, 7900, 7901) 11314.0
(6499, 6500, 6501) 12435.0
(8906, 8907, 8908) 10859.0
(1389, 1390, 1391) 14216.0
(9916, 9917, 9918) 11527.0
(731, 732, 733) 13445.0
(2709, 2710, 2711) 10217.0
(2862, 2863, 2864) 12035.0
(1234, 1235, 1236) 10597.0
(8809, 8810, 8811) 12270.0
(6873, 6874, 6875) 12548.0
(5709, 5710, 5711) 13096.0
(5797, 5798, 5799) 10012.0
(8371, 8372, 8373) 14140.0
(8532, 8533, 8534) 11515.0
(214, 215, 216) 11317.0
(5141, 5142, 5143) 12183.0
(7016, 7017, 7018) 12132.0
(9439, 9440, 9441) 13345.0
(2790, 2791, 2792) 13089.0
(4627, 4628, 4629) 12507.0
(2623, 2624, 2625) 11542.0
(9268, 9269, 9270) 10892.0
(9170, 9171, 9172) 11427.0
(7318, 7319, 7320) 12548.0
(779, 780, 781) 12506.0
(413, 414, 415) 11352.0
(7842, 7843, 7844) 10056.0
(4228, 4229, 4230) 11466.0
(5389, 5390, 5391) 11001.0
(4192, 4193, 4194) 12517.0
(5070, 5071, 5072) 11361.0
(1417, 1418, 1419) 10448.0
(4666, 4667, 4668) 11740.0
(4175, 4176, 4177) 11585.0
(4127, 4128, 4129) 11240.0
(8647, 8648, 8649) 10823.0
(5840, 5841, 5842) 11080.0
(1147, 1148, 1149) 10615.0
(7199, 7200, 7201) 11762.0
(1150, 1151, 1152) 14082.0
(4268, 4269, 4270) 11437.0
(4502, 4503, 4504) 12389.0
(6336, 6337, 6338) 12204.0
(1780, 1781, 1782) 10841.0
(3659, 3660, 3661) 11147.0
(8678, 8679, 8680) 13528.0
(4336, 4337, 4338) 11901.0
(3768, 3769, 3770) 10520.0
(278, 279, 280) 11843.0
(9072, 9073, 9074) 13077.0
(2649, 2650, 2651) 13252.0
(2425, 2426, 2427) 11329.0
(2993, 2994, 2995) 12082.0
(2082, 2083, 2084) 11292.0
(1176, 1177, 1178) 11885.0
(583, 584, 585) 11733.0
(6088, 6089, 6090) 12180.0
(649, 650, 651) 12194.0
(1021, 1022, 1023) 11969.0
(4244, 4245, 4246) 13113.0
(5940, 5941, 5942) 12055.0
(5887, 5888, 5889) 11991.0
(2798, 2799, 2800) 13971.0
(3647, 3648, 3649) 11576.0
(6174, 6175, 6176) 11159.0
(2138, 2139, 2140) 11397.0
(5857, 5858, 5859) 12673.0
(3519, 3520, 3521) 10299.0
(7011, 7012, 7013) 16120.0
(8100, 8101, 8102) 11831.0
(7471, 7472, 7473) 13160.0
(8436, 8437, 8438) 13222.0
(6403, 6404, 6405) 11659.0
(2414, 2415, 2416) 13556.0
(5426, 5427, 5428) 11428.0
(5701, 5702, 5703) 11046.0
(8353, 8354, 8355) 11299.0
(8899, 8900, 8901) 10846.0
(3623, 3624, 3625) 12167.0
(4683, 4684, 4685) 11634.0
(7564, 7565, 7566) 11980.0
(5485, 5486, 5487) 14912.0
(5798, 5799, 5800) 11640.0
(3663, 3664, 3665) 10694.0
(8840, 8841, 8842) 11508.0
(3546, 3547, 3548) 10782.0
