(4508, 4509, 4510) 12110.0
(4945, 4946, 4947) 11459.0
(2182, 2183, 2184) 11927.0
(8066, 8067, 8068) 14115.0
(5720, 5721, 5722) 11116.0
(7209, 7210, 7211) 11059.0
(6440, 6441, 6442) 13316.0
(2593, 2594, 2595) 11987.0
(6951, 6952, 6953) 11574.0
(9828, 9829, 9830) 12752.0
(475, 476, 477) 11922.0
(6923, 6924, 6925) 11457.0
(130, 131, 132) 12724.0
(9134, 9135, 9136) 14931.0
(7453, 7454, 7455) 10535.0
(4294, 4295, 4296) 13327.0
(3897, 3898, 3899) 12815.0
(7849, 7850, 7851) 12257.0
(9818, 9819, 9820) 11935.0
(9914, 9915, 9916) 13108.0
(9228, 9229, 9230) 11878.0
(9633, 9634, 9635) 11275.0
(2973, 2974, 2975) 10997.0
(5666, 5667, 5668) 13597.0
(34, 35, 36) 12056.0
(2219, 2220, 2221) 11421.0
(7460, 7461, 7462) 9954.0
(3099, 3100, 3101) 13007.0
(640, 641, 642) 12027.0
(3151, 3152, 3153) 10695.0
(4321, 4322, 4323) 11834.0
(1956, 1957, 1958) 11490.0
(701, 702, 703) 13050.0
(8126, 8127, 8128) 13282.0
(5343, 5344, 5345) 12887.0
(7494, 7495, 7496) 12401.0
(8887, 8888, 8889) 11592.0
(6404, 6405, 6406) 13126.0
(8665, 8666, 8667) 12511.0
(8448, 8449, 8450) 11940.0
(3286, 3287, 3288) 10660.0
(6541, 6542, 6543) 11360.0
(9987, 9988, 9989) 11438.0
(751, 752, 753) 12405.0
(1683, 1684, 1685) 12977.0
(2952, 2953, 2954) 12369.0
(2646, 2647, 2648) 10964.0
(1136, 1137, 1138) 11656.0
(2597, 2598, 2599) 12092.0
(989, 990, 991) 10715.0
(9138, 9139, 9140) 11227.0
(4290, 4291, 4292) 10973.0
(3338, 3339, 3340) 12604.0
(6551, 6552, 6553) 12310.0
(2989, 2990, 2991) 11308.0
(7821, 7822, 7823) 11031.0
(8070, 8071, 8072) 10921.0
(2106, 2107, 2108) 11397.0
(9851, 9852, 9853) 11031.0
(8366, 8367, 8368) 11900.0
(4241, 4242, 4243) 13102.0
(2476, 2477, 2478) 11027.0
(4586, 4587, 4588) 10893.0
(165, 166, 167) 12148.0
(4778, 4779, 4780) 13085.0
(4202, 4203, 4204) 11115.0
(4266, 4267, 4268) 10420.0
(9763, 9764, 9765) 14521.0
(5485, 5486, 5487) 14943.0
(3855, 3856, 3857) 11174.0
(9567, 9568, 9569) 12873.0
(7937, 7938, 7939) 10008.0
(1379, 1380, 1381) 14672.0
(850, 851, 852) 11058.0
(8838, 8839, 8840) 10845.0
(1332, 1333, 1334) 11515.0
(3784, 3785, 3786) 12565.0
(6707, 6708, 6709) 12081.0
(7903, 7904, 7905) 13229.0
(1167, 1168, 1169) 12535.0
(746, 747, 748) 13579.0
(8607, 8608, 8609) 12088.0
(8674, 8675, 8676) 9767.0
(2229, 2230, 2231) 11571.0
(6499, 6500, 6501) 12589.0
(9117, 9118, 9119) 10344.0
(4625, 4626, 4627) 12830.0
(8501, 8502, 8503) 11619.0
(8727, 8728, 8729) 12640.0
(5667, 5668, 5669) 10664.0
(8051, 8052, 8053) 15278.0
(7170, 7171, 7172) 11260.0
(81, 82, 83) 11500.0
(3008, 3009, 3010) 10790.0
(8987, 8988, 8989) 13082.0
(1119, 1120, 1121) 11322.0
(1040, 1041, 1042) 12446.0
(122, 123, 124) 11690.0
(1472, 1473, 1474) 13391.0
(5412, 5413, 5414) 12300.0
(3297, 3298, 3299) 11213.0
(6189, 6190, 6191) 12052.0
(7045, 7046, 7047) 12179.0
(6305, 6306, 6307) 13613.0
(4486, 4487, 4488) 11546.0
(6215, 6216, 6217) 11105.0
(3326, 3327, 3328) 10988.0
(999, 1000, 1001) 11649.0
(4442, 4443, 4444) 10846.0
(7433, 7434, 7435) 11578.0
(6291, 6292, 6293) 12503.0
(5223, 5224, 5225) 13735.0
(9067, 9068, 9069) 11310.0
(7624, 7625, 7626) 12680.0
(4366, 4367, 4368) 11442.0
(7233, 7234, 7235) 11250.0
(2360, 2361, 2362) 10992.0
(9232, 9233, 9234) 15284.0
(8462, 8463, 8464) 11321.0
(2590, 2591, 2592) 13858.0
(4900, 4901, 4902) 10709.0
(4167, 4168, 4169) 11272.0
(5957, 5958, 5959) 12864.0
(7878, 7879, 7880) 12041.0
(8802, 8803, 8804) 11919.0
(1585, 1586, 1587) 11782.0
(6800, 6801, 6802) 11151.0
(9815, 9816, 9817) 11449.0
(4312, 4313, 4314) 12935.0
(5143, 5144, 5145) 14343.0
(2268, 2269, 2270) 12030.0
(957, 958, 959) 13684.0
(8157, 8158, 8159) 11657.0
(2437, 2438, 2439) 13314.0
(4909, 4910, 4911) 13553.0
(9189, 9190, 9191) 12632.0
(3485, 3486, 3487) 10982.0
(8464, 8465, 8466) 11086.0
(5893, 5894, 5895) 11099.0
(2435, 2436, 2437) 13031.0
(5162, 5163, 5164) 12237.0
(891, 892, 893) 10676.0
(2640, 2641, 2642) 12606.0
(953, 954, 955) 12610.0
(6948, 6949, 6950) 11495.0
(6038, 6039, 6040) 11910.0
(9820, 9821, 9822) 12327.0
(1153, 1154, 1155) 11166.0
(6791, 6792, 6793) 11733.0
(453, 454, 455) 12326.0
(3879, 3880, 3881) 11025.0
(2768, 2769, 2770) 13713.0
(193, 194, 195) 11019.0
(4932, 4933, 4934) 10296.0
(8169, 8170, 8171) 13189.0
(1785, 1786, 1787) 12121.0
(4445, 4446, 4447) 10792.0
(1187, 1188, 1189) 11468.0
(3811, 3812, 3813) 13062.0
(7220, 7221, 7222) 12783.0
(6232, 6233, 6234) 10257.0
(4703, 4704, 4705) 10834.0
(6620, 6621, 6622) 10953.0
(728, 729, 730) 12301.0
(5620, 5621, 5622) 11688.0
(5349, 5350, 5351) 12318.0
(8872, 8873, 8874) 9929.0
(954, 955, 956) 11511.0
(697, 698, 699) 11459.0
(4246, 4247, 4248) 15364.0
(6276, 6277, 6278) 12498.0
(4499, 4500, 4501) 12641.0
(3025, 3026, 3027) 13489.0
(1954, 1955, 1956) 10518.0
(2123, 2124, 2125) 11713.0
(2782, 2783, 2784) 11742.0
(9906, 9907, 9908) 11406.0
(4246, 4247, 4248) 15364.0
(8554, 8555, 8556) 12424.0
(2814, 2815, 2816) 13062.0
(8304, 8305, 8306) 12589.0
(8474, 8475, 8476) 13808.0
(810, 811, 812) 11974.0
(9336, 9337, 9338) 12568.0
(7217, 7218, 7219) 14219.0
(9220, 9221, 9222) 12879.0
(9363, 9364, 9365) 11032.0
(5502, 5503, 5504) 12105.0
(7257, 7258, 7259) 11912.0
(7122, 7123, 7124) 10898.0
(9853, 9854, 9855) 11166.0
(7143, 7144, 7145) 12171.0
(7251, 7252, 7253) 11477.0
(7622, 7623, 7624) 11238.0
(6129, 6130, 6131) 12517.0
(4634, 4635, 4636) 12134.0
(1677, 1678, 1679) 11507.0
(8267, 8268, 8269) 11953.0
(9373, 9374, 9375) 12904.0
(6499, 6500, 6501) 12589.0
(721, 722, 723) 11009.0
(6184, 6185, 6186) 11663.0
(642, 643, 644) 12102.0
(6732, 6733, 6734) 10710.0
(3457, 3458, 3459) 11374.0
(8777, 8778, 8779) 11595.0
(2091, 2092, 2093) 12178.0
(5437, 5438, 5439) 9807.0
(5339, 5340, 5341) 11541.0
(4320, 4321, 4322) 12359.0
(6879, 6880, 6881) 11286.0
(8887, 8888, 8889) 11592.0
(6282, 6283, 6284) 14215.0
(3232, 3233, 3234) 13483.0
(8681, 8682, 8683) 10495.0
(6282, 6283, 6284) 14215.0
(791, 792, 793) 14523.0
(2110, 2111, 2112) 11931.0
(5190, 5191, 5192) 13430.0
(4377, 4378, 4379) 11890.0
(7827, 7828, 7829) 12878.0
(7449, 7450, 7451) 11200.0
(7044, 7045, 7046) 13285.0
(8696, 8697, 8698) 12729.0
(915, 916, 917) 12022.0
(5438, 5439, 5440) 12256.0
(8762, 8763, 8764) 11779.0
(6919, 6920, 6921) 11551.0
(3527, 3528, 3529) 10608.0
(5264, 5265, 5266) 12413.0
(1650, 1651, 1652) 13592.0
(7271, 7272, 7273) 13153.0
(5135, 5136, 5137) 13278.0
(239, 240, 241) 13424.0
(1550, 1551, 1552) 12217.0
(9629, 9630, 9631) 13086.0
(5047, 5048, 5049) 12110.0
(8913, 8914, 8915) 11743.0
(6543, 6544, 6545) 12193.0
(5130, 5131, 5132) 11130.0
(7229, 7230, 7231) 12940.0
(2420, 2421, 2422) 14735.0
(6403, 6404, 6405) 11669.0
(472, 473, 474) 10815.0
(7788, 7789, 7790) 13084.0
(572, 573, 574) 11505.0
(7829, 7830, 7831) 11802.0
(8441, 8442, 8443) 11468.0
(410, 411, 412) 12160.0
(7010, 7011, 7012) 12791.0
(1499, 1500, 1501) 11583.0
(9726, 9727, 9728) 11321.0
(4985, 4986, 4987) 13239.0
(2946, 2947, 2948) 11309.0
(2314, 2315, 2316) 11797.0
(5228, 5229, 5230) 12147.0
(6228, 6229, 6230) 11738.0
(8079, 8080, 8081) 11968.0
(5008, 5009, 5010) 13773.0
(3136, 3137, 3138) 12732.0
(9093, 9094, 9095) 11756.0
(9634, 9635, 9636) 13629.0
(4185, 4186, 4187) 14556.0
(5433, 5434, 5435) 11907.0
(1326, 1327, 1328) 11310.0
(5531, 5532, 5533) 12607.0
(135, 136, 137) 12436.0
(6389, 6390, 6391) 10174.0
(3999, 4000, 4001) 11310.0
(8052, 8053, 8054) 10428.0
(8009, 8010, 8011) 11965.0
(1468, 1469, 1470) 12474.0
(331, 332, 333) 11838.0
(2090, 2091, 2092) 11796.0
(5407, 5408, 5409) 10310.0
(6850, 6851, 6852) 10053.0
(7938, 7939, 7940) 10803.0
(3380, 3381, 3382) 10701.0
(5510, 5511, 5512) 14211.0
(122, 123, 124) 11690.0
(5114, 5115, 5116) 11844.0
(7144, 7145, 7146) 11816.0
(3910, 3911, 3912) 10780.0
(5853, 5854, 5855) 14004.0
(394, 395, 396) 12450.0
(3653, 3654, 3655) 11419.0
(6405, 6406, 6407) 12004.0
(1130, 1131, 1132) 13989.0
(4506, 4507, 4508) 11400.0
(7923, 7924, 7925) 13382.0
(8613, 8614, 8615) 11884.0
(2723, 2724, 2725) 12170.0
(2518, 2519, 2520) 12950.0
(6237, 6238, 6239) 12880.0
(9204, 9205, 9206) 12634.0
(4665, 4666, 4667) 12760.0
(7036, 7037, 7038) 10508.0
(6097, 6098, 6099) 11677.0
(6015, 6016, 6017) 10345.0
(9419, 9420, 9421) 12293.0
(4722, 4723, 4724) 10674.0
(619, 620, 621) 13412.0
(9779, 9780, 9781) 12795.0
(5949, 5950, 5951) 11802.0
(5581, 5582, 5583) 11708.0
(8189, 8190, 8191) 13426.0
(4361, 4362, 4363) 13486.0
(9055, 9056, 9057) 13553.0
(8056, 8057, 8058) 13425.0
(978, 979, 980) 10817.0
(1433, 1434, 1435) 11572.0
(4476, 4477, 4478) 10779.0
(8124, 8125, 8126) 12256.0
(4149, 4150, 4151) 12352.0
(8285, 8286, 8287) 12855.0
(1007, 1008, 1009) 11722.0
(7183, 7184, 7185) 11579.0
(7101, 7102, 7103) 11556.0
(4717, 4718, 4719) 13156.0
(825, 826, 827) 12957.0
(5674, 5675, 5676) 11012.0
(3569, 3570, 3571) 11739.0
(8308, 8309, 8310) 12583.0
(1667, 1668, 1669) 12695.0
(9690, 9691, 9692) 12218.0
(833, 834, 835) 10946.0
(8744, 8745, 8746) 11613.0
(2566, 2567, 2568) 12429.0
(8829, 8830, 8831) 13809.0
(2159, 2160, 2161) 13638.0
(5139, 5140, 5141) 11056.0
(3627, 3628, 3629) 11439.0
(5060, 5061, 5062) 11449.0
(1379, 1380, 1381) 14672.0
(1237, 1238, 1239) 10541.0
(105, 106, 107) 11716.0
(7280, 7281, 7282) 11717.0
(9161, 9162, 9163) 10726.0
(4198, 4199, 4200) 12999.0
(9837, 9838, 9839) 12769.0
(6330, 6331, 6332) 13735.0
(5557, 5558, 5559) 12214.0
(9022, 9023, 9024) 11761.0
(9632, 9633, 9634) 12410.0
(4430, 4431, 4432) 12066.0
(8273, 8274, 8275) 12862.0
(8008, 8009, 8010) 11972.0
(2371, 2372, 2373) 13376.0
(5073, 5074, 5075) 11778.0
(2056, 2057, 2058) 12285.0
(3134, 3135, 3136) 11770.0
(4501, 4502, 4503) 10545.0
(6159, 6160, 6161) 11144.0
(7217, 7218, 7219) 14219.0
(7782, 7783, 7784) 12094.0
(9137, 9138, 9139) 11539.0
(5969, 5970, 5971) 11624.0
(5099, 5100, 5101) 10448.0
(4724, 4725, 4726) 14222.0
(5932, 5933, 5934) 11007.0
(6917, 6918, 6919) 11693.0
(9648, 9649, 9650) 13280.0
(5465, 5466, 5467) 11506.0
(2472, 2473, 2474) 12283.0
(4411, 4412, 4413) 12390.0
(215, 216, 217) 13757.0
(5231, 5232, 5233) 9943.0
(8350, 8351, 8352) 13478.0
(3487, 3488, 3489) 11887.0
(5078, 5079, 5080) 11811.0
(227, 228, 229) 11373.0
(3209, 3210, 3211) 12224.0
(8225, 8226, 8227) 14279.0
(3307, 3308, 3309) 13282.0
(9861, 9862, 9863) 13701.0
(2360, 2361, 2362) 10992.0
(2424, 2425, 2426) 11753.0
(873, 874, 875) 13193.0
(5632, 5633, 5634) 13926.0
(1294, 1295, 1296) 10851.0
(5361, 5362, 5363) 12080.0
(5331, 5332, 5333) 12303.0
(815, 816, 817) 12098.0
(5745, 5746, 5747) 10575.0
(2985, 2986, 2987) 11959.0
(8469, 8470, 8471) 13777.0
(6219, 6220, 6221) 11306.0
(9496, 9497, 9498) 11308.0
(163, 164, 165) 12084.0
(9274, 9275, 9276) 11173.0
(1204, 1205, 1206) 11904.0
(4218, 4219, 4220) 11067.0
(3060, 3061, 3062) 11263.0
(3857, 3858, 3859) 12443.0
(9539, 9540, 9541) 11875.0
(9979, 9980, 9981) 11699.0
(5554, 5555, 5556) 12833.0
(1250, 1251, 1252) 12508.0
(5270, 5271, 5272) 12426.0
(347, 348, 349) 11479.0
(7729, 7730, 7731) 11577.0
(6616, 6617, 6618) 11884.0
(5361, 5362, 5363) 12080.0
(6471, 6472, 6473) 11679.0
(9513, 9514, 9515) 11643.0
(7209, 7210, 7211) 11059.0
(6466, 6467, 6468) 12918.0
(3630, 3631, 3632) 11962.0
(6808, 6809, 6810) 14064.0
(7730, 7731, 7732) 11007.0
(3462, 3463, 3464) 12849.0
(3293, 3294, 3295) 12834.0
(107, 108, 109) 11402.0
(5822, 5823, 5824) 12710.0
(579, 580, 581) 13624.0
(2085, 2086, 2087) 12172.0
(7873, 7874, 7875) 11096.0
(3980, 3981, 3982) 11444.0
(907, 908, 909) 11730.0
(7025, 7026, 7027) 12341.0
(7822, 7823, 7824) 11660.0
(8324, 8325, 8326) 13864.0
(619, 620, 621) 13412.0
(3409, 3410, 3411) 10664.0
(3802, 3803, 3804) 12135.0
(2619, 2620, 2621) 11012.0
(7624, 7625, 7626) 12680.0
(3043, 3044, 3045) 11826.0
(5640, 5641, 5642) 12500.0
(7995, 7996, 7997) 12407.0
(7790, 7791, 7792) 13671.0
(3373, 3374, 3375) 9834.0
(5680, 5681, 5682) 11463.0
(1303, 1304, 1305) 15118.0
(245, 246, 247) 10841.0
(6628, 6629, 6630) 12431.0
(8077, 8078, 8079) 13979.0
(9583, 9584, 9585) 11690.0
(7402, 7403, 7404) 13276.0
(5737, 5738, 5739) 13783.0
(5255, 5256, 5257) 13436.0
(1323, 1324, 1325) 11781.0
(1562, 1563, 1564) 12040.0
(7120, 7121, 7122) 12673.0
(9184, 9185, 9186) 12186.0
(5363, 5364, 5365) 10360.0
(2413, 2414, 2415) 11045.0
(4424, 4425, 4426) 11465.0
(994, 995, 996) 11983.0
(1738, 1739, 1740) 10613.0
(912, 913, 914) 11670.0
(7979, 7980, 7981) 12758.0
(7987, 7988, 7989) 12263.0
(2117, 2118, 2119) 12711.0
(531, 532, 533) 13388.0
(7612, 7613, 7614) 11111.0
(7997, 7998, 7999) 10013.0
(8851, 8852, 8853) 11539.0
(6409, 6410, 6411) 13089.0
(567, 568, 569) 13006.0
(3124, 3125, 3126) 10676.0
(8476, 8477, 8478) 12430.0
(2901, 2902, 2903) 11823.0
(7565, 7566, 7567) 12993.0
(5714, 5715, 5716) 14586.0
(5363, 5364, 5365) 10360.0
(5012, 5013, 5014) 12166.0
(9803, 9804, 9805) 11077.0
(8224, 8225, 8226) 11679.0
(420, 421, 422) 14065.0
(6735, 6736, 6737) 10240.0
(2517, 2518, 2519) 13328.0
(2734, 2735, 2736) 11009.0
(7955, 7956, 7957) 10977.0
(7820, 7821, 7822) 14365.0
(8988, 8989, 8990) 14160.0
(6214, 6215, 6216) 12624.0
(6490, 6491, 6492) 11430.0
(6193, 6194, 6195) 10969.0
(5550, 5551, 5552) 12642.0
(1531, 1532, 1533) 12085.0
(5904, 5905, 5906) 12477.0
(9306, 9307, 9308) 11583.0
(3743, 3744, 3745) 11814.0
(311, 312, 313) 11611.0
(7115, 7116, 7117) 11017.0
(8006, 8007, 8008) 12251.0
(1988, 1989, 1990) 11068.0
(2870, 2871, 2872) 13469.0
(1189, 1190, 1191) 11590.0
(3314, 3315, 3316) 11832.0
(3012, 3013, 3014) 11512.0
(7005, 7006, 7007) 12209.0
(4326, 4327, 4328) 11970.0
(7718, 7719, 7720) 13095.0
(575, 576, 577) 11162.0
(4617, 4618, 4619) 11258.0
(4810, 4811, 4812) 12129.0
(6444, 6445, 6446) 11483.0
(6941, 6942, 6943) 14183.0
(9676, 9677, 9678) 11919.0
(5106, 5107, 5108) 12658.0
(5828, 5829, 5830) 10519.0
(6651, 6652, 6653) 12358.0
(3370, 3371, 3372) 12174.0
(2328, 2329, 2330) 11843.0
(780, 781, 782) 11397.0
(403, 404, 405) 12287.0
(1590, 1591, 1592) 11015.0
(4589, 4590, 4591) 13717.0
(7553, 7554, 7555) 12552.0
(2813, 2814, 2815) 10308.0
(1570, 1571, 1572) 13229.0
(6501, 6502, 6503) 12862.0
(5368, 5369, 5370) 12307.0
(8773, 8774, 8775) 11430.0
(522, 523, 524) 12353.0
(8582, 8583, 8584) 11617.0
(5076, 5077, 5078) 12106.0
(888, 889, 890) 12585.0
(103, 104, 105) 11597.0
(2246, 2247, 2248) 11456.0
(4434, 4435, 4436) 13302.0
(7240, 7241, 7242) 11403.0
(4135, 4136, 4137) 12426.0
(4804, 4805, 4806) 13225.0
(9101, 9102, 9103) 13878.0
(753, 754, 755) 11713.0
(2139, 2140, 2141) 12678.0
(9353, 9354, 9355) 12934.0
(3402, 3403, 3404) 13949.0
(7806, 7807, 7808) 11806.0
(8306, 8307, 8308) 12743.0
(3842, 3843, 3844) 13519.0
(5609, 5610, 5611) 11517.0
(6790, 6791, 6792) 11524.0
(2071, 2072, 2073) 12045.0
(4008, 4009, 4010) 12584.0
(1972, 1973, 1974) 11369.0
(9875, 9876, 9877) 12420.0
(3223, 3224, 3225) 11517.0
(8456, 8457, 8458) 12562.0
(5964, 5965, 5966) 11322.0
(2182, 2183, 2184) 11927.0
(9286, 9287, 9288) 11452.0
(6434, 6435, 6436) 12208.0
(2316, 2317, 2318) 13462.0
(5893, 5894, 5895) 11099.0
(4181, 4182, 4183) 11997.0
(1816, 1817, 1818) 11074.0
(829, 830, 831) 11780.0
(6921, 6922, 6923) 10440.0
(8957, 8958, 8959) 14514.0
(1907, 1908, 1909) 12974.0
(1169, 1170, 1171) 11102.0
(5740, 5741, 5742) 11411.0
(4327, 4328, 4329) 11489.0
(2896, 2897, 2898) 12606.0
(4417, 4418, 4419) 11554.0
(9989, 9990, 9991) 12429.0
(9557, 9558, 9559) 13047.0
(9840, 9841, 9842) 10756.0
(614, 615, 616) 12499.0
(8395, 8396, 8397) 11279.0
(1683, 1684, 1685) 12977.0
(8953, 8954, 8955) 12014.0
(1702, 1703, 1704) 11741.0
(445, 446, 447) 13348.0
(8542, 8543, 8544) 10636.0
(6960, 6961, 6962) 11976.0
(6343, 6344, 6345) 11961.0
(1640, 1641, 1642) 13982.0
(4418, 4419, 4420) 13775.0
(366, 367, 368) 11081.0
(180, 181, 182) 11761.0
(4294, 4295, 4296) 13327.0
(6419, 6420, 6421) 15024.0
(871, 872, 873) 10591.0
(5083, 5084, 5085) 10856.0
(2346, 2347, 2348) 12419.0
(9712, 9713, 9714) 12392.0
(5345, 5346, 5347) 10477.0
(6060, 6061, 6062) 15334.0
(2882, 2883, 2884) 10983.0
(9662, 9663, 9664) 12127.0
(2917, 2918, 2919) 12157.0
(6183, 6184, 6185) 13509.0
(3925, 3926, 3927) 12139.0
(2348, 2349, 2350) 11636.0
(4070, 4071, 4072) 12373.0
(2968, 2969, 2970) 13343.0
(3833, 3834, 3835) 11505.0
(462, 463, 464) 11014.0
(6958, 6959, 6960) 11441.0
(9620, 9621, 9622) 11126.0
(2122, 2123, 2124) 11421.0
(1677, 1678, 1679) 11507.0
(2711, 2712, 2713) 12115.0
(7121, 7122, 7123) 10499.0
(1862, 1863, 1864) 11856.0
(4563, 4564, 4565) 11850.0
(9249, 9250, 9251) 11528.0
(4408, 4409, 4410) 11759.0
(804, 805, 806) 11871.0
(5171, 5172, 5173) 11586.0
(5721, 5722, 5723) 10995.0
(8177, 8178, 8179) 11606.0
(4590, 4591, 4592) 11829.0
(1885, 1886, 1887) 11862.0
(4398, 4399, 4400) 10725.0
(455, 456, 457) 12415.0
(5990, 5991, 5992) 13265.0
(3172, 3173, 3174) 13678.0
(2995, 2996, 2997) 11093.0
(1648, 1649, 1650) 14394.0
(4613, 4614, 4615) 13467.0
(8536, 8537, 8538) 12555.0
(5712, 5713, 5714) 11421.0
(1143, 1144, 1145) 11294.0
(5264, 5265, 5266) 12413.0
(1100, 1101, 1102) 12836.0
(7115, 7116, 7117) 11017.0
(3677, 3678, 3679) 11464.0
(5384, 5385, 5386) 11567.0
(1437, 1438, 1439) 12361.0
(7938, 7939, 7940) 10803.0
(9368, 9369, 9370) 11779.0
(6902, 6903, 6904) 11590.0
(7682, 7683, 7684) 9913.0
(4155, 4156, 4157) 13769.0
(6417, 6418, 6419) 12066.0
(8148, 8149, 8150) 10240.0
(5056, 5057, 5058) 11242.0
(2917, 2918, 2919) 12157.0
(6670, 6671, 6672) 12895.0
(2559, 2560, 2561) 11291.0
(2805, 2806, 2807) 12087.0
(5585, 5586, 5587) 13078.0
(2318, 2319, 2320) 11503.0
(5138, 5139, 5140) 13679.0
(7935, 7936, 7937) 12208.0
(6441, 6442, 6443) 12541.0
(8752, 8753, 8754) 10391.0
(3281, 3282, 3283) 11625.0
(5973, 5974, 5975) 10917.0
(731, 732, 733) 13787.0
(9264, 9265, 9266) 12349.0
(8535, 8536, 8537) 12644.0
(3831, 3832, 3833) 11551.0
(4824, 4825, 4826) 11847.0
(4625, 4626, 4627) 12830.0
(6042, 6043, 6044) 10625.0
(8622, 8623, 8624) 10986.0
(1595, 1596, 1597) 13224.0
(5142, 5143, 5144) 15092.0
(916, 917, 918) 10901.0
(1989, 1990, 1991) 12302.0
(1813, 1814, 1815) 10463.0
(1075, 1076, 1077) 11857.0
(450, 451, 452) 13003.0
(6787, 6788, 6789) 11105.0
(6914, 6915, 6916) 12278.0
(8502, 8503, 8504) 11731.0
(2847, 2848, 2849) 10665.0
(8651, 8652, 8653) 12923.0
(7128, 7129, 7130) 11615.0
(4850, 4851, 4852) 13577.0
(6395, 6396, 6397) 13184.0
(9789, 9790, 9791) 10685.0
(9824, 9825, 9826) 12078.0
(3554, 3555, 3556) 11936.0
(5729, 5730, 5731) 11294.0
(2872, 2873, 2874) 11690.0
(7594, 7595, 7596) 12323.0
(5497, 5498, 5499) 14261.0
(927, 928, 929) 15435.0
(1883, 1884, 1885) 11789.0
(9051, 9052, 9053) 11365.0
(359, 360, 361) 11301.0
(8916, 8917, 8918) 11013.0
(3377, 3378, 3379) 11950.0
(7791, 7792, 7793) 10638.0
(9144, 9145, 9146) 10665.0
(6158, 6159, 6160) 12686.0
(3825, 3826, 3827) 11426.0
(310, 311, 312) 12922.0
(6471, 6472, 6473) 11679.0
(3492, 3493, 3494) 11868.0
(8026, 8027, 8028) 12246.0
(858, 859, 860) 13140.0
(6229, 6230, 6231) 12349.0
(1459, 1460, 1461) 12645.0
(863, 864, 865) 11004.0
(2625, 2626, 2627) 12106.0
(7261, 7262, 7263) 13786.0
(6342, 6343, 6344) 11815.0
(7116, 7117, 7118) 11372.0
(7373, 7374, 7375) 12912.0
(8471, 8472, 8473) 11549.0
(2367, 2368, 2369) 11153.0
(3631, 3632, 3633) 12345.0
(1357, 1358, 1359) 11807.0
(1504, 1505, 1506) 11170.0
(2712, 2713, 2714) 10761.0
(6002, 6003, 6004) 11902.0
(3289, 3290, 3291) 12398.0
(9536, 9537, 9538) 12397.0
(2489, 2490, 2491) 12141.0
(4885, 4886, 4887) 10171.0
(6780, 6781, 6782) 11558.0
(9275, 9276, 9277) 11583.0
(7256, 7257, 7258) 11396.0
(4209, 4210, 4211) 12309.0
(1100, 1101, 1102) 12836.0
(9148, 9149, 9150) 12579.0
(7293, 7294, 7295) 12594.0
(9043, 9044, 9045) 13499.0
(2357, 2358, 2359) 12244.0
(2945, 2946, 2947) 11332.0
(4646, 4647, 4648) 10728.0
(652, 653, 654) 12179.0
(4230, 4231, 4232) 11613.0
(3399, 3400, 3401) 13114.0
(8826, 8827, 8828) 13856.0
(7269, 7270, 7271) 12159.0
(3076, 3077, 3078) 12217.0
(6105, 6106, 6107) 12087.0
(3344, 3345, 3346) 10928.0
(7694, 7695, 7696) 10878.0
(341, 342, 343) 14345.0
(7653, 7654, 7655) 11432.0
(4595, 4596, 4597) 13235.0
(4156, 4157, 4158) 14136.0
(543, 544, 545) 12036.0
(3118, 3119, 3120) 12465.0
(1714, 1715, 1716) 11444.0
(2823, 2824, 2825) 12041.0
(3436, 3437, 3438) 12063.0
(7638, 7639, 7640) 11667.0
(6390, 6391, 6392) 10878.0
(9758, 9759, 9760) 12848.0
(6640, 6641, 6642) 12156.0
(2010, 2011, 2012) 12933.0
(6576, 6577, 6578) 11103.0
(6015, 6016, 6017) 10345.0
(7327, 7328, 7329) 12960.0
(3990, 3991, 3992) 12536.0
(7574, 7575, 7576) 10249.0
(9278, 9279, 9280) 11218.0
(3483, 3484, 3485) 10457.0
(7288, 7289, 7290) 11836.0
(1513, 1514, 1515) 10277.0
(4874, 4875, 4876) 9725.0
(1562, 1563, 1564) 12040.0
(6130, 6131, 6132) 11868.0
(7238, 7239, 7240) 13281.0
(7684, 7685, 7686) 14155.0
(6727, 6728, 6729) 12076.0
(1093, 1094, 1095) 10352.0
(2247, 2248, 2249) 12111.0
(6796, 6797, 6798) 11451.0
(5198, 5199, 5200) 11947.0
(2535, 2536, 2537) 10998.0
(4012, 4013, 4014) 13887.0
(1024, 1025, 1026) 10746.0
(6774, 6775, 6776) 10828.0
(1346, 1347, 1348) 12331.0
(139, 140, 141) 12442.0
(7864, 7865, 7866) 10504.0
(9256, 9257, 9258) 10073.0
(2879, 2880, 2881) 12832.0
(2788, 2789, 2790) 12285.0
(4789, 4790, 4791) 12175.0
(3846, 3847, 3848) 12756.0
(1973, 1974, 1975) 11365.0
(8876, 8877, 8878) 13034.0
(5936, 5937, 5938) 11681.0
(2357, 2358, 2359) 12244.0
(4192, 4193, 4194) 12566.0
(7604, 7605, 7606) 12057.0
(3948, 3949, 3950) 12452.0
(1273, 1274, 1275) 11056.0
(1983, 1984, 1985) 10500.0
(7138, 7139, 7140) 13208.0
(7670, 7671, 7672) 11484.0
(104, 105, 106) 12408.0
(3978, 3979, 3980) 12716.0
(5496, 5497, 5498) 13552.0
(387, 388, 389) 11619.0
(2152, 2153, 2154) 12092.0
(6700, 6701, 6702) 11455.0
(8218, 8219, 8220) 11252.0
(1059, 1060, 1061) 12179.0
(7502, 7503, 7504) 11926.0
(3181, 3182, 3183) 11156.0
(4541, 4542, 4543) 12129.0
(5697, 5698, 5699) 11290.0
(3820, 3821, 3822) 10600.0
(9597, 9598, 9599) 13920.0
(2159, 2160, 2161) 13638.0
(4734, 4735, 4736) 11112.0
(2311, 2312, 2313) 10110.0
(5352, 5353, 5354) 13860.0
(4089, 4090, 4091) 11448.0
(2758, 2759, 2760) 11408.0
(2764, 2765, 2766) 11062.0
(3149, 3150, 3151) 11048.0
(8043, 8044, 8045) 11360.0
(5270, 5271, 5272) 12426.0
(348, 349, 350) 14256.0
(9815, 9816, 9817) 11449.0
(9758, 9759, 9760) 12848.0
(9027, 9028, 9029) 10818.0
(2691, 2692, 2693) 14576.0
(8574, 8575, 8576) 11675.0
(5986, 5987, 5988) 11104.0
(8839, 8840, 8841) 13338.0
(3750, 3751, 3752) 12001.0
(1637, 1638, 1639) 11749.0
(6614, 6615, 6616) 10983.0
(4336, 4337, 4338) 11971.0
(2424, 2425, 2426) 11753.0
(1028, 1029, 1030) 11509.0
(9535, 9536, 9537) 11497.0
(8236, 8237, 8238) 12992.0
(4681, 4682, 4683) 11647.0
(5149, 5150, 5151) 11579.0
(8320, 8321, 8322) 11041.0
(5514, 5515, 5516) 15105.0
(7169, 7170, 7171) 13741.0
(7687, 7688, 7689) 11024.0
(122, 123, 124) 11690.0
(3313, 3314, 3315) 11798.0
(6312, 6313, 6314) 11593.0
(1488, 1489, 1490) 10925.0
(4356, 4357, 4358) 12498.0
(3138, 3139, 3140) 11171.0
(6076, 6077, 6078) 12649.0
(5344, 5345, 5346) 11806.0
(3129, 3130, 3131) 10744.0
(6044, 6045, 6046) 10506.0
(6251, 6252, 6253) 11722.0
(8083, 8084, 8085) 12701.0
(6591, 6592, 6593) 11527.0
(5883, 5884, 5885) 10913.0
(8051, 8052, 8053) 15278.0
(7873, 7874, 7875) 11096.0
(590, 591, 592) 10513.0
(2561, 2562, 2563) 11340.0
(7680, 7681, 7682) 11396.0
(4272, 4273, 4274) 12422.0
(370, 371, 372) 12274.0
(2479, 2480, 2481) 10572.0
(321, 322, 323) 11619.0
(1291, 1292, 1293) 14543.0
(9068, 9069, 9070) 13025.0
(2418, 2419, 2420) 11591.0
(8616, 8617, 8618) 10990.0
(9413, 9414, 9415) 11047.0
(8279, 8280, 8281) 12617.0
(2982, 2983, 2984) 11152.0
(8799, 8800, 8801) 11537.0
(8894, 8895, 8896) 12027.0
(2050, 2051, 2052) 11960.0
(1132, 1133, 1134) 12959.0
(8961, 8962, 8963) 14011.0
(1134, 1135, 1136) 12544.0
(7771, 7772, 7773) 12096.0
(897, 898, 899) 11047.0
(8843, 8844, 8845) 11761.0
(9615, 9616, 9617) 10122.0
(6220, 6221, 6222) 11583.0
(2432, 2433, 2434) 11144.0
(2702, 2703, 2704) 13413.0
(2857, 2858, 2859) 12368.0
(4284, 4285, 4286) 11588.0
(7622, 7623, 7624) 11238.0
(9994, 9995, 9996) 12093.0
(8243, 8244, 8245) 10449.0
(2274, 2275, 2276) 11061.0
(3912, 3913, 3914) 11298.0
(1051, 1052, 1053) 12408.0
(2810, 2811, 2812) 12514.0
(1355, 1356, 1357) 12221.0
(4915, 4916, 4917) 12127.0
(2970, 2971, 2972) 11950.0
(6459, 6460, 6461) 13650.0
(7684, 7685, 7686) 14155.0
(724, 725, 726) 10901.0
(4681, 4682, 4683) 11647.0
(9580, 9581, 9582) 12839.0
(9997, 9998, 9999) 12571.0
(9641, 9642, 9643) 14618.0
(5924, 5925, 5926) 11168.0
(3358, 3359, 3360) 11430.0
(7683, 7684, 7685) 12516.0
(7974, 7975, 7976) 12260.0
(4112, 4113, 4114) 11609.0
(1598, 1599, 1600) 11439.0
(2209, 2210, 2211) 11779.0
(3057, 3058, 3059) 11896.0
(9852, 9853, 9854) 11674.0
(7795, 7796, 7797) 10872.0
(6943, 6944, 6945) 11842.0
(8191, 8192, 8193) 11182.0
(7161, 7162, 7163) 11325.0
(4186, 4187, 4188) 10656.0
(3863, 3864, 3865) 10336.0
(3250, 3251, 3252) 13808.0
(3409, 3410, 3411) 10664.0
(8681, 8682, 8683) 10495.0
