(2358, 2359, 2360) 12428.0
(8690, 8691, 8692) 12031.0
(633, 634, 635) 13931.0
(9846, 9847, 9848) 14307.0
(3591, 3592, 3593) 14142.0
(6348, 6349, 6350) 12568.0
(1584, 1585, 1586) 13820.0
(2182, 2183, 2184) 11822.0
(6735, 6736, 6737) 10377.0
(3752, 3753, 3754) 11659.0
(9398, 9399, 9400) 12154.0
(9610, 9611, 9612) 10946.0
(2351, 2352, 2353) 11999.0
(2839, 2840, 2841) 12103.0
(8742, 8743, 8744) 11533.0
(3368, 3369, 3370) 11460.0
(5137, 5138, 5139) 12623.0
(3931, 3932, 3933) 11747.0
(9167, 9168, 9169) 11282.0
(6255, 6256, 6257) 12542.0
(4532, 4533, 4534) 12171.0
(1546, 1547, 1548) 10478.0
(3443, 3444, 3445) 11521.0
(1589, 1590, 1591) 10619.0
(3223, 3224, 3225) 11369.0
(136, 137, 138) 11642.0
(800, 801, 802) 12280.0
(5514, 5515, 5516) 17985.0
(7829, 7830, 7831) 11962.0
(7372, 7373, 7374) 11741.0
(1118, 1119, 1120) 12565.0
(3358, 3359, 3360) 11514.0
(8195, 8196, 8197) 10844.0
(7491, 7492, 7493) 12898.0
(9482, 9483, 9484) 12513.0
(8162, 8163, 8164) 11267.0
(5873, 5874, 5875) 11222.0
(4463, 4464, 4465) 11079.0
(9874, 9875, 9876) 14101.0
(8302, 8303, 8304) 13416.0
(6937, 6938, 6939) 10983.0
(2985, 2986, 2987) 11967.0
(1126, 1127, 1128) 10814.0
(5609, 5610, 5611) 11535.0
(7255, 7256, 7257) 12983.0
(9035, 9036, 9037) 12137.0
(8260, 8261, 8262) 13588.0
(3934, 3935, 3936) 12534.0
(1618, 1619, 1620) 12546.0
(4839, 4840, 4841) 12129.0
(8830, 8831, 8832) 16119.0
(845, 846, 847) 12218.0
(3093, 3094, 3095) 12665.0
(3810, 3811, 3812) 11069.0
(1889, 1890, 1891) 14902.0
(7174, 7175, 7176) 12826.0
(5719, 5720, 5721) 13932.0
(2331, 2332, 2333) 13261.0
(6326, 6327, 6328) 13120.0
(4574, 4575, 4576) 14321.0
(9904, 9905, 9906) 11545.0
(7321, 7322, 7323) 12292.0
(7112, 7113, 7114) 11598.0
(9370, 9371, 9372) 11369.0
(6795, 6796, 6797) 11282.0
(2736, 2737, 2738) 11228.0
(9778, 9779, 9780) 11746.0
(7144, 7145, 7146) 12037.0
(9330, 9331, 9332) 11651.0
(9683, 9684, 9685) 12465.0
(1072, 1073, 1074) 11426.0
(4652, 4653, 4654) 13778.0
(818, 819, 820) 13609.0
(8272, 8273, 8274) 10688.0
(8359, 8360, 8361) 13424.0
(1236, 1237, 1238) 11056.0
(5039, 5040, 5041) 11340.0
(8446, 8447, 8448) 13802.0
(3040, 3041, 3042) 11907.0
(3998, 3999, 4000) 12918.0
(2457, 2458, 2459) 11576.0
(7078, 7079, 7080) 11088.0
(2644, 2645, 2646) 11914.0
(5344, 5345, 5346) 11909.0
(6522, 6523, 6524) 13460.0
(9355, 9356, 9357) 11858.0
(9455, 9456, 9457) 14188.0
(8579, 8580, 8581) 13666.0
(486, 487, 488) 11134.0
(170, 171, 172) 12351.0
(2233, 2234, 2235) 13356.0
(3570, 3571, 3572) 11997.0
(6790, 6791, 6792) 11653.0
(8206, 8207, 8208) 12365.0
(1847, 1848, 1849) 11502.0
(3501, 3502, 3503) 12224.0
(2151, 2152, 2153) 10578.0
(2395, 2396, 2397) 12733.0
(6815, 6816, 6817) 14901.0
(7533, 7534, 7535) 13089.0
(4044, 4045, 4046) 12269.0
(7693, 7694, 7695) 13701.0
(6716, 6717, 6718) 10915.0
(8806, 8807, 8808) 12497.0
(7749, 7750, 7751) 11547.0
(4292, 4293, 4294) 11438.0
(6044, 6045, 6046) 10551.0
(8950, 8951, 8952) 12129.0
(4533, 4534, 4535) 13772.0
(3193, 3194, 3195) 12296.0
(6557, 6558, 6559) 12364.0
(466, 467, 468) 12407.0
(4242, 4243, 4244) 10827.0
(6515, 6516, 6517) 16191.0
(4137, 4138, 4139) 11401.0
(6328, 6329, 6330) 12447.0
(4609, 4610, 4611) 11248.0
(9007, 9008, 9009) 11471.0
(6020, 6021, 6022) 11607.0
(6475, 6476, 6477) 13649.0
(736, 737, 738) 11322.0
(6601, 6602, 6603) 11439.0
(7052, 7053, 7054) 11275.0
(3994, 3995, 3996) 12392.0
(3843, 3844, 3845) 12361.0
(4081, 4082, 4083) 11726.0
(376, 377, 378) 13695.0
(4559, 4560, 4561) 10996.0
(2614, 2615, 2616) 13136.0
(1637, 1638, 1639) 11928.0
(9435, 9436, 9437) 12030.0
(3837, 3838, 3839) 12305.0
(4195, 4196, 4197) 11738.0
(9978, 9979, 9980) 13089.0
(262, 263, 264) 12426.0
(7196, 7197, 7198) 12197.0
(6080, 6081, 6082) 12974.0
(9170, 9171, 9172) 11929.0
(5051, 5052, 5053) 12776.0
(4577, 4578, 4579) 11482.0
(155, 156, 157) 12558.0
(1824, 1825, 1826) 11907.0
(7892, 7893, 7894) 13495.0
(452, 453, 454) 12599.0
(7207, 7208, 7209) 12913.0
(252, 253, 254) 12268.0
(5971, 5972, 5973) 12994.0
(9776, 9777, 9778) 11479.0
(1503, 1504, 1505) 11413.0
(9559, 9560, 9561) 12436.0
(8973, 8974, 8975) 11665.0
(5392, 5393, 5394) 12418.0
(2717, 2718, 2719) 15204.0
(1778, 1779, 1780) 12277.0
(324, 325, 326) 12332.0
(2504, 2505, 2506) 12304.0
(3798, 3799, 3800) 11556.0
(3115, 3116, 3117) 12301.0
(594, 595, 596) 13581.0
(3421, 3422, 3423) 11548.0
(4653, 4654, 4655) 11657.0
(6701, 6702, 6703) 12692.0
(3223, 3224, 3225) 11369.0
(4528, 4529, 4530) 11848.0
(7141, 7142, 7143) 12461.0
(9145, 9146, 9147) 11890.0
(7656, 7657, 7658) 11638.0
(709, 710, 711) 10858.0
(9723, 9724, 9725) 12733.0
(1339, 1340, 1341) 11675.0
(9162, 9163, 9164) 12706.0
(1531, 1532, 1533) 12147.0
(1961, 1962, 1963) 13177.0
(3283, 3284, 3285) 10250.0
(6935, 6936, 6937) 12855.0
(1415, 1416, 1417) 11927.0
(6849, 6850, 6851) 11303.0
(3822, 3823, 3824) 12453.0
(6604, 6605, 6606) 12351.0
(2011, 2012, 2013) 13893.0
(7097, 7098, 7099) 12354.0
(844, 845, 846) 14866.0
(5700, 5701, 5702) 12437.0
(7861, 7862, 7863) 11065.0
(3437, 3438, 3439) 11969.0
(9706, 9707, 9708) 11102.0
(5417, 5418, 5419) 11096.0
(5633, 5634, 5635) 11994.0
(9329, 9330, 9331) 11971.0
(9852, 9853, 9854) 11988.0
(1742, 1743, 1744) 11630.0
(3105, 3106, 3107) 11641.0
(6806, 6807, 6808) 12137.0
(9843, 9844, 9845) 12257.0
(7421, 7422, 7423) 12504.0
(6816, 6817, 6818) 10297.0
(132, 133, 134) 12551.0
(6414, 6415, 6416) 12003.0
(8451, 8452, 8453) 12740.0
(6372, 6373, 6374) 10364.0
(7590, 7591, 7592) 11886.0
