(1969, 1970, 1971) 12129.0
(7866, 7867, 7868) 12346.0
(5304, 5305, 5306) 10888.0
(7284, 7285, 7286) 15032.0
(6122, 6123, 6124) 10804.0
(8882, 8883, 8884) 11696.0
(2370, 2371, 2372) 13478.0
(5091, 5092, 5093) 12313.0
(4622, 4623, 4624) 13380.0
(5960, 5961, 5962) 13924.0
(2557, 2558, 2559) 16519.0
(1171, 1172, 1173) 11748.0
(827, 828, 829) 12176.0
(8748, 8749, 8750) 11096.0
(9752, 9753, 9754) 10395.0
(7457, 7458, 7459) 15336.0
(716, 717, 718) 12132.0
(4904, 4905, 4906) 14597.0
(6130, 6131, 6132) 11928.0
(1360, 1361, 1362) 13507.0
(7983, 7984, 7985) 11401.0
(170, 171, 172) 12373.0
(816, 817, 818) 12445.0
(6233, 6234, 6235) 12994.0
(6395, 6396, 6397) 13098.0
(978, 979, 980) 10805.0
(577, 578, 579) 11095.0
(5553, 5554, 5555) 15291.0
(2903, 2904, 2905) 12587.0
(358, 359, 360) 13909.0
(6661, 6662, 6663) 11883.0
(2401, 2402, 2403) 14707.0
(6208, 6209, 6210) 11055.0
(1558, 1559, 1560) 12097.0
(691, 692, 693) 12256.0
(6911, 6912, 6913) 13079.0
(3130, 3131, 3132) 10969.0
(9605, 9606, 9607) 11530.0
(7313, 7314, 7315) 12592.0
(2087, 2088, 2089) 11262.0
(1933, 1934, 1935) 11072.0
(6729, 6730, 6731) 12360.0
(2830, 2831, 2832) 12119.0
(764, 765, 766) 11690.0
(5105, 5106, 5107) 12407.0
(4431, 4432, 4433) 12965.0
(3262, 3263, 3264) 10857.0
(1242, 1243, 1244) 11864.0
(2695, 2696, 2697) 12170.0
(4421, 4422, 4423) 14355.0
(6736, 6737, 6738) 10617.0
(8505, 8506, 8507) 12759.0
(6014, 6015, 6016) 13215.0
(3025, 3026, 3027) 13459.0
(2848, 2849, 2850) 12644.0
(9787, 9788, 9789) 11877.0
(6797, 6798, 6799) 10998.0
(3642, 3643, 3644) 11599.0
(1543, 1544, 1545) 10891.0
(2460, 2461, 2462) 12990.0
(2838, 2839, 2840) 11865.0
(5652, 5653, 5654) 13101.0
(9143, 9144, 9145) 11893.0
(9519, 9520, 9521) 14140.0
(2373, 2374, 2375) 13861.0
(6964, 6965, 6966) 12888.0
(3570, 3571, 3572) 12230.0
(6333, 6334, 6335) 12096.0
(132, 133, 134) 12874.0
(6024, 6025, 6026) 13357.0
(285, 286, 287) 13465.0
(3404, 3405, 3406) 13792.0
(3220, 3221, 3222) 10873.0
(1316, 1317, 1318) 11162.0
(8112, 8113, 8114) 17233.0
(3447, 3448, 3449) 12130.0
(5509, 5510, 5511) 12743.0
(3457, 3458, 3459) 11532.0
(109, 110, 111) 12414.0
(1912, 1913, 1914) 10205.0
(3334, 3335, 3336) 12170.0
(7681, 7682, 7683) 11406.0
(8045, 8046, 8047) 11200.0
(9657, 9658, 9659) 10984.0
(6055, 6056, 6057) 12726.0
(8696, 8697, 8698) 13412.0
(1942, 1943, 1944) 11350.0
(5676, 5677, 5678) 12024.0
(5258, 5259, 5260) 11469.0
(3650, 3651, 3652) 11975.0
(9142, 9143, 9144) 11999.0
(4890, 4891, 4892) 14499.0
(5578, 5579, 5580) 12006.0
(4911, 4912, 4913) 10698.0
(4199, 4200, 4201) 11279.0
(8419, 8420, 8421) 11560.0
(6038, 6039, 6040) 11941.0
(4460, 4461, 4462) 11909.0
(2925, 2926, 2927) 11844.0
(8878, 8879, 8880) 11587.0
(1157, 1158, 1159) 11443.0
(788, 789, 790) 12691.0
(6967, 6968, 6969) 12728.0
(8579, 8580, 8581) 13800.0
(4248, 4249, 4250) 12991.0
(7546, 7547, 7548) 10892.0
(8756, 8757, 8758) 11981.0
(6370, 6371, 6372) 11502.0
(8341, 8342, 8343) 11558.0
(6150, 6151, 6152) 13359.0
(9803, 9804, 9805) 11392.0
(1609, 1610, 1611) 11696.0
(956, 957, 958) 12231.0
(640, 641, 642) 11996.0
(8101, 8102, 8103) 12720.0
(2998, 2999, 3000) 11824.0
(706, 707, 708) 15143.0
(4504, 4505, 4506) 12488.0
(1462, 1463, 1464) 11459.0
(9070, 9071, 9072) 12929.0
(7567, 7568, 7569) 11102.0
(4258, 4259, 4260) 11838.0
(8897, 8898, 8899) 11250.0
(8488, 8489, 8490) 12335.0
(9458, 9459, 9460) 12143.0
(9199, 9200, 9201) 13219.0
(7366, 7367, 7368) 12061.0
(640, 641, 642) 11996.0
(6047, 6048, 6049) 13354.0
(9420, 9421, 9422) 12980.0
(8581, 8582, 8583) 13214.0
(1046, 1047, 1048) 11764.0
(8009, 8010, 8011) 12159.0
(3096, 3097, 3098) 12735.0
(9377, 9378, 9379) 12017.0
(8399, 8400, 8401) 12887.0
(1532, 1533, 1534) 13020.0
(3936, 3937, 3938) 13066.0
(3553, 3554, 3555) 13368.0
(8649, 8650, 8651) 12496.0
(6811, 6812, 6813) 12762.0
(8579, 8580, 8581) 13800.0
(9741, 9742, 9743) 10434.0
(1572, 1573, 1574) 10037.0
(5959, 5960, 5961) 11014.0
(9186, 9187, 9188) 12418.0
(6334, 6335, 6336) 13464.0
(135, 136, 137) 12571.0
(2517, 2518, 2519) 13587.0
(1443, 1444, 1445) 15489.0
(5230, 5231, 5232) 11314.0
(5372, 5373, 5374) 12518.0
(6583, 6584, 6585) 11255.0
(2132, 2133, 2134) 10928.0
(2893, 2894, 2895) 11284.0
(818, 819, 820) 13596.0
(477, 478, 479) 13113.0
(1046, 1047, 1048) 11764.0
(7016, 7017, 7018) 12373.0
(6655, 6656, 6657) 11145.0
(3929, 3930, 3931) 12328.0
(3772, 3773, 3774) 12881.0
(2668, 2669, 2670) 12949.0
(6135, 6136, 6137) 12105.0
(6628, 6629, 6630) 12558.0
(5557, 5558, 5559) 12386.0
(4525, 4526, 4527) 12396.0
(4539, 4540, 4541) 14002.0
(4345, 4346, 4347) 11223.0
(7812, 7813, 7814) 11573.0
(7907, 7908, 7909) 12514.0
(7306, 7307, 7308) 12330.0
(7357, 7358, 7359) 13037.0
(5446, 5447, 5448) 12672.0
(6592, 6593, 6594) 12015.0
(9850, 9851, 9852) 12150.0
(4481, 4482, 4483) 12684.0
(8818, 8819, 8820) 11680.0
(3864, 3865, 3866) 12668.0
(3732, 3733, 3734) 16371.0
(1711, 1712, 1713) 11020.0
(2053, 2054, 2055) 11396.0
(9378, 9379, 9380) 11805.0
(3903, 3904, 3905) 12376.0
(4832, 4833, 4834) 11339.0
(9738, 9739, 9740) 13384.0
(2062, 2063, 2064) 13867.0
(5366, 5367, 5368) 12352.0
(4304, 4305, 4306) 12174.0
(9466, 9467, 9468) 13422.0
(5520, 5521, 5522) 12706.0
(4776, 4777, 4778) 12858.0
(4687, 4688, 4689) 11013.0
(5402, 5403, 5404) 12528.0
(5711, 5712, 5713) 13910.0
(3215, 3216, 3217) 14247.0
(2049, 2050, 2051) 10701.0
(1403, 1404, 1405) 13208.0
(8871, 8872, 8873) 12615.0
(8402, 8403, 8404) 12344.0
(7068, 7069, 7070) 11739.0
