(4523, 4524, 4525) 11601.0
(6125, 6126, 6127) 13111.0
(8252, 8253, 8254) 11634.0
(9390, 9391, 9392) 13185.0
(1945, 1946, 1947) 11487.0
(3888, 3889, 3890) 12411.0
(6584, 6585, 6586) 12931.0
(4564, 4565, 4566) 12165.0
(8610, 8611, 8612) 12600.0
(4476, 4477, 4478) 10946.0
(1938, 1939, 1940) 14691.0
(9918, 9919, 9920) 13244.0
(4289, 4290, 4291) 13427.0
(2606, 2607, 2608) 11393.0
(1145, 1146, 1147) 16162.0
(848, 849, 850) 10692.0
(1238, 1239, 1240) 12922.0
(1332, 1333, 1334) 11805.0
(6621, 6622, 6623) 11875.0
(4893, 4894, 4895) 12730.0
(9772, 9773, 9774) 13405.0
(2641, 2642, 2643) 14197.0
(5637, 5638, 5639) 10914.0
(2994, 2995, 2996) 10947.0
(5557, 5558, 5559) 12747.0
(1299, 1300, 1301) 11224.0
(5212, 5213, 5214) 10320.0
(2901, 2902, 2903) 12051.0
(1664, 1665, 1666) 10440.0
(4458, 4459, 4460) 10675.0
(6605, 6606, 6607) 14433.0
(5517, 5518, 5519) 11605.0
(3252, 3253, 3254) 13044.0
(5652, 5653, 5654) 13402.0
(4467, 4468, 4469) 11716.0
(2526, 2527, 2528) 11181.0
(6568, 6569, 6570) 10882.0
(9306, 9307, 9308) 12141.0
(1880, 1881, 1882) 12981.0
(3742, 3743, 3744) 10604.0
(9517, 9518, 9519) 12685.0
(5414, 5415, 5416) 12665.0
(1643, 1644, 1645) 11935.0
(7793, 7794, 7795) 11851.0
(425, 426, 427) 12242.0
(8247, 8248, 8249) 12420.0
(475, 476, 477) 12356.0
(8085, 8086, 8087) 13558.0
(8239, 8240, 8241) 11060.0
(8699, 8700, 8701) 13234.0
(2314, 2315, 2316) 12395.0
(7560, 7561, 7562) 12248.0
(3421, 3422, 3423) 12269.0
(1701, 1702, 1703) 11869.0
(5612, 5613, 5614) 11513.0
(2943, 2944, 2945) 10345.0
(1176, 1177, 1178) 12274.0
(6888, 6889, 6890) 12777.0
(180, 181, 182) 12218.0
(8989, 8990, 8991) 12223.0
(9503, 9504, 9505) 12094.0
(3661, 3662, 3663) 11659.0
(5402, 5403, 5404) 12839.0
(1034, 1035, 1036) 11573.0
(1716, 1717, 1718) 10480.0
(4687, 4688, 4689) 11196.0
(3785, 3786, 3787) 12552.0
(4890, 4891, 4892) 14843.0
(8413, 8414, 8415) 11345.0
(1556, 1557, 1558) 12663.0
(57, 58, 59) 13215.0
(6612, 6613, 6614) 11711.0
(2113, 2114, 2115) 12484.0
(8438, 8439, 8440) 12084.0
(5197, 5198, 5199) 12185.0
(8833, 8834, 8835) 12833.0
(641, 642, 643) 13464.0
(8947, 8948, 8949) 12194.0
(5559, 5560, 5561) 11635.0
(34, 35, 36) 12403.0
(1889, 1890, 1891) 14845.0
(732, 733, 734) 12364.0
(352, 353, 354) 12523.0
(3708, 3709, 3710) 15349.0
(9795, 9796, 9797) 11327.0
(1476, 1477, 1478) 14975.0
(9193, 9194, 9195) 13990.0
(8639, 8640, 8641) 10631.0
(647, 648, 649) 12101.0
(4438, 4439, 4440) 12439.0
(7485, 7486, 7487) 12051.0
(5440, 5441, 5442) 15023.0
(1486, 1487, 1488) 12669.0
(4186, 4187, 4188) 10920.0
(6803, 6804, 6805) 11466.0
(7707, 7708, 7709) 12280.0
(3245, 3246, 3247) 12463.0
(3281, 3282, 3283) 12370.0
(2296, 2297, 2298) 12452.0
(5633, 5634, 5635) 12377.0
(8966, 8967, 8968) 13628.0
(6630, 6631, 6632) 11925.0
(8153, 8154, 8155) 11538.0
(4132, 4133, 4134) 12306.0
(8364, 8365, 8366) 12126.0
(7631, 7632, 7633) 12862.0
(1183, 1184, 1185) 12424.0
(1376, 1377, 1378) 13473.0
(8891, 8892, 8893) 12416.0
(8069, 8070, 8071) 11107.0
(9537, 9538, 9539) 11819.0
(6617, 6618, 6619) 12992.0
(7776, 7777, 7778) 12904.0
(9363, 9364, 9365) 11272.0
(4542, 4543, 4544) 12121.0
(7316, 7317, 7318) 11018.0
(6452, 6453, 6454) 12264.0
(5061, 5062, 5063) 11773.0
(3502, 3503, 3504) 12175.0
(5981, 5982, 5983) 13411.0
(7612, 7613, 7614) 11394.0
(9661, 9662, 9663) 12237.0
(5938, 5939, 5940) 13202.0
(3632, 3633, 3634) 10928.0
(1442, 1443, 1444) 12678.0
(2489, 2490, 2491) 12530.0
(3728, 3729, 3730) 13491.0
(7761, 7762, 7763) 10932.0
(1632, 1633, 1634) 10630.0
(9350, 9351, 9352) 13907.0
(5321, 5322, 5323) 11393.0
(7929, 7930, 7931) 11594.0
(1664, 1665, 1666) 10440.0
(1243, 1244, 1245) 11946.0
(8699, 8700, 8701) 13234.0
(3733, 3734, 3735) 12300.0
(34, 35, 36) 12403.0
(8750, 8751, 8752) 11088.0
(3707, 3708, 3709) 11625.0
(7027, 7028, 7029) 11649.0
(4320, 4321, 4322) 13012.0
(5790, 5791, 5792) 11588.0
(6260, 6261, 6262) 13592.0
(765, 766, 767) 11910.0
(4313, 4314, 4315) 11378.0
(7279, 7280, 7281) 13106.0
(398, 399, 400) 11741.0
(6465, 6466, 6467) 12372.0
(5498, 5499, 5500) 11809.0
(5453, 5454, 5455) 12678.0
(1352, 1353, 1354) 11634.0
(2772, 2773, 2774) 12648.0
(6271, 6272, 6273) 12321.0
(9672, 9673, 9674) 13309.0
(1758, 1759, 1760) 12111.0
(8413, 8414, 8415) 11345.0
(481, 482, 483) 11706.0
(6483, 6484, 6485) 11921.0
(8825, 8826, 8827) 15902.0
(5832, 5833, 5834) 13268.0
(7582, 7583, 7584) 13086.0
(3655, 3656, 3657) 12209.0
(4840, 4841, 4842) 10354.0
(1272, 1273, 1274) 12851.0
(9975, 9976, 9977) 11243.0
(6631, 6632, 6633) 13056.0
(9964, 9965, 9966) 11602.0
(339, 340, 341) 11136.0
(1854, 1855, 1856) 10800.0
(8609, 8610, 8611) 12822.0
(1427, 1428, 1429) 11994.0
(1622, 1623, 1624) 14232.0
(2421, 2422, 2423) 14952.0
(3549, 3550, 3551) 10644.0
(8112, 8113, 8114) 17345.0
(6877, 6878, 6879) 13888.0
(2190, 2191, 2192) 11626.0
(66, 67, 68) 12650.0
(6062, 6063, 6064) 10233.0
(5052, 5053, 5054) 12790.0
(7259, 7260, 7261) 14946.0
(6232, 6233, 6234) 11075.0
(4502, 4503, 4504) 13067.0
(189, 190, 191) 12544.0
(5011, 5012, 5013) 12920.0
(9174, 9175, 9176) 12475.0
(5169, 5170, 5171) 11996.0
(4763, 4764, 4765) 12494.0
(1571, 1572, 1573) 11567.0
(5854, 5855, 5856) 12806.0
(5304, 5305, 5306) 10885.0
(1913, 1914, 1915) 13275.0
(9359, 9360, 9361) 12218.0
(5122, 5123, 5124) 11243.0
(4241, 4242, 4243) 13567.0
(4156, 4157, 4158) 14486.0
(6227, 6228, 6229) 13498.0
(3833, 3834, 3835) 12088.0
(46, 47, 48) 13528.0
(3042, 3043, 3044) 11970.0
(1563, 1564, 1565) 13048.0
