(3573, 3574, 3575) 12992.0
(3910, 3911, 3912) 11195.0
(2028, 2029, 2030) 12010.0
(8038, 8039, 8040) 12363.0
(2667, 2668, 2669) 12688.0
(4803, 4804, 4805) 12790.0
(9122, 9123, 9124) 12651.0
(3364, 3365, 3366) 14066.0
(2447, 2448, 2449) 12645.0
(4635, 4636, 4637) 14385.0
(1429, 1430, 1431) 11937.0
(6, 7, 8) 12528.0
(4256, 4257, 4258) 10516.0
(9795, 9796, 9797) 11660.0
(8046, 8047, 8048) 13227.0
(6243, 6244, 6245) 12347.0
(9641, 9642, 9643) 16204.0
(287, 288, 289) 13542.0
(8792, 8793, 8794) 12412.0
(1270, 1271, 1272) 13658.0
(5664, 5665, 5666) 12215.0
(3101, 3102, 3103) 11181.0
(486, 487, 488) 11685.0
(312, 313, 314) 14277.0
(415, 416, 417) 12098.0
(664, 665, 666) 13129.0
(521, 522, 523) 12420.0
(7943, 7944, 7945) 11441.0
(1589, 1590, 1591) 11060.0
(7574, 7575, 7576) 10809.0
(7892, 7893, 7894) 13667.0
(9640, 9641, 9642) 20966.0
(3246, 3247, 3248) 13473.0
(9319, 9320, 9321) 14326.0
(6454, 6455, 6456) 13214.0
(6284, 6285, 6286) 12697.0
(3217, 3218, 3219) 12249.0
(8117, 8118, 8119) 12101.0
(4616, 4617, 4618) 11818.0
(9765, 9766, 9767) 11468.0
(8400, 8401, 8402) 15816.0
(9685, 9686, 9687) 12382.0
(4547, 4548, 4549) 12323.0
(8697, 8698, 8699) 11153.0
(2995, 2996, 2997) 11420.0
(6590, 6591, 6592) 13605.0
(2473, 2474, 2475) 11767.0
(5358, 5359, 5360) 11264.0
(3677, 3678, 3679) 12239.0
(240, 241, 242) 12273.0
(9581, 9582, 9583) 12943.0
(1163, 1164, 1165) 11963.0
(7997, 7998, 7999) 10437.0
(4907, 4908, 4909) 11520.0
(3192, 3193, 3194) 12839.0
(6502, 6503, 6504) 12512.0
(3941, 3942, 3943) 14204.0
(9049, 9050, 9051) 12787.0
(5949, 5950, 5951) 11822.0
(9096, 9097, 9098) 14216.0
(9291, 9292, 9293) 11603.0
(4536, 4537, 4538) 13845.0
(579, 580, 581) 13716.0
(4335, 4336, 4337) 11739.0
(6429, 6430, 6431) 13545.0
(3232, 3233, 3234) 13922.0
(3626, 3627, 3628) 12165.0
(7031, 7032, 7033) 11686.0
(2610, 2611, 2612) 11221.0
(5763, 5764, 5765) 15077.0
(3365, 3366, 3367) 12018.0
(3831, 3832, 3833) 12005.0
(8883, 8884, 8885) 11733.0
(8432, 8433, 8434) 13295.0
(7259, 7260, 7261) 14964.0
(6250, 6251, 6252) 12659.0
(9844, 9845, 9846) 13226.0
(1498, 1499, 1500) 12028.0
(1407, 1408, 1409) 13045.0
(9261, 9262, 9263) 12389.0
(501, 502, 503) 13202.0
(3986, 3987, 3988) 12818.0
(4614, 4615, 4616) 10623.0
(7421, 7422, 7423) 13205.0
(9887, 9888, 9889) 15192.0
(7777, 7778, 7779) 16112.0
(1857, 1858, 1859) 11440.0
(7144, 7145, 7146) 12547.0
(5599, 5600, 5601) 14506.0
(9953, 9954, 9955) 12848.0
(9519, 9520, 9521) 14879.0
(9465, 9466, 9467) 15158.0
(5332, 5333, 5334) 13423.0
(9635, 9636, 9637) 12753.0
(1377, 1378, 1379) 13431.0
(6511, 6512, 6513) 12658.0
(6811, 6812, 6813) 13059.0
(6342, 6343, 6344) 12275.0
(5411, 5412, 5413) 11699.0
(1822, 1823, 1824) 12767.0
(4484, 4485, 4486) 14140.0
(9983, 9984, 9985) 12852.0
(4740, 4741, 4742) 13189.0
(8981, 8982, 8983) 12637.0
(3380, 3381, 3382) 11772.0
(7899, 7900, 7901) 12282.0
(2935, 2936, 2937) 15044.0
(5576, 5577, 5578) 12509.0
(446, 447, 448) 13652.0
(9883, 9884, 9885) 11383.0
(3661, 3662, 3663) 11913.0
(7046, 7047, 7048) 11665.0
(1423, 1424, 1425) 12160.0
(6054, 6055, 6056) 15658.0
(6031, 6032, 6033) 12835.0
(7038, 7039, 7040) 13577.0
(6767, 6768, 6769) 12396.0
(6791, 6792, 6793) 12933.0
(6354, 6355, 6356) 12421.0
(8620, 8621, 8622) 14716.0
(874, 875, 876) 11473.0
(2830, 2831, 2832) 12328.0
(7617, 7618, 7619) 11555.0
(516, 517, 518) 12957.0
(2540, 2541, 2542) 12997.0
(9909, 9910, 9911) 12871.0
(1995, 1996, 1997) 11816.0
(894, 895, 896) 12948.0
(4925, 4926, 4927) 12323.0
(8728, 8729, 8730) 12099.0
(5084, 5085, 5086) 10645.0
(1357, 1358, 1359) 12639.0
(7119, 7120, 7121) 12688.0
(5155, 5156, 5157) 16063.0
(1585, 1586, 1587) 12142.0
(4473, 4474, 4475) 12338.0
(1291, 1292, 1293) 15476.0
(3735, 3736, 3737) 11766.0
(7353, 7354, 7355) 11788.0
(6893, 6894, 6895) 12562.0
(7882, 7883, 7884) 11886.0
(8235, 8236, 8237) 12192.0
(9108, 9109, 9110) 14890.0
(5843, 5844, 5845) 11340.0
(143, 144, 145) 13780.0
(366, 367, 368) 11750.0
(4734, 4735, 4736) 11186.0
(6066, 6067, 6068) 11925.0
(5179, 5180, 5181) 12194.0
(9909, 9910, 9911) 12871.0
(7863, 7864, 7865) 11836.0
(3834, 3835, 3836) 11479.0
(2508, 2509, 2510) 12220.0
(2498, 2499, 2500) 13562.0
(7630, 7631, 7632) 13430.0
(2992, 2993, 2994) 12421.0
(1167, 1168, 1169) 12529.0
(5970, 5971, 5972) 12987.0
(9878, 9879, 9880) 12392.0
(8480, 8481, 8482) 13675.0
(1897, 1898, 1899) 12651.0
(3402, 3403, 3404) 14537.0
(3767, 3768, 3769) 12225.0
(417, 418, 419) 13836.0
(6002, 6003, 6004) 12583.0
(8773, 8774, 8775) 11959.0
(9582, 9583, 9584) 11274.0
(2648, 2649, 2650) 12577.0
(3294, 3295, 3296) 14001.0
(832, 833, 834) 11812.0
(8213, 8214, 8215) 12340.0
(7841, 7842, 7843) 12648.0
(672, 673, 674) 14789.0
(9249, 9250, 9251) 12060.0
(9095, 9096, 9097) 13926.0
(8642, 8643, 8644) 12789.0
(3728, 3729, 3730) 13498.0
(5411, 5412, 5413) 11699.0
(3095, 3096, 3097) 12585.0
(9838, 9839, 9840) 12596.0
(9667, 9668, 9669) 13161.0
(4484, 4485, 4486) 14140.0
(9984, 9985, 9986) 14018.0
(5798, 5799, 5800) 12230.0
(2727, 2728, 2729) 11920.0
(5777, 5778, 5779) 12899.0
(9818, 9819, 9820) 12203.0
(4414, 4415, 4416) 12391.0
(2708, 2709, 2710) 13141.0
(833, 834, 835) 12042.0
(1100, 1101, 1102) 13211.0
(21, 22, 23) 10897.0
(7058, 7059, 7060) 11439.0
(4599, 4600, 4601) 12658.0
(8597, 8598, 8599) 13047.0
(7218, 7219, 7220) 11622.0
(1831, 1832, 1833) 10846.0
(6453, 6454, 6455) 11405.0
(6908, 6909, 6910) 11303.0
(5907, 5908, 5909) 11572.0
(1383, 1384, 1385) 12653.0
