(8024, 8025, 8026) 1262.0
(6544, 6545, 6546) 1282.0
(3488, 3489, 3490) 1054.0
(4803, 4804, 4805) 1580.0
(3336, 3337, 3338) 899.0
(5790, 5791, 5792) 1269.0
(1558, 1559, 1560) 1206.0
(7544, 7545, 7546) 888.0
(3146, 3147, 3148) 1024.0
(8564, 8565, 8566) 1227.0
(7527, 7528, 7529) 1369.0
(1090, 1091, 1092) 1663.0
(5747, 5748, 5749) 1523.0
(5821, 5822, 5823) 1118.0
(1659, 1660, 1661) 1207.0
(4765, 4766, 4767) 1704.0
(9757, 9758, 9759) 1112.0
(772, 773, 774) 1168.0
(1053, 1054, 1055) 1988.0
(9823, 9824, 9825) 1287.0
(5117, 5118, 5119) 1197.0
(8754, 8755, 8756) 1308.0
(9182, 9183, 9184) 1381.0
(3448, 3449, 3450) 1020.0
(5121, 5122, 5123) 1405.0
(5352, 5353, 5354) 1194.0
(2691, 2692, 2693) 1666.0
(1997, 1998, 1999) 1554.0
(6039, 6040, 6041) 1238.0
(181, 182, 183) 948.0
(752, 753, 754) 978.0
(1808, 1809, 1810) 1081.0
(8513, 8514, 8515) 1716.0
(7981, 7982, 7983) 981.0
(3386, 3387, 3388) 1144.0
(2591, 2592, 2593) 1369.0
(3487, 3488, 3489) 1076.0
(738, 739, 740) 1398.0
(7948, 7949, 7950) 1085.0
(8578, 8579, 8580) 875.0
(1058, 1059, 1060) 1002.0
(3582, 3583, 3584) 1165.0
(9108, 9109, 9110) 1160.0
(4699, 4700, 4701) 1192.0
(8281, 8282, 8283) 1513.0
(5360, 5361, 5362) 1342.0
(8992, 8993, 8994) 1100.0
(4641, 4642, 4643) 1185.0
(4327, 4328, 4329) 1021.0
(1863, 1864, 1865) 1432.0
(4264, 4265, 4266) 942.0
(1392, 1393, 1394) 1090.0
(3634, 3635, 3636) 921.0
(8940, 8941, 8942) 1368.0
(5467, 5468, 5469) 868.0
(5449, 5450, 5451) 1225.0
(7709, 7710, 7711) 1342.0
(3685, 3686, 3687) 925.0
(1578, 1579, 1580) 880.0
(1480, 1481, 1482) 1265.0
(202, 203, 204) 1142.0
(6437, 6438, 6439) 1212.0
(349, 350, 351) 1148.0
(6138, 6139, 6140) 1041.0
(2628, 2629, 2630) 1201.0
(4051, 4052, 4053) 977.0
(5031, 5032, 5033) 932.0
(3725, 3726, 3727) 1252.0
(9926, 9927, 9928) 907.0
(6496, 6497, 6498) 1081.0
(7628, 7629, 7630) 1079.0
(6447, 6448, 6449) 1260.0
(2044, 2045, 2046) 1219.0
(4649, 4650, 4651) 922.0
(3559, 3560, 3561) 1387.0
(7413, 7414, 7415) 1179.0
(9842, 9843, 9844) 1266.0
(5007, 5008, 5009) 1254.0
(9463, 9464, 9465) 1249.0
(8393, 8394, 8395) 1316.0
(255, 256, 257) 1105.0
(9929, 9930, 9931) 1526.0
(817, 818, 819) 871.0
(3388, 3389, 3390) 1085.0
(1340, 1341, 1342) 1085.0
(9789, 9790, 9791) 1208.0
(6472, 6473, 6474) 1414.0
(2846, 2847, 2848) 1252.0
(986, 987, 988) 962.0
(2330, 2331, 2332) 929.0
(4975, 4976, 4977) 1425.0
(2316, 2317, 2318) 1780.0
(2894, 2895, 2896) 1428.0
(3437, 3438, 3439) 987.0
(9076, 9077, 9078) 1330.0
(8555, 8556, 8557) 1308.0
(4449, 4450, 4451) 1006.0
(4639, 4640, 4641) 943.0
(1785, 1786, 1787) 998.0
(4090, 4091, 4092) 1002.0
(7896, 7897, 7898) 1171.0
(2317, 2318, 2319) 1243.0
(663, 664, 665) 1131.0
(7537, 7538, 7539) 1204.0
(7176, 7177, 7178) 1291.0
(281, 282, 283) 1404.0
(6744, 6745, 6746) 1283.0
(6203, 6204, 6205) 1194.0
(6838, 6839, 6840) 1033.0
(2955, 2956, 2957) 1161.0
(5010, 5011, 5012) 865.0
(509, 510, 511) 923.0
(496, 497, 498) 1194.0
(7932, 7933, 7934) 1236.0
(9568, 9569, 9570) 1048.0
(1857, 1858, 1859) 1061.0
(4319, 4320, 4321) 1272.0
(279, 280, 281) 983.0
(6520, 6521, 6522) 1001.0
(9255, 9256, 9257) 992.0
(7261, 7262, 7263) 982.0
(8214, 8215, 8216) 1263.0
(3284, 3285, 3286) 1076.0
(7039, 7040, 7041) 1059.0
(6023, 6024, 6025) 1069.0
(140, 141, 142) 910.0
(3237, 3238, 3239) 942.0
(3179, 3180, 3181) 1174.0
(135, 136, 137) 1091.0
(611, 612, 613) 1297.0
(75, 76, 77) 1424.0
(7027, 7028, 7029) 1413.0
(8861, 8862, 8863) 1053.0
(3253, 3254, 3255) 1348.0
(503, 504, 505) 1456.0
(7367, 7368, 7369) 1252.0
(8819, 8820, 8821) 971.0
(3725, 3726, 3727) 1252.0
(9460, 9461, 9462) 1115.0
(494, 495, 496) 1230.0
(5644, 5645, 5646) 1226.0
(1777, 1778, 1779) 1106.0
(3554, 3555, 3556) 1093.0
(7036, 7037, 7038) 853.0
(6844, 6845, 6846) 1238.0
(7669, 7670, 7671) 1366.0
(8896, 8897, 8898) 941.0
(3853, 3854, 3855) 1004.0
(1865, 1866, 1867) 1108.0
(2578, 2579, 2580) 882.0
(2647, 2648, 2649) 1268.0
(4576, 4577, 4578) 1307.0
(7445, 7446, 7447) 997.0
(7205, 7206, 7207) 1374.0
(418, 419, 420) 1407.0
(1071, 1072, 1073) 1329.0
(677, 678, 679) 975.0
(5048, 5049, 5050) 1389.0
(3937, 3938, 3939) 909.0
(8642, 8643, 8644) 1020.0
(9661, 9662, 9663) 1277.0
(5811, 5812, 5813) 979.0
(961, 962, 963) 1264.0
(2477, 2478, 2479) 1274.0
(7230, 7231, 7232) 1069.0
(2694, 2695, 2696) 1061.0
(1170, 1171, 1172) 1166.0
(2032, 2033, 2034) 887.0
(9389, 9390, 9391) 1270.0
(2175, 2176, 2177) 1320.0
(336, 337, 338) 886.0
(560, 561, 562) 1236.0
(33, 34, 35) 994.0
(163, 164, 165) 1071.0
(2665, 2666, 2667) 1178.0
(3457, 3458, 3459) 1311.0
(3625, 3626, 3627) 1725.0
(3067, 3068, 3069) 1129.0
(1055, 1056, 1057) 1152.0
(4000, 4001, 4002) 1161.0
(2239, 2240, 2241) 1454.0
(8583, 8584, 8585) 1362.0
(9084, 9085, 9086) 1304.0
(5255, 5256, 5257) 1152.0
(7832, 7833, 7834) 1073.0
(5651, 5652, 5653) 1329.0
(7534, 7535, 7536) 828.0
(8765, 8766, 8767) 1404.0
(2591, 2592, 2593) 1369.0
(1800, 1801, 1802) 938.0
(7224, 7225, 7226) 971.0
(9543, 9544, 9545) 1161.0
(5043, 5044, 5045) 1490.0
(511, 512, 513) 1042.0
(3097, 3098, 3099) 1207.0
(9586, 9587, 9588) 1099.0
(3543, 3544, 3545) 895.0
(2077, 2078, 2079) 1521.0
(9442, 9443, 9444) 1319.0
(9973, 9974, 9975) 1168.0
(2848, 2849, 2850) 1454.0
(4426, 4427, 4428) 1012.0
(8405, 8406, 8407) 1011.0
(1214, 1215, 1216) 1084.0
(3602, 3603, 3604) 1735.0
(6946, 6947, 6948) 1144.0
(2141, 2142, 2143) 1119.0
(7322, 7323, 7324) 1428.0
(576, 577, 578) 993.0
(6372, 6373, 6374) 1162.0
(9766, 9767, 9768) 1364.0
(9036, 9037, 9038) 1141.0
(379, 380, 381) 1939.0
(4445, 4446, 4447) 1217.0
(3046, 3047, 3048) 1481.0
(5649, 5650, 5651) 1130.0
(1389, 1390, 1391) 1241.0
(1164, 1165, 1166) 1329.0
(4305, 4306, 4307) 1075.0
(6755, 6756, 6757) 1267.0
(8863, 8864, 8865) 1233.0
(2958, 2959, 2960) 1050.0
(8166, 8167, 8168) 1529.0
(5188, 5189, 5190) 1149.0
(2425, 2426, 2427) 1085.0
(2054, 2055, 2056) 882.0
(3289, 3290, 3291) 1164.0
(9039, 9040, 9041) 2046.0
(2520, 2521, 2522) 902.0
(8283, 8284, 8285) 974.0
(9199, 9200, 9201) 1245.0
(6735, 6736, 6737) 953.0
(2521, 2522, 2523) 951.0
(6200, 6201, 6202) 1022.0
(5576, 5577, 5578) 1333.0
(8662, 8663, 8664) 1165.0
(7530, 7531, 7532) 1428.0
(7605, 7606, 7607) 847.0
(5589, 5590, 5591) 1245.0
(1415, 1416, 1417) 1272.0
(3211, 3212, 3213) 1122.0
(7330, 7331, 7332) 1538.0
(3017, 3018, 3019) 987.0
(6548, 6549, 6550) 1202.0
(9757, 9758, 9759) 1112.0
(2227, 2228, 2229) 1065.0
(5184, 5185, 5186) 1105.0
(7167, 7168, 7169) 1385.0
(3105, 3106, 3107) 1139.0
(568, 569, 570) 1055.0
(4899, 4900, 4901) 1476.0
(2187, 2188, 2189) 1048.0
(9040, 9041, 9042) 865.0
(6128, 6129, 6130) 1313.0
(7426, 7427, 7428) 1239.0
(5053, 5054, 5055) 1174.0
(1692, 1693, 1694) 1382.0
(4858, 4859, 4860) 1295.0
(7730, 7731, 7732) 1078.0
(7124, 7125, 7126) 1266.0
(1027, 1028, 1029) 834.0
(3175, 3176, 3177) 980.0
(4107, 4108, 4109) 1237.0
(2881, 2882, 2883) 1074.0
(3473, 3474, 3475) 1217.0
(1745, 1746, 1747) 1354.0
(15, 16, 17) 973.0
(9060, 9061, 9062) 1484.0
(4726, 4727, 4728) 1198.0
(9741, 9742, 9743) 1249.0
(9182, 9183, 9184) 1381.0
(7160, 7161, 7162) 930.0
(322, 323, 324) 1238.0
(3347, 3348, 3349) 1118.0
(9263, 9264, 9265) 874.0
(1597, 1598, 1599) 1476.0
(1899, 1900, 1901) 1374.0
(7657, 7658, 7659) 1288.0
(8769, 8770, 8771) 1010.0
(6965, 6966, 6967) 923.0
(2413, 2414, 2415) 1161.0
(5664, 5665, 5666) 1292.0
(2000, 2001, 2002) 1565.0
(7847, 7848, 7849) 1311.0
(6620, 6621, 6622) 1095.0
(8480, 8481, 8482) 1342.0
(9225, 9226, 9227) 996.0
(8564, 8565, 8566) 1227.0
(5635, 5636, 5637) 1321.0
(8817, 8818, 8819) 1144.0
(132, 133, 134) 1068.0
(159, 160, 161) 1177.0
(5795, 5796, 5797) 1310.0
(9441, 9442, 9443) 856.0
(9050, 9051, 9052) 966.0
(9980, 9981, 9982) 1047.0
(3776, 3777, 3778) 1104.0
(8122, 8123, 8124) 1111.0
(2992, 2993, 2994) 1380.0
(2222, 2223, 2224) 1552.0
(3166, 3167, 3168) 1068.0
