(6060, 6061, 6062) 15509.0
(2029, 2030, 2031) 13999.0
(6332, 6333, 6334) 12413.0
(3342, 3343, 3344) 12241.0
(2426, 2427, 2428) 12091.0
(9972, 9973, 9974) 12920.0
(8715, 8716, 8717) 11383.0
(3635, 3636, 3637) 14833.0
(5604, 5605, 5606) 12831.0
(420, 421, 422) 14769.0
(8195, 8196, 8197) 11386.0
(3697, 3698, 3699) 12076.0
(6774, 6775, 6776) 11265.0
(3906, 3907, 3908) 12517.0
(4707, 4708, 4709) 12364.0
(6704, 6705, 6706) 12805.0
(7349, 7350, 7351) 11881.0
(6090, 6091, 6092) 11473.0
(4158, 4159, 4160) 12993.0
(396, 397, 398) 13068.0
(8512, 8513, 8514) 12526.0
(1987, 1988, 1989) 12763.0
(433, 434, 435) 14957.0
(9635, 9636, 9637) 12782.0
(8749, 8750, 8751) 13296.0
(5732, 5733, 5734) 11266.0
(3960, 3961, 3962) 12359.0
(5122, 5123, 5124) 11501.0
(288, 289, 290) 13385.0
(7535, 7536, 7537) 12565.0
(5479, 5480, 5481) 12728.0
(5097, 5098, 5099) 11588.0
(6091, 6092, 6093) 13049.0
(6294, 6295, 6296) 13066.0
(7331, 7332, 7333) 11406.0
(9444, 9445, 9446) 10961.0
(5962, 5963, 5964) 11622.0
(1864, 1865, 1866) 15702.0
(7802, 7803, 7804) 12334.0
(9177, 9178, 9179) 12339.0
(8927, 8928, 8929) 12266.0
(460, 461, 462) 12914.0
(3621, 3622, 3623) 12111.0
(8584, 8585, 8586) 13851.0
(5642, 5643, 5644) 12106.0
(9994, 9995, 9996) 12576.0
(5631, 5632, 5633) 14094.0
(4421, 4422, 4423) 14853.0
(5537, 5538, 5539) 11989.0
(14, 15, 16) 12811.0
(2583, 2584, 2585) 12857.0
(2466, 2467, 2468) 12252.0
(5382, 5383, 5384) 12879.0
(3077, 3078, 3079) 12647.0
(2448, 2449, 2450) 11831.0
(5810, 5811, 5812) 12182.0
(9326, 9327, 9328) 14234.0
(566, 567, 568) 11827.0
(3364, 3365, 3366) 14248.0
(1567, 1568, 1569) 11876.0
(3308, 3309, 3310) 13650.0
(9201, 9202, 9203) 13223.0
(2993, 2994, 2995) 12648.0
(1395, 1396, 1397) 11637.0
(4290, 4291, 4292) 11324.0
(6322, 6323, 6324) 13936.0
(480, 481, 482) 13613.0
(8820, 8821, 8822) 12007.0
(3129, 3130, 3131) 11255.0
(67, 68, 69) 15815.0
(7310, 7311, 7312) 11844.0
(457, 458, 459) 12060.0
(9515, 9516, 9517) 12063.0
(218, 219, 220) 11713.0
(7209, 7210, 7211) 11621.0
(8597, 8598, 8599) 13767.0
(3638, 3639, 3640) 13184.0
(9155, 9156, 9157) 11907.0
(4862, 4863, 4864) 13649.0
(2267, 2268, 2269) 16278.0
(6012, 6013, 6014) 12047.0
(1077, 1078, 1079) 15111.0
(5459, 5460, 5461) 13475.0
(2770, 2771, 2772) 13219.0
(4593, 4594, 4595) 14020.0
(6778, 6779, 6780) 13507.0
(837, 838, 839) 14232.0
(4938, 4939, 4940) 11764.0
(2009, 2010, 2011) 15303.0
(2382, 2383, 2384) 12705.0
(3661, 3662, 3663) 11817.0
(435, 436, 437) 11887.0
(8352, 8353, 8354) 12111.0
(1632, 1633, 1634) 10517.0
(6390, 6391, 6392) 11378.0
(8677, 8678, 8679) 13828.0
(3100, 3101, 3102) 13351.0
(3012, 3013, 3014) 12908.0
(7831, 7832, 7833) 12083.0
(1227, 1228, 1229) 12961.0
(6654, 6655, 6656) 12198.0
(1300, 1301, 1302) 13647.0
(6283, 6284, 6285) 14197.0
(9888, 9889, 9890) 11786.0
(1899, 1900, 1901) 11920.0
(7311, 7312, 7313) 13072.0
(1059, 1060, 1061) 12893.0
(3890, 3891, 3892) 11741.0
(2155, 2156, 2157) 13240.0
(4593, 4594, 4595) 14020.0
(1246, 1247, 1248) 12920.0
(4804, 4805, 4806) 14400.0
(8044, 8045, 8046) 11663.0
(3309, 3310, 3311) 11654.0
(2324, 2325, 2326) 13091.0
(8891, 8892, 8893) 12660.0
(6468, 6469, 6470) 12020.0
(499, 500, 501) 14310.0
(2818, 2819, 2820) 12141.0
(2840, 2841, 2842) 11654.0
(6353, 6354, 6355) 11566.0
(5112, 5113, 5114) 15140.0
(6002, 6003, 6004) 12626.0
(664, 665, 666) 13355.0
(3597, 3598, 3599) 11846.0
(5343, 5344, 5345) 13576.0
(3438, 3439, 3440) 12474.0
(10, 11, 12) 13188.0
(3325, 3326, 3327) 12123.0
(7507, 7508, 7509) 11592.0
(488, 489, 490) 11683.0
(9365, 9366, 9367) 14232.0
(1186, 1187, 1188) 13276.0
(8280, 8281, 8282) 10376.0
(3498, 3499, 3500) 13130.0
(9465, 9466, 9467) 16186.0
(9147, 9148, 9149) 12815.0
(231, 232, 233) 14257.0
(8185, 8186, 8187) 12499.0
(8271, 8272, 8273) 12020.0
(2663, 2664, 2665) 11662.0
(8845, 8846, 8847) 13263.0
(3360, 3361, 3362) 13476.0
(6076, 6077, 6078) 13124.0
(9662, 9663, 9664) 13008.0
(9181, 9182, 9183) 13809.0
(3292, 3293, 3294) 10616.0
(1090, 1091, 1092) 12893.0
(6573, 6574, 6575) 11987.0
(990, 991, 992) 13700.0
(7325, 7326, 7327) 11546.0
(4089, 4090, 4091) 12000.0
(9240, 9241, 9242) 11625.0
(8361, 8362, 8363) 14374.0
(3437, 3438, 3439) 12227.0
(6330, 6331, 6332) 14869.0
(5389, 5390, 5391) 14261.0
(6902, 6903, 6904) 12131.0
(3593, 3594, 3595) 10973.0
(1031, 1032, 1033) 13326.0
(4548, 4549, 4550) 11412.0
(7, 8, 9) 13465.0
(5190, 5191, 5192) 14135.0
(1119, 1120, 1121) 12621.0
(166, 167, 168) 12771.0
(592, 593, 594) 13047.0
(365, 366, 367) 12869.0
(3089, 3090, 3091) 14776.0
(9036, 9037, 9038) 11051.0
(9576, 9577, 9578) 14876.0
(4404, 4405, 4406) 11160.0
(486, 487, 488) 11574.0
(2511, 2512, 2513) 12976.0
(1052, 1053, 1054) 14880.0
(6625, 6626, 6627) 14284.0
(6348, 6349, 6350) 13332.0
(8391, 8392, 8393) 11349.0
(8767, 8768, 8769) 11872.0
(8204, 8205, 8206) 13386.0
(9702, 9703, 9704) 11108.0
(5236, 5237, 5238) 12770.0
(9902, 9903, 9904) 12111.0
(8179, 8180, 8181) 13495.0
(3473, 3474, 3475) 12729.0
(9875, 9876, 9877) 13410.0
(1514, 1515, 1516) 11681.0
(2204, 2205, 2206) 14823.0
(5657, 5658, 5659) 11976.0
(1267, 1268, 1269) 12009.0
(966, 967, 968) 11871.0
(3462, 3463, 3464) 13604.0
(7612, 7613, 7614) 11714.0
(8313, 8314, 8315) 13694.0
(4860, 4861, 4862) 13609.0
(9664, 9665, 9666) 12278.0
(1580, 1581, 1582) 12795.0
(5135, 5136, 5137) 14129.0
(3439, 3440, 3441) 12431.0
(5811, 5812, 5813) 12953.0
(3998, 3999, 4000) 13339.0
(6752, 6753, 6754) 12147.0
(8363, 8364, 8365) 12399.0
(9928, 9929, 9930) 11905.0
(1948, 1949, 1950) 13326.0
(4399, 4400, 4401) 11448.0
(2439, 2440, 2441) 11391.0
(5292, 5293, 5294) 14808.0
(8277, 8278, 8279) 17249.0
(2391, 2392, 2393) 11916.0
(5936, 5937, 5938) 12283.0
(2654, 2655, 2656) 11337.0
(6773, 6774, 6775) 13360.0
(1312, 1313, 1314) 12149.0
(8161, 8162, 8163) 12488.0
(3780, 3781, 3782) 10884.0
(288, 289, 290) 13385.0
(2968, 2969, 2970) 14650.0
(9022, 9023, 9024) 12788.0
(7901, 7902, 7903) 11455.0
(7224, 7225, 7226) 12666.0
(3280, 3281, 3282) 11257.0
(1726, 1727, 1728) 13157.0
(8308, 8309, 8310) 13129.0
(3471, 3472, 3473) 14848.0
(4527, 4528, 4529) 11157.0
(9408, 9409, 9410) 13218.0
(9541, 9542, 9543) 12948.0
(5817, 5818, 5819) 12280.0
(2575, 2576, 2577) 13390.0
(8683, 8684, 8685) 12835.0
(8935, 8936, 8937) 12705.0
(4418, 4419, 4420) 14540.0
(6242, 6243, 6244) 14854.0
(7747, 7748, 7749) 12412.0
(6579, 6580, 6581) 11316.0
(9636, 9637, 9638) 12746.0
(4961, 4962, 4963) 12016.0
(3279, 3280, 3281) 13533.0
(9333, 9334, 9335) 12195.0
(419, 420, 421) 13469.0
(5545, 5546, 5547) 12496.0
(945, 946, 947) 13937.0
(3549, 3550, 3551) 10690.0
(4212, 4213, 4214) 11971.0
(9817, 9818, 9819) 13185.0
(9565, 9566, 9567) 13657.0
(7598, 7599, 7600) 12963.0
(4122, 4123, 4124) 12245.0
(2533, 2534, 2535) 13122.0
(8927, 8928, 8929) 12266.0
(4790, 4791, 4792) 13513.0
(8036, 8037, 8038) 11580.0
(9186, 9187, 9188) 12945.0
(2275, 2276, 2277) 11661.0
(7224, 7225, 7226) 12666.0
(9578, 9579, 9580) 14660.0
(34, 35, 36) 12482.0
(6026, 6027, 6028) 12462.0
(2406, 2407, 2408) 13219.0
(1012, 1013, 1014) 12967.0
(9080, 9081, 9082) 12509.0
(8286, 8287, 8288) 11475.0
(9551, 9552, 9553) 11484.0
(2634, 2635, 2636) 11916.0
(5715, 5716, 5717) 12690.0
(2554, 2555, 2556) 13280.0
(4288, 4289, 4290) 12168.0
(1617, 1618, 1619) 12219.0
(1759, 1760, 1761) 12916.0
(92, 93, 94) 11786.0
(996, 997, 998) 11653.0
(3077, 3078, 3079) 12647.0
(3809, 3810, 3811) 12908.0
(2804, 2805, 2806) 13155.0
(570, 571, 572) 12235.0
(8848, 8849, 8850) 12253.0
(8459, 8460, 8461) 13032.0
(5528, 5529, 5530) 11882.0
(8609, 8610, 8611) 12974.0
(7047, 7048, 7049) 11611.0
(436, 437, 438) 13467.0
(7642, 7643, 7644) 10750.0
(7205, 7206, 7207) 12377.0
(7152, 7153, 7154) 12057.0
(3377, 3378, 3379) 13639.0
(1199, 1200, 1201) 14046.0
(9217, 9218, 9219) 11857.0
(565, 566, 567) 12374.0
(7321, 7322, 7323) 12873.0
(5604, 5605, 5606) 12831.0
(9421, 9422, 9423) 13176.0
(53, 54, 55) 12201.0
(210, 211, 212) 13004.0
(3411, 3412, 3413) 12859.0
(2230, 2231, 2232) 11467.0
(1347, 1348, 1349) 13555.0
(7718, 7719, 7720) 14222.0
(6082, 6083, 6084) 12993.0
(8578, 8579, 8580) 13062.0
(4927, 4928, 4929) 13161.0
(1395, 1396, 1397) 11637.0
(8724, 8725, 8726) 12819.0
(9429, 9430, 9431) 13209.0
(8880, 8881, 8882) 13371.0
(8661, 8662, 8663) 13308.0
(5857, 5858, 5859) 13831.0
(7107, 7108, 7109) 11743.0
(508, 509, 510) 11961.0
(6351, 6352, 6353) 12974.0
(3020, 3021, 3022) 10969.0
(9373, 9374, 9375) 13061.0
(7466, 7467, 7468) 13093.0
(9395, 9396, 9397) 12762.0
(9280, 9281, 9282) 12240.0
(2194, 2195, 2196) 12142.0
(5241, 5242, 5243) 13088.0
(9217, 9218, 9219) 11857.0
(8376, 8377, 8378) 10828.0
(4458, 4459, 4460) 11162.0
(5274, 5275, 5276) 12545.0
(4426, 4427, 4428) 10702.0
(5081, 5082, 5083) 12593.0
(985, 986, 987) 13420.0
(6515, 6516, 6517) 16830.0
(7070, 7071, 7072) 13539.0
(5173, 5174, 5175) 11808.0
(5737, 5738, 5739) 14671.0
(6878, 6879, 6880) 12287.0
(4107, 4108, 4109) 12759.0
(9451, 9452, 9453) 12887.0
(3224, 3225, 3226) 11987.0
(949, 950, 951) 13589.0
(3819, 3820, 3821) 12727.0
(8331, 8332, 8333) 12443.0
(4697, 4698, 4699) 12588.0
(2092, 2093, 2094) 11729.0
(3397, 3398, 3399) 11558.0
(9291, 9292, 9293) 11683.0
(7751, 7752, 7753) 12093.0
(7034, 7035, 7036) 12506.0
(2682, 2683, 2684) 11638.0
(3865, 3866, 3867) 13038.0
(2452, 2453, 2454) 11816.0
(3953, 3954, 3955) 12331.0
(2567, 2568, 2569) 13897.0
(8170, 8171, 8172) 12272.0
(9028, 9029, 9030) 12894.0
(5808, 5809, 5810) 12518.0
(9264, 9265, 9266) 13348.0
(1682, 1683, 1684) 11376.0
(3337, 3338, 3339) 12071.0
(5668, 5669, 5670) 13025.0
(9651, 9652, 9653) 10872.0
(9386, 9387, 9388) 12557.0
(6026, 6027, 6028) 12462.0
(2449, 2450, 2451) 14054.0
(3244, 3245, 3246) 12095.0
(7290, 7291, 7292) 12119.0
(5667, 5668, 5669) 11962.0
(9870, 9871, 9872) 14017.0
(2113, 2114, 2115) 12609.0
(4801, 4802, 4803) 12089.0
(5163, 5164, 5165) 12756.0
(8498, 8499, 8500) 14512.0
(382, 383, 384) 11790.0
(7422, 7423, 7424) 13136.0
(3579, 3580, 3581) 14013.0
(8694, 8695, 8696) 11384.0
(2688, 2689, 2690) 11567.0
(2791, 2792, 2793) 11538.0
(5027, 5028, 5029) 13019.0
(9002, 9003, 9004) 13027.0
(2281, 2282, 2283) 11388.0
(5218, 5219, 5220) 13347.0
(1393, 1394, 1395) 12642.0
(9623, 9624, 9625) 15341.0
(5623, 5624, 5625) 11123.0
(4008, 4009, 4010) 13347.0
(3172, 3173, 3174) 14078.0
(4205, 4206, 4207) 17254.0
(4492, 4493, 4494) 12378.0
(1993, 1994, 1995) 12590.0
(4407, 4408, 4409) 13124.0
(4878, 4879, 4880) 15688.0
(1394, 1395, 1396) 12465.0
(9707, 9708, 9709) 13321.0
(8764, 8765, 8766) 13675.0
(632, 633, 634) 13433.0
(8977, 8978, 8979) 14165.0
(1156, 1157, 1158) 12100.0
(8257, 8258, 8259) 12789.0
(8744, 8745, 8746) 12417.0
(4944, 4945, 4946) 11435.0
(5114, 5115, 5116) 12300.0
(5888, 5889, 5890) 12085.0
(2232, 2233, 2234) 12519.0
(9333, 9334, 9335) 12195.0
(629, 630, 631) 12562.0
(2251, 2252, 2253) 12616.0
(5974, 5975, 5976) 12753.0
(1463, 1464, 1465) 10756.0
(7734, 7735, 7736) 11646.0
(3032, 3033, 3034) 13425.0
(2690, 2691, 2692) 11955.0
(759, 760, 761) 11023.0
(9010, 9011, 9012) 12917.0
(1956, 1957, 1958) 12302.0
(866, 867, 868) 13836.0
(7002, 7003, 7004) 14150.0
(3864, 3865, 3866) 12988.0
(2615, 2616, 2617) 13436.0
(2985, 2986, 2987) 12421.0
(7188, 7189, 7190) 14248.0
(5797, 5798, 5799) 10526.0
(1514, 1515, 1516) 11681.0
(7829, 7830, 7831) 12672.0
(126, 127, 128) 13628.0
(1122, 1123, 1124) 12604.0
(4999, 5000, 5001) 11464.0
(2127, 2128, 2129) 11890.0
(9020, 9021, 9022) 10895.0
(5988, 5989, 5990) 12702.0
(372, 373, 374) 11750.0
(9018, 9019, 9020) 12761.0
(2581, 2582, 2583) 12746.0
(974, 975, 976) 12267.0
(3204, 3205, 3206) 12815.0
(4180, 4181, 4182) 12273.0
(853, 854, 855) 13231.0
(3781, 3782, 3783) 14081.0
(6785, 6786, 6787) 13280.0
(6389, 6390, 6391) 10909.0
(7925, 7926, 7927) 13007.0
(2404, 2405, 2406) 12164.0
(2250, 2251, 2252) 12084.0
(4206, 4207, 4208) 14221.0
(1649, 1650, 1651) 11523.0
(9986, 9987, 9988) 11534.0
(3952, 3953, 3954) 11464.0
(5252, 5253, 5254) 16151.0
(7914, 7915, 7916) 11803.0
(3779, 3780, 3781) 11733.0
(9927, 9928, 9929) 12284.0
(3572, 3573, 3574) 13153.0
(1775, 1776, 1777) 12787.0
(3861, 3862, 3863) 18349.0
(4219, 4220, 4221) 12145.0
(8237, 8238, 8239) 12669.0
(4243, 4244, 4245) 12131.0
(585, 586, 587) 14199.0
(4125, 4126, 4127) 12668.0
(4672, 4673, 4674) 13566.0
(229, 230, 231) 16313.0
(3445, 3446, 3447) 12602.0
(5653, 5654, 5655) 12225.0
(7974, 7975, 7976) 12443.0
(1707, 1708, 1709) 10945.0
(764, 765, 766) 12198.0
(8274, 8275, 8276) 11437.0
(7359, 7360, 7361) 14475.0
(7786, 7787, 7788) 13344.0
(3622, 3623, 3624) 12446.0
(1583, 1584, 1585) 11888.0
(7964, 7965, 7966) 12593.0
(4470, 4471, 4472) 15176.0
(3029, 3030, 3031) 16163.0
(4557, 4558, 4559) 12755.0
(7107, 7108, 7109) 11743.0
(6535, 6536, 6537) 11469.0
(635, 636, 637) 13738.0
(863, 864, 865) 11712.0
(1476, 1477, 1478) 15249.0
(7269, 7270, 7271) 12248.0
(2597, 2598, 2599) 12677.0
(2047, 2048, 2049) 11506.0
(6751, 6752, 6753) 14778.0
(2042, 2043, 2044) 13336.0
(54, 55, 56) 11068.0
(3525, 3526, 3527) 13363.0
(2954, 2955, 2956) 12349.0
(5163, 5164, 5165) 12756.0
(2958, 2959, 2960) 12123.0
(6010, 6011, 6012) 14146.0
(8487, 8488, 8489) 13329.0
(3335, 3336, 3337) 12723.0
(8363, 8364, 8365) 12399.0
(4525, 4526, 4527) 12583.0
(9509, 9510, 9511) 13101.0
(9824, 9825, 9826) 12901.0
(365, 366, 367) 12869.0
(2053, 2054, 2055) 12332.0
(6595, 6596, 6597) 13002.0
(7819, 7820, 7821) 12494.0
(7885, 7886, 7887) 12757.0
(122, 123, 124) 12466.0
(526, 527, 528) 12526.0
(7673, 7674, 7675) 13632.0
(8807, 8808, 8809) 13306.0
(2710, 2711, 2712) 13774.0
(4719, 4720, 4721) 11343.0
(9012, 9013, 9014) 13596.0
(9144, 9145, 9146) 11627.0
(7893, 7894, 7895) 12776.0
(7500, 7501, 7502) 12875.0
(2053, 2054, 2055) 12332.0
(7066, 7067, 7068) 13047.0
(8301, 8302, 8303) 18013.0
(2001, 2002, 2003) 13205.0
(7484, 7485, 7486) 11434.0
(7249, 7250, 7251) 11734.0
(8351, 8352, 8353) 12832.0
(4472, 4473, 4474) 13146.0
(713, 714, 715) 12262.0
(5637, 5638, 5639) 11299.0
(1353, 1354, 1355) 13472.0
(8228, 8229, 8230) 12931.0
(3636, 3637, 3638) 11709.0
(788, 789, 790) 13386.0
(4456, 4457, 4458) 13073.0
(7586, 7587, 7588) 11855.0
(3697, 3698, 3699) 12076.0
(1522, 1523, 1524) 12186.0
(1429, 1430, 1431) 12139.0
(2672, 2673, 2674) 12811.0
(2740, 2741, 2742) 11729.0
(8526, 8527, 8528) 13270.0
(2529, 2530, 2531) 14279.0
(1704, 1705, 1706) 12518.0
(7426, 7427, 7428) 12522.0
(94, 95, 96) 14299.0
(2256, 2257, 2258) 13607.0
(3895, 3896, 3897) 13138.0
(9005, 9006, 9007) 15177.0
(2377, 2378, 2379) 13753.0
(5268, 5269, 5270) 13238.0
(2909, 2910, 2911) 14729.0
(8765, 8766, 8767) 12319.0
(6577, 6578, 6579) 12038.0
(4006, 4007, 4008) 11359.0
(1622, 1623, 1624) 14822.0
(3164, 3165, 3166) 13665.0
(9438, 9439, 9440) 12643.0
(3899, 3900, 3901) 12206.0
(6643, 6644, 6645) 11895.0
(7561, 7562, 7563) 12049.0
(2737, 2738, 2739) 12111.0
(1823, 1824, 1825) 13006.0
(2409, 2410, 2411) 12258.0
(6266, 6267, 6268) 12501.0
(6286, 6287, 6288) 13309.0
(9357, 9358, 9359) 13177.0
(494, 495, 496) 13395.0
(6257, 6258, 6259) 13533.0
(2092, 2093, 2094) 11729.0
(8639, 8640, 8641) 10886.0
(6592, 6593, 6594) 12827.0
(8534, 8535, 8536) 11910.0
(8960, 8961, 8962) 12650.0
(580, 581, 582) 12629.0
(494, 495, 496) 13395.0
(1376, 1377, 1378) 13604.0
(7586, 7587, 7588) 11855.0
(8154, 8155, 8156) 14047.0
(3557, 3558, 3559) 12292.0
(8488, 8489, 8490) 12858.0
(8711, 8712, 8713) 13174.0
(454, 455, 456) 12844.0
(3969, 3970, 3971) 11735.0
(5730, 5731, 5732) 14770.0
(4144, 4145, 4146) 11918.0
(2581, 2582, 2583) 12746.0
(7116, 7117, 7118) 12403.0
(6471, 6472, 6473) 12243.0
(3438, 3439, 3440) 12474.0
(4207, 4208, 4209) 10947.0
(379, 380, 381) 16533.0
(9987, 9988, 9989) 11995.0
(8245, 8246, 8247) 12298.0
(8693, 8694, 8695) 13077.0
(4054, 4055, 4056) 13962.0
(8083, 8084, 8085) 12954.0
(1675, 1676, 1677) 14398.0
(2969, 2970, 2971) 12746.0
(4415, 4416, 4417) 12425.0
(6650, 6651, 6652) 11409.0
(2095, 2096, 2097) 12016.0
(4646, 4647, 4648) 11408.0
(3773, 3774, 3775) 12099.0
(4891, 4892, 4893) 16688.0
(6610, 6611, 6612) 14083.0
(713, 714, 715) 12262.0
(5446, 5447, 5448) 12828.0
(4331, 4332, 4333) 12938.0
(5495, 5496, 5497) 12683.0
(4731, 4732, 4733) 13554.0
(8584, 8585, 8586) 13851.0
(4436, 4437, 4438) 14108.0
(8696, 8697, 8698) 14013.0
(87, 88, 89) 12664.0
(8919, 8920, 8921) 12774.0
(3076, 3077, 3078) 12733.0
(8081, 8082, 8083) 12809.0
(8381, 8382, 8383) 12197.0
(9797, 9798, 9799) 12160.0
(4716, 4717, 4718) 12793.0
(168, 169, 170) 12298.0
(7567, 7568, 7569) 11435.0
(9126, 9127, 9128) 13939.0
(3403, 3404, 3405) 12624.0
(5419, 5420, 5421) 13571.0
(6047, 6048, 6049) 14609.0
(3602, 3603, 3604) 13558.0
(3629, 3630, 3631) 11685.0
(4064, 4065, 4066) 11629.0
(6678, 6679, 6680) 12784.0
(1494, 1495, 1496) 13343.0
(1498, 1499, 1500) 12144.0
(1027, 1028, 1029) 12905.0
(9289, 9290, 9291) 12813.0
(5974, 5975, 5976) 12753.0
(9798, 9799, 9800) 12606.0
(2511, 2512, 2513) 12976.0
(3951, 3952, 3953) 13481.0
(9429, 9430, 9431) 13209.0
(1137, 1138, 1139) 10971.0
(7664, 7665, 7666) 12808.0
(5419, 5420, 5421) 13571.0
(1131, 1132, 1133) 12495.0
(3075, 3076, 3077) 12205.0
(2872, 2873, 2874) 13237.0
(4868, 4869, 4870) 12235.0
(3777, 3778, 3779) 13393.0
(9795, 9796, 9797) 11906.0
(780, 781, 782) 12135.0
(3681, 3682, 3683) 12946.0
(7934, 7935, 7936) 11916.0
(8237, 8238, 8239) 12669.0
(1331, 1332, 1333) 10991.0
(6710, 6711, 6712) 13750.0
(7720, 7721, 7722) 12726.0
(2601, 2602, 2603) 16177.0
(5222, 5223, 5224) 13093.0
(2372, 2373, 2374) 14588.0
(1360, 1361, 1362) 13734.0
(9488, 9489, 9490) 14722.0
(712, 713, 714) 14464.0
(8357, 8358, 8359) 12842.0
(4125, 4126, 4127) 12668.0
(7339, 7340, 7341) 11155.0
(2496, 2497, 2498) 12772.0
(2683, 2684, 2685) 11659.0
(5537, 5538, 5539) 11989.0
(5670, 5671, 5672) 12851.0
(5569, 5570, 5571) 11895.0
(6178, 6179, 6180) 13111.0
(4034, 4035, 4036) 13418.0
(1780, 1781, 1782) 11282.0
(9866, 9867, 9868) 11989.0
(6126, 6127, 6128) 10795.0
(5993, 5994, 5995) 13229.0
(1736, 1737, 1738) 12669.0
(1981, 1982, 1983) 13498.0
(1385, 1386, 1387) 12809.0
(6868, 6869, 6870) 13363.0
(2646, 2647, 2648) 11659.0
(8742, 8743, 8744) 11951.0
(3763, 3764, 3765) 13162.0
(3907, 3908, 3909) 14958.0
(1578, 1579, 1580) 12259.0
(5959, 5960, 5961) 11227.0
(7251, 7252, 7253) 12146.0
(6274, 6275, 6276) 12807.0
(4682, 4683, 4684) 13246.0
(4187, 4188, 4189) 10324.0
(5113, 5114, 5115) 11979.0
(3604, 3605, 3606) 13915.0
(1872, 1873, 1874) 11624.0
(8807, 8808, 8809) 13306.0
(7080, 7081, 7082) 12808.0
(7798, 7799, 7800) 14557.0
(2949, 2950, 2951) 12308.0
(6073, 6074, 6075) 11631.0
(4212, 4213, 4214) 11971.0
(6694, 6695, 6696) 11645.0
(3814, 3815, 3816) 15135.0
(2042, 2043, 2044) 13336.0
(2072, 2073, 2074) 11979.0
(5457, 5458, 5459) 13573.0
(270, 271, 272) 12102.0
(1162, 1163, 1164) 12729.0
(1151, 1152, 1153) 15703.0
(9287, 9288, 9289) 11524.0
(6950, 6951, 6952) 11892.0
(5804, 5805, 5806) 13996.0
(7983, 7984, 7985) 11680.0
(6686, 6687, 6688) 11669.0
(4369, 4370, 4371) 11633.0
(4990, 4991, 4992) 11136.0
(7237, 7238, 7239) 12388.0
(5512, 5513, 5514) 11876.0
(5267, 5268, 5269) 12740.0
(9622, 9623, 9624) 13652.0
(9966, 9967, 9968) 13079.0
(7316, 7317, 7318) 11187.0
(5574, 5575, 5576) 15196.0
(866, 867, 868) 13836.0
(4975, 4976, 4977) 12466.0
(2285, 2286, 2287) 13684.0
(9726, 9727, 9728) 11462.0
(3330, 3331, 3332) 11676.0
(7866, 7867, 7868) 12462.0
(8917, 8918, 8919) 13062.0
(602, 603, 604) 12532.0
(9559, 9560, 9561) 12913.0
(2345, 2346, 2347) 14464.0
(6258, 6259, 6260) 11793.0
(5767, 5768, 5769) 11900.0
(9177, 9178, 9179) 12339.0
(461, 462, 463) 12763.0
(607, 608, 609) 11455.0
(4989, 4990, 4991) 12021.0
(7465, 7466, 7467) 11112.0
(173, 174, 175) 14759.0
(3211, 3212, 3213) 12164.0
(5903, 5904, 5905) 13043.0
(8201, 8202, 8203) 13225.0
(8162, 8163, 8164) 12036.0
(7625, 7626, 7627) 14573.0
(6971, 6972, 6973) 11921.0
(3245, 3246, 3247) 12734.0
(2407, 2408, 2409) 11128.0
(9861, 9862, 9863) 14372.0
(2125, 2126, 2127) 12324.0
(480, 481, 482) 13613.0
(9343, 9344, 9345) 11660.0
(7304, 7305, 7306) 12997.0
(4225, 4226, 4227) 15184.0
(7524, 7525, 7526) 12084.0
(2946, 2947, 2948) 11921.0
(2228, 2229, 2230) 11283.0
(5547, 5548, 5549) 13046.0
(5532, 5533, 5534) 12339.0
(3390, 3391, 3392) 12693.0
(8656, 8657, 8658) 11927.0
(1119, 1120, 1121) 12621.0
(1709, 1710, 1711) 11640.0
(5710, 5711, 5712) 12851.0
(2923, 2924, 2925) 11403.0
(5865, 5866, 5867) 11371.0
(9402, 9403, 9404) 13422.0
(5844, 5845, 5846) 11747.0
(8238, 8239, 8240) 12730.0
(6158, 6159, 6160) 13207.0
(2445, 2446, 2447) 12063.0
(4012, 4013, 4014) 14912.0
(8860, 8861, 8862) 12759.0
(2220, 2221, 2222) 13166.0
(9815, 9816, 9817) 12768.0
(878, 879, 880) 12378.0
(3552, 3553, 3554) 11235.0
(6894, 6895, 6896) 13990.0
(8620, 8621, 8622) 14603.0
(9438, 9439, 9440) 12643.0
(873, 874, 875) 14201.0
(6362, 6363, 6364) 12454.0
(2947, 2948, 2949) 12824.0
(5898, 5899, 5900) 11573.0
(108, 109, 110) 11604.0
(1897, 1898, 1899) 12560.0
(6803, 6804, 6805) 11863.0
(7628, 7629, 7630) 11814.0
(7293, 7294, 7295) 13118.0
(2300, 2301, 2302) 12832.0
(4324, 4325, 4326) 12941.0
(5967, 5968, 5969) 12745.0
(7330, 7331, 7332) 14849.0
(2457, 2458, 2459) 12190.0
(2501, 2502, 2503) 12491.0
(9194, 9195, 9196) 11338.0
(1163, 1164, 1165) 12181.0
(336, 337, 338) 12648.0
(6828, 6829, 6830) 12638.0
(7494, 7495, 7496) 12958.0
(4120, 4121, 4122) 13060.0
(6023, 6024, 6025) 12083.0
(3038, 3039, 3040) 15070.0
(8206, 8207, 8208) 12950.0
(3832, 3833, 3834) 13750.0
(3359, 3360, 3361) 11455.0
(3748, 3749, 3750) 12247.0
(1801, 1802, 1803) 11697.0
(7659, 7660, 7661) 11300.0
(2948, 2949, 2950) 12050.0
(9204, 9205, 9206) 13112.0
(5903, 5904, 5905) 13043.0
(3483, 3484, 3485) 11374.0
(2193, 2194, 2195) 10967.0
(9365, 9366, 9367) 14232.0
(8453, 8454, 8455) 13221.0
(6607, 6608, 6609) 13091.0
(7684, 7685, 7686) 14795.0
(1317, 1318, 1319) 11813.0
(6498, 6499, 6500) 12298.0
(3424, 3425, 3426) 12349.0
(9362, 9363, 9364) 12571.0
(4205, 4206, 4207) 17254.0
(6678, 6679, 6680) 12784.0
(5558, 5559, 5560) 15133.0
(28, 29, 30) 11031.0
(5624, 5625, 5626) 13541.0
(2133, 2134, 2135) 12866.0
(5998, 5999, 6000) 10763.0
(8991, 8992, 8993) 12707.0
(1396, 1397, 1398) 12189.0
(74, 75, 76) 14097.0
(8118, 8119, 8120) 12680.0
(1647, 1648, 1649) 11355.0
(3328, 3329, 3330) 12995.0
(4572, 4573, 4574) 12518.0
(5732, 5733, 5734) 11266.0
(3574, 3575, 3576) 13701.0
(6537, 6538, 6539) 12823.0
(7260, 7261, 7262) 11032.0
(74, 75, 76) 14097.0
(3906, 3907, 3908) 12517.0
(6808, 6809, 6810) 15056.0
(2523, 2524, 2525) 11917.0
(5694, 5695, 5696) 12519.0
(5423, 5424, 5425) 13730.0
(3355, 3356, 3357) 13973.0
(9813, 9814, 9815) 15877.0
(6303, 6304, 6305) 12825.0
(1536, 1537, 1538) 11863.0
(7000, 7001, 7002) 12018.0
(3867, 3868, 3869) 12996.0
(5759, 5760, 5761) 11133.0
(226, 227, 228) 15146.0
(2070, 2071, 2072) 12135.0
(271, 272, 273) 12525.0
(9153, 9154, 9155) 12760.0
(4350, 4351, 4352) 12683.0
(7961, 7962, 7963) 12304.0
(8859, 8860, 8861) 16240.0
(6621, 6622, 6623) 12424.0
(7165, 7166, 7167) 13197.0
(4499, 4500, 4501) 13295.0
(5170, 5171, 5172) 12501.0
(6365, 6366, 6367) 13627.0
(4276, 4277, 4278) 12084.0
(8924, 8925, 8926) 12541.0
(1904, 1905, 1906) 11604.0
(2916, 2917, 2918) 11130.0
(8450, 8451, 8452) 13564.0
(2463, 2464, 2465) 13136.0
(7311, 7312, 7313) 13072.0
(3525, 3526, 3527) 13363.0
(3348, 3349, 3350) 11048.0
(3656, 3657, 3658) 12554.0
(456, 457, 458) 12418.0
(2718, 2719, 2720) 13471.0
(6423, 6424, 6425) 13310.0
(4948, 4949, 4950) 12313.0
(3344, 3345, 3346) 11854.0
(9945, 9946, 9947) 11434.0
(865, 866, 867) 13445.0
(3300, 3301, 3302) 12949.0
(4455, 4456, 4457) 14466.0
(9147, 9148, 9149) 12815.0
(376, 377, 378) 14670.0
(4133, 4134, 4135) 11613.0
(1149, 1150, 1151) 12877.0
(237, 238, 239) 11646.0
(9823, 9824, 9825) 14960.0
(3761, 3762, 3763) 12550.0
(111, 112, 113) 15020.0
(4232, 4233, 4234) 15687.0
(2077, 2078, 2079) 13184.0
(3332, 3333, 3334) 12852.0
(6361, 6362, 6363) 12847.0
(20, 21, 22) 10656.0
(4552, 4553, 4554) 13458.0
(3791, 3792, 3793) 12853.0
(4967, 4968, 4969) 12266.0
(6140, 6141, 6142) 12091.0
(6413, 6414, 6415) 13372.0
(3346, 3347, 3348) 11303.0
(6015, 6016, 6017) 10925.0
(3000, 3001, 3002) 13053.0
(8854, 8855, 8856) 12156.0
(7833, 7834, 7835) 13853.0
(4126, 4127, 4128) 12552.0
(8859, 8860, 8861) 16240.0
(7192, 7193, 7194) 14108.0
(7802, 7803, 7804) 12334.0
(4416, 4417, 4418) 11921.0
(3312, 3313, 3314) 13578.0
(158, 159, 160) 12681.0
(2232, 2233, 2234) 12519.0
(956, 957, 958) 13138.0
(6733, 6734, 6735) 12402.0
(6785, 6786, 6787) 13280.0
(587, 588, 589) 14144.0
(8647, 8648, 8649) 11557.0
(9882, 9883, 9884) 12214.0
(2619, 2620, 2621) 11350.0
(1470, 1471, 1472) 11903.0
(6756, 6757, 6758) 13024.0
(6755, 6756, 6757) 12740.0
(2162, 2163, 2164) 12749.0
(8031, 8032, 8033) 13167.0
(7663, 7664, 7665) 12540.0
(8431, 8432, 8433) 12300.0
(6795, 6796, 6797) 11681.0
(1260, 1261, 1262) 13499.0
(7574, 7575, 7576) 10996.0
(4251, 4252, 4253) 14714.0
(2690, 2691, 2692) 11955.0
(6522, 6523, 6524) 14567.0
(6165, 6166, 6167) 11431.0
(8289, 8290, 8291) 12408.0
(3207, 3208, 3209) 12355.0
(7565, 7566, 7567) 13994.0
(4674, 4675, 4676) 10517.0
(1187, 1188, 1189) 11849.0
(4104, 4105, 4106) 13799.0
(7259, 7260, 7261) 15005.0
(4389, 4390, 4391) 11003.0
(9683, 9684, 9685) 12801.0
(2404, 2405, 2406) 12164.0
(8692, 8693, 8694) 14260.0
(3285, 3286, 3287) 11702.0
(728, 729, 730) 13616.0
(3196, 3197, 3198) 12813.0
(5346, 5347, 5348) 12251.0
(6937, 6938, 6939) 11382.0
(5097, 5098, 5099) 11588.0
(7416, 7417, 7418) 11839.0
(9160, 9161, 9162) 12132.0
(6094, 6095, 6096) 12547.0
(8297, 8298, 8299) 12476.0
(9322, 9323, 9324) 17326.0
(9668, 9669, 9670) 13664.0
(7425, 7426, 7427) 13316.0
(7594, 7595, 7596) 12630.0
(5151, 5152, 5153) 14266.0
(2734, 2735, 2736) 11514.0
(6836, 6837, 6838) 11764.0
(247, 248, 249) 13159.0
(8079, 8080, 8081) 12591.0
(7734, 7735, 7736) 11646.0
(6643, 6644, 6645) 11895.0
(3024, 3025, 3026) 13831.0
(8950, 8951, 8952) 12744.0
(8383, 8384, 8385) 12520.0
(3018, 3019, 3020) 12494.0
(4095, 4096, 4097) 14412.0
(1733, 1734, 1735) 13835.0
(9631, 9632, 9633) 14556.0
(2563, 2564, 2565) 10988.0
(6408, 6409, 6410) 12017.0
(5455, 5456, 5457) 11690.0
(3722, 3723, 3724) 12601.0
(4424, 4425, 4426) 11926.0
(9716, 9717, 9718) 14896.0
(7709, 7710, 7711) 12542.0
(5114, 5115, 5116) 12300.0
(6218, 6219, 6220) 12985.0
(6801, 6802, 6803) 13564.0
(290, 291, 292) 14721.0
(6911, 6912, 6913) 13983.0
(1196, 1197, 1198) 12653.0
(4005, 4006, 4007) 11197.0
(447, 448, 449) 12780.0
(8213, 8214, 8215) 12453.0
(8215, 8216, 8217) 12064.0
(7072, 7073, 7074) 13287.0
(7318, 7319, 7320) 13248.0
(5583, 5584, 5585) 11506.0
(1820, 1821, 1822) 10816.0
(5364, 5365, 5366) 11951.0
(9938, 9939, 9940) 13445.0
(5859, 5860, 5861) 11576.0
(3956, 3957, 3958) 11304.0
(2369, 2370, 2371) 15818.0
(111, 112, 113) 15020.0
(7092, 7093, 7094) 13515.0
(146, 147, 148) 11960.0
(7887, 7888, 7889) 12428.0
(2617, 2618, 2619) 11730.0
(963, 964, 965) 12015.0
(4335, 4336, 4337) 11722.0
(6078, 6079, 6080) 12634.0
(1596, 1597, 1598) 12406.0
(8175, 8176, 8177) 11827.0
(6032, 6033, 6034) 14613.0
(3406, 3407, 3408) 14047.0
(3061, 3062, 3063) 12309.0
(3452, 3453, 3454) 13063.0
(259, 260, 261) 12673.0
(1055, 1056, 1057) 11931.0
(8665, 8666, 8667) 13020.0
(211, 212, 213) 11984.0
(6610, 6611, 6612) 14083.0
(1238, 1239, 1240) 13103.0
(3664, 3665, 3666) 12940.0
(3792, 3793, 3794) 11492.0
(6035, 6036, 6037) 11429.0
(652, 653, 654) 12864.0
(3974, 3975, 3976) 12083.0
(1079, 1080, 1081) 12837.0
(6692, 6693, 6694) 13829.0
