(4023, 4024, 4025) 13902.0
(3912, 3913, 3914) 11901.0
(6368, 6369, 6370) 14146.0
(777, 778, 779) 14944.0
(3696, 3697, 3698) 14310.0
(3238, 3239, 3240) 12300.0
(7082, 7083, 7084) 12135.0
(4696, 4697, 4698) 13199.0
(4659, 4660, 4661) 11719.0
(4597, 4598, 4599) 15535.0
(2927, 2928, 2929) 12917.0
(5763, 5764, 5765) 15521.0
(9127, 9128, 9129) 11250.0
(4796, 4797, 4798) 13809.0
(6093, 6094, 6095) 11074.0
(778, 779, 780) 12696.0
(3128, 3129, 3130) 12262.0
(4759, 4760, 4761) 12634.0
(7285, 7286, 7287) 11970.0
(4519, 4520, 4521) 12236.0
(658, 659, 660) 15245.0
(62, 63, 64) 11450.0
(2540, 2541, 2542) 13391.0
(387, 388, 389) 12560.0
(6401, 6402, 6403) 11947.0
(3093, 3094, 3095) 13166.0
(854, 855, 856) 12450.0
(2466, 2467, 2468) 12278.0
(2624, 2625, 2626) 12094.0
(3004, 3005, 3006) 12904.0
(8635, 8636, 8637) 11601.0
(8712, 8713, 8714) 12943.0
(4691, 4692, 4693) 14589.0
(1920, 1921, 1922) 14302.0
(6689, 6690, 6691) 12555.0
(8582, 8583, 8584) 12274.0
(2640, 2641, 2642) 13495.0
(5364, 5365, 5366) 12175.0
(1919, 1920, 1921) 13117.0
(6948, 6949, 6950) 11812.0
(5460, 5461, 5462) 11495.0
(3334, 3335, 3336) 12870.0
(3694, 3695, 3696) 12958.0
(3733, 3734, 3735) 12916.0
(2499, 2500, 2501) 12364.0
(4117, 4118, 4119) 13780.0
(7863, 7864, 7865) 11759.0
(4222, 4223, 4224) 11367.0
(1708, 1709, 1710) 13087.0
(8998, 8999, 9000) 15868.0
(59, 60, 61) 11328.0
(8126, 8127, 8128) 14144.0
(8152, 8153, 8154) 13843.0
(7531, 7532, 7533) 11261.0
(3248, 3249, 3250) 13876.0
(9111, 9112, 9113) 13658.0
(7785, 7786, 7787) 12737.0
(4793, 4794, 4795) 12672.0
(126, 127, 128) 13808.0
(5635, 5636, 5637) 12254.0
(5484, 5485, 5486) 18260.0
(5021, 5022, 5023) 12177.0
(6161, 6162, 6163) 11953.0
(8243, 8244, 8245) 11290.0
(9851, 9852, 9853) 11906.0
(4989, 4990, 4991) 12388.0
(2448, 2449, 2450) 11911.0
(646, 647, 648) 13427.0
(3745, 3746, 3747) 16141.0
(9876, 9877, 9878) 12659.0
(8063, 8064, 8065) 12759.0
(4823, 4824, 4825) 12757.0
(8284, 8285, 8286) 12560.0
(1832, 1833, 1834) 12635.0
(1733, 1734, 1735) 13944.0
(2158, 2159, 2160) 14005.0
(9496, 9497, 9498) 11639.0
(148, 149, 150) 12164.0
(8213, 8214, 8215) 12676.0
(9145, 9146, 9147) 12621.0
(7563, 7564, 7565) 15605.0
(2441, 2442, 2443) 12486.0
(1991, 1992, 1993) 12662.0
(9600, 9601, 9602) 12238.0
(2810, 2811, 2812) 13101.0
(4980, 4981, 4982) 13057.0
(7218, 7219, 7220) 12022.0
(5409, 5410, 5411) 15463.0
(5096, 5097, 5098) 14856.0
(5869, 5870, 5871) 12851.0
(3769, 3770, 3771) 12520.0
(4569, 4570, 4571) 11699.0
(9621, 9622, 9623) 13035.0
(1323, 1324, 1325) 13073.0
(7600, 7601, 7602) 14174.0
(7817, 7818, 7819) 12695.0
(3398, 3399, 3400) 12102.0
(3866, 3867, 3868) 12184.0
(8033, 8034, 8035) 12417.0
(7602, 7603, 7604) 14172.0
(913, 914, 915) 14436.0
(2901, 2902, 2903) 12066.0
(4523, 4524, 4525) 11767.0
(2081, 2082, 2083) 11153.0
(7850, 7851, 7852) 11368.0
(8389, 8390, 8391) 11015.0
(3057, 3058, 3059) 12471.0
(7768, 7769, 7770) 12737.0
(5321, 5322, 5323) 11467.0
(8159, 8160, 8161) 13538.0
(1052, 1053, 1054) 14813.0
(9852, 9853, 9854) 12599.0
(4790, 4791, 4792) 13666.0
(8565, 8566, 8567) 13223.0
(3793, 3794, 3795) 13732.0
(6909, 6910, 6911) 13161.0
(8704, 8705, 8706) 15241.0
(5624, 5625, 5626) 13549.0
(2800, 2801, 2802) 13232.0
(3167, 3168, 3169) 15185.0
(8476, 8477, 8478) 15727.0
(3315, 3316, 3317) 12515.0
(6159, 6160, 6161) 12541.0
(7727, 7728, 7729) 11655.0
(5918, 5919, 5920) 11841.0
(1126, 1127, 1128) 11623.0
(2034, 2035, 2036) 11849.0
(1743, 1744, 1745) 12403.0
(7691, 7692, 7693) 11885.0
(7663, 7664, 7665) 13063.0
(3277, 3278, 3279) 11944.0
(9117, 9118, 9119) 11334.0
(8187, 8188, 8189) 11580.0
(3856, 3857, 3858) 12525.0
(5879, 5880, 5881) 16207.0
(4769, 4770, 4771) 13233.0
(7634, 7635, 7636) 12669.0
(3651, 3652, 3653) 12335.0
(2636, 2637, 2638) 12639.0
(6311, 6312, 6313) 13097.0
(1196, 1197, 1198) 12623.0
(9486, 9487, 9488) 11951.0
(8235, 8236, 8237) 12312.0
(2473, 2474, 2475) 11685.0
(8086, 8087, 8088) 11793.0
(5319, 5320, 5321) 13381.0
(3387, 3388, 3389) 12279.0
(6913, 6914, 6915) 12191.0
(4767, 4768, 4769) 12959.0
(9474, 9475, 9476) 13116.0
(7967, 7968, 7969) 14493.0
(288, 289, 290) 13764.0
(1268, 1269, 1270) 14719.0
(5990, 5991, 5992) 14073.0
(7045, 7046, 7047) 13662.0
(4255, 4256, 4257) 11636.0
(1739, 1740, 1741) 13399.0
(1217, 1218, 1219) 13428.0
(2964, 2965, 2966) 12476.0
(4651, 4652, 4653) 11957.0
(7489, 7490, 7491) 12137.0
(6584, 6585, 6586) 13031.0
(4886, 4887, 4888) 15297.0
(182, 183, 184) 13497.0
(3822, 3823, 3824) 13661.0
(183, 184, 185) 12971.0
(8084, 8085, 8086) 11774.0
(3983, 3984, 3985) 12086.0
(2256, 2257, 2258) 13824.0
(171, 172, 173) 13076.0
(1016, 1017, 1018) 12017.0
(8767, 8768, 8769) 11827.0
(2647, 2648, 2649) 12991.0
(7499, 7500, 7501) 11941.0
(4827, 4828, 4829) 12724.0
(9583, 9584, 9585) 12488.0
(8455, 8456, 8457) 14072.0
(5227, 5228, 5229) 12800.0
(5287, 5288, 5289) 14258.0
(9105, 9106, 9107) 15993.0
(2452, 2453, 2454) 12059.0
(1329, 1330, 1331) 13481.0
(4925, 4926, 4927) 12427.0
(5779, 5780, 5781) 12745.0
(850, 851, 852) 12143.0
(2487, 2488, 2489) 13286.0
(5439, 5440, 5441) 12776.0
(961, 962, 963) 12258.0
(5151, 5152, 5153) 14463.0
(598, 599, 600) 13216.0
(7476, 7477, 7478) 12918.0
(8625, 8626, 8627) 11630.0
(2913, 2914, 2915) 13466.0
(8538, 8539, 8540) 13485.0
(5118, 5119, 5120) 12920.0
(4980, 4981, 4982) 13057.0
(4024, 4025, 4026) 13825.0
(4721, 4722, 4723) 12217.0
(817, 818, 819) 11261.0
(9853, 9854, 9855) 11587.0
(3626, 3627, 3628) 12456.0
