(7638, 7639, 7640) 12641.0
(2686, 2687, 2688) 13411.0
(6055, 6056, 6057) 13148.0
(7432, 7433, 7434) 13054.0
(3396, 3397, 3398) 12328.0
(7619, 7620, 7621) 14350.0
(838, 839, 840) 11093.0
(2219, 2220, 2221) 12791.0
(3827, 3828, 3829) 12955.0
(7561, 7562, 7563) 12268.0
(6097, 6098, 6099) 12880.0
(8466, 8467, 8468) 12012.0
(3191, 3192, 3193) 13547.0
(3283, 3284, 3285) 11046.0
(7461, 7462, 7463) 11533.0
(5988, 5989, 5990) 12665.0
(259, 260, 261) 13058.0
(4119, 4120, 4121) 12834.0
(8126, 8127, 8128) 14259.0
(5227, 5228, 5229) 13103.0
(4224, 4225, 4226) 12546.0
(1732, 1733, 1734) 12859.0
(7631, 7632, 7633) 13246.0
(8875, 8876, 8877) 11426.0
(6080, 6081, 6082) 14410.0
(3388, 3389, 3390) 12654.0
(1124, 1125, 1126) 12783.0
(3804, 3805, 3806) 14470.0
(1003, 1004, 1005) 11997.0
(3658, 3659, 3660) 12515.0
(1181, 1182, 1183) 13784.0
(7155, 7156, 7157) 12081.0
(6893, 6894, 6895) 13009.0
(4111, 4112, 4113) 13580.0
(7795, 7796, 7797) 12042.0
(8486, 8487, 8488) 10849.0
(6166, 6167, 6168) 12913.0
(9300, 9301, 9302) 14987.0
(6828, 6829, 6830) 13017.0
(358, 359, 360) 15242.0
(2225, 2226, 2227) 12448.0
(1726, 1727, 1728) 13200.0
(2274, 2275, 2276) 12207.0
(1265, 1266, 1267) 14211.0
(4900, 4901, 4902) 11560.0
(1995, 1996, 1997) 12428.0
(9633, 9634, 9635) 12149.0
(922, 923, 924) 11552.0
(7990, 7991, 7992) 13413.0
(3520, 3521, 3522) 14105.0
(8814, 8815, 8816) 15398.0
(4743, 4744, 4745) 13835.0
(941, 942, 943) 11864.0
(4559, 4560, 4561) 11548.0
(9071, 9072, 9073) 11848.0
(4215, 4216, 4217) 12002.0
(9671, 9672, 9673) 12800.0
(5463, 5464, 5465) 13449.0
(8767, 8768, 8769) 12275.0
(9274, 9275, 9276) 12469.0
(6375, 6376, 6377) 13372.0
(8750, 8751, 8752) 11812.0
(8031, 8032, 8033) 13507.0
(4709, 4710, 4711) 11882.0
(3734, 3735, 3736) 12354.0
(8306, 8307, 8308) 13514.0
(8543, 8544, 8545) 14793.0
(2290, 2291, 2292) 16225.0
(860, 861, 862) 12309.0
(132, 133, 134) 13333.0
(2916, 2917, 2918) 11448.0
(6873, 6874, 6875) 13385.0
(8275, 8276, 8277) 14514.0
(4893, 4894, 4895) 13683.0
(329, 330, 331) 12920.0
(9406, 9407, 9408) 13321.0
(2113, 2114, 2115) 13003.0
(1380, 1381, 1382) 12283.0
(1108, 1109, 1110) 13184.0
(494, 495, 496) 13680.0
(1518, 1519, 1520) 12791.0
(8098, 8099, 8100) 12499.0
(6439, 6440, 6441) 12587.0
(7584, 7585, 7586) 13336.0
(7186, 7187, 7188) 12862.0
(9072, 9073, 9074) 14397.0
(7278, 7279, 7280) 12741.0
(6713, 6714, 6715) 14480.0
(1912, 1913, 1914) 11168.0
(4565, 4566, 4567) 12562.0
(3530, 3531, 3532) 12072.0
(6661, 6662, 6663) 12459.0
(7171, 7172, 7173) 11641.0
(3702, 3703, 3704) 13003.0
(4687, 4688, 4689) 11572.0
(2287, 2288, 2289) 12880.0
(1489, 1490, 1491) 12205.0
(9995, 9996, 9997) 11925.0
(7155, 7156, 7157) 12081.0
(2673, 2674, 2675) 11625.0
(3217, 3218, 3219) 12503.0
(3216, 3217, 3218) 14060.0
(937, 938, 939) 12347.0
(8995, 8996, 8997) 13793.0
(4127, 4128, 4129) 12763.0
(9335, 9336, 9337) 12178.0
(1650, 1651, 1652) 14303.0
(1761, 1762, 1763) 12055.0
(571, 572, 573) 14121.0
(4501, 4502, 4503) 11345.0
(6891, 6892, 6893) 11933.0
(5073, 5074, 5075) 12664.0
(1542, 1543, 1544) 13218.0
(271, 272, 273) 12506.0
(3050, 3051, 3052) 13612.0
(8876, 8877, 8878) 14539.0
(1682, 1683, 1684) 11553.0
(3832, 3833, 3834) 14110.0
(4744, 4745, 4746) 15962.0
(8243, 8244, 8245) 11580.0
(2964, 2965, 2966) 12581.0
(7863, 7864, 7865) 12120.0
(9864, 9865, 9866) 12749.0
(1170, 1171, 1172) 13320.0
(8898, 8899, 8900) 13059.0
(7750, 7751, 7752) 13227.0
(9729, 9730, 9731) 13055.0
(2315, 2316, 2317) 14305.0
(5740, 5741, 5742) 12600.0
(709, 710, 711) 11745.0
(697, 698, 699) 12671.0
(8570, 8571, 8572) 12075.0
(8301, 8302, 8303) 17987.0
(5207, 5208, 5209) 12777.0
(3582, 3583, 3584) 12729.0
(4332, 4333, 4334) 12627.0
(4833, 4834, 4835) 11780.0
(408, 409, 410) 15692.0
(8640, 8641, 8642) 17046.0
(4083, 4084, 4085) 13120.0
(6793, 6794, 6795) 13024.0
(2892, 2893, 2894) 14780.0
(211, 212, 213) 11830.0
(1437, 1438, 1439) 13691.0
(5741, 5742, 5743) 12549.0
(5491, 5492, 5493) 13007.0
(8690, 8691, 8692) 12750.0
(4115, 4116, 4117) 11971.0
(85, 86, 87) 13829.0
(7749, 7750, 7751) 12415.0
(244, 245, 246) 13362.0
(3062, 3063, 3064) 13764.0
(9261, 9262, 9263) 13117.0
(9116, 9117, 9118) 14523.0
(5473, 5474, 5475) 11843.0
(132, 133, 134) 13333.0
(8620, 8621, 8622) 14825.0
(4205, 4206, 4207) 17405.0
(8149, 8150, 8151) 12317.0
(4742, 4743, 4744) 13170.0
(9311, 9312, 9313) 14917.0
(4443, 4444, 4445) 13013.0
(3670, 3671, 3672) 11956.0
(6719, 6720, 6721) 14691.0
(8273, 8274, 8275) 13739.0
(8756, 8757, 8758) 14386.0
(9895, 9896, 9897) 14133.0
(481, 482, 483) 12156.0
(8223, 8224, 8225) 12265.0
(4754, 4755, 4756) 14235.0
(6456, 6457, 6458) 12086.0
(6012, 6013, 6014) 12170.0
(8235, 8236, 8237) 12749.0
(443, 444, 445) 12083.0
(9227, 9228, 9229) 13042.0
(5569, 5570, 5571) 12030.0
(4453, 4454, 4455) 11798.0
(5981, 5982, 5983) 14619.0
(9722, 9723, 9724) 13092.0
(9140, 9141, 9142) 11971.0
(8560, 8561, 8562) 13916.0
(5538, 5539, 5540) 12744.0
(8586, 8587, 8588) 12493.0
(7009, 7010, 7011) 14397.0
(1225, 1226, 1227) 15121.0
(9868, 9869, 9870) 12537.0
(9737, 9738, 9739) 13693.0
(8628, 8629, 8630) 12979.0
(38, 39, 40) 13891.0
(1469, 1470, 1471) 12681.0
(6744, 6745, 6746) 13447.0
(989, 990, 991) 12916.0
(2554, 2555, 2556) 13329.0
(9634, 9635, 9636) 14681.0
(3750, 3751, 3752) 13333.0
(6562, 6563, 6564) 11981.0
(2980, 2981, 2982) 12094.0
(7765, 7766, 7767) 15201.0
(4758, 4759, 4760) 11636.0
(8422, 8423, 8424) 13611.0
(5534, 5535, 5536) 11877.0
