(1670, 1671, 1672) 13330.0
(1708, 1709, 1710) 13228.0
(5828, 5829, 5830) 11142.0
(4801, 4802, 4803) 12451.0
(694, 695, 696) 12746.0
(6914, 6915, 6916) 14864.0
(4423, 4424, 4425) 14211.0
(8269, 8270, 8271) 12447.0
(6140, 6141, 6142) 12363.0
(8788, 8789, 8790) 12856.0
(2702, 2703, 2704) 14214.0
(4532, 4533, 4534) 12638.0
(6618, 6619, 6620) 16210.0
(5338, 5339, 5340) 14004.0
(5523, 5524, 5525) 12764.0
(4069, 4070, 4071) 13239.0
(3190, 3191, 3192) 13270.0
(7601, 7602, 7603) 13324.0
(2478, 2479, 2480) 11925.0
(4544, 4545, 4546) 11823.0
(2381, 2382, 2383) 13300.0
(9815, 9816, 9817) 13177.0
(8983, 8984, 8985) 12816.0
(6338, 6339, 6340) 14180.0
(6987, 6988, 6989) 13113.0
(4941, 4942, 4943) 14146.0
(8905, 8906, 8907) 13159.0
(7929, 7930, 7931) 12336.0
(5987, 5988, 5989) 11861.0
(7151, 7152, 7153) 12277.0
(3621, 3622, 3623) 12327.0
(7106, 7107, 7108) 13848.0
(3419, 3420, 3421) 13986.0
(4236, 4237, 4238) 14180.0
(753, 754, 755) 13139.0
(6268, 6269, 6270) 15003.0
(6962, 6963, 6964) 13227.0
(5764, 5765, 5766) 12444.0
(2718, 2719, 2720) 14618.0
(9924, 9925, 9926) 14682.0
(8603, 8604, 8605) 11473.0
(7856, 7857, 7858) 13500.0
(5010, 5011, 5012) 13438.0
(9872, 9873, 9874) 12786.0
(6291, 6292, 6293) 13408.0
(9697, 9698, 9699) 12789.0
(3364, 3365, 3366) 15587.0
(6664, 6665, 6666) 14337.0
(3930, 3931, 3932) 12787.0
(4828, 4829, 4830) 13636.0
(8340, 8341, 8342) 13675.0
(5258, 5259, 5260) 12345.0
(5798, 5799, 5800) 12679.0
(6948, 6949, 6950) 12299.0
(6090, 6091, 6092) 12193.0
(5644, 5645, 5646) 15539.0
(2923, 2924, 2925) 11361.0
(1645, 1646, 1647) 12800.0
(3463, 3464, 3465) 10853.0
(9919, 9920, 9921) 13212.0
(6766, 6767, 6768) 11867.0
(8103, 8104, 8105) 12198.0
(8529, 8530, 8531) 11757.0
(1956, 1957, 1958) 12413.0
(6059, 6060, 6061) 11881.0
(7027, 7028, 7029) 12176.0
(7586, 7587, 7588) 12363.0
(8206, 8207, 8208) 13265.0
(9353, 9354, 9355) 13930.0
(4350, 4351, 4352) 13027.0
(8720, 8721, 8722) 12542.0
(5769, 5770, 5771) 14667.0
(1159, 1160, 1161) 14428.0
(6749, 6750, 6751) 13335.0
(1776, 1777, 1778) 12850.0
(8858, 8859, 8860) 11009.0
(8054, 8055, 8056) 12721.0
(3632, 3633, 3634) 11721.0
(4115, 4116, 4117) 12233.0
(8089, 8090, 8091) 13432.0
(5403, 5404, 5405) 12959.0
(8862, 8863, 8864) 17106.0
(2766, 2767, 2768) 13519.0
(6785, 6786, 6787) 13708.0
(6047, 6048, 6049) 14674.0
(1988, 1989, 1990) 12110.0
(7724, 7725, 7726) 14081.0
(4193, 4194, 4195) 12881.0
(4092, 4093, 4094) 13252.0
(6561, 6562, 6563) 12410.0
(7896, 7897, 7898) 13031.0
(7829, 7830, 7831) 12760.0
(5151, 5152, 5153) 14362.0
(6047, 6048, 6049) 14674.0
(1306, 1307, 1308) 14666.0
(1761, 1762, 1763) 12099.0
(1088, 1089, 1090) 12803.0
(9480, 9481, 9482) 15254.0
(4713, 4714, 4715) 13473.0
(5676, 5677, 5678) 13161.0
(855, 856, 857) 15069.0
(8539, 8540, 8541) 14623.0
(7710, 7711, 7712) 12396.0
(1449, 1450, 1451) 14240.0
(5829, 5830, 5831) 12752.0
(5979, 5980, 5981) 11420.0
(4327, 4328, 4329) 12721.0
(1429, 1430, 1431) 12373.0
(6473, 6474, 6475) 14062.0
(8720, 8721, 8722) 12542.0
(1955, 1956, 1957) 14891.0
(9620, 9621, 9622) 12405.0
(7305, 7306, 7307) 13651.0
(4989, 4990, 4991) 13042.0
(3785, 3786, 3787) 13697.0
(8921, 8922, 8923) 12305.0
(5221, 5222, 5223) 13568.0
(1468, 1469, 1470) 13885.0
(3220, 3221, 3222) 11706.0
(2164, 2165, 2166) 14104.0
(892, 893, 894) 11538.0
(6903, 6904, 6905) 13826.0
(1197, 1198, 1199) 13428.0
(182, 183, 184) 13777.0
(2634, 2635, 2636) 12287.0
(2482, 2483, 2484) 12902.0
(4105, 4106, 4107) 13215.0
(8687, 8688, 8689) 12046.0
(4000, 4001, 4002) 18876.0
(38, 39, 40) 13831.0
(2287, 2288, 2289) 13069.0
(2652, 2653, 2654) 14311.0
(4646, 4647, 4648) 11922.0
(6621, 6622, 6623) 12579.0
(124, 125, 126) 13151.0
(7819, 7820, 7821) 12898.0
(5666, 5667, 5668) 15437.0
(459, 460, 461) 12152.0
(6981, 6982, 6983) 12455.0
(8064, 8065, 8066) 15050.0
(9074, 9075, 9076) 13275.0
(8752, 8753, 8754) 11100.0
(1191, 1192, 1193) 13994.0
(9400, 9401, 9402) 13874.0
(955, 956, 957) 13961.0
(6402, 6403, 6404) 11846.0
(8152, 8153, 8154) 14068.0
(1318, 1319, 1320) 13350.0
(327, 328, 329) 13085.0
(7364, 7365, 7366) 12490.0
(3373, 3374, 3375) 10957.0
(7545, 7546, 7547) 14663.0
(8575, 8576, 8577) 13434.0
(2782, 2783, 2784) 12974.0
(5304, 5305, 5306) 12358.0
(9043, 9044, 9045) 14228.0
(781, 782, 783) 12942.0
(6298, 6299, 6300) 13812.0
(5338, 5339, 5340) 14004.0
(2867, 2868, 2869) 12919.0
(6953, 6954, 6955) 11983.0
(2948, 2949, 2950) 12040.0
(835, 836, 837) 15634.0
(5640, 5641, 5642) 13633.0
(4090, 4091, 4092) 12687.0
(7451, 7452, 7453) 11638.0
(1932, 1933, 1934) 13093.0
(3217, 3218, 3219) 12611.0
(3472, 3473, 3474) 12270.0
(2541, 2542, 2543) 11643.0
(9051, 9052, 9053) 12387.0
(6479, 6480, 6481) 13457.0
(2307, 2308, 2309) 11571.0
(1545, 1546, 1547) 12108.0
(5010, 5011, 5012) 13438.0
(2638, 2639, 2640) 12665.0
(782, 783, 784) 12047.0
(8219, 8220, 8221) 11876.0
(6321, 6322, 6323) 12454.0
(5775, 5776, 5777) 12321.0
(2340, 2341, 2342) 13762.0
(469, 470, 471) 14834.0
(2888, 2889, 2890) 11853.0
(4388, 4389, 4390) 13877.0
(2971, 2972, 2973) 14100.0
(8643, 8644, 8645) 11635.0
(2139, 2140, 2141) 13338.0
(5473, 5474, 5475) 11651.0
(58, 59, 60) 11729.0
(6727, 6728, 6729) 13293.0
(9755, 9756, 9757) 12172.0
(1257, 1258, 1259) 14455.0
(7883, 7884, 7885) 13721.0
(5863, 5864, 5865) 15014.0
(4374, 4375, 4376) 14038.0
(771, 772, 773) 12342.0
(7768, 7769, 7770) 13381.0
(6769, 6770, 6771) 12061.0
(1172, 1173, 1174) 13501.0
(7973, 7974, 7975) 14582.0
(9261, 9262, 9263) 13368.0
