(1625, 1626, 1627) 14306.0
(3967, 3968, 3969) 11479.0
(3581, 3582, 3583) 12430.0
(8973, 8974, 8975) 12910.0
(277, 278, 279) 11243.0
(8247, 8248, 8249) 13394.0
(3615, 3616, 3617) 12342.0
(7437, 7438, 7439) 15840.0
(1203, 1204, 1205) 12157.0
(9946, 9947, 9948) 11974.0
(2790, 2791, 2792) 14413.0
(432, 433, 434) 12555.0
(6963, 6964, 6965) 12460.0
(2209, 2210, 2211) 13024.0
(8039, 8040, 8041) 11217.0
(6758, 6759, 6760) 14635.0
(2898, 2899, 2900) 12490.0
(5101, 5102, 5103) 12774.0
(3032, 3033, 3034) 13963.0
(5697, 5698, 5699) 13178.0
(5934, 5935, 5936) 14292.0
(2932, 2933, 2934) 12268.0
(7605, 7606, 7607) 11436.0
(6172, 6173, 6174) 14202.0
(4489, 4490, 4491) 13018.0
(2812, 2813, 2814) 12207.0
(5323, 5324, 5325) 15158.0
(8057, 8058, 8059) 13076.0
(7952, 7953, 7954) 13824.0
(3502, 3503, 3504) 13056.0
(9691, 9692, 9693) 13101.0
(5468, 5469, 5470) 14900.0
(9587, 9588, 9589) 13999.0
(9303, 9304, 9305) 13393.0
(2215, 2216, 2217) 13250.0
(165, 166, 167) 13044.0
(2568, 2569, 2570) 14114.0
(7313, 7314, 7315) 13882.0
(5036, 5037, 5038) 14289.0
(5212, 5213, 5214) 11117.0
(8092, 8093, 8094) 13889.0
(8937, 8938, 8939) 16098.0
(1415, 1416, 1417) 13376.0
(4284, 4285, 4286) 13080.0
(9381, 9382, 9383) 15307.0
(2738, 2739, 2740) 12687.0
(8979, 8980, 8981) 14419.0
(8078, 8079, 8080) 13833.0
(9527, 9528, 9529) 18841.0
(3063, 3064, 3065) 12996.0
(1604, 1605, 1606) 12813.0
(5700, 5701, 5702) 13576.0
(7218, 7219, 7220) 12275.0
(8300, 8301, 8302) 14605.0
(7553, 7554, 7555) 13713.0
(5762, 5763, 5764) 14032.0
(3922, 3923, 3924) 12245.0
(5646, 5647, 5648) 15713.0
(8521, 8522, 8523) 14371.0
(2818, 2819, 2820) 12985.0
(9606, 9607, 9608) 12717.0
(602, 603, 604) 13338.0
(7411, 7412, 7413) 12266.0
(3174, 3175, 3176) 11736.0
(9561, 9562, 9563) 12660.0
(7537, 7538, 7539) 12802.0
(1487, 1488, 1489) 12282.0
(5564, 5565, 5566) 14247.0
(7356, 7357, 7358) 11666.0
(619, 620, 621) 14025.0
(5437, 5438, 5439) 11055.0
(2111, 2112, 2113) 14003.0
(6352, 6353, 6354) 12681.0
(2221, 2222, 2223) 13203.0
(997, 998, 999) 11727.0
(8361, 8362, 8363) 14182.0
(4364, 4365, 4366) 12131.0
(8783, 8784, 8785) 12798.0
(6609, 6610, 6611) 11835.0
(461, 462, 463) 12921.0
(6547, 6548, 6549) 12889.0
(4858, 4859, 4860) 14172.0
(7073, 7074, 7075) 12952.0
(8427, 8428, 8429) 12020.0
(8349, 8350, 8351) 11047.0
(8447, 8448, 8449) 12362.0
(9479, 9480, 9481) 14780.0
(512, 513, 514) 14258.0
(914, 915, 916) 13279.0
(2385, 2386, 2387) 15907.0
(941, 942, 943) 12292.0
(6809, 6810, 6811) 11945.0
(6663, 6664, 6665) 13231.0
(7948, 7949, 7950) 12814.0
(1464, 1465, 1466) 11851.0
(5424, 5425, 5426) 13645.0
(8552, 8553, 8554) 12580.0
(1545, 1546, 1547) 12023.0
(5277, 5278, 5279) 13444.0
(7963, 7964, 7965) 13597.0
(6004, 6005, 6006) 12420.0
(9679, 9680, 9681) 12917.0
(7209, 7210, 7211) 11808.0
(8928, 8929, 8930) 13540.0
(2489, 2490, 2491) 13239.0
(2169, 2170, 2171) 13365.0
(6415, 6416, 6417) 12280.0
(8884, 8885, 8886) 14296.0
(2594, 2595, 2596) 12565.0
(9270, 9271, 9272) 14425.0
(7451, 7452, 7453) 11900.0
(3175, 3176, 3177) 13896.0
(2571, 2572, 2573) 13832.0
(1122, 1123, 1124) 12895.0
(8484, 8485, 8486) 13278.0
(9633, 9634, 9635) 12264.0
(1380, 1381, 1382) 12589.0
(7705, 7706, 7707) 13466.0
(1793, 1794, 1795) 14165.0
(2674, 2675, 2676) 12988.0
(6337, 6338, 6339) 11770.0
(8381, 8382, 8383) 13038.0
(8947, 8948, 8949) 12928.0
(2611, 2612, 2613) 13836.0
(3748, 3749, 3750) 12738.0
(6014, 6015, 6016) 14571.0
(3273, 3274, 3275) 13175.0
(4290, 4291, 4292) 12093.0
(11, 12, 13) 12997.0
(8568, 8569, 8570) 13080.0
(6117, 6118, 6119) 13060.0
(3294, 3295, 3296) 14599.0
(7175, 7176, 7177) 11808.0
(7490, 7491, 7492) 15439.0
(8979, 8980, 8981) 14419.0
(1714, 1715, 1716) 12898.0
(8815, 8816, 8817) 13483.0
(4159, 4160, 4161) 12856.0
(777, 778, 779) 15374.0
(975, 976, 977) 13031.0
(4987, 4988, 4989) 14345.0
(5115, 5116, 5117) 13812.0
(3340, 3341, 3342) 13102.0
(9621, 9622, 9623) 13513.0
(304, 305, 306) 12306.0
(5173, 5174, 5175) 12433.0
(780, 781, 782) 12295.0
(3038, 3039, 3040) 15385.0
(1574, 1575, 1576) 12771.0
(1849, 1850, 1851) 13242.0
(8745, 8746, 8747) 14608.0
(6978, 6979, 6980) 13305.0
(3393, 3394, 3395) 12479.0
(8593, 8594, 8595) 13172.0
(253, 254, 255) 13026.0
(7252, 7253, 7254) 14141.0
(2250, 2251, 2252) 12268.0
(94, 95, 96) 14611.0
(6385, 6386, 6387) 12830.0
(750, 751, 752) 12981.0
(5552, 5553, 5554) 12528.0
(7447, 7448, 7449) 12030.0
(131, 132, 133) 14164.0
(1624, 1625, 1626) 12290.0
(5664, 5665, 5666) 12869.0
(5791, 5792, 5793) 12926.0
(1811, 1812, 1813) 13685.0
(3064, 3065, 3066) 13603.0
(1626, 1627, 1628) 13657.0
(6605, 6606, 6607) 15748.0
(4476, 4477, 4478) 11382.0
(7299, 7300, 7301) 13262.0
(6382, 6383, 6384) 13631.0
(4110, 4111, 4112) 13594.0
(4776, 4777, 4778) 13703.0
(1992, 1993, 1994) 14047.0
(4603, 4604, 4605) 14180.0
(3499, 3500, 3501) 14184.0
(8898, 8899, 8900) 13880.0
(8371, 8372, 8373) 15295.0
(9935, 9936, 9937) 16089.0
(6277, 6278, 6279) 14301.0
(39, 40, 41) 14208.0
(9840, 9841, 9842) 12308.0
(8348, 8349, 8350) 12854.0
(1164, 1165, 1166) 15734.0
(9360, 9361, 9362) 12924.0
(6241, 6242, 6243) 13587.0
(1955, 1956, 1957) 14856.0
(5207, 5208, 5209) 13035.0
(2508, 2509, 2510) 13823.0
(9169, 9170, 9171) 13853.0
(4771, 4772, 4773) 13982.0
(3193, 3194, 3195) 12718.0
(2572, 2573, 2574) 13357.0
(9616, 9617, 9618) 14141.0
(8686, 8687, 8688) 13086.0
(3468, 3469, 3470) 14847.0
(9897, 9898, 9899) 14286.0
(1098, 1099, 1100) 13159.0
(4187, 4188, 4189) 11225.0
