(5488, 5489, 5490) 14258.0
(9580, 9581, 9582) 14233.0
(1417, 1418, 1419) 11861.0
(8739, 8740, 8741) 13609.0
(8778, 8779, 8780) 13608.0
(2727, 2728, 2729) 13129.0
(3857, 3858, 3859) 13905.0
(8301, 8302, 8303) 18541.0
(3851, 3852, 3853) 16071.0
(9636, 9637, 9638) 13255.0
(5306, 5307, 5308) 13536.0
(6261, 6262, 6263) 12723.0
(734, 735, 736) 12459.0
(2375, 2376, 2377) 12834.0
(7416, 7417, 7418) 12421.0
(8417, 8418, 8419) 13563.0
(4508, 4509, 4510) 14146.0
(9430, 9431, 9432) 13425.0
(9671, 9672, 9673) 13178.0
(2148, 2149, 2150) 12344.0
(5229, 5230, 5231) 13482.0
(2116, 2117, 2118) 12477.0
(8300, 8301, 8302) 14550.0
(1502, 1503, 1504) 12688.0
(2655, 2656, 2657) 13907.0
(8900, 8901, 8902) 13581.0
(3851, 3852, 3853) 16071.0
(8917, 8918, 8919) 14137.0
(8032, 8033, 8034) 13678.0
(2674, 2675, 2676) 13200.0
(611, 612, 613) 15744.0
(3822, 3823, 3824) 14017.0
(2970, 2971, 2972) 14346.0
(2991, 2992, 2993) 13275.0
(4031, 4032, 4033) 14648.0
(3851, 3852, 3853) 16071.0
(1201, 1202, 1203) 12695.0
(1282, 1283, 1284) 12776.0
(145, 146, 147) 13404.0
(4516, 4517, 4518) 16540.0
(9848, 9849, 9850) 13291.0
(9066, 9067, 9068) 12528.0
(6638, 6639, 6640) 15578.0
(8953, 8954, 8955) 14519.0
(2824, 2825, 2826) 14832.0
(9160, 9161, 9162) 13298.0
(4255, 4256, 4257) 11984.0
(5369, 5370, 5371) 12347.0
(8941, 8942, 8943) 14267.0
(4939, 4940, 4941) 12976.0
(6011, 6012, 6013) 13985.0
(6141, 6142, 6143) 13441.0
(8355, 8356, 8357) 13285.0
(5253, 5254, 5255) 13804.0
(1847, 1848, 1849) 12994.0
(8726, 8727, 8728) 12092.0
(8953, 8954, 8955) 14519.0
(1664, 1665, 1666) 11838.0
(5582, 5583, 5584) 14395.0
(4875, 4876, 4877) 12299.0
(892, 893, 894) 11995.0
(3856, 3857, 3858) 13041.0
(6181, 6182, 6183) 13120.0
(7965, 7966, 7967) 12014.0
(8740, 8741, 8742) 14542.0
(7092, 7093, 7094) 14310.0
(6620, 6621, 6622) 12642.0
(7864, 7865, 7866) 11479.0
(2560, 2561, 2562) 11750.0
(8754, 8755, 8756) 15964.0
(4067, 4068, 4069) 15404.0
(2521, 2522, 2523) 13556.0
(2243, 2244, 2245) 12383.0
(4706, 4707, 4708) 12231.0
(2910, 2911, 2912) 12395.0
(1220, 1221, 1222) 14393.0
(4740, 4741, 4742) 14154.0
(625, 626, 627) 12388.0
(280, 281, 282) 15395.0
(3290, 3291, 3292) 12694.0
(991, 992, 993) 13282.0
(6704, 6705, 6706) 13159.0
(1735, 1736, 1737) 14625.0
(8957, 8958, 8959) 16739.0
(5176, 5177, 5178) 14133.0
(6688, 6689, 6690) 13240.0
(585, 586, 587) 14633.0
(8428, 8429, 8430) 13147.0
(5429, 5430, 5431) 14551.0
(8740, 8741, 8742) 14542.0
(9049, 9050, 9051) 13163.0
(5985, 5986, 5987) 13468.0
(4493, 4494, 4495) 13347.0
(1593, 1594, 1595) 13459.0
(135, 136, 137) 13619.0
(2485, 2486, 2487) 12943.0
(4568, 4569, 4570) 12597.0
(1177, 1178, 1179) 13621.0
(6470, 6471, 6472) 13011.0
(3021, 3022, 3023) 12039.0
(6160, 6161, 6162) 14025.0
(6739, 6740, 6741) 12661.0
(2831, 2832, 2833) 12194.0
(1440, 1441, 1442) 12980.0
(9684, 9685, 9686) 12875.0
(5166, 5167, 5168) 13070.0
(5154, 5155, 5156) 13049.0
(3557, 3558, 3559) 13142.0
(5610, 5611, 5612) 11583.0
(6577, 6578, 6579) 12864.0
(7058, 7059, 7060) 12131.0
(951, 952, 953) 14787.0
(9969, 9970, 9971) 13049.0
(8138, 8139, 8140) 13461.0
(686, 687, 688) 15440.0
(2457, 2458, 2459) 13351.0
(5225, 5226, 5227) 12791.0
(4334, 4335, 4336) 11962.0
(2765, 2766, 2767) 11879.0
(4226, 4227, 4228) 14240.0
(7638, 7639, 7640) 12948.0
(8133, 8134, 8135) 14123.0
(9491, 9492, 9493) 15996.0
(4248, 4249, 4250) 14991.0
(3547, 3548, 3549) 13009.0
(4196, 4197, 4198) 12536.0
(7782, 7783, 7784) 13034.0
(4297, 4298, 4299) 13183.0
(2343, 2344, 2345) 12797.0
(4175, 4176, 4177) 13752.0
(9137, 9138, 9139) 12650.0
(5215, 5216, 5217) 13942.0
(8686, 8687, 8688) 13105.0
(3602, 3603, 3604) 14009.0
(5902, 5903, 5904) 14177.0
(6246, 6247, 6248) 12118.0
(2910, 2911, 2912) 12395.0
(6055, 6056, 6057) 13860.0
(1614, 1615, 1616) 15163.0
(908, 909, 910) 14235.0
(1933, 1934, 1935) 12236.0
(8541, 8542, 8543) 13244.0
(3675, 3676, 3677) 12664.0
(9597, 9598, 9599) 15203.0
(2606, 2607, 2608) 12370.0
(8553, 8554, 8555) 13510.0
(5321, 5322, 5323) 12137.0
(3017, 3018, 3019) 13892.0
(3931, 3932, 3933) 12630.0
(4190, 4191, 4192) 16075.0
(5484, 5485, 5486) 18757.0
(1503, 1504, 1505) 12641.0
(9198, 9199, 9200) 13431.0
(7676, 7677, 7678) 13681.0
(9384, 9385, 9386) 11745.0
(4064, 4065, 4066) 13403.0
(832, 833, 834) 13012.0
(6808, 6809, 6810) 15877.0
(5196, 5197, 5198) 12408.0
(2408, 2409, 2410) 12856.0
(8482, 8483, 8484) 13606.0
(6945, 6946, 6947) 13761.0
(233, 234, 235) 13576.0
(9321, 9322, 9323) 13282.0
(1083, 1084, 1085) 17200.0
(966, 967, 968) 12637.0
(1901, 1902, 1903) 12848.0
(2902, 2903, 2904) 13958.0
(2078, 2079, 2080) 12525.0
(3003, 3004, 3005) 11088.0
(7735, 7736, 7737) 15032.0
(8336, 8337, 8338) 12435.0
(7901, 7902, 7903) 12279.0
(9581, 9582, 9583) 13666.0
(77, 78, 79) 13593.0
(5801, 5802, 5803) 15223.0
(6762, 6763, 6764) 13810.0
(4979, 4980, 4981) 13291.0
(356, 357, 358) 13115.0
(8798, 8799, 8800) 13096.0
(5279, 5280, 5281) 14560.0
(7554, 7555, 7556) 15208.0
(892, 893, 894) 11995.0
(6490, 6491, 6492) 13256.0
(4044, 4045, 4046) 13489.0
(8841, 8842, 8843) 12223.0
(638, 639, 640) 13050.0
(3142, 3143, 3144) 12679.0
(8876, 8877, 8878) 14599.0
(8683, 8684, 8685) 13934.0
(5641, 5642, 5643) 11956.0
(8141, 8142, 8143) 14529.0
(130, 131, 132) 14227.0
(1141, 1142, 1143) 13640.0
(2898, 2899, 2900) 12463.0
(3163, 3164, 3165) 13001.0
(5370, 5371, 5372) 14221.0
(1898, 1899, 1900) 11975.0
(4824, 4825, 4826) 12923.0
(9626, 9627, 9628) 14657.0
(45, 46, 47) 17658.0
(3729, 3730, 3731) 13384.0
(2375, 2376, 2377) 12834.0
(4331, 4332, 4333) 13842.0
(261, 262, 263) 13984.0
(4593, 4594, 4595) 14716.0
(6863, 6864, 6865) 13625.0
(1566, 1567, 1568) 12489.0
(4645, 4646, 4647) 14929.0
(3690, 3691, 3692) 12225.0
(470, 471, 472) 15045.0
(2471, 2472, 2473) 12407.0
(4932, 4933, 4934) 11673.0
(3899, 3900, 3901) 12867.0
(6659, 6660, 6661) 12967.0
(5116, 5117, 5118) 13113.0
(3968, 3969, 3970) 12300.0
(5154, 5155, 5156) 13049.0
(3876, 3877, 3878) 14093.0
(5503, 5504, 5505) 12700.0
(1792, 1793, 1794) 11774.0
(4186, 4187, 4188) 11960.0
(4317, 4318, 4319) 13563.0
(3212, 3213, 3214) 12844.0
(7911, 7912, 7913) 12362.0
(34, 35, 36) 13391.0
(5917, 5918, 5919) 15031.0
(6423, 6424, 6425) 13399.0
(8544, 8545, 8546) 13017.0
(7279, 7280, 7281) 13790.0
(1842, 1843, 1844) 12592.0
(573, 574, 575) 11585.0
(1692, 1693, 1694) 14716.0
(1601, 1602, 1603) 15555.0
(7068, 7069, 7070) 13614.0
(7669, 7670, 7671) 13405.0
(4209, 4210, 4211) 13871.0
(4185, 4186, 4187) 15389.0
(2728, 2729, 2730) 12742.0
(5957, 5958, 5959) 14414.0
(3005, 3006, 3007) 12772.0
(7674, 7675, 7676) 13011.0
(508, 509, 510) 12609.0
(2702, 2703, 2704) 14297.0
(9181, 9182, 9183) 14426.0
(430, 431, 432) 13432.0
(5959, 5960, 5961) 11981.0
(1778, 1779, 1780) 14298.0
(6928, 6929, 6930) 14435.0
(8049, 8050, 8051) 14141.0
(4649, 4650, 4651) 13294.0
(9107, 9108, 9109) 12968.0
(3859, 3860, 3861) 12948.0
(6035, 6036, 6037) 12158.0
(5303, 5304, 5305) 14379.0
(1675, 1676, 1677) 15330.0
(6103, 6104, 6105) 12950.0
(1729, 1730, 1731) 15772.0
(777, 778, 779) 15484.0
(5551, 5552, 5553) 14289.0
(5305, 5306, 5307) 17355.0
(9303, 9304, 9305) 13400.0
(8205, 8206, 8207) 12111.0
(1629, 1630, 1631) 13327.0
(3644, 3645, 3646) 12546.0
(6687, 6688, 6689) 14025.0
(7878, 7879, 7880) 13512.0
(1692, 1693, 1694) 14716.0
(8804, 8805, 8806) 13803.0
(9996, 9997, 9998) 16038.0
(3102, 3103, 3104) 12125.0
(3407, 3408, 3409) 13320.0
(6072, 6073, 6074) 12407.0
(7417, 7418, 7419) 13158.0
(63, 64, 65) 12538.0
(4065, 4066, 4067) 13766.0
(5826, 5827, 5828) 14290.0
(8594, 8595, 8596) 13085.0
(1624, 1625, 1626) 12223.0
(4886, 4887, 4888) 15618.0
(8141, 8142, 8143) 14529.0
(9095, 9096, 9097) 15013.0
(2985, 2986, 2987) 12970.0
(7158, 7159, 7160) 12987.0
(5624, 5625, 5626) 14399.0
(185, 186, 187) 14455.0
(6982, 6983, 6984) 14246.0
(4286, 4287, 4288) 13506.0
(702, 703, 704) 13379.0
(5092, 5093, 5094) 11287.0
(4725, 4726, 4727) 14235.0
(1321, 1322, 1323) 13811.0
(1939, 1940, 1941) 14839.0
(7162, 7163, 7164) 12736.0
(6517, 6518, 6519) 11459.0
(5308, 5309, 5310) 13330.0
(2028, 2029, 2030) 12950.0
(2164, 2165, 2166) 14086.0
(9300, 9301, 9302) 15170.0
(1387, 1388, 1389) 14533.0
(4003, 4004, 4005) 13434.0
(9387, 9388, 9389) 14373.0
(6347, 6348, 6349) 12313.0
(382, 383, 384) 12379.0
(5226, 5227, 5228) 12802.0
(2629, 2630, 2631) 14496.0
(9110, 9111, 9112) 12371.0
(447, 448, 449) 13367.0
(6364, 6365, 6366) 11648.0
(5317, 5318, 5319) 12848.0
(3282, 3283, 3284) 13234.0
(8280, 8281, 8282) 11185.0
(2020, 2021, 2022) 13336.0
(7912, 7913, 7914) 14929.0
(326, 327, 328) 13750.0
(7191, 7192, 7193) 15526.0
(6459, 6460, 6461) 15579.0
(8430, 8431, 8432) 12790.0
(901, 902, 903) 12453.0
(62, 63, 64) 12197.0
(5742, 5743, 5744) 12972.0
(4588, 4589, 4590) 13575.0
(2154, 2155, 2156) 12589.0
(6620, 6621, 6622) 12642.0
(4334, 4335, 4336) 11962.0
(1195, 1196, 1197) 12389.0
(611, 612, 613) 15744.0
(889, 890, 891) 15061.0
(3414, 3415, 3416) 13434.0
(4913, 4914, 4915) 12430.0
(7811, 7812, 7813) 12442.0
(9030, 9031, 9032) 12056.0
(6629, 6630, 6631) 12700.0
(1452, 1453, 1454) 13042.0
(6078, 6079, 6080) 13228.0
(1966, 1967, 1968) 12452.0
(5291, 5292, 5293) 11822.0
(2291, 2292, 2293) 13380.0
(4699, 4700, 4701) 12414.0
(7078, 7079, 7080) 12261.0
(8274, 8275, 8276) 11937.0
(1400, 1401, 1402) 13103.0
(2633, 2634, 2635) 17496.0
(2198, 2199, 2200) 15157.0
(2752, 2753, 2754) 11668.0
(6851, 6852, 6853) 13268.0
(7604, 7605, 7606) 13444.0
(2241, 2242, 2243) 14251.0
(7930, 7931, 7932) 14822.0
(5168, 5169, 5170) 13649.0
(9281, 9282, 9283) 13453.0
(8885, 8886, 8887) 16566.0
(8803, 8804, 8805) 13806.0
(4461, 4462, 4463) 14586.0
(3481, 3482, 3483) 13057.0
(5081, 5082, 5083) 13568.0
(1648, 1649, 1650) 15443.0
(7779, 7780, 7781) 12581.0
(3621, 3622, 3623) 12735.0
(7401, 7402, 7403) 13437.0
(4030, 4031, 4032) 12424.0
(8711, 8712, 8713) 14394.0
(2170, 2171, 2172) 13117.0
(3101, 3102, 3103) 11872.0
(5724, 5725, 5726) 12211.0
(9122, 9123, 9124) 13293.0
(6431, 6432, 6433) 12467.0
(2083, 2084, 2085) 12356.0
(2992, 2993, 2994) 13301.0
(5053, 5054, 5055) 13832.0
(6850, 6851, 6852) 11860.0
(9405, 9406, 9407) 14379.0
(9476, 9477, 9478) 12708.0
(8487, 8488, 8489) 13786.0
(5107, 5108, 5109) 13940.0
(4247, 4248, 4249) 15380.0
(704, 705, 706) 13776.0
(6976, 6977, 6978) 12809.0
(928, 929, 930) 12805.0
(3216, 3217, 3218) 14697.0
(9813, 9814, 9815) 15873.0
(4645, 4646, 4647) 14929.0
(6992, 6993, 6994) 12818.0
(8388, 8389, 8390) 12469.0
(5780, 5781, 5782) 14419.0
(8378, 8379, 8380) 13512.0
(1396, 1397, 1398) 12931.0
(3347, 3348, 3349) 13013.0
(8199, 8200, 8201) 11888.0
(7381, 7382, 7383) 14456.0
(9504, 9505, 9506) 11911.0
(6706, 6707, 6708) 12508.0
(5590, 5591, 5592) 14329.0
(4278, 4279, 4280) 12809.0
(198, 199, 200) 12399.0
(7018, 7019, 7020) 13712.0
(6925, 6926, 6927) 11812.0
(7413, 7414, 7415) 13750.0
(6981, 6982, 6983) 13193.0
(5709, 5710, 5711) 15143.0
(2486, 2487, 2488) 14268.0
(1614, 1615, 1616) 15163.0
(3341, 3342, 3343) 12701.0
(7972, 7973, 7974) 13186.0
(1725, 1726, 1727) 12349.0
(5408, 5409, 5410) 12203.0
(3718, 3719, 3720) 12125.0
(907, 908, 909) 12989.0
(6259, 6260, 6261) 14291.0
(4998, 4999, 5000) 13137.0
(5591, 5592, 5593) 13384.0
(5473, 5474, 5475) 11988.0
(9205, 9206, 9207) 13814.0
(2058, 2059, 2060) 13117.0
(7059, 7060, 7061) 14360.0
(6733, 6734, 6735) 13025.0
(170, 171, 172) 13441.0
(3728, 3729, 3730) 14303.0
(2461, 2462, 2463) 13523.0
(6921, 6922, 6923) 11577.0
(107, 108, 109) 12647.0
(6402, 6403, 6404) 12091.0
(186, 187, 188) 14600.0
(1626, 1627, 1628) 13827.0
(497, 498, 499) 12777.0
(1490, 1491, 1492) 12916.0
(2186, 2187, 2188) 13204.0
(5598, 5599, 5600) 14675.0
(6065, 6066, 6067) 13783.0
(9245, 9246, 9247) 14998.0
(36, 37, 38) 13226.0
(1095, 1096, 1097) 14019.0
(6915, 6916, 6917) 13206.0
(8388, 8389, 8390) 12469.0
(6486, 6487, 6488) 14875.0
(3866, 3867, 3868) 12422.0
(34, 35, 36) 13391.0
(7331, 7332, 7333) 12364.0
(6371, 6372, 6373) 13132.0
(6354, 6355, 6356) 13440.0
(1952, 1953, 1954) 12399.0
(9168, 9169, 9170) 13340.0
(3866, 3867, 3868) 12422.0
(9558, 9559, 9560) 15194.0
(3357, 3358, 3359) 14110.0
(6349, 6350, 6351) 12413.0
(3910, 3911, 3912) 11984.0
(2360, 2361, 2362) 12592.0
(7496, 7497, 7498) 12580.0
(9836, 9837, 9838) 13742.0
(6016, 6017, 6018) 12962.0
(3948, 3949, 3950) 13837.0
(5045, 5046, 5047) 13457.0
(1335, 1336, 1337) 14865.0
(9867, 9868, 9869) 12474.0
(9028, 9029, 9030) 13561.0
(9060, 9061, 9062) 12628.0
(4833, 4834, 4835) 12434.0
(9362, 9363, 9364) 13472.0
(3866, 3867, 3868) 12422.0
(2715, 2716, 2717) 12497.0
(607, 608, 609) 12401.0
(5757, 5758, 5759) 14538.0
(305, 306, 307) 13417.0
(5932, 5933, 5934) 12814.0
(2592, 2593, 2594) 13318.0
(2176, 2177, 2178) 12698.0
(7464, 7465, 7466) 12660.0
(9590, 9591, 9592) 13296.0
(9968, 9969, 9970) 11567.0
(7335, 7336, 7337) 13181.0
(2327, 2328, 2329) 13478.0
(3680, 3681, 3682) 13028.0
(5908, 5909, 5910) 12123.0
(9501, 9502, 9503) 13137.0
(7665, 7666, 7667) 13205.0
(9120, 9121, 9122) 13995.0
(6255, 6256, 6257) 14027.0
(9572, 9573, 9574) 14782.0
(6094, 6095, 6096) 12968.0
(9041, 9042, 9043) 13670.0
(1041, 1042, 1043) 14155.0
(700, 701, 702) 16470.0
(4560, 4561, 4562) 16706.0
(7693, 7694, 7695) 14994.0
(3281, 3282, 3283) 13416.0
(3037, 3038, 3039) 12395.0
(5716, 5717, 5718) 14314.0
(3731, 3732, 3733) 11792.0
(1026, 1027, 1028) 12942.0
(7981, 7982, 7983) 14694.0
(374, 375, 376) 12107.0
(9125, 9126, 9127) 14077.0
(9346, 9347, 9348) 13467.0
(6237, 6238, 6239) 14163.0
(7783, 7784, 7785) 13876.0
(1887, 1888, 1889) 13274.0
(9529, 9530, 9531) 16203.0
(3260, 3261, 3262) 13621.0
(342, 343, 344) 13149.0
(8244, 8245, 8246) 13548.0
(180, 181, 182) 13127.0
(7558, 7559, 7560) 12888.0
(7597, 7598, 7599) 14248.0
(8316, 8317, 8318) 14241.0
(5813, 5814, 5815) 14921.0
(2408, 2409, 2410) 12856.0
(2999, 3000, 3001) 15406.0
(6305, 6306, 6307) 15611.0
(1715, 1716, 1717) 15024.0
(1957, 1958, 1959) 13314.0
(4599, 4600, 4601) 13651.0
(2377, 2378, 2379) 14459.0
(7475, 7476, 7477) 13572.0
(5762, 5763, 5764) 14443.0
(3787, 3788, 3789) 13003.0
(6798, 6799, 6800) 12643.0
(348, 349, 350) 15815.0
(9118, 9119, 9120) 13489.0
(335, 336, 337) 12245.0
(7189, 7190, 7191) 12695.0
(8470, 8471, 8472) 13920.0
(5553, 5554, 5555) 16087.0
(4966, 4967, 4968) 14186.0
(2057, 2058, 2059) 12913.0
(1484, 1485, 1486) 14251.0
(4127, 4128, 4129) 13154.0
(6346, 6347, 6348) 12266.0
(4755, 4756, 4757) 11866.0
(9992, 9993, 9994) 11823.0
(3555, 3556, 3557) 13181.0
(9831, 9832, 9833) 14091.0
(2055, 2056, 2057) 12515.0
(6640, 6641, 6642) 13571.0
(3709, 3710, 3711) 11922.0
(4577, 4578, 4579) 12614.0
(1863, 1864, 1865) 12920.0
(8343, 8344, 8345) 11305.0
(8466, 8467, 8468) 12558.0
(4801, 4802, 4803) 12419.0
(7668, 7669, 7670) 14228.0
(162, 163, 164) 15848.0
(5240, 5241, 5242) 13521.0
(7549, 7550, 7551) 16172.0
(8618, 8619, 8620) 14887.0
(5735, 5736, 5737) 13093.0
(8024, 8025, 8026) 15777.0
(5225, 5226, 5227) 12791.0
(7812, 7813, 7814) 12741.0
(2145, 2146, 2147) 13125.0
(8067, 8068, 8069) 13177.0
(2975, 2976, 2977) 13458.0
(3379, 3380, 3381) 13370.0
(162, 163, 164) 15848.0
(1735, 1736, 1737) 14625.0
(3084, 3085, 3086) 13873.0
(2838, 2839, 2840) 12949.0
(2377, 2378, 2379) 14459.0
(3266, 3267, 3268) 15287.0
(5393, 5394, 5395) 12434.0
(6139, 6140, 6141) 13929.0
(5057, 5058, 5059) 13541.0
(5970, 5971, 5972) 13765.0
(1630, 1631, 1632) 15026.0
(35, 36, 37) 15585.0
(1823, 1824, 1825) 13597.0
(7906, 7907, 7908) 13541.0
(22, 23, 24) 13361.0
(8776, 8777, 8778) 14077.0
(7846, 7847, 7848) 13454.0
(3078, 3079, 3080) 13512.0
(4170, 4171, 4172) 11273.0
(969, 970, 971) 14399.0
(845, 846, 847) 13433.0
(9798, 9799, 9800) 13215.0
(9554, 9555, 9556) 16127.0
(1124, 1125, 1126) 13010.0
(4731, 4732, 4733) 14299.0
(9764, 9765, 9766) 15007.0
(6064, 6065, 6066) 12506.0
(7066, 7067, 7068) 14052.0
(8668, 8669, 8670) 12808.0
(3159, 3160, 3161) 14896.0
(8205, 8206, 8207) 12111.0
(5670, 5671, 5672) 13107.0
(3808, 3809, 3810) 15207.0
(9945, 9946, 9947) 12539.0
(3156, 3157, 3158) 12537.0
(3734, 3735, 3736) 12790.0
(9802, 9803, 9804) 14886.0
(4925, 4926, 4927) 13113.0
(8841, 8842, 8843) 12223.0
(8302, 8303, 8304) 14544.0
(7407, 7408, 7409) 13474.0
(6899, 6900, 6901) 12330.0
(1818, 1819, 1820) 11827.0
(7755, 7756, 7757) 12529.0
(832, 833, 834) 13012.0
(860, 861, 862) 12708.0
(7052, 7053, 7054) 12378.0
(4894, 4895, 4896) 12884.0
(1550, 1551, 1552) 13229.0
(5438, 5439, 5440) 13219.0
(6560, 6561, 6562) 13775.0
(6848, 6849, 6850) 13678.0
(8814, 8815, 8816) 16034.0
(664, 665, 666) 14566.0
(4943, 4944, 4945) 14643.0
(8502, 8503, 8504) 13327.0
(8277, 8278, 8279) 20910.0
(1384, 1385, 1386) 12681.0
(1072, 1073, 1074) 12474.0
(2645, 2646, 2647) 13124.0
(3095, 3096, 3097) 13687.0
(3597, 3598, 3599) 12555.0
(6362, 6363, 6364) 13168.0
(8146, 8147, 8148) 14058.0
(4189, 4190, 4191) 15420.0
(2595, 2596, 2597) 12560.0
(8675, 8676, 8677) 12455.0
(8406, 8407, 8408) 12087.0
(9425, 9426, 9427) 13943.0
(1490, 1491, 1492) 12916.0
(7965, 7966, 7967) 12014.0
(4867, 4868, 4869) 16118.0
(6300, 6301, 6302) 15152.0
(1259, 1260, 1261) 13458.0
(4473, 4474, 4475) 13071.0
(5007, 5008, 5009) 11720.0
(6502, 6503, 6504) 13723.0
(3848, 3849, 3850) 12219.0
(8628, 8629, 8630) 13862.0
(1300, 1301, 1302) 14929.0
(2404, 2405, 2406) 12740.0
(7909, 7910, 7911) 12260.0
(62, 63, 64) 12197.0
(8880, 8881, 8882) 13711.0
(2297, 2298, 2299) 13154.0
(8285, 8286, 8287) 14218.0
(5571, 5572, 5573) 12402.0
(1566, 1567, 1568) 12489.0
(6572, 6573, 6574) 12722.0
(1897, 1898, 1899) 13398.0
(4270, 4271, 4272) 14672.0
(8607, 8608, 8609) 13844.0
(2944, 2945, 2946) 15222.0
(5573, 5574, 5575) 13479.0
(9989, 9990, 9991) 13493.0
(688, 689, 690) 12448.0
(9457, 9458, 9459) 17667.0
(2277, 2278, 2279) 12704.0
(5184, 5185, 5186) 13577.0
(3996, 3997, 3998) 13792.0
(7606, 7607, 7608) 14238.0
(1636, 1637, 1638) 13993.0
(8693, 8694, 8695) 13660.0
(3728, 3729, 3730) 14303.0
(5462, 5463, 5464) 12582.0
(4342, 4343, 4344) 13304.0
(7310, 7311, 7312) 12287.0
(8802, 8803, 8804) 13039.0
(5188, 5189, 5190) 14391.0
(5337, 5338, 5339) 12684.0
(7175, 7176, 7177) 11955.0
(1343, 1344, 1345) 13945.0
(7729, 7730, 7731) 13326.0
(622, 623, 624) 13696.0
(4998, 4999, 5000) 13137.0
(4664, 4665, 4666) 13147.0
(5108, 5109, 5110) 12879.0
(250, 251, 252) 11790.0
(7897, 7898, 7899) 13289.0
(3284, 3285, 3286) 14157.0
(7169, 7170, 7171) 15997.0
(2036, 2037, 2038) 12711.0
(3331, 3332, 3333) 12365.0
(1369, 1370, 1371) 12513.0
(3757, 3758, 3759) 13144.0
(1198, 1199, 1200) 13039.0
(8485, 8486, 8487) 14554.0
(995, 996, 997) 12699.0
(7065, 7066, 7067) 13102.0
(6029, 6030, 6031) 12364.0
(9570, 9571, 9572) 12712.0
(7245, 7246, 7247) 12204.0
(8338, 8339, 8340) 13570.0
(4850, 4851, 4852) 16478.0
(9120, 9121, 9122) 13995.0
(1094, 1095, 1096) 13778.0
(8019, 8020, 8021) 13344.0
(2269, 2270, 2271) 14031.0
(9652, 9653, 9654) 12303.0
(1148, 1149, 1150) 13026.0
(2389, 2390, 2391) 13028.0
(7869, 7870, 7871) 13591.0
(2688, 2689, 2690) 12409.0
(3236, 3237, 3238) 12774.0
(9811, 9812, 9813) 13019.0
(1226, 1227, 1228) 14572.0
(9572, 9573, 9574) 14782.0
(5270, 5271, 5272) 13752.0
(4644, 4645, 4646) 13316.0
(2399, 2400, 2401) 12964.0
(5726, 5727, 5728) 13927.0
(8995, 8996, 8997) 13693.0
(1501, 1502, 1503) 12844.0
(7996, 7997, 7998) 15321.0
(5751, 5752, 5753) 12328.0
(2895, 2896, 2897) 13845.0
(1884, 1885, 1886) 13835.0
(7328, 7329, 7330) 12676.0
(4938, 4939, 4940) 12563.0
(5252, 5253, 5254) 16892.0
(2240, 2241, 2242) 13180.0
(5506, 5507, 5508) 14802.0
(1537, 1538, 1539) 13854.0
(3603, 3604, 3605) 13622.0
(8177, 8178, 8179) 12766.0
(7618, 7619, 7620) 13403.0
(2671, 2672, 2673) 13175.0
(6579, 6580, 6581) 12014.0
(2276, 2277, 2278) 12605.0
(9095, 9096, 9097) 15013.0
(4328, 4329, 4330) 13053.0
(5663, 5664, 5665) 13275.0
(2731, 2732, 2733) 14104.0
(5906, 5907, 5908) 13553.0
(7551, 7552, 7553) 14275.0
(8733, 8734, 8735) 15967.0
(8307, 8308, 8309) 16288.0
(5939, 5940, 5941) 13087.0
(4502, 4503, 4504) 15013.0
(4802, 4803, 4804) 17445.0
(7563, 7564, 7565) 16063.0
(4770, 4771, 4772) 14424.0
(4476, 4477, 4478) 11600.0
(9510, 9511, 9512) 13011.0
(837, 838, 839) 14826.0
(5859, 5860, 5861) 12204.0
(9770, 9771, 9772) 13882.0
(7009, 7010, 7011) 14860.0
(6209, 6210, 6211) 16021.0
(570, 571, 572) 12969.0
(7078, 7079, 7080) 12261.0
(1665, 1666, 1667) 13209.0
(1599, 1600, 1601) 14801.0
(9608, 9609, 9610) 13416.0
(7716, 7717, 7718) 12572.0
(184, 185, 186) 13097.0
(4144, 4145, 4146) 12600.0
(4205, 4206, 4207) 17940.0
(2346, 2347, 2348) 13547.0
(1159, 1160, 1161) 14502.0
(38, 39, 40) 14221.0
(2030, 2031, 2032) 14277.0
(541, 542, 543) 12965.0
(8782, 8783, 8784) 14885.0
(1797, 1798, 1799) 11512.0
(9497, 9498, 9499) 11384.0
(6603, 6604, 6605) 13202.0
(2213, 2214, 2215) 12364.0
(5334, 5335, 5336) 13741.0
(6295, 6296, 6297) 14025.0
(5443, 5444, 5445) 13287.0
(9732, 9733, 9734) 12880.0
(3637, 3638, 3639) 14214.0
(4151, 4152, 4153) 11467.0
(2115, 2116, 2117) 13145.0
(45, 46, 47) 17658.0
(4218, 4219, 4220) 13139.0
(7721, 7722, 7723) 12778.0
(9934, 9935, 9936) 12318.0
(5694, 5695, 5696) 13153.0
(1552, 1553, 1554) 13652.0
(688, 689, 690) 12448.0
(8425, 8426, 8427) 14429.0
(8341, 8342, 8343) 12337.0
(880, 881, 882) 14156.0
(4179, 4180, 4181) 15493.0
(8171, 8172, 8173) 12404.0
(2919, 2920, 2921) 13623.0
(7896, 7897, 7898) 13233.0
(6045, 6046, 6047) 12805.0
(6467, 6468, 6469) 12803.0
(7551, 7552, 7553) 14275.0
(7545, 7546, 7547) 15160.0
(8862, 8863, 8864) 17303.0
(8650, 8651, 8652) 12340.0
(5801, 5802, 5803) 15223.0
(1257, 1258, 1259) 14851.0
(7480, 7481, 7482) 13979.0
(7219, 7220, 7221) 14506.0
(6391, 6392, 6393) 12255.0
(8044, 8045, 8046) 12636.0
(3721, 3722, 3723) 15528.0
(4232, 4233, 4234) 16234.0
(1413, 1414, 1415) 12968.0
(5340, 5341, 5342) 13006.0
(8672, 8673, 8674) 13028.0
(8719, 8720, 8721) 12309.0
(4951, 4952, 4953) 14031.0
(2335, 2336, 2337) 14842.0
(5840, 5841, 5842) 12371.0
(6791, 6792, 6793) 14171.0
(7857, 7858, 7859) 11883.0
(2240, 2241, 2242) 13180.0
(7399, 7400, 7401) 12768.0
(9800, 9801, 9802) 14287.0
(6051, 6052, 6053) 14019.0
(7493, 7494, 7495) 14139.0
(9257, 9258, 9259) 14398.0
(6774, 6775, 6776) 12251.0
(3677, 3678, 3679) 13074.0
(7675, 7676, 7677) 12571.0
(9354, 9355, 9356) 17153.0
(2482, 2483, 2484) 13218.0
(6391, 6392, 6393) 12255.0
(919, 920, 921) 13607.0
(7092, 7093, 7094) 14310.0
(9172, 9173, 9174) 14843.0
(7066, 7067, 7068) 14052.0
(7279, 7280, 7281) 13790.0
(8443, 8444, 8445) 12996.0
(1435, 1436, 1437) 13811.0
(5363, 5364, 5365) 11612.0
(2028, 2029, 2030) 12950.0
(6034, 6035, 6036) 13060.0
(2188, 2189, 2190) 14952.0
(9423, 9424, 9425) 16534.0
(769, 770, 771) 12478.0
(9499, 9500, 9501) 14008.0
(9068, 9069, 9070) 14416.0
(7677, 7678, 7679) 13568.0
(3856, 3857, 3858) 13041.0
(1079, 1080, 1081) 13370.0
(8331, 8332, 8333) 13475.0
(3196, 3197, 3198) 13600.0
(8084, 8085, 8086) 12037.0
(8217, 8218, 8219) 13467.0
(4312, 4313, 4314) 14855.0
(5524, 5525, 5526) 15052.0
(8686, 8687, 8688) 13105.0
(9865, 9866, 9867) 12252.0
(5517, 5518, 5519) 12947.0
(2849, 2850, 2851) 13100.0
(2651, 2652, 2653) 12587.0
(8004, 8005, 8006) 12928.0
(6015, 6016, 6017) 11517.0
(6671, 6672, 6673) 13166.0
(2205, 2206, 2207) 13150.0
(8271, 8272, 8273) 12951.0
(8557, 8558, 8559) 13099.0
(5175, 5176, 5177) 13532.0
(4731, 4732, 4733) 14299.0
(7989, 7990, 7991) 14263.0
(5876, 5877, 5878) 12454.0
(1600, 1601, 1602) 16279.0
(6679, 6680, 6681) 14213.0
(531, 532, 533) 14432.0
(2105, 2106, 2107) 12898.0
(9938, 9939, 9940) 13997.0
(2695, 2696, 2697) 13715.0
(4734, 4735, 4736) 12519.0
(6303, 6304, 6305) 13768.0
(6983, 6984, 6985) 14345.0
(5127, 5128, 5129) 13071.0
(8588, 8589, 8590) 15555.0
(1840, 1841, 1842) 13963.0
(7393, 7394, 7395) 12421.0
(3699, 3700, 3701) 14980.0
(2697, 2698, 2699) 15343.0
(5416, 5417, 5418) 13141.0
(1699, 1700, 1701) 12944.0
(5717, 5718, 5719) 13544.0
(2269, 2270, 2271) 14031.0
(9656, 9657, 9658) 13469.0
(3127, 3128, 3129) 16884.0
(990, 991, 992) 13894.0
(4154, 4155, 4156) 13052.0
(9243, 9244, 9245) 12560.0
(2161, 2162, 2163) 11616.0
(1930, 1931, 1932) 13163.0
(1495, 1496, 1497) 15932.0
(7848, 7849, 7850) 13373.0
(7473, 7474, 7475) 12584.0
(1537, 1538, 1539) 13854.0
(8810, 8811, 8812) 12276.0
(1615, 1616, 1617) 16389.0
(8689, 8690, 8691) 15647.0
(1971, 1972, 1973) 14755.0
(2259, 2260, 2261) 14267.0
(4846, 4847, 4848) 14242.0
(5167, 5168, 5169) 12596.0
(4774, 4775, 4776) 17125.0
(5581, 5582, 5583) 12771.0
(1893, 1894, 1895) 14280.0
(479, 480, 481) 12254.0
(4287, 4288, 4289) 15556.0
(8530, 8531, 8532) 14127.0
(5214, 5215, 5216) 13200.0
(5772, 5773, 5774) 12911.0
(6862, 6863, 6864) 15897.0
(1393, 1394, 1395) 13462.0
(1763, 1764, 1765) 12765.0
(6946, 6947, 6948) 13927.0
(2447, 2448, 2449) 13621.0
(1339, 1340, 1341) 13489.0
(6977, 6978, 6979) 13311.0
(1733, 1734, 1735) 14483.0
(8474, 8475, 8476) 14786.0
(2939, 2940, 2941) 12010.0
