(4193, 4194, 4195) 13209.0
(6430, 6431, 6432) 11897.0
(9656, 9657, 9658) 13441.0
(391, 392, 393) 13457.0
(5542, 5543, 5544) 13177.0
(3694, 3695, 3696) 13702.0
(2980, 2981, 2982) 12594.0
(9336, 9337, 9338) 14179.0
(5079, 5080, 5081) 11981.0
(9043, 9044, 9045) 14465.0
(6507, 6508, 6509) 13224.0
(1946, 1947, 1948) 13115.0
(7599, 7600, 7601) 14010.0
(4040, 4041, 4042) 14073.0
(4141, 4142, 4143) 12993.0
(4135, 4136, 4137) 14722.0
(5652, 5653, 5654) 14330.0
(8267, 8268, 8269) 13846.0
(8257, 8258, 8259) 14240.0
(269, 270, 271) 12485.0
(4176, 4177, 4178) 12859.0
(7209, 7210, 7211) 12031.0
(3652, 3653, 3654) 13106.0
(821, 822, 823) 12228.0
(178, 179, 180) 12831.0
(6691, 6692, 6693) 12528.0
(5765, 5766, 5767) 15321.0
(6889, 6890, 6891) 12975.0
(1379, 1380, 1381) 16396.0
(2249, 2250, 2251) 14618.0
(9122, 9123, 9124) 13449.0
(2204, 2205, 2206) 15390.0
(410, 411, 412) 14702.0
(8825, 8826, 8827) 17121.0
(9299, 9300, 9301) 12782.0
(4256, 4257, 4258) 12382.0
(8179, 8180, 8181) 14113.0
(4131, 4132, 4133) 17383.0
(7272, 7273, 7274) 13441.0
(2636, 2637, 2638) 13516.0
(3987, 3988, 3989) 12631.0
(4033, 4034, 4035) 14311.0
(8146, 8147, 8148) 14009.0
(1142, 1143, 1144) 13046.0
(8889, 8890, 8891) 13466.0
(239, 240, 241) 15708.0
(4244, 4245, 4246) 15038.0
(5616, 5617, 5618) 16698.0
(3270, 3271, 3272) 14649.0
(7251, 7252, 7253) 12657.0
(9687, 9688, 9689) 14119.0
(2403, 2404, 2405) 14603.0
(8007, 8008, 8009) 12906.0
(2356, 2357, 2358) 14780.0
(9257, 9258, 9259) 14356.0
(361, 362, 363) 14019.0
(5202, 5203, 5204) 12333.0
(9702, 9703, 9704) 11650.0
(911, 912, 913) 12650.0
(2157, 2158, 2159) 13508.0
(8791, 8792, 8793) 15793.0
(9206, 9207, 9208) 14874.0
(6778, 6779, 6780) 14550.0
(9947, 9948, 9949) 13978.0
(6933, 6934, 6935) 14110.0
(6052, 6053, 6054) 15103.0
(5436, 5437, 5438) 13010.0
(7763, 7764, 7765) 14365.0
(4272, 4273, 4274) 13455.0
(2506, 2507, 2508) 15257.0
(7054, 7055, 7056) 14099.0
(3966, 3967, 3968) 11752.0
(5548, 5549, 5550) 15227.0
(5327, 5328, 5329) 14094.0
(5852, 5853, 5854) 12112.0
(9058, 9059, 9060) 11945.0
(7762, 7763, 7764) 14100.0
(540, 541, 542) 14890.0
(7600, 7601, 7602) 15125.0
(7031, 7032, 7033) 13530.0
(4332, 4333, 4334) 13190.0
(5047, 5048, 5049) 13860.0
(6284, 6285, 6286) 13733.0
(5990, 5991, 5992) 14965.0
(9160, 9161, 9162) 13316.0
(4254, 4255, 4256) 12704.0
(1940, 1941, 1942) 12204.0
(2720, 2721, 2722) 12478.0
(4297, 4298, 4299) 13472.0
(9271, 9272, 9273) 13145.0
(1674, 1675, 1676) 13339.0
(2964, 2965, 2966) 13502.0
(4924, 4925, 4926) 13080.0
(1666, 1667, 1668) 13111.0
(4581, 4582, 4583) 13905.0
(2782, 2783, 2784) 13112.0
(2161, 2162, 2163) 11987.0
(384, 385, 386) 12376.0
(9982, 9983, 9984) 13600.0
(9220, 9221, 9222) 14714.0
(4257, 4258, 4259) 13850.0
(2137, 2138, 2139) 13166.0
(1192, 1193, 1194) 13203.0
(8067, 8068, 8069) 13484.0
(8061, 8062, 8063) 13130.0
(467, 468, 469) 12092.0
(1441, 1442, 1443) 13370.0
(9694, 9695, 9696) 14827.0
(8973, 8974, 8975) 12955.0
(6239, 6240, 6241) 12191.0
(9567, 9568, 9569) 14685.0
(8132, 8133, 8134) 12283.0
(7924, 7925, 7926) 12649.0
(8729, 8730, 8731) 13001.0
(5, 6, 7) 15086.0
(2015, 2016, 2017) 13264.0
(9041, 9042, 9043) 13856.0
(834, 835, 836) 13405.0
(3729, 3730, 3731) 13582.0
(8675, 8676, 8677) 12861.0
(186, 187, 188) 15229.0
(8776, 8777, 8778) 14111.0
(7426, 7427, 7428) 13122.0
(1829, 1830, 1831) 14195.0
(7845, 7846, 7847) 14148.0
(1237, 1238, 1239) 12963.0
(3780, 3781, 3782) 11670.0
(8432, 8433, 8434) 14651.0
(7359, 7360, 7361) 15244.0
(2203, 2204, 2205) 13595.0
(6402, 6403, 6404) 12008.0
(576, 577, 578) 14378.0
(1699, 1700, 1701) 13285.0
(26, 27, 28) 13092.0
(1498, 1499, 1500) 13381.0
(5221, 5222, 5223) 13746.0
(9781, 9782, 9783) 13048.0
(4556, 4557, 4558) 15144.0
(5314, 5315, 5316) 12719.0
(5596, 5597, 5598) 16056.0
(2052, 2053, 2054) 13291.0
(7250, 7251, 7252) 15280.0
(6671, 6672, 6673) 13155.0
(7131, 7132, 7133) 12997.0
(4864, 4865, 4866) 12576.0
(2524, 2525, 2526) 13611.0
(1607, 1608, 1609) 13556.0
(6681, 6682, 6683) 12119.0
(2634, 2635, 2636) 12880.0
(444, 445, 446) 15528.0
(6145, 6146, 6147) 14445.0
(9193, 9194, 9195) 15278.0
(8420, 8421, 8422) 14289.0
(1135, 1136, 1137) 12780.0
(9786, 9787, 9788) 14177.0
(3869, 3870, 3871) 13289.0
(317, 318, 319) 13056.0
(9842, 9843, 9844) 13714.0
(9734, 9735, 9736) 15180.0
(7756, 7757, 7758) 11968.0
(5744, 5745, 5746) 13786.0
(3461, 3462, 3463) 12527.0
(5861, 5862, 5863) 13190.0
(9448, 9449, 9450) 13310.0
(7360, 7361, 7362) 13972.0
(868, 869, 870) 12207.0
(5681, 5682, 5683) 12577.0
(7780, 7781, 7782) 15587.0
(6144, 6145, 6146) 12018.0
(8286, 8287, 8288) 12400.0
(1822, 1823, 1824) 14605.0
(8105, 8106, 8107) 13131.0
(8400, 8401, 8402) 16995.0
(809, 810, 811) 13138.0
(4507, 4508, 4509) 11556.0
(5620, 5621, 5622) 12703.0
(8156, 8157, 8158) 15114.0
(9710, 9711, 9712) 12530.0
(5557, 5558, 5559) 13924.0
(1801, 1802, 1803) 12628.0
(4186, 4187, 4188) 11863.0
(9463, 9464, 9465) 13229.0
(9099, 9100, 9101) 15206.0
(1247, 1248, 1249) 12955.0
(672, 673, 674) 15712.0
(6842, 6843, 6844) 12671.0
(9871, 9872, 9873) 13103.0
(6310, 6311, 6312) 17585.0
(9499, 9500, 9501) 13859.0
(5529, 5530, 5531) 12768.0
(2326, 2327, 2328) 13131.0
(2638, 2639, 2640) 13290.0
(6286, 6287, 6288) 14296.0
(4731, 4732, 4733) 14264.0
(8947, 8948, 8949) 12894.0
(1516, 1517, 1518) 13445.0
(9288, 9289, 9290) 13578.0
(2462, 2463, 2464) 12714.0
(3704, 3705, 3706) 13270.0
(773, 774, 775) 13491.0
(930, 931, 932) 14624.0
