(852, 853, 854) 12550.0
(7619, 7620, 7621) 15656.0
(9232, 9233, 9234) 16968.0
(8055, 8056, 8057) 14387.0
(2844, 2845, 2846) 12754.0
(4551, 4552, 4553) 12726.0
(13, 14, 15) 13598.0
(9895, 9896, 9897) 15193.0
(6566, 6567, 6568) 14365.0
(8397, 8398, 8399) 14825.0
(5469, 5470, 5471) 12203.0
(350, 351, 352) 14216.0
(8410, 8411, 8412) 14676.0
(8143, 8144, 8145) 14872.0
(8342, 8343, 8344) 13186.0
(399, 400, 401) 13875.0
(6795, 6796, 6797) 12324.0
(6326, 6327, 6328) 14465.0
(3592, 3593, 3594) 18373.0
(8498, 8499, 8500) 15710.0
(4050, 4051, 4052) 12864.0
(8105, 8106, 8107) 13221.0
(5836, 5837, 5838) 16050.0
(5977, 5978, 5979) 13495.0
(4283, 4284, 4285) 14674.0
(1607, 1608, 1609) 13327.0
(8072, 8073, 8074) 12840.0
(501, 502, 503) 14637.0
(5765, 5766, 5767) 15412.0
(5117, 5118, 5119) 12324.0
(7338, 7339, 7340) 12840.0
(2565, 2566, 2567) 14990.0
(8892, 8893, 8894) 14433.0
(3650, 3651, 3652) 13211.0
(449, 450, 451) 13275.0
(75, 76, 77) 12656.0
(7645, 7646, 7647) 11898.0
(2609, 2610, 2611) 14622.0
(5951, 5952, 5953) 15037.0
(9181, 9182, 9183) 14508.0
(2942, 2943, 2944) 12743.0
(7410, 7411, 7412) 14379.0
(8038, 8039, 8040) 13380.0
(8947, 8948, 8949) 12834.0
(1623, 1624, 1625) 13091.0
(6550, 6551, 6552) 14125.0
(1807, 1808, 1809) 14392.0
(1227, 1228, 1229) 14520.0
(5068, 5069, 5070) 14170.0
(2628, 2629, 2630) 13688.0
(970, 971, 972) 13874.0
(2335, 2336, 2337) 15128.0
(874, 875, 876) 12463.0
(8322, 8323, 8324) 16577.0
(9967, 9968, 9969) 13095.0
(3166, 3167, 3168) 13287.0
(8899, 8900, 8901) 13376.0
(5044, 5045, 5046) 15577.0
(7942, 7943, 7944) 14346.0
(39, 40, 41) 14480.0
(3318, 3319, 3320) 12202.0
(8058, 8059, 8060) 13846.0
(5148, 5149, 5150) 16355.0
(9414, 9415, 9416) 13581.0
(5513, 5514, 5515) 13653.0
(7953, 7954, 7955) 13198.0
(1340, 1341, 1342) 11821.0
(242, 243, 244) 13119.0
(1498, 1499, 1500) 13294.0
(1031, 1032, 1033) 13901.0
(3437, 3438, 3439) 13691.0
(5835, 5836, 5837) 12890.0
(7928, 7929, 7930) 13341.0
(4407, 4408, 4409) 13498.0
(8136, 8137, 8138) 15183.0
(4479, 4480, 4481) 13785.0
(7995, 7996, 7997) 14023.0
(7205, 7206, 7207) 13286.0
(4908, 4909, 4910) 12893.0
(3260, 3261, 3262) 15776.0
(227, 228, 229) 12936.0
(6161, 6162, 6163) 13669.0
(1616, 1617, 1618) 13435.0
(2309, 2310, 2311) 13742.0
(6263, 6264, 6265) 14858.0
(8369, 8370, 8371) 14798.0
(9649, 9650, 9651) 12586.0
(4675, 4676, 4677) 12273.0
(9291, 9292, 9293) 12663.0
(1492, 1493, 1494) 15990.0
(2125, 2126, 2127) 13047.0
(7854, 7855, 7856) 14224.0
(2147, 2148, 2149) 13308.0
(188, 189, 190) 14453.0
(7179, 7180, 7181) 13765.0
(3145, 3146, 3147) 13844.0
(5436, 5437, 5438) 13138.0
(5909, 5910, 5911) 13271.0
(8469, 8470, 8471) 15215.0
(9760, 9761, 9762) 13032.0
(3726, 3727, 3728) 17013.0
(2774, 2775, 2776) 14757.0
(976, 977, 978) 13072.0
(6389, 6390, 6391) 11756.0
(2321, 2322, 2323) 14148.0
(508, 509, 510) 12933.0
(6743, 6744, 6745) 14243.0
(870, 871, 872) 15443.0
(5196, 5197, 5198) 12200.0
(7406, 7407, 7408) 13121.0
(3941, 3942, 3943) 14910.0
(7401, 7402, 7403) 13886.0
(584, 585, 586) 12798.0
(9019, 9020, 9021) 13173.0
(8426, 8427, 8428) 14373.0
(7419, 7420, 7421) 12914.0
(5042, 5043, 5044) 14671.0
(399, 400, 401) 13875.0
(6835, 6836, 6837) 13515.0
(156, 157, 158) 12471.0
(3207, 3208, 3209) 13199.0
(2532, 2533, 2534) 13392.0
(2745, 2746, 2747) 12465.0
(5291, 5292, 5293) 12297.0
(4106, 4107, 4108) 14039.0
(2009, 2010, 2011) 15703.0
(1801, 1802, 1803) 12729.0
(7727, 7728, 7729) 12227.0
(2511, 2512, 2513) 14606.0
(3645, 3646, 3647) 15595.0
(6375, 6376, 6377) 14218.0
(575, 576, 577) 13037.0
(4900, 4901, 4902) 11976.0
(3842, 3843, 3844) 14814.0
(1063, 1064, 1065) 12077.0
(7513, 7514, 7515) 13492.0
(1392, 1393, 1394) 12969.0
(555, 556, 557) 15490.0
(6333, 6334, 6335) 13109.0
(5043, 5044, 5045) 13489.0
(1065, 1066, 1067) 15140.0
(3051, 3052, 3053) 12527.0
(539, 540, 541) 15065.0
(2442, 2443, 2444) 16527.0
(987, 988, 989) 12925.0
(9389, 9390, 9391) 17376.0
(7517, 7518, 7519) 12988.0
(1627, 1628, 1629) 12719.0
(7365, 7366, 7367) 13961.0
(1848, 1849, 1850) 14416.0
(9803, 9804, 9805) 12716.0
(6183, 6184, 6185) 15399.0
(3232, 3233, 3234) 14900.0
(4417, 4418, 4419) 12435.0
(3972, 3973, 3974) 14949.0
(326, 327, 328) 13712.0
(4333, 4334, 4335) 16391.0
(1240, 1241, 1242) 13874.0
(8679, 8680, 8681) 13461.0
(2862, 2863, 2864) 14366.0
(3256, 3257, 3258) 13935.0
(2369, 2370, 2371) 16508.0
(8427, 8428, 8429) 12764.0
(3987, 3988, 3989) 12692.0
(2774, 2775, 2776) 14757.0
(438, 439, 440) 12621.0
(9441, 9442, 9443) 14195.0
(5305, 5306, 5307) 17762.0
(6979, 6980, 6981) 14020.0
(2972, 2973, 2974) 13631.0
(5307, 5308, 5309) 14653.0
(7894, 7895, 7896) 13055.0
(2570, 2571, 2572) 13596.0
(5626, 5627, 5628) 16285.0
(3403, 3404, 3405) 13448.0
(4714, 4715, 4716) 13314.0
(8138, 8139, 8140) 14332.0
(1427, 1428, 1429) 12973.0
(3585, 3586, 3587) 13221.0
(7608, 7609, 7610) 15218.0
(3276, 3277, 3278) 13225.0
(8523, 8524, 8525) 12979.0
(5332, 5333, 5334) 14332.0
(9075, 9076, 9077) 15851.0
(6405, 6406, 6407) 13159.0
(2167, 2168, 2169) 13610.0
(1057, 1058, 1059) 12876.0
(3444, 3445, 3446) 13663.0
(7557, 7558, 7559) 13494.0
(7201, 7202, 7203) 12625.0
(7399, 7400, 7401) 12914.0
(4111, 4112, 4113) 14342.0
(6612, 6613, 6614) 12445.0
(8796, 8797, 8798) 12320.0
(145, 146, 147) 13975.0
(5723, 5724, 5725) 13078.0
(4434, 4435, 4436) 15069.0
(5972, 5973, 5974) 15329.0
(4435, 4436, 4437) 12294.0
(7314, 7315, 7316) 14455.0
(5327, 5328, 5329) 13936.0
