(3526, 3527, 3528) 12804.0
(5031, 5032, 5033) 13391.0
(7501, 7502, 7503) 12446.0
(4702, 4703, 4704) 13290.0
(1752, 1753, 1754) 13823.0
(8616, 8617, 8618) 12514.0
(9016, 9017, 9018) 15334.0
(3974, 3975, 3976) 13225.0
(9103, 9104, 9105) 14398.0
(5726, 5727, 5728) 14226.0
(4652, 4653, 4654) 14663.0
(8908, 8909, 8910) 16220.0
(1755, 1756, 1757) 13422.0
(5071, 5072, 5073) 14123.0
(7654, 7655, 7656) 14380.0
(1528, 1529, 1530) 12624.0
(7707, 7708, 7709) 13748.0
(2356, 2357, 2358) 14694.0
(1585, 1586, 1587) 13488.0
(760, 761, 762) 16395.0
(7042, 7043, 7044) 13560.0
(3858, 3859, 3860) 13748.0
(2649, 2650, 2651) 15124.0
(7365, 7366, 7367) 14115.0
(2756, 2757, 2758) 14246.0
(6259, 6260, 6261) 14849.0
(9036, 9037, 9038) 12466.0
(697, 698, 699) 13097.0
(2009, 2010, 2011) 16199.0
(6239, 6240, 6241) 12678.0
(2697, 2698, 2699) 16011.0
(7320, 7321, 7322) 12792.0
(3613, 3614, 3615) 13347.0
(2094, 2095, 2096) 16009.0
(3328, 3329, 3330) 14518.0
(9230, 9231, 9232) 13802.0
(4263, 4264, 4265) 14401.0
(4052, 4053, 4054) 12905.0
(7682, 7683, 7684) 11919.0
(8341, 8342, 8343) 12854.0
(6005, 6006, 6007) 14905.0
(2269, 2270, 2271) 14811.0
(8600, 8601, 8602) 14520.0
(4409, 4410, 4411) 12782.0
(2946, 2947, 2948) 12590.0
(5611, 5612, 5613) 15551.0
(417, 418, 419) 15446.0
(7132, 7133, 7134) 12980.0
(7808, 7809, 7810) 13222.0
(99, 100, 101) 14391.0
(1270, 1271, 1272) 15342.0
(5917, 5918, 5919) 15460.0
(5792, 5793, 5794) 14653.0
(8755, 8756, 8757) 13552.0
(2799, 2800, 2801) 12870.0
(3051, 3052, 3053) 12632.0
(9766, 9767, 9768) 13456.0
(677, 678, 679) 14630.0
(7745, 7746, 7747) 14034.0
(4063, 4064, 4065) 14482.0
(5237, 5238, 5239) 14684.0
(2827, 2828, 2829) 15146.0
(5089, 5090, 5091) 13616.0
(7190, 7191, 7192) 13391.0
(2136, 2137, 2138) 14214.0
(4608, 4609, 4610) 15490.0
(4470, 4471, 4472) 15980.0
(7553, 7554, 7555) 14479.0
(6180, 6181, 6182) 13213.0
(8598, 8599, 8600) 13434.0
(2016, 2017, 2018) 12783.0
(2517, 2518, 2519) 14722.0
(1358, 1359, 1360) 17673.0
(1444, 1445, 1446) 14757.0
(8756, 8757, 8758) 14728.0
(96, 97, 98) 12523.0
(1445, 1446, 1447) 14090.0
(4342, 4343, 4344) 13390.0
(9437, 9438, 9439) 15007.0
(5873, 5874, 5875) 12638.0
(5861, 5862, 5863) 13532.0
(881, 882, 883) 12972.0
(9777, 9778, 9779) 14913.0
(7138, 7139, 7140) 16303.0
(8831, 8832, 8833) 13457.0
(2800, 2801, 2802) 14143.0
(9630, 9631, 9632) 13248.0
(1918, 1919, 1920) 14619.0
(3694, 3695, 3696) 13631.0
(9973, 9974, 9975) 12359.0
(9776, 9777, 9778) 13147.0
(698, 699, 700) 13853.0
(9328, 9329, 9330) 13884.0
(9791, 9792, 9793) 14630.0
(2749, 2750, 2751) 14151.0
(6516, 6517, 6518) 13712.0
(8710, 8711, 8712) 13670.0
(130, 131, 132) 14761.0
(4328, 4329, 4330) 13489.0
(2319, 2320, 2321) 12316.0
(3185, 3186, 3187) 13729.0
(8281, 8282, 8283) 15252.0
(3651, 3652, 3653) 13277.0
(3734, 3735, 3736) 13017.0
(7406, 7407, 7408) 13113.0
(1000, 1001, 1002) 13472.0
(827, 828, 829) 14265.0
(774, 775, 776) 15824.0
(5486, 5487, 5488) 13683.0
(7040, 7041, 7042) 13494.0
(1885, 1886, 1887) 13942.0
(777, 778, 779) 15672.0
(6643, 6644, 6645) 13258.0
(9459, 9460, 9461) 17163.0
(2997, 2998, 2999) 14999.0
(4074, 4075, 4076) 14112.0
(5387, 5388, 5389) 14159.0
(6259, 6260, 6261) 14849.0
(6864, 6865, 6866) 12907.0
(9432, 9433, 9434) 12816.0
(1997, 1998, 1999) 14694.0
(6717, 6718, 6719) 14297.0
(8167, 8168, 8169) 13370.0
(9571, 9572, 9573) 13197.0
(8526, 8527, 8528) 14190.0
(9098, 9099, 9100) 13405.0
(6108, 6109, 6110) 11642.0
(6331, 6332, 6333) 12851.0
(1341, 1342, 1343) 13669.0
(5737, 5738, 5739) 15684.0
(4912, 4913, 4914) 12784.0
(1112, 1113, 1114) 14280.0
(6051, 6052, 6053) 14159.0
(1226, 1227, 1228) 15015.0
(4957, 4958, 4959) 14092.0
(2931, 2932, 2933) 14767.0
(4418, 4419, 4420) 16409.0
(7890, 7891, 7892) 12922.0
(6751, 6752, 6753) 16794.0
(2798, 2799, 2800) 17401.0
(558, 559, 560) 17210.0
(7155, 7156, 7157) 12747.0
(9502, 9503, 9504) 14188.0
(9916, 9917, 9918) 13254.0
(733, 734, 735) 12489.0
(7639, 7640, 7641) 14044.0
(8173, 8174, 8175) 14752.0
(9154, 9155, 9156) 13148.0
(2120, 2121, 2122) 12579.0
(1282, 1283, 1284) 12738.0
(4448, 4449, 4450) 13819.0
(6391, 6392, 6393) 12668.0
(6723, 6724, 6725) 15913.0
(6565, 6566, 6567) 13381.0
(8280, 8281, 8282) 11441.0
(9005, 9006, 9007) 16676.0
(5391, 5392, 5393) 12570.0
(2822, 2823, 2824) 12510.0
(5566, 5567, 5568) 15300.0
(8256, 8257, 8258) 13533.0
(8477, 8478, 8479) 12054.0
(9783, 9784, 9785) 13043.0
(4833, 4834, 4835) 12307.0
(7688, 7689, 7690) 13093.0
(2521, 2522, 2523) 14157.0
(7263, 7264, 7265) 14770.0
(5171, 5172, 5173) 13388.0
(6528, 6529, 6530) 14770.0
(3574, 3575, 3576) 14769.0
(6832, 6833, 6834) 14503.0
(8727, 8728, 8729) 15166.0
(5886, 5887, 5888) 14298.0
(1691, 1692, 1693) 13723.0
(3109, 3110, 3111) 14196.0
(7301, 7302, 7303) 13938.0
(4974, 4975, 4976) 13463.0
(8978, 8979, 8980) 14725.0
(2711, 2712, 2713) 13493.0
(7090, 7091, 7092) 14423.0
(8854, 8855, 8856) 13392.0
(40, 41, 42) 15258.0
(6, 7, 8) 13929.0
(6499, 6500, 6501) 14410.0
(5168, 5169, 5170) 13715.0
(2859, 2860, 2861) 12591.0
(1011, 1012, 1013) 13551.0
(4771, 4772, 4773) 14498.0
(4098, 4099, 4100) 14423.0
(437, 438, 439) 14358.0
(2549, 2550, 2551) 14967.0
(4549, 4550, 4551) 13241.0
(410, 411, 412) 14777.0
(9348, 9349, 9350) 15614.0
(5634, 5635, 5636) 14342.0
(991, 992, 993) 13325.0
(948, 949, 950) 13462.0
(1940, 1941, 1942) 12486.0
(6919, 6920, 6921) 13087.0
(9754, 9755, 9756) 13900.0
(4833, 4834, 4835) 12307.0
(2538, 2539, 2540) 13805.0
