(5470, 5471, 5472) 15220.0
(4561, 4562, 4563) 14651.0
(2928, 2929, 2930) 12827.0
(4049, 4050, 4051) 15121.0
(8710, 8711, 8712) 13712.0
(7622, 7623, 7624) 13430.0
(6295, 6296, 6297) 14707.0
(9662, 9663, 9664) 15538.0
(2717, 2718, 2719) 17262.0
(4490, 4491, 4492) 16339.0
(4518, 4519, 4520) 14684.0
(9571, 9572, 9573) 13316.0
(8520, 8521, 8522) 14896.0
(1983, 1984, 1985) 12660.0
(9135, 9136, 9137) 15186.0
(1343, 1344, 1345) 14448.0
(4969, 4970, 4971) 13019.0
(7125, 7126, 7127) 12850.0
(624, 625, 626) 14416.0
(8348, 8349, 8350) 13672.0
(8476, 8477, 8478) 17285.0
(2938, 2939, 2940) 13831.0
(7298, 7299, 7300) 16800.0
(1396, 1397, 1398) 13529.0
(794, 795, 796) 13424.0
(3816, 3817, 3818) 15733.0
(1338, 1339, 1340) 13831.0
(6062, 6063, 6064) 11866.0
(2044, 2045, 2046) 13366.0
(8663, 8664, 8665) 12829.0
(9008, 9009, 9010) 14446.0
(7783, 7784, 7785) 13957.0
(9345, 9346, 9347) 12731.0
(2584, 2585, 2586) 14500.0
(4281, 4282, 4283) 12291.0
(9887, 9888, 9889) 16597.0
(9380, 9381, 9382) 14363.0
(8817, 8818, 8819) 14392.0
(3230, 3231, 3232) 14033.0
(6285, 6286, 6287) 16201.0
(5515, 5516, 5517) 14235.0
(9526, 9527, 9528) 13763.0
(3559, 3560, 3561) 14676.0
(4851, 4852, 4853) 12370.0
(7846, 7847, 7848) 14415.0
(3917, 3918, 3919) 12780.0
(6378, 6379, 6380) 12652.0
(8368, 8369, 8370) 12040.0
(1326, 1327, 1328) 14004.0
(8230, 8231, 8232) 13114.0
(6105, 6106, 6107) 14087.0
(5366, 5367, 5368) 14124.0
(1754, 1755, 1756) 17833.0
(1118, 1119, 1120) 15072.0
(5964, 5965, 5966) 14007.0
(4288, 4289, 4290) 13286.0
(214, 215, 216) 12755.0
(2178, 2179, 2180) 14743.0
(1575, 1576, 1577) 15018.0
(5228, 5229, 5230) 15590.0
(1048, 1049, 1050) 12656.0
(9013, 9014, 9015) 12322.0
(1328, 1329, 1330) 14105.0
(5021, 5022, 5023) 13074.0
(2033, 2034, 2035) 14845.0
(5581, 5582, 5583) 13168.0
(9351, 9352, 9353) 14069.0
(8222, 8223, 8224) 14257.0
(8083, 8084, 8085) 13791.0
(514, 515, 516) 14479.0
(329, 330, 331) 14010.0
(6662, 6663, 6664) 14132.0
(6845, 6846, 6847) 13375.0
(9844, 9845, 9846) 14590.0
(494, 495, 496) 14869.0
(8872, 8873, 8874) 12141.0
(3024, 3025, 3026) 15321.0
(2165, 2166, 2167) 13584.0
(605, 606, 607) 13086.0
(2636, 2637, 2638) 13872.0
(500, 501, 502) 12257.0
(5694, 5695, 5696) 13745.0
(5483, 5484, 5485) 13573.0
(6396, 6397, 6398) 14736.0
(6336, 6337, 6338) 14532.0
(7926, 7927, 7928) 13450.0
(4172, 4173, 4174) 14705.0
(1234, 1235, 1236) 12529.0
(1511, 1512, 1513) 12725.0
(6540, 6541, 6542) 14670.0
(4610, 4611, 4612) 13852.0
(4256, 4257, 4258) 12880.0
(2668, 2669, 2670) 15479.0
(6640, 6641, 6642) 13746.0
(63, 64, 65) 13058.0
(5900, 5901, 5902) 12864.0
(8108, 8109, 8110) 15179.0
(3471, 3472, 3473) 15368.0
(9119, 9120, 9121) 17568.0
(8250, 8251, 8252) 15550.0
(8967, 8968, 8969) 14245.0
(5855, 5856, 5857) 11674.0
(4609, 4610, 4611) 12904.0
(659, 660, 661) 15049.0
(7010, 7011, 7012) 14628.0
(2182, 2183, 2184) 13444.0
(1242, 1243, 1244) 13301.0
(3891, 3892, 3893) 12627.0
(1916, 1917, 1918) 13491.0
(8907, 8908, 8909) 15529.0
(8182, 8183, 8184) 13023.0
(3098, 3099, 3100) 13314.0
(5867, 5868, 5869) 12665.0
(1661, 1662, 1663) 15122.0
(5797, 5798, 5799) 11729.0
(9940, 9941, 9942) 12349.0
(2246, 2247, 2248) 13404.0
(2905, 2906, 2907) 13970.0
(7786, 7787, 7788) 13983.0
(8193, 8194, 8195) 12821.0
(3025, 3026, 3027) 14450.0
(5627, 5628, 5629) 13974.0
(7165, 7166, 7167) 14500.0
(5671, 5672, 5673) 14092.0
(7540, 7541, 7542) 11890.0
(4751, 4752, 4753) 16555.0
(7925, 7926, 7927) 14346.0
(997, 998, 999) 12568.0
(118, 119, 120) 14223.0
(5065, 5066, 5067) 15407.0
(7236, 7237, 7238) 13862.0
(2032, 2033, 2034) 13778.0
(856, 857, 858) 11831.0
(6611, 6612, 6613) 13653.0
(129, 130, 131) 12995.0
(1973, 1974, 1975) 13089.0
(7316, 7317, 7318) 12286.0
(3246, 3247, 3248) 14880.0
(2452, 2453, 2454) 12691.0
(1750, 1751, 1752) 14295.0
(825, 826, 827) 14914.0
(4525, 4526, 4527) 13795.0
(673, 674, 675) 13330.0
(2738, 2739, 2740) 13152.0
(1050, 1051, 1052) 14577.0
(525, 526, 527) 12923.0
(4112, 4113, 4114) 13679.0
(7735, 7736, 7737) 15831.0
(5784, 5785, 5786) 14654.0
(8780, 8781, 8782) 15380.0
(1169, 1170, 1171) 13076.0
(4546, 4547, 4548) 13347.0
(6293, 6294, 6295) 15621.0
(5235, 5236, 5237) 13725.0
(3827, 3828, 3829) 14054.0
(9686, 9687, 9688) 13293.0
(1217, 1218, 1219) 14566.0
(2645, 2646, 2647) 13629.0
(7184, 7185, 7186) 14318.0
(9751, 9752, 9753) 14822.0
(3766, 3767, 3768) 14607.0
(2375, 2376, 2377) 13707.0
(7918, 7919, 7920) 14517.0
(1769, 1770, 1771) 13714.0
(128, 129, 130) 13992.0
(8375, 8376, 8377) 15372.0
(8534, 8535, 8536) 12922.0
(3657, 3658, 3659) 15802.0
(9265, 9266, 9267) 14466.0
(8864, 8865, 8866) 14501.0
(1855, 1856, 1857) 15078.0
(1131, 1132, 1133) 13822.0
(6043, 6044, 6045) 13831.0
(197, 198, 199) 15363.0
(9068, 9069, 9070) 14770.0
(8509, 8510, 8511) 13960.0
(1420, 1421, 1422) 13408.0
(4296, 4297, 4298) 13956.0
(7164, 7165, 7166) 13844.0
(7068, 7069, 7070) 14307.0
(5161, 5162, 5163) 14301.0
(9968, 9969, 9970) 12283.0
(2647, 2648, 2649) 13866.0
(9894, 9895, 9896) 14001.0
(920, 921, 922) 13911.0
(9334, 9335, 9336) 13608.0
(8656, 8657, 8658) 12984.0
(2272, 2273, 2274) 13217.0
(5728, 5729, 5730) 13545.0
(4612, 4613, 4614) 14084.0
(4228, 4229, 4230) 13413.0
(6845, 6846, 6847) 13375.0
(5716, 5717, 5718) 15185.0
(9886, 9887, 9888) 14965.0
(6390, 6391, 6392) 12584.0
(4008, 4009, 4010) 14203.0
(9186, 9187, 9188) 14115.0
(8258, 8259, 8260) 12662.0
(9165, 9166, 9167) 12598.0
(1633, 1634, 1635) 15460.0
(5779, 5780, 5781) 14237.0
